1328168187779813376
1328167346314338304
1326914659434295305
1324624648571621377
1324619078947000321
1324440234847883267
1324072429359124482
1323270727970279426
1323270458238738432
1322292005398077440
1321573707563835392
1320416306315878402
1320415864701767680
1319686844037070848
1319490480548335616
1319489965076656128
1319367633108717568
1319319401368326145
1317543238526472192
1317542884325969920
1317514172956016640
1317514037257785345
1317502433447321601
1317500629217120256
1317500197816176640
1317477455477805056
1316807416869199872
1316805807959351297
1316804867151859712
1316642249116209152
1316640801678675969
1316639832643436545
1316639623381217281
1316581682766639105
1316581638223081472
1316540091746127872
1316539775617241094
1316529744230453249
1315694258251333632
1314006972421808128
1313544342649348097
1313490635001933825
1312167656900812803
1311906894823518210
1311820961944154113
1311696300405149697
1311693637974097920
1311137844333809664
1309225570157301760
1309224752498630656
1309114124559953920
1307208290041040896
1304826654863355910
1304359563978854401
1304359520496431106
1303975689444634625
1303795281193054211
1301067906307026945
1300961878643036162
1300099694828363776
1290523749184425986
1288094387596132355
1285104712350683137
1285104310133706753
1284217385537413125
1283964994619674631
1283138262660526080
1283121197581062146
1283120841878843395
1282721962511532034
1282721697410486273
1269720081967099904
1267738969212510208
1266483104664875009
1253187374902804480
1249156931681497091
1226538308890697728
1225511415970246656
1225401778738470912
1225400452155609089
1223874006832549888
1223870816993062912
1221961206501605379
1221622679133966338
1221346175976202240
1220770320640094210
1220770298573795328
1220757385901498368
1220738513689247745
1220726853826162689
1220721714100867074
1220717705130659840
1220717599375446017
1220717532413407233
1220715888262942721
1220715712081268742
1220708300796432384
1220677320882708480
1220660655772008449
1220659074708144129
1220655411658928129
1220655017381834758
1220654718592208896
1220654664670228480
1220651631324344320
1220651519885955074
1220651426063507459
1220646968285855744
1220644597422022656
1220624736469815296
1220621574073655296
1220599150036901888
1220592841879162880
1220531782254284800
1220519328187125760
1220519050121547776
1220518878247378945
1220508537035665411
1220507454250913793
1220500417408315392
1220498010007920643
1220494743081308161
1220445293189181440
1220409754683617280
1220320737820585984
1220298340572770310
1220298103221256193
1220297334036279296
1220296275842781184
1220295938759102469
1220295869947351041
1220279570047348737
1220278081711149058
1220251129210077184
1220209206709624832
1220208901540524033
1220208674632802304
1220203894460076032
1220175356373716993
1220161973826002944
1220161865805979648
1220161817227550726
1220161740891136001
1220161402297618433
1220160843062632448
1220135511991508993
1220130168494227456
1220125143235809280
1220122131633188866
1220121846592475137
1220027606592118789
1220027434571116544
1220023736134459398
1220020568705175555
1219975481023508480
1219967088196046851
1219945542526099462
1219933662361329664
1219893578115305473
1219893492681527296
1219893289815617536
1219893125407301632
1219893079320276998
1219893008029704193
1219886332543229952
1219886117111181312
1219852782028627968
1219830195634479106
1219821474002980864
1219820489197211658
1219814875028914177
1219814171203833859
1219796377968041985
1219792849111322626
1219792538715947008
1219792347908726785
1219792272331628544
1219782305230794753
1219782250528755721
1219781852002766848
1219781783627141120
1219781727394181122
1219781671781912577
1219718619011174402
1219718338269462531
1219659698544283648
1219659284746731521
1219659221060538368
1219657660502609922
1219650286043660289
1219650239596048388
1219649868152688645
1219646982664392705
1219645934482722816
1219645268381110274
1219644580095778816
1219644510239588358
1219608525565022208
1219603080297295873
1219602023374577665
1219601868126593030
1219601834660245505
1219600328934547459
1219591499274424325
1219540195500077056
1219528408830545920
1219520961013264384
1219520465854660609
1219518639742824449
1219514373636489217
1219513430031458305
1219513377711710214
1219513317330432001
1219513188498255872
1219510879554764800
1219510674222735361
1219491005881376769
1219478670563332096
1219449878604107778
1219448656870412288
1219448097803206656
1219447865065529344
1219447818768855040
1219447544008380417
1219447201035845633
1219447134002520064
1219447105821061121
1219446599425908736
1219446485374373888
1219446159221108738
1219443028584206341
1219441742098968576
1219441400955260929
1219441344751579137
1219440805808656384
1219440629257850880
1219440390358675456
1219440369320022017
1219440063563685888
1219439987780878338
1219439460217212929
1219439379334279168
1219437666988589056
1219437194127069188
1219436989906345984
1219436451399700481
1219435868638806017
1219435801676779524
1219435558503665666
1219435017040015361
1219434922336817152
1219424618588581888
1219424585038401536
1219420742003122177
1219420579721371648
1219419820317454344
1219419770413514752
1219419013287161856
1219418377011236866
1219418351560273920
1219418074316791808
1219416221294252032
1219416090918424576
1219409128365359111
1219407211513962501
1219406915790344193
1219405365416288261
1219404780394680320
1219400147764948993
1219400035009515521
1219399963165253632
1219399210581352448
1219293775442432001
1219292168440950784
1219281811202813957
1219281299178950656
1219263233632149504
1219259646827016193
1219257184682434561
1219211958769143809
1219201254217351172
1219200450035097601
1219200083838881793
1219199433138737152
1219198614620295168
1219167572198875136
1219162890881708032
1219162736799764480
1219160080601550848
1219145923303018498
1219139164244971520
1219137866158264320
1219135808709570560
1219128734768300033
1219121742930640896
1219118140313030656
1219108890459148288
1219108581188022272
1219107117984026624
1219106928602812416
1219106903093075971
1219099448934125575
1219097910094241792
1219087971523145728
1219087837729083392
1219081159927324672
1219076621430403073
1219073669437296641
1219070593917734912
1219070568504360962
1219067523238387712
1219067347438272512
1219067231537172480
1219067124993478656
1219064060634914819
1219063937557237761
1219063693708873730
1219063685521473538
1219063475684679685
1219062217959714818
1219060937019269122
1219054876614852613
1219054029432598528
1219052771904716800
1219052090150002690
1219045943573610496
1218937152546930693
1218930077909516288
1218928243623055360
1218926532414070786
1218925684728508418
1218918827855007744
1218906599852584960
1218893295386009600
1218889895646842881
1218887790898896896
1218887502561456128
1218885622816964609
1218885324920819713
1218884798065803264
1218880605485748229
1218869344970706946
1218812062366937088
1218811129666973697
1218802454143414272
1218798329812914176
1218798172635648000
1218796785646415904
1218796773034078208
1218796609422733312
1218763308863541248
1218763129326391296
1218756617711255553
1218725077484810241
1218723456814108672
1218701287287595008
1218699119805583362
1218695336216158208
1218694436475101184
1218678562363969541
1218677578174795778
1218676355757416448
1218676236240719877
1218676202791211008
1218675676443824128
1218574155790147586
1218571282448617479
1218489175911038976
1218448463710556162
1218430352538193920
1218417957791064064
1218394759238180865
1218393282843156481
1218390952001359872
1218389980973760512
1218389435554975745
1218389151055253505
1218387325564178432
1218372984450232320
1218362474342363137
1218354356539613189
1218353203181445120
1218353070683435009
1218353002672771074
1218352953247092737
1218232756490199041
1218229967286407174
1218229929600524296
1218229636976599042
1218229581712367616
1218228221981884416
1218219850004418566
1218211578367107073
1218208449823154176
1218208386036260864
1218205322361409536
1218195549620506624
1218186906216824832
1218185845301239808
1218135153492492288
1218135001868513287
1218134964706955265
1218134876358094848
1218134786226651136
1218134488091369474
1218134058598838272
1218100078239461376
1218098309660839936
1218095485061402624
1218095328689381376
1218095044814610432
1218093540225507330
1218092188183166976
1218092050102484992
1218085192621010945
1218075032678805504
1218074957328109568
1218074822917414913
1218074772573249536
1218065234012835841
1218060138252308481
1218058013665263616
1218057936838238208
1218055242840932355
1218055121151713280
1218049920478912513
1218049828145582081
1218029161647943680
1218014710068465664
1218013735224254464
1217994256205406210
1217990124430151680
1217989455572881412
1217985761418588161
1217982157630722049
1217980337235595264
1217979543778185216
1217978876359532546
1217977199027986433
1217975894352048130
1217974115677720578
1217974020697706497
1217973573052256257
1217973025242537984
1217972938529337345
1217967811995283456
1217966897158856705
1217966720792637440
1217965810674741254
1217964252482428929
1217964158051934214
1217963507687284741
1217963058817064960
1217962397350211584
1217958907114672128
1217958763845554177
1217958295295549440
1217957144579977216
1217957022899101696
1217956565849866240
1217956477744435200
1217956392352518144
1217956335347806208
1217956235070332931
1217956173342744582
1217955777555718144
1217955659834167296
1217954628102430722
1217952329288364033
1217952161641922562
1217951358315311105
1217946021088710656
1217945617890250752
1217945260355133442
1217944431011278848
1217933990847557633
1217932624313888769
1217932573172813824
1217932439613513728
1217836979544645633
1217835633961570306
1217802159011639296
1217796477768151041
1217745617109254144
1217739262608773120
1217738977459032065
1217738877273767937
1217738830415044608
1217738714799132673
1217738520992849920
1217738117655994368
1217738079693393920
1217737937279954945
1217737883035062272
1217737525864943616
1217733837649850368
1217711676201619456
1217695412406177792
1217684911735431169
1217681906390749184
1217681623598161925
1217681429624168448
1217681165978607616
1217680618391207936
1217678357648769025
1217676443309805572
1217676402985783296
1217676345305632768
1217675807767846913
1217675681636724736
1217672567462514688
1217670527382380544
1217665325350772739
1217665291397799937
1217664968667037698
1217664614298800128
1217664369103863808
1217664008553148419
1217662649023987712
1217652795530235906
1217646554619744256
1217645627586293761
1217645468215365632
1217639180437807104
1217638062865383426
1217637058426081281
1217633950123864064
1217632314840186882
1217632070744334337
1217629025805488128
1217629002631872512
1217601899207241730
1217592671008673793
1217592642571206656
1217592515576172544
1217589650983878656
1217589198355681280
1217588972031029248
1217586607399800834
1217586055815356416
1217584903262494721
1217584860803497984
1217584714648883201
1217584525900992513
1217584412331634689
1217584274045657088
1217487841619587072
1217485024926273536
1217484586369867778
1217468660845109248
1217464884713136136
1217457773849534465
1217449664875765760
1217447647860097026
1217447366736912385
1217443599480127495
1217410033304199168
1217405799791824896
1217403631223365633
1217403446430748672
1217403195011600384
1217401173113802755
1217400363600568323
1217400313344335872
1217399740360466433
1217399465860128770
1217399432137924609
1217399377800712193
1217399170614595584
1217399009012342784
1217395502087647232
1217345968670224386
1217345272453439488
1217345062696374277
1217343896264617984
1217343445771091969
1217338258687918081
1217336740664561664
1217335676083036160
1217335591861473280
1217331229822943232
1217330855728898048
1217330675851939840
1217330262121615360
1217327013201092608
1217308220252917761
1217307845470904320
1217304744605208576
1217304459518398464
1217302064407228417
1217301843153387526
1217301728468574213
1217301657610063872
1217301617554358272
1217301583865753600
1217301535685783552
1217301422544506880
1217300990132658177
1217299954521329666
1217299457487921153
1217297572571820032
1217291096855908352
1217264877099790336
1217264613814947846
1217264460135530498
1217261684395577350
1217261134052495365
1217261030482567169
1217260805902807041
1217260748902150146
1217260662767964160
1217260622632701953
1217260550960316416
1217260508061032448
1217259771704827904
1217259755527380992
1217255648884293633
1217255648079106048
1217251495508434944
1217251425522241536
1217251306437521414
1217251219107930112
1217237992470994945
1217221408272588800
1217220869396844545
1217212423003918336
1217202120899862528
1217199115123265539
1217196969673863168
1217196720666353671
1217194365757673475
1217107932711653378
1217077184168386563
1217077089523896322
1217074736255197184
1217072899179405317
1217070021601636353
1217062490334552065
1217061311336665090
1217046995665334273
1217044972781871105
1211059314414301185
1211059053142663170
1211041135629623296
1211040824085094400
1211040338678337542
1211039574526451715
1211039284851085312
1211037877557252097
1211037404959838208
1211005887143432192
1211005425283452929
1211004062650503168
1211003895872458758
1210999977209729031
1210989583556644866
1210989440031703041
1210986051461926912
1210985220406681602
1210982331193929729
1210980133047324672
1210979824912797699
1210970367407329281
1210970227397271554
1210970162624696322
1210969206616928256
1210968379374415872
1210966899376447488
1210966289759506432
1210964432769208320
1210961623428554754
1210959315772805121
1210858818613207041
1210851176792707072
1210832874120704000
1210826956024860678
1210826841084194817
1210824991333212161
1210821236533551106
1210816096997011457
1210792570407665665
1210779829856944128
1210776973347147778
1210776897803522048
1210776844485554176
1210776784653783042
1210776435805147137
1210776173480796162
1210775871348301824
1210774872500031488
1210773962705162241
1210765071422390278
1210764246985760768
1210764161279393792
1210763983281504256
1210763710211358720
1210759501780934656
1210759009101176833
1210758056218202114
1210754733729648640
1210745099056844800
1210741357133754374
1210710435160371200
1210692730558590976
1210691710612844545
1210690950865047552
1210689781350502401
1210685608781320192
1210675051877588992
1210674728085655552
1210674525832204293
1210674189323120640
1210668256094236672
1210667030002700289
1210666736925716480
1210665584666578945
1210665503380910083
1210664002826784769
1210652698133090304
1210652107335983104
1210647836460761091
1210647794714841090
1210608311709683712
1210606823998459905
1210602078273454081
1210602061525598209
1210602040424095744
1210601884999979010
1210601854809395204
1210594715395088387
1210593493011386370
1210590761194053633
1210586982134550528
1210586714168795138
1210584733672972293
1210584567146524679
1210581904166182912
1210580767899828225
1210578454615404544
1210577599371628544
1210576762457010177
1210576307140120577
1210572707512934401
1210570719941320706
1210570383193202690
1210567725325725698
1210567654592913413
1210566825601306624
1210565702026956800
1210564291553878018
1210563261713780737
1210562645528653825
1210560204804370433
1210558597752598530
1210554176016654337
1210551645710499842
1210496844754771969
1210471085520642048
1210438307856945152
1210437810311880704
1210427557532880898
1210427520442613760
1210427433343766529
1210427384148705280
1210427202724081664
1210427084755144704
1210426189267030016
1210426061542100992
1210409008441516035
1210405896402194437
1210389139734106114
1210370945938014210
1210350861605584897
1210349783715655681
1210339866107613185
1210316554308599809
1210316218688774146
1210311031936958464
1210310552146399232
1210310493992345623
1210309716729061376
1210309528350339078
1210306930113175557
1210304952016527365
1210303121500626945
1210302439309664270
1210290355679174657
1210290317523660801
1210290103253422080
1210290034039033857
1210287168968626177
1210287104909074433
1210287000722530305
1210286955755425793
1210286500102979584
1210286399892738048
1210286278358511616
1210286064360931334
1210286030118625281
1210283636114804743
1210278396728631296
1210278271159545856
1210277773123694603
1210269274511749120
1210181947680526337
1210181863739928576
1210175704710692864
1210121239068626947
1210105003895070721
1210103996184182785
1210103962378092544
1210103928249110528
1210103638598782976
1210103586530697216
1210102925516853248
1210102556749451264
1210101795491586048
1210100386209652736
1210099917462654976
1210098966450311168
1210098830974296064
1210098236427505665
1210097037192179712
1210096167729729537
1210096065594241024
1210094112931827712
1210088827467026433
1210088778200702976
1210088089202429954
1210087925549023233
1210086345307283456
1210085563409326085
1210085497101594624
1210085027222052865
1210084898251452416
1210084703333736448
1210084548962398208
1210084494205689856
1210083832541720576
1210082331018629120
1210082279973904385
1210074354328969216
1210073144075194368
1210072078482890752
1210069428479631360
1210069384858886144
1210069340223135745
1210066810302795776
1210066547244511232
1210066500343742464
1210066299033989120
1210066247188205568
1210065969042927616
1210065763052204032
1210064617516474368
1210064582674440192
1210064539481518082
1210063748637048832
1210063679636615168
1210063069013069824
1210062955368341504
1210062912007606277
1210062821482008577
1210062787390640129
1210062483890806785
1210061529854480384
1210060297207189504
1210060244178653184
1210059929647812608
1210059847615561728
1210059743357755392
1210059710638018561
1210059524163407872
1210059499484188674
1210059220600664064
1210058379193933824
1210058136373121024
1210057557198462976
1210057527553077249
1210057439598514177
1210057343033106433
1210057226238545922
1210057180029816834
1210057159821713408
1210057117459197953
1210044672959242241
1210039028483084288
1210022748539543552
1210005804675416065
1210003621930254336
1210003272842514433
1210003232015208448
1210001891612135426
1210001086385475585
1210000768738217985
1209998191770378240
1209997801087787008
1209996371538927616
1209994160507424771
1209993909381795841
1209985049241825280
1209982684652621824
1209981883859255297
1209974439531732992
1209966897204203520
1209963184091729922
1209961849174802432
1209957661275566080
1209956078571655168
1209945048500129798
1209944954396717063
1209943641587945473
1209940131186126848
1209935497373650944
1209934532859899904
1209933027457015816
1209924279632044032
1209924218130980865
1209923889779884032
1209923729700139008
1209923045286203392
1209922933277282305
1209922773147099137
1209922648249110531
1209912153140056065
1209910872367419395
1209902123929997312
1209901134355292161
1209901105674674176
1209899364438675458
1209898546167767040
1209897901440286722
1209896392384270336
1209895550985871360
1209895068712275968
1209894267524722688
1209894024372457472
1209893852120801280
1209892649655767043
1209891754956218368
1209878289118089216
1209873407145320449
1209871974870204416
1209869868041936896
1209866445104046082
1209864701737259010
1209719803386191872
1209718096782667776
1209711919097110528
1209706244241608704
1209703528953974785
1209701120932794369
1209693355543867393
1209675430179090443
1209672647006736384
1209661744739688449
1209660030854807552
1209655915466678272
1209635081876320258
1209628424685441025
1209628206355140608
1209627955133132800
1209581342264111104
1209573731313557506
1209573659267997697
1209571544583852033
1209569843931951104
1209561724686393346
1209549620944224261
1209537739877695495
1209528230375505926
1209525360330706946
1209523075768881154
1209351265244909569
1209337199151517696
1209332534728896512
1209269460219187200
1209208368310751232
1209174024527503360
1209173983985373184
1209171881082990593
1209171870140059648
1209171528878829569
1209167733797146624
1209167492184264706
1209159028821168130
1209158990044827650
1209158832083144706
1209150921361498112
1209150711252029447
1209150638829056002
1209149735661117440
1209149645399711744
1209138806051495937
1209137271322095616
1209136203787853827
1209136152344768512
1209133282601963532
1209132931408683016
1209131806404075522
1209131643862171652
1209092622419189763
1209092121774481408
1209072683578728453
1209036060774326272
1208991867569889280
1208991598480113664
1208991267545403393
1208991122468589568
1208990805689589760
1208990529586946058
1208990188615217153
1208990089981894656
1208989556302925824
1208959485030604800
1208959166150299648
1208959113968918528
1208959059761750017
1208959020645662720
1208958992699006976
1208958600036651008
1208958563101663233
1208956439944990720
1208950928491106309
1208949977369722881
1208942023723700225
1208927639496482816
1208915926093107203
1208913365516591105
1208910979519655941
1208898543005700098
1208882393228161024
1208874302378061824
1208872038473093120
1208855449035931648
1208854618136031238
1208852373118042112
1208851196397674497
1208851127195832320
1208851081444384768
1208851030068342784
1208850174526808065
1208850124002209794
1208850016841994240
1208835205332709376
1208827310142558208
1208812543470379010
1208799838088896512
1208763530893070336
1208387138405969921
1208386442310881280
1208386157287002114
1207871073620045824
1207838008604536832
1207837912135589888
1207837884700602373
1207814177886265344
1207812855292149760
1207811883098628096
1207810948117024774
1207810615114391552
1207809759279230984
1207809567368896513
1207809019727032325
1207808294145986562
1207808266203471873
1207806699370885121
1207806586049183746
1207806474522632193
1207806116375277575
1207775799228747776
1207768303516749838
1207768173539463168
1207668270817533955
1207668257492213760
1207668190815412224
1207668082648506369
1207564945870721024
1207564431347134464
1207563994359312386
1207563202046943234
1207563109210173440
1207563064616398848
1207562924413222913
1207562797460152320
1207562333846933504
1207560995092279296
1207558394372141062
1207557718699065344
1207557701636689921
1207556615416766465
1207556309018697731
1207554107273297920
1207553954546102274
1207553672907042816
1207551690146271232
1207551335710765057
1207550822948724736
1207550585379180544
1207549719750287361
1207547992925978624
1207547616873107456
1207547126911307777
1207546155330162689
1207545201826418689
1207544623624798208
1207543707521703936
1207541805841100800
1207540743184760832
1207537543077609473
1207537280585543680
1207537093448282113
1207536766695170054
1207536736689098753
1207536321549471744
1207532947043164162
1207525712330153984
1207518954987634688
1207518109382381568
1207516652335710208
1207514828589477890
1207513600241348610
1207512025859067906
1207511485456490497
1207496626316697600
1207496313178394625
1207494813064597504
1207494805930041344
1207494800079048709
1207494792835469312
1207494789278654464
1207494788989231105
1207493904746131457
1207493228053848064
1207492153439670278
1207491523266433024
1207491167845269505
1207490749186682882
1207490447662292995
1207490236684652545
1207489880189784065
1207489688455516162
1207489427368484865
1207489398088044544
1207488831601160192
1207488106179571713
1207487473452036100
1207487432075165697
1207487254773616642
1207487220959055874
1207486994709975042
1207486645903249413
1207486592509775874
1207486174488596480
1207485687685144576
1207485497934831621
1207485346327547909
1207484324351815680
1207480823169073152
1207479173285060608
1207479079672451078
1207477503746551809
1207476447474044929
1207473330447671296
1207469296277970945
1207446125378252800
1207442314609774592
1207440057914793984
1207434101030113280
1207433587454304256
1207421791687327744
1207402079444176898
1207402026369458178
1207400884981944320
1207399709134008327
1207390585008664577
1207390462010646531
1207388401454002176
1207386451350044681
1207377542409342978
1207376483209097217
1207361671741792258
1207361608307085315
1207361210062163969
1207357055306211329
1207354912482504705
1207354591332966409
1207353528613822464
1207353488738570241
1207345897845202950
1207342717027651585
1207341658444095488
1207341456157020160
1207341329270919169
1207340811723116544
1207339919041060864
1207339119975784449
1207333407036002304
1207328349904879622
1207322744934871041
1207322644397404161
1207317691385688064
1207317116082380806
1207316936478121985
1207316428266889216
1207316298566426624
1207316154873733121
1207309970410217472
1207169091645116416
1207161099583406081
1207151199977398278
1207144669513232385
1207144613284384773
1207142949504638976
1207136223795527682
1207134971359629312
1207133909428908033
1207133106077085696
1207131763404869632
1207131718056108039
1207128497971441664
1207127724676046849
1207125789864603650
1207125747825033216
1207125714551615488
1207125538105708546
1207125325274058752
1207125294089420800
1207124882397519873
1207124816958050304
1207123680582676481
1207117298953326593
1207117012067082241
1207116716867756032
1207108856180101122
1207094928700059650
1207092955170967554
1207092491926810624
1207092090976505856
1207092048987410435
1207091939742539776
1207091879952703488
1207090953208713222
1207089804506214403
1207089766837161984
1207089637837201408
1207089506509307904
1207055829050044416
1207054914830163969
1207054541503574019
1207054412017012742
1207054335827419139
1207053816337707009
1207052249899376641
1207051601518768128
1207045555412783104
1207036948390563840
1207036790152028160
1207036722720194561
1207036680189960194
1207036647054946304
1207033599083601921
1207032968017002504
1207026092864917510
1207021638602166273
1207019167901204480
1206980259112992768
1206980097867157504
1206978585476640770
1206976198426943488
1206975121413615616
1206974604574679040
1206970523781079041
1206969525054390272
1206967105188446214
1206964282296094722
1206963314305056768
1206953631934795778
1206952977409433603
1206952796446240769
1206949694007582722
1206949626118578177
1206939187053813760
1206938535674167296
1206938490501550081
1206938405944406016
1206938175136026632
1206938074535645185
1206938024854138880
1206937315232428032
1206935910325067779
1206935524100980736
1206929945869660165
1206918716702810113
1206918347310407680
1206917105850945537
1206916759699251201
1206915910184964096
1206915852102225920
1206822250185478145
1206822107331608576
1206821973617184768
1206821268642816001
1206820315843706880
1206820072620273665
1206815245429329927
1206815187531112450
1206815131436498946
1206814915362803712
1206814594653704192
1206814586512560133
1206814510650183681
1206814091983171584
1206813514603671552
1206813466327207936
1206813278728531973
1206813231613919232
1206813155910918144
1206812644499509248
1206811947947188229
1206810651982737408
1206798187559825409
1206777339251691520
1206762532293238785
1206753459661344770
1206753271056080896
1206742591372505089
1206733004367904769
1206730359381151745
1206727490888257537
1206727385560817664
1206727175673696256
1206727134095593474
1206727076298006528
1206726689331519488
1206726508733194243
1206726324703891456
1206725494131044352
1206717643006316544
1206706870578294792
1206705647301136384
1206705001265074178
1206697730615250945
1206685893819584513
1206675088264876032
1206668298626179079
1206667605043482625
1206656088348798976
1206655245314613248
1206653604582567939
1206653499448147968
1206653210263478272
1206653159499796480
1206653119175823360
1206653000418242562
1206652945938501637
1206652697698549767
1206650703223111681
1206646956623384581
1206646825299693569
1206646775400013824
1206646733360500741
1206644392351674368
1206644186801483777
1206643633123995648
1206643579264917505
1206642957811638272
1206642899078782977
1206638504584847360
1206638121602957313
1206620617761525760
1206619799641624577
1206617108718800899
1206617085616377866
1206616960596946945
1206610962926768129
1206606079490187265
1206603122119979009
1206596876553900033
1206591595467939840
1206589928387338240
1206589046291619847
1206588602324594688
1206587737266151424
1206587533527863297
1206586927115317248
1206584759574519809
1206572292249141249
1206572175219662850
1206562809057873922
1206562745891610624
1206454932360105985
1206452619524411392
1206452302179115008
1206440624938983426
1206440172134502400
1206440004488253440
1206439535074263040
1206430866412654594
1206430763576627200
1206425189149544448
1206424721044193280
1206418483535339520
1206418414862000128
1206418380976205824
1206418347581161472
1206417278306258945
1206412538096816128
1206398176401543168
1206394779615080459
1206393465338241024
1206392108556394496
1206383998412509184
1206379502605086727
1206379401736269824
1206377967095623683
1206365892642267136
1206355176707239936
1206348961256263681
1206348533655318528
1206346380232531982
1206325178655019008
1206324972953710595
1206305178808389632
1206302285803991040
1206302229843644416
1206302212856668162
1206302125753602049
1206298426058641408
1206297066651226112
1206261192529981441
1206261052729675776
1206260867362443264
1206259764835033090
1206259613395562499
1206259538216787968
1206259399213359104
1206259237409755136
1206259194309042177
1206259072149835776
1206258638538641413
1206231748910166016
1206229966108663808
1206229719924006912
1206228911434194944
1206224982939967488
1206224422513889287
1206223179859079168
1206223167037071360
1206223133721735169
1206220354433273856
1206220086400430080
1206219672674279424
1206219535440842752
1206218851249197058
1206215618934005762
1206215520305008640
1206215478487728128
1206215400364662784
1206213855396933635
1206213485715165184
1206213255481434118
1206212560271429632
1206196283679096833
1206182720734400512
1206181132955504640
1206181034108342273
1206179943501225985
1206179868704198657
1206176221480071169
1206176070149558272
1206175961126985734
1206070709597941760
1206069075216125952
1206062883907485701
1206062630768656390
1206021894987759616
1206021755011313664
1206021496826683392
1206021471086284801
1206021429201948672
1206021265783435264
1206000901405790209
1205999096307290112
1205886032551567364
1205871608382005286
1205871293792505856
1205868449882365952
1205868379338350592
1205861755714490370
1205798530843066369
1205798413071196162
1205256119792394241
1205256096404905984
1205234350087901184
1205231548892622850
1205231519016599557
1205217378558234625
1205216048292777986
1205214821190447118
1205213073776230400
1205211197831823360
1205211138151112705
1205207010129727488
1205206605459021825
1205205919489024006
1205205752354398209
1205205667876888576
1205205362326081537
1205204258418839553
1205204162293772288
1205203919519059968
1205203885197012993
1205203616639963136
1205201054415097857
1205200891088973825
1205185022120153088
1205178257068511234
1205168152767795200
1205167548146372609
1205159724712415232
1205151563125317638
1205125158316498944
1205124995325857792
1205096496061964288
1205083871026581504
1205059869092524033
1205058714576859136
1205047059512020992
1205036255228186624
1205035775752052737
1205033596446224386
1204966973345554432
1204965351479500801
1204965328117215232
1204961775201980418
1204961676421947392
1204961583979515904
1204961486583599104
1204958386074324993
1204958059434524672
1204957129045659653
1204954229275795456
1204953833417383936
1204860206984892416
1204856060676325377
1204856059137015808
1204854106785034245
1204851043307270146
1204844010906562566
1204841367836483585
1204841211149860864
1204838578750152706
1204827633646784513
1204825796252229632
1204814059637530624
1204805505094471681
1204803393904136197
1204795041794932737
1204794618916823041
1204794508883496961
1204794429095251975
1204790767543304192
1204788912092336128
1204788771197194241
1204788435229261824
1204786472735391745
1204783415553351681
1204783305545134080
1204783100154302464
1204783054864211968
1204782885972140033
1204782856901398528
1204782823888035840
1204782693449445376
1204782328347844608
1204777512859029506
1204777336454991877
1204777191487213568
1204769660941586433
1204768159401725953
1204766187994914822
1204766171800711168
1204765663509852160
1204765214798991361
1204764125353709568
1204763045848899589
1204762811085283328
1204762765765881861
1204756766854197249
1204755765468286977
1204752380543287296
1204751112265519104
1204750646555140099
1204749205484580864
1204747576714633222
1204742320509399041
1204738311333523456
1204738109684043777
1204727792186904577
1204666949948596224
1204666839927861249
1204653626305794048
1204630518538604544
1204609952725291009
1204609453070442496
1204609071296462848
1204607800208433153
1204459237415493632
1204454767235411970
1204454528407482370
1204454250706882560
1204454199959965697
1204444728630087682
1204443943120883712
1204443751025913856
1204443705261858817
1204443289988059136
1204443252306403328
1204443092549619713
1204442115213844480
1204442060784373761
1204441717425999872
1204441592368713730
1204437783655387137
1204437706538979328
1204434597792165889
1204434394393534464
1204433524700434432
1204432996448817152
1204432808384585728
1204428891777118209
1204428800190222343
1204428790065238017
1204428483138654208
1204425001644023810
1204424990684336136
1204417239694352385
1204417192072110080
1204404555292782592
1204398370212765696
1204389377058758661
1204373181911502848
1204371976334254080
1204349945454698496
1204349104882667522
1204345372019167232
1204345275051102208
1204321185695248384
1204321148068073473
1204321093835743233
1204320921701539841
1204320756852809728
1204320716474204160
1204320695012020224
1204320461137551360
1204320430686965760
1204320385023524864
1204320336839421953
1204320308951429120
1204320117074677761
1204319587845718016
1204298608872435714
1204295843228073985
1204280448416993280
1204275117045485568
1204271687497326593
1204270056785534976
1204258948515336192
1204258804289982464
1204258452501082112
1204250394207170560
1204240735412903936
1204240679515365376
1204240635701743616
1204240608367431680
1204240520127668225
1204240128614567937
1204238838610219008
1204232546818629633
1204231758780272640
1204230967331823617
1204230965985497091
1204230965834452992
1204227009892823046
1204226976279617537
1204225587595882497
1204225541924179969
1204225428409454592
1204225114465820674
1204224946894979072
1204224593659076610
1204223301452742657
1204222976096448512
1204222804440297472
1204222582431657990
1204222267565256704
1204222166759292928
1204222097876230144
1204212253106561024
1204212249725980673
1204183242523451392
1204180274411720704
1204180245550632966
1204180114554150913
1204180093591019524
1204178038843412481
1204063706583355392
1204057796263784448
1204057738847903744
1204051616623669248
1204046970219831296
1204046889248854016
1204046661854617600
1204046506229149697
1204045036217868289
1204041682037170176
1204039824040222720
1204039675918344196
1204039433353416709
1204039400365142019
1204039193409798144
1204025088053596160
1204022628035571713
1204022402683940864
1204017833266561024
1204015240272392192
1204014550703579136
1204011755543891968
1204006878939930634
1204004848473128961
1204000800546213890
1203996896118874112
1203979572741586944
1203958539351461888
1203956548168507392
1203955226488852481
1203951500193652737
1203946637112070144
1203943771249004544
1203943382193770496
1203939329330073600
1203939207867183104
1203939170609221633
1203925164649590784
1203925131510329344
1203925109590953986
1203925068063150080
1203924652596383744
1203924522434486273
1203923953061892103
1203923876885008385
1203923852843196421
1203907110767091713
1203906162858610688
1203904494024765443
1203901327878893569
1203893738302529536
1203885305763422209
1203881612473225218
1203877099074990080
1203856236170686466
1203856184861741056
1203845320792301568
1203845148850999298
1203844973025726465
1203844173746462720
1203825775495000064
1203824099543470080
1203823945067175936
1203818140699910144
1203818090531885056
1203818032713342976
1203817658266898433
1203817557192519680
1203814472621723648
1203814288135200769
1203813706351681536
1203812662326505475
1203812576003575808
1203802758937272323
1203799494904762369
1203799160526381056
1203798892774604801
1203798808334938112
1203790779854073856
1203790480854716422
1203788847777271808
1203787096223371266
1203786441240797192
1203785390546657282
1203781744643727360
1203781425784328193
1203781374626422784
1203780678594248704
1203779899011547137
1203779013187133440
1203778329603715072
1203778301405417473
1203774920532070401
1203774357283262464
1203773145934630912
1203773049557921793
1203772721504686082
1203756907921584128
1203756861406752768
1203756258928611330
1203685699314171912
1203683721393639426
1203676594637824006
1203676456381026306
1203676357756178437
1203663763821469696
1203649106339606528
1203644839063097344
1203640759641165824
1203640283721809920
1203634365089112064
1203633157184131072
1203633125223489536
1203633060249587712
1203624133973757953
1203624088209690624
1203620940455776256
1203615750847705089
1203608505565024257
1203603428821413888
1203595545970905092
1203591588519251968
1203576781892177920
1203569269176446978
1203567599050723328
1203566048634687489
1203563539744641024
1203556811204386816
1203556779671670785
1203556605234688000
1203556533419827201
1203556492407984128
1203553338563932160
1203544852878811136
1203542151868506114
1203541761383002112
1203534546475589632
1203519468284129280
1203517514619248640
1203510578892955648
1203508662377074688
1203508260772425728
1203507362612621312
1203507306769666048
1203506404130209792
1203506299067076608
1203502887416061952
1203502814149910529
1203500016188436486
1203499475936919552
1203494580722831365
1203494557939388416
1203494474288181248
1203493159499685889
1203493031539818497
1203492950371635201
1203488679928442890
1203487395137675266
1203487372219998209
1203487248177602561
1203487206519820289
1203487124256890881
1203485983846604800
1203381771263512577
1203381430186893315
1203366348610519042
1203303640825520128
1203303589533409282
1203262890184196097
1203259311755014144
1203257469079883777
1203255896182345728
1203255700153077760
1203255528727691264
1203255474327560193
1203255264671129601
1203254976740499456
1203254779872530433
1203254590587715584
1203254544563613696
1203254262127611904
1203253943159132160
1203253844651761664
1203253607140937729
1203253351187730432
1203253213241257984
1203251592834752512
1203251531899949056
1203251463021047808
1203242728622108672
1203242699324825600
1203242584786833408
1203230982779920384
1203226729587892229
1203218160247332865
1203180526783410176
1203167515540697088
1203100185385218050
1203099549037973506
1203094020727214081
1203005979627048961
1203003761976889344
1203003737113018370
1203000792841695232
1202999140072017921
1202999019204759553
1202968997957910529
1202966117045751808
1202948587241562112
1202941460510912513
1202941427103289346
1202941351161221120
1202940346134663168
1202940069486702592
1202939422930550785
1202925726674161664
1202914121357897728
1202912010406633474
1202904109671731200
1202894291351351296
1202890979537235968
1202868643069079552
1202868360586964993
1202863698404151297
1202863339526852608
1202860812966211584
1202860314355744768
1202860292063055872
1202859926885982208
1202859490317656064
1202822876484780032
1202822637061320706
1202821131167768576
1202821047269175296
1202820061649604609
1202818283466043392
1202817943324762112
1202817750613286914
1202817575777910784
1202817494622363648
1202817024776458240
1202784840564772869
1202782505121828864
1202782068293406721
1202781086046179329
1202780755295911937
1202780633333932033
1202780329997742080
1202779433763049472
1202779072943853569
1202778674623332352
1202776348839890944
1202772907212124160
1202772823191764993
1202772671550935045
1202757690457546752
1202757579576946688
1202757500375912448
1202746071946080257
1202733348088680448
1202733259509108738
1202733227129102336
1202616118130728964
1202614813765066757
1202612930862342144
1202600176000684033
1202599379238043653
1202598996860133383
1202591659596374021
1202541342993321984
1202531121680015360
1202531044110540801
1202522760410533888
1202522626419245056
1202522588192419842
1202514135663173633
1202467200369614851
1202461590936834049
1202447811415031808
1202446667691245569
1202446548598173696
1202446506734825472
1202443595753635841
1202440932920086530
1202424976940421120
1202419791308480514
1202408132217061383
1202400338239803392
1202391374525538304
1202378937613127680
1202336551537192961
1202334780882399232
1202332266728431618
1202286136628039680
1202285595466371072
1202276971494940676
1202272862524071937
1202272245600702464
1202271279354699776
1202271251844272129
1202271166976663552
1202271057119498240
1202270680710033408
1202270437671088129
1202266484979965953
1202264040279543810
1202263423096102914
1202263123190792193
1202263083277856769
1202262344988057600
1202262031853854720
1202261968297566208
1202261929873625092
1202260558113886210
1202258712607543303
1202254568400343040
1202254203466473473
1202254065452716032
1202252736512905218
1202251204362981376
1202246931147378688
1202238800975536129
1202235969656754176
1202234988336484352
1202234925631647746
1202234849681129472
1202230198038618117
1202230030648119296
1202230009362075648
1202229645405540352
1202229570159726592
1202229389859205126
1202224266881773569
1202223743474503681
1202223633453789186
1202223355526623232
1202222526136561666
1202222458855723010
1202221959779700737
1202219507009359872
1202218663597789190
1202218646304673792
1202218507640934400
1202214917031518210
1202213193201967104
1202212927354392576
1202209490227146752
1202209448971948033
1202207757094522880
1202207660420059136
1202207337613856769
1202205600907694080
1202205308006862848
1202205160581320704
1202205022022451200
1202204514708799488
1202204477509505024
1202204380344270848
1202199223724396545
1202199071391395840
1202199025744789504
1202198990407847937
1202198222090977280
1202191307340427264
1202182513776615426
1202182249422229504
1202182204496994309
1202181632955953152
1202181453544599553
1202179695154008065
1202159829894254593
1202122541294399488
1202100979967115276
1202100749167157248
1202100644301156352
1202100241601847297
1202100195372212224
1202086622562525184
1202086419797282817
1202085317509091328
1202075654625386502
1202073170183950341
1202072723096264704
1202072671648923648
1202067880722026496
1201971251834736642
1201963177740775425
1201937451025084417
1201923424437837825
1201920419101597696
1201911685117861894
1201863099743125504
1201861981826887684
1201861476249673730
1201861059814076417
1201860603721211904
1201858316378480640
1201790538552422400
1201764953469927424
1201748934919622656
1201743475382861824
1201743117252214784
1201741108897865728
1201738745139081216
1201738113367846922
1201738062457397248
1201734862123798529
1201734706905206786
1201734505503047680
1201723074187530240
1201720781744607232
1201719884264157184
1201711129904533504
1201709443362242561
1201707089808252928
1201698557050404865
1201696601502355456
1201696579075354625
1201692685918261248
1201692404723671040
1201692117355188224
1201691686457499648
1201690341155450881
1201690047277359104
1201686054635487238
1201685631757369346
1201682350427574273
1201679629490233344
1201677345419153408
1201676366363660289
1201675690673917952
1201675048735641600
1201674067339821057
1201673667761057792
1201672507423645696
1201671784736677888
1201670858395324416
1201670065478877184
1201669951385456640
1201669429324587009
1201668619752620032
1201668316521205763
1201667614998716418
1201665847628054533
1201665216330768384
1201657409535717377
1201657313968492544
1201657260084224000
1201656441171566592
1201655295375740928
1201655018711126017
1201654180252979204
1201653995036708864
1201653923989336069
1201652239460372481
1201649154969223169
1201576741174677505
1201576672815910913
1201576597637255174
1201574880195612672
1201572800600924160
1201572730384080897
1201572688503939074
1201570115378126850
1201568666506186758
1201568515460866052
1201566283701145605
1201565840002469889
1201565775510806533
1201565037242077186
1201562849962856448
1201562191436144640
1201561924820983809
1201561899760078849
1201561562168922112
1201561355372965889
1201560230330609664
1201560213591076864
1201558154603044867
1201557835085168641
1201557751232634880
1201554580141727747
1201554529831002112
1201553724965052417
1201551983758512135
1201551644896440320
1201551522385055744
1201551422996791302
1201548529375858689
1201548284126519296
1201547630892990464
1201536585621286913
1201535781283778565
1201535178717446144
1201533485414068236
1201532991564140544
1201532382219771905
1201531921269960704
1201531837811691520
1201530943586086913
1201529752307286017
1201523834580611072
1201522395955290113
1201520030443360256
1201516858626772993
1201511860484399105
1201508465363034112
1201507927141564419
1201506620179668994
1201506566006099972
1201503830044741633
1201503440322670593
1201502834598002693
1201502794290741249
1201502425158504450
1201501939428724737
1201500575160029185
1201500562514227200
1201497757208530947
1201497215543500800
1201495919331627010
1201495281206005760
1201494310862110720
1201494146407632908
1201493127804129280
1201492698601082881
1201492598256545793
1201492422292844545
1201491678093287429
1201487014119518208
1201484694765871110
1201482188279222272
1201481905188884481
1201479997569032192
1201479888693317632
1201479863795732480
1201479171224088576
1201474220821229569
1201473412822110209
1201472690013515776
1201472619041710080
1201472170590908416
1201470076626620416
1201469924054642688
1201469279893442560
1201461964788117504
1201458864274788352
1201458569104613376
1201456846835453953
1201447740590493697
1201447086102896641
1201446675077828610
1201437786689150976
1201432572636610560
1201432129026088961
1201426398503723008
1201407450592792576
1201399943388418049
1201387249113456641
1201381002876276737
1201380272937340928
1201337054455574528
1201335570078851072
1201327139041292288
1201326932954140672
1201326844999602176
1201324617681555456
1201324430640766977
1201320709416468484
1201320523600408576
1201319173202296834
1201319138947469312
1201316628253859840
1201315583402348544
1201313871824326657
1201313447260106752
1201312143150395392
1201311825423405061
1201311733681467393
1201200489116901377
1201196809844072453
1201195786219982848
1201195605810458626
1201194038059249666
1201193922665598982
1201193541713760264
1201191457694064642
1201191421799227393
1201188986691166209
1201186198695432193
1201184036921774080
1201182264652161024
1201178083086282753
1201178047803797511
1201173695303213056
1201173622238449666
1201172250814287874
1201171978205507589
1201165261996535808
1201133787884728320
1201127520059510785
1201116376435503106
1201057700819410944
1201039632126881792
1201037269903130624
1201006604247797760
1201004117390438400
1201003725684387840
1201000866066640897
1201000604572803077
1201000404173099009
1200995785799806977
1200995482052579329
1200992260839673857
1200983697870270464
1200966671764262912
1200965326248255488
1200962875042541568
1200960812388630528
1200956387200774145
1200956282192220161
1200956044291313672
1200955766099914753
1200954767075401728
1200954192912932864
1200954158968385536
1200946093728632832
1200942978463875072
1200942699869851648
1200940849632350210
1200935656651931649
1200934064594833408
1200933871526858753
1200922003588423680
1200811885924364291
1200806368099414018
1200790355576262657
1200789101810790402
1200784170697539586
1200783204615118849
1200782861714022400
1200782777853059072
1200782708747706368
1200782471677272064
1200782356283625472
1200781576545673218
1200781483042054146
1200780394326626305
1200776553048813568
1200775115337809920
1200771100667453440
1200771058346811394
1200768838205394945
1200767232739102720
1200740153943302146
1200638224680587264
1200636924874166273
1200632666481147905
1200631572896112640
1200614821902700545
1200374720459227136
1200374710435033088
1200372814890651648
1200342783833321472
1200342378596438016
1200342261378244613
1200341418633506816
1200341376556261376
1200341082644664321
1200340961303375872
1200340681090306048
1200340625184509952
1200339408781742080
1200338288961368065
1200328771632607232
1200327935955283969
1200324142924488704
1200322242107858944
1200322183219814405
1200320894566051840
1200290185390493696
1200289422698319877
1200288365423316992
1200284003732983813
1200249440629673984
1200248781662564352
1200248757671075840
1200248667053154304
1200247652987879424
1200247636739182592
1200246193281994752
1200246101288333313
1200246051241893888
1200246047127277568
1200243433887207424
1200242067001266177
1200239978330152960
1200239889033367552
1200028949390249985
1200027653006381058
1199946612182802432
1199944592411500547
1199944403055529988
1199944302299926529
1199942189494755328
1199942149414039552
1199941698438209536
1199940192376934401
1199939944220954625
1199936807523274752
1199935679142277120
1199933963684499456
1199927652053929984
1199926089793130496
1199925758296252423
1199866582450749441
1199865962348060674
1199857193383866368
1199856413444587520
1199856376387899393
1199553587703103492
1199551780557918208
1199550650469822464
1199549227736731649
1199528035139096577
1199527845741117440
1199527699028566017
1199527527292817408
1199514038230798336
1199510002001678337
1199507369849475072
1199503647975116802
1199503564755886080
1199497763647610881
1199497649914892288
1199497215103918080
1199237669345267713
1199237186371178496
1199237022990446593
1199235672437133312
1199234730119639040
1199229972730273792
1199228232605847562
1199120509742522368
1199119961517637633
1199119746018553856
1199117788390014983
1199115195248992256
1199110438551732224
1199110132543688706
1199108637693792257
1199106248878231557
1199100788632502272
1199094290993078278
1199007052686909442
1199007043019051009
1198950581014016001
1198950471714643968
1198947638110019584
1198947631306887168
1198898036812009472
1198871604647755776
1198864289563660289
1198862024173854720
1198860997349593088
1198860858241273856
1198858123831894016
1198857029286281217
1198817473845481472
1198816567762526208
1198816119097831424
1198807218231152640
1198806526015746051
1198806359682224129
1198803715836305409
1198803451817451522
1198800393754546182
1198796300407496704
1198787789594202113
1198787283186520081
1198337077873692672
1198334993359163393
1198331740395315200
1198331716328468486
1198331305542504450
1198329817101410311
1198326664796819457
1198323787776872450
1198321764163637248
1198321657733144578
1198321526426214402
1198320400192724994
1198316187693793280
1198313401375690753
1198050428543520769
1198050345085276161
1198049216993677313
1198047475543814145
1198046057797758977
1198045932648116224
1197833087608115200
1197832735869620226
1197832352598253568
1197832032245747718
1197822071683895296
1197821308924497920
1197814169812242432
1197809325277880320
1197795549874937858
1197795428135256064
1197795390034239489
1197795364969037824
1197794676906049536
1197786963539111937
1197762403838107648
1197737046904885248
1197735928841805824
1197735597265305603
1197735383389425664
1197725761219780608
1197724747745894401
1197724668624605185
1197724297449660420
1197723342800855041
1197723202514014208
1197722027320381441
1197721523991257088
1197721359192858626
1197719926590574592
1197719622440640513
1197718617573470211
1197718441832132608
1197716793034498049
1197716526431911937
1197714267329482752
1197705125722279936
1197704443787173888
1197701463381807104
1197692519330525184
1197684435694559235
1197682896275984385
1197681146932412416
1197680928996446208
1197678731957096448
1197673156623908865
1197519508543623168
1197514919110942725
1197513251732496384
1197505338485940225
1197498956642693120
1197411634509176833
1197411544440684547
1197411509418237952
1197411407748308992
1197411240504709120
1197410272740347905
1197409126093070337
1197396877936906243
1197394551033520129
1197393651548217344
1197367704409251841
1197366798510891009
1197362939533103105
1197358624001142784
1197346977589202944
1197345186545885185
1197325557706481664
1197325386004205568
1197321670492643328
1197321414107422720
1197320440466817024
1197316385980002305
1197313565939687424
1197312649178030080
1197306193003327490
1197305910844100608
1197296586474377216
1197287773541163011
1197286154745180161
1197285207310786560
1197284440503918592
1197284154569674752
1197273232031666176
1197259411158224896
1197258881488973824
1197257879536861184
1197256532708098048
1197253914061504512
1197246570397233152
1197246243874856961
1197246229672943616
1197244446342934529
1197240555752738816
1197240429508354048
1197240230262108160
1197239058516234240
1197237335512866822
1197235302428897280
1197234099548643329
1197231755368923136
1197231197220298752
1197231148918702080
1197230941762023424
1197223126632783872
1197223063588196352
1197219498433990656
1197131513340596225
1197129555540090881
1197127928271773696
1197122018354900992
1197121588103172096
1197110519846625280
1197108574939422725
1197102265162706944
1197050858401349632
1197034165721600001
1197031947324809216
1197031838600122368
1197031804479381504
1197031764193169408
1197031714155094018
1197028559891652609
1197027161179394048
1197020446119669762
1197020226145136640
1197020182482432000
1197016007598104576
1197015890312740864
1196995521371660289
1196993392435245056
1196993348650831873
1196992159003676673
1196990486017429505
1196989649287360513
1196989481112494080
1196989430801879040
1196989252862709762
1196989170864082945
1196989151176019968
1196968351165227008
1196962251707756544
1196956331665764357
1196950430334537734
1196950197596766210
1196948396239663109
1196947919330594821
1196946647072354304
1196936953737945089
1196935441720713216
1196935119841435648
1196934524522913792
1196934406579077120
1196931672035467264
1196930811037138944
1196930585475858432
1196930200963031040
1196930090812264452
1196922372512718848
1196921323945168897
1196916916025098240
1196916172999950336
1196897625305309184
1196814775361114113
1196813310001324032
1196813298366328832
1196813228736679938
1196772209030766592
1196766420262105088
1196766398594326535
1196762301459836928
1196709743563280384
1196709664630747136
1196709632800165888
1196707041429139456
1196665393479344128
1196662108726931456
1196647600453246976
1196639776662851584
1196638846634643456
1196638826388692992
1196638792272269312
1196637006471847936
1196629534646386688
1196628712839622656
1196628673799041024
1196626266088247296
1196616695357562880
1196600596033425413
1196599865566007297
1196594904274739201
1196594704885985280
1196591015915864066
1196587552771395591
1196583630224711680
1196583047774248960
1196580693159137283
1196453966219030528
1196453830340333568
1196453417163665409
1196449897609912320
1196408166013177856
1196405766976086018
1196405135771160576
1196369681445244928
1196351393201840129
1196349266509418496
1196348129093865472
1196337647804985345
1196332040817434624
1196331959825371136
1196330164122198016
1196330144916557824
1196323054596608003
1196323029879599104
1196318717942157312
1196283186990452736
1196255374707441664
1196255360195190785
1196236770574323714
1196229895136927746
1196228879993753600
1196228678667194370
1196224233715748867
1196223805556973569
1196222216255475712
1196220440596877312
1196217207245692928
1196217001007562755
1196210134562856961
1196204753069465602
1196198469406515204
1196198167873818626
1196196660587589632
1196073283000709120
1196032601045254144
1196032021090439168
1196031326496927744
1196031085689417728
1196029391203123200
1196029256956088320
1195991673488203776
1195989412670267392
1195940367008489473
1195917310365765633
1195902070550941696
1195894197250904064
1195848102470725632
1195842423714398209
1195839925763092481
1195839756699082752
1195835410737508352
1195835134877941762
1195695550177394696
1195695538945118208
1195695115458793474
1195693934044954626
1195693047494955009
1195691411573813248
1195668434597621765
1195664356660404227
1195664056574758912
1195663756883312640
1195615628343881728
1195604426481909760
1195599191776669696
1195599148147458048
1195557622168113154
1195551023793950721
1195528388045418496
1195525751736557568
1195514216343638016
1195514158554460160
1195513768014467073
1195513622241456128
1195511579426672640
1195510263069446147
1195476224107274240
1195475023261290503
1195471577208545281
1195471312099139584
1195345693667446787
1195326632606806016
1195306683364466688
1195301625751048193
1195301019732848643
1195299192937340928
1195291955258941440
1195286592593772545
1195279771883753473
1195276842246311937
1195273702260330496
1195272023787868161
1195271899288391681
1195269015192645633
1195268919189225472
1195268798846308352
1195265214977064960
1195265064737091585
1195264848344555520
1195259393341870080
1195256203217186816
1195249753711431683
1195243172454129664
1195241884739948544
1195241762211737600
1195239522927366145
1195238699518353408
1195226048625094656
1195226010230362112
1195225759473971200
1195222064694792192
1195205527455903744
1195182805581549568
1195182654506881024
1195175042813976576
1195171749752647680
1195169747995897857
1195169731055177729
1195167163339935744
1195163186904915968
1195162281707024384
1195160300934316032
1195143750390968320
1195141650923831298
1195141578085535745
1195139206558949376
1195133861027557377
1195133616747110400
1195132503591391240
1195131906444136449
1195124970181054465
1195123427188887556
1195120880562704384
1195119698108702720
1195114031897546753
1195114011827851264
1195111463796576256
1195018583526576128
1195014561381994496
1194996614915645442
1194995157596299264
1194995146179432448
1194992051181543424
1194991748730241026
1194991716480299014
1194990296272195585
1194989595303260160
1194987590576771072
1194987466693828609
1194987456229036032
1194986668576559105
1194986195459043328
1194974862864977921
1194968787654721537
1194962783890235394
1194961067329363969
1194959821931450369
1194958396107214850
1194958131937316864
1194956095963435008
1194927775699918848
1194924517757509632
1194870773254696960
1194870659068891137
1194856807086342144
1194856723011588102
1194856409441157121
1194844937952616448
1194841029041672193
1194840995390722048
1194840551599816705
1194840449262993409
1194827904359837701
1194824143423840256
1194824102957273088
1194823781505736705
1194823731132207104
1194819077900034048
1194818945607520257
1194815177541214208
1194814714284371968
1194811270026932230
1194808928175108106
1194807199689826304
1194805352275025920
1194799812702543872
1194794128820842497
1194791364359335936
1194781109378310145
1194772338585341952
1194763957292163072
1194763924614369280
1194763704799244290
1194763584485691393
1194763491334332416
1194763432924471296
1194754395440844801
1194736206241652737
1194736068823666688
1194735025607991296
1194734685873557504
1194733887059976192
1194731466363527168
1194729332154888192
1194723152967790592
1194722846653550592
1194722829880582144
1194722722028244993
1194721760471465984
1194721589398364160
1194718705290100737
1194711005969780737
1194604139961040896
1194528097728704513
1194522558911127552
1194519088300724224
1194481997365809152
1194456430046334976
1194456400069562369
1194448825118855169
1194448741278928902
1194446862620729345
1194442852840955904
1194442847220617222
1194442815310311425
1194442621223092229
1194442561206792192
1194437704915804165
1194437662637248512
1194437649219510272
1194436266567319557
1194435461047029760
1194434344636551169
1194426620582465537
1194426593692803073
1194410872011145216
1194410515465986050
1194410488387526657
1194410133947928577
1194409995561062400
1194409790258208769
1194409038471188481
1194407114405318657
1194406950102024197
1194406560577003520
1194403573355950085
1194403518968455168
1194403246334459904
1194402667575095296
1194402495554080768
1194398980567904256
1194385910298755072
1194385135833112576
1194382000959954945
1194379260611350528
1194372874548563968
1194366030069395457
1194365898687008768
1194365525356244993
1194364872118550528
1194364111196307456
1194203038615003137
1194182660861710336
1194182653475508224
1194167130696146944
1194164194456866816
1194162904498618369
1194162650424446977
1194161111014289414
1194160827504443392
1194160763172208641
1194160692129095681
1194156820908167171
1194156788440023040
1194156018953064450
1194155827336286208
1194155750433710081
1194155574293860352
1194155016610861056
1194154725534576640
1194153780172017664
1194153448478052357
1194153406220394497
1194153374247247875
1194150358798327810
1194150316389863430
1194150151671209987
1194149159789572096
1194148825587421184
1194146858035302400
1194139637662527488
1194139530024099840
1194131484749312000
1194128859131764738
1194120681438363649
1194118073797603329
1194105566718758918
1194092853808504834
1194090929185013760
1194081919782342658
1194073700485734405
1194042232334176258
1194029151797288960
1194022398661709824
1194017406995308545
1193982432157958145
1193982277216194560
1193974656203575297
1193967149498302464
1193959037467058179
1193959031360163847
1193958915173687296
1193955459935428608
1193953935075299334
1193842363778637826
1193781220380991489
1193757549759258624
1193756303958716416
1193756267606622208
1193756148874301440
1193755746225283072
1193753426670297089
1193751058134245377
1193749907934523392
1193739891298971648
1193739859158020102
1193739793546514433
1193737437773729792
1193737259268419587
1193737206269120513
1193736996818165761
1193736715359440896
1193736642470825987
1193731951632560128
1193728532716883969
1193727827058839552
1193725998661066752
1193721376563245056
1193721325954707462
1193721127442567170
1193716643135922176
1193709191241895937
1193708214132596741
1193706724663930880
1193704753542451200
1193704358543855616
1193694388054118400
1193691223409725440
1193687484804292615
1193686621293600768
1193686070195568641
1193681742701506561
1193673775902015490
1193669560907513856
1193657116143190016
1193648651165298688
1193648415084707840
1193648298873118721
1193648176265232384
1193638533119954944
1193637796457500672
1193625903697297408
1193623902695477249
1193620753620488192
1193620702978461696
1193615392016457729
1193484359732514816
1193484316816367616
1193335435243732994
1193306094078189569
1193286870244872192
1193286287916072960
1193286047821492224
1193270303188631552
1193260568737509376
1193257508405563392
1193257195552403456
1193254508962254848
1193240029369393153
1193140525920137216
1193122635959455744
1193016383174594561
1192993138362728448
1192992885819543552
1192992014343852033
1192991773251035136
1192991660910747649
1192989448306339842
1192988955421167616
1192987587176214529
1192987518611984384
1192987417868943360
1192986763205238785
1192986052878843905
1192984989798977537
1192984904012894210
1192984867082055680
1192984739810070531
1192982370351304709
1192981792090968064
1192981305518149632
1192978724515389441
1192975229913571328
1192971879331569665
1192961800729505792
1192957690991038466
1192953395168129026
1192953360946737153
1192953290272755712
1192950986131853312
1192949893058482176
1192948314674749443
1192948118771380225
1192947153766932486
1192945656933036032
1192940659637923840
1192917434425987073
1192916414723543040
1192900482580107264
1192895153121267712
1192768728708124673
1192759043217076224
1192759016801353729
1192758388813422592
1192757563055628288
1192699157183639552
1192699128020643840
1192699103349739520
1192699061603885056
1192686925804720128
1192671246976192512
1192642035645374464
1192641603942395904
1192638929196990464
1192638903158812672
1192638835404025856
1192637507625721856
1192637439543795714
1192632960756916225
1192630923520610304
1192630880768024578
1192630504186617857
1192629407539761153
1192627472178860033
1192627353178005506
1192625778875346944
1192625308710703105
1192621927422148609
1192614036371890176
1192613715373412354
1192613312464408577
1192613104921788416
1192610036276760576
1192608320365965313
1192605444403007493
1192600046434435074
1192600002121682952
1192599813432340480
1192599793366917122
1192597241996988419
1192597066968653828
1192596903357296641
1192595375439437830
1192595320951255041
1192594974560444416
1192594687602937856
1192594644695166979
1192594541465030656
1192593759504080899
1192593717141606401
1192592137344503808
1192588102440771584
1192587488247865345
1192586769562308609
1192585959663124480
1192585307729911808
1192585027802009600
1192581547314028544
1192581445384052739
1192579864320196608
1192578234891808768
1192577938794921989
1192577933401108481
1192577877268668416
1192577763611422721
1192570795400318976
1192570360752947205
1192569447866761216
1192569334884749312
1192565682350592000
1192565607742332928
1192564331637927937
1192561431050252288
1192561151134973952
1192559020655013888
1192556462553190400
1192556432119361536
1192555913359396865
1192554926427131904
1192553350610317312
1192550176839200768
1192549039209738240
1192547780746604544
1192547356945698816
1192546416641503232
1192544869702500353
