1328420685681729540
1325076170958921729
1322893301427675137
1322686921794084864
1322682677854674945
1322612200322879489
1320785458385879040
1320439762256334854
1320439045403627523
1320431228458307584
1320133729973665792
1319739326163542016
1319736679356313600
1319734434292224001
1319734381720776704
1319558631835185156
1319557967679807494
1319556810622275584
1319225828023173120
1319168742149001217
1319027692155604992
1319020533242056705
1319013827825074177
1319010751584063506
1319002075569754113
1318997058917904384
1318652741321981953
1318652088541433858
1318272254850093056
1318258197031944192
1317538576842805250
1317532292336750593
1317379818581823489
1316452394662756359
1316312684929970178
1316134753691734017
1315050742382817281
1315048125048991748
1315023323710001152
1315022628390932482
1314560837101719557
1314558822812450816
1314097172544184320
1313394510370668544
1313149806907457537
1313135442104123396
1312783237844996096
1312770762634391552
1312757009771626497
1312495806490968064
1312494841289297921
1312491753170067456
1312472430212833280
1312469866859753474
1312117382828105729
1312103088128315392
1312079341237526528
1312075472667369472
1312028807507968000
1311953023112032256
1311931476414525440
1311768286523260929
1311611621127737345
1311570226203549696
1310648217244139526
1310475582606651392
1310474907659259905
1310284349158420481
1307757871233486848
1307380050828963840
1307050492690825216
1307031300445007872
1305586632364564480
1303060075922239491
1302901407784337409
1302901047535505410
1302878978185850881
1302710074767486978
1302541534735278080
1302540857904631813
1302533898749042695
1302254781105352704
1302253932488593408
1302252997855019013
1302252640282324992
1301978945294938113
1301971112373485575
1301961788238565376
1301960231216443392
1301958977216020484
1301446706500964352
1301446636326080512
1300539745060229125
1295981277288583169
1295821227970494465
1295436822437335043
1295100394788597766
1295100149111324675
1293624153187274760
1292545663134306304
1291765409688018951
1291114621001183234
1290332334328287243
1289246482441408512
1289240415745396737
1289207296044568577
1289165345627021312
1288940060994424832
1287816531943006209
1287804685269770241
1287780917730320386
1287139640076640257
1287041895290601473
1285979569938407429
1285967542750711809
1285931321739681798
1285898524152999937
1285893564204032000
1285880951051038723
1285880352679047168
1285879289053839361
1285864983331590144
1285668920528175104
1285604943236419584
1285517691877498880
1285277406899642369
1284924448899043328
1284242151065477120
1283867215901724672
1283484530528137223
1282785183364714497
1281672081021849603
1280959735102083073
1278763488425447424
1277283207487119362
1273646272281489409
1273515874767572993
1273007761723359232
1272272294870736896
1272244780240699393
1271388589490831360
1271159140845522946
1270361660545544193
1270045046650306563
1269600092354416642
1269586128732069890
1268300895940423701
1267475808437833734
1267121902377730050
1266684117795684353
1266489292374884352
1263083051711631361
1263082700103135234
1259809124675657731
1259807548158414848
1259571146669936642
1259563652291727375
1259561507718922241
1259561221319200768
1259555773450989570
1258705551086833667
1258371494410887168
1258135157430722560
1257339998875025408
1256883839483482114
1256314668601225217
1256250556353519617
1255535535759687684
1255208417486090240
1255201231561281538
1254012295908397056
1253800663999557632
1253799911012827138
1253751457775575040
1253648989993480196
1253413935677452295
1252278015523946496
1252247920130363394
1252187675798405124
1252142898491133952
1251992241008238593
1251791077662654464
1251592209327173633
1251575147787624449
1251572437591953415
1251553666336727041
1251539256713056257
1250802777984565248
1250342219094974466
1250180236261634051
1250113032308563968
1249731534904532993
1249649107989397505
1249648452528726016
1249647369781743616
1249248453890314240
1248567127990288387
1248273600169345025
1248265631100735496
1248263099670560768
1248260209090408448
1248253887397728257
1248250232028028928
1248246725988368384
1248228831388938240
1247556418829508613
1246905466149572608
1245387238877388800
1245386420728061952
1245328272331878403
1244900289523654657
1242807604436512769
1242418160961302532
1242416111473364995
1242398467760312321
1242205178138431489
1242199525693030408
1242197529611120640
1242195157644173312
1242193909259919361
1242041394061086723
1241822940041293824
1241396061035528198
1239986894483730441
1239479206947491841
1239478567723061251
1238358829504569345
1237823054367121409
1237822870459420672
1237128067316944896
1237110496035311618
1237010226857103361
1236961091978223616
1236715634664321028
1235289363879284736
1234722964546957312
1233798682845351936
1232947871927980032
1232925899164655616
1229889344997072896
1229886923403075585
1229880373800292352
1229169949765181441
1229169451888762880
1229166026572664837
1228781119836971010
1227710107976425478
1227692828328964096
1223340974237212673
1223297962626949123
1223238785586081793
1223217970073284608
1223167737838669825
1223166670052757504
1223162199730008064
1222969099099279361
1222958550072381440
1222948450721050626
1220088041638891521
1219229138214686720
1219228499019534337
1218230130742562816
1218161598705098752
1217798765282721793
1217798690666098688
1217725089883611136
1217710084853288962
1212040633885614080
1207060549760094208
1207059420888403970
1207055724930650113
1207049777462104065
1207045954840547329
1206610327909130242
1191056009390907397
1190698166586347521
1189074795654209536
1184744957258674178
1182890419580997632
1182247279174078464
1181130916254625792
1180892293596897280
1174370084070055936
1174369755622494213
1174322132748296192
1172378398414405632
1171895117063626754
1171129884984451072
1170796737176510464
1170796093099171840
1164118536752701441
1164098070205931522
1163555324844027904
1162380506622758912
1162301862755938305
1162034406971846658
1162032976500285440
1160988444149071873
1160957145464102913
1160956760158588931
1160956197622734849
1160955858743943168
1160660333096292357
1160659570844491776
1160658480715448321
1158092203958382601
1155740759674576903
1155739424011018240
1154488348930498561
1154357677465702400
1153659211768901633
1153301660212576256
1153261884432367616
1153173199758221317
1152991967749574663
1152987436953350145
1152964991198400513
1152963323522101248
1152573559996387328
1152266281372069893
1149738606405267456
1149736694222135298
1149318441939197953
1149052107498106883
1148690718187302912
1148578040781377536
1148326674448171009
1148322005332238336
1148315416747487233
1148219090768736256
1147981970347110403
1146875793794113536
1146699813641236480
1146050669398384640
1145051618385301504
1144632038093393925
1144569567223656449
1143191558788960258
1142546525077352449
1142546333405986828
1141344355460026368
1141090627586809856
1140619387549958144
1140489396099211265
1140355143457738753
1140015606563033090
1140007085792514049
1139973689997438977
1139849473692176384
1139133984024276992
1137973972799229952
1136932925608472576
1136932334442373121
1136931827858444288
1136731294442938369
1136681732156116994
1136594011106553858
1136574654313836544
1136363600048721926
1135876815979974661
1135876728512028675
1134914302106906624
1134715057860947968
1134714104608960512
1134561353677627393
1134325347397373952
1134208132874493952
1134205663624749057
1134068033004167168
1134053847310249984
1132929984480337920
1132924939168829441
1131984596831285248
1131522870406991873
1131517586716397568
1130881522687459328
1130753351178760192
1130523136783470592
1130447398910795777
1130386845257359360
1130011093647151104
1129832540947329024
1129486798562955264
1129466407320735744
1129334209267589121
1128765067607015424
1128608971798011910
1128597725858103296
1126819629169553408
1126539610144825344
1126535886525665280
1126219984538144768
1126105446413160449
1125482837661102085
1125478938992451584
1125039122949734406
1125006987312422914
1125005201402933248
1124593785122504704
1124593054747439104
1124592106176225281
1124590739676180480
1123677897502412802
1123579993186099200
1122936020721373184
1122832560420282368
1122802215259967488
1122758906789400578
1122603641100222465
1122222051408920577
1121315349641797632
1121138100045004801
1121136631929614336
1119325963681239040
1119318267003273225
1119228510340571136
1119228315141902343
1118262207886839811
1118254002083385345
1118240433795158017
1118072113590673408
1117537216698433540
1117535733529698304
1117513167540817920
1117490452427677696
1117481966121754624
1116726801093615617
1116418879977402368
1116265796588769280
1116076893097406470
1116076521079308289
1115341991557177353
1114837106935980032
1113309450478206976
1111002845132804097
1110962584520400897
1110658232308154368
1109541804125364224
1107732888311791616
1107723544337760258
1106429974330990598
1106428115809693696
1106427311904223233
1106281901562777600
1106279462948298752
1106252074487025665
1106212415086252032
1105154979906637825
1104423827432460291
1104423324371820549
1103781293198925825
1103780588601913345
1103421772165197824
1103420135950430209
1103419076561510402
1103239703820673024
1103233560578793472
1103023481749417984
1102998113915150337
1102979314352619521
1102577748814508034
1101854687341563904
1101807111619649536
1099759506685394946
1099751643359391744
1099751172800421889
1099259507673321473
1097225489385689093
1095421966922715138
1095403606709293056
1093579250358280192
1088841311833206786
1085920817647624198
1085880222598250502
1085225682915999745
1085219868864143360
1085075262562332672
1084525639489736705
1084522117457215488
1061684381075623936
1060267614830817280
1060266859583492096
1059115312736620546
1058835383612522496
1058834569896624129
1058833860404957186
1058464016610312192
1058104165635895296
1056305091161010176
1055872540957179904
1055570542890233858
1055567798905266176
1055495806499860480
1055420840764944384
1054833417450389504
1054828722983985154
1054455627014197249
1054447711850770434
1054311309372780544
1054310804344987648
1054109467250487304
1052837227913457664
1051928190040662017
1051926820516450304
1051526701698732032
1048805311656734720
1048805144106864640
1045566386444144640
1044091431240048642
1039526620648927233
1037651216279502848
1037401473783685121
1031224775610388480
1014417730282418177
1014410011508961280
1014251848545587200
1014239689988067328
1013817555058941957
1013816242728263681
1012073788412919810
1010867365205200897
1010866693927833600
1009521434400616451
1006974354138304515
1006127403146600450
1005572820003323905
1004978200873664512
1004807504063336449
1004806229280075776
1004804731418574848
1004362597565648896
1001479360854061062
999345225217781767
999011123147001857
999010750994829312
999010187141926912
999008264913391616
999006162262679553
999002985337446401
999002525700378624
996638352207241216
996422965439946753
996098525925691393
995247647823888384
995246865888182272
992118807618637824
990265032603815937
989551973916725248
989519712802541569
989510261743804416
989146214410145793
988321778400407553
987401722736848896
987401703740801027
987393773989781509
987393392127639552
985441966598053888
984170739946409984
983437029848399877
983102791714566146
983101287406456832
983048340542803968
982997059635695616
982374597038432256
982274674997460993
981978077625573377
981970424765583361
981960624707076096
981927962005114880
981146329408851968
980571271187587073
980156368157110274
979411718563598341
979406775714832384
979297557561139200
979297013706747905
979043717582639109
979040890256871425
978543884635639808
978017122696728578
974473585719902209
974472806334316544
972990022390636548
970130041278550016
970057146137284608
967554369234366467
967544247623847936
967196588463489024
964858853572726784
964694076837818368
957639525567778818
957441350999429121
957438818025648129
957422953389584385
957219196835975168
956521877698174976
955799680092340224
955489851738152963
954357681535504385
953402848137695232
953402485900750848
953065404066385927
953063746833932289
952771551535001600
951968785791160322
951927207055757312
951779774380363776
951604939675062278
951207841456680961
951132463383883784
950918224379510784
950324006862905344
950174277432733696
949668222776872962
949667054977765376
949466807391440897
949465094311829504
949381094452940800
949114693746085890
947477742307676160
947476869447864321
947300485991682050
946439042459144193
934984121637593093
934821407359492099
934592074434957312
934577053424381952
934396784255950849
929081669478436869
926962460644425729
926957784972787712
926957180963774465
926845342871621632
925819633059459073
922239564156194817
921003405350461442
920432876239368197
913157828063449089
913156648088276992
909955876651507712
909945520176746496
909842768993931272
909606523470516225
909268914349264897
904837391680249856
904837144228843520
903815378400411652
901669258169593856
900535105957003264
900429532435546113
899989836525973505
899989024647122944
899798519862751232
899686839220449280
899686042814513153
899685822743687168
899634637676457986
899576030087839745
899412177529995265
896896173897728000
891768756330016768
890381541553123329
888383084420374528
888380995606630400
888211894296862720
887138694053986304
884044372525932544
882426455250137089
882425031271297026
882423918069460992
881374377736065024
881364374463623168
881362929039421440
881339381960892417
878436808434085888
878336633312952320
876983143676469249
872636518615179264
866530006163496960
866529545448456192
866528902625275906
866528376865116160
864935960617914368
862501769980542976
857781854493192197
857439923959476226
853759897888010240
853729866507857922
853729244719009797
852654428146499588
851135592691847168
851060146944053248
850930172895297537
850340374673412097
849680891748155393
849216724964708352
848721163941445632
848705550015770624
848351532194070528
848145284882366465
847258534056140802
846832514861797377
846806333915627522
846786492248854530
846756617882402816
846750133035380736
846735420750737413
846502867506810880
846459517588115456
845776328972488704
844361767023267841
844360864195072000
844309863362691072
844151979202949124
843960461070651393
843960038146412544
843927702306406400
843628532421066757
843495427915812864
843477936179216388
843477041223753728
843476106862891009
843475425464668160
843469910823067650
843465503549067266
843465363140612098
843465132068036608
843309339964309505
843293894410420225
843292805300666369
843238227318325248
843179606022782976
843179070175268864
843143315537248256
842741047033823232
842734897705992193
842557060306915329
842420859398692864
842109017287712768
842108427652481025
842107693343113216
841757637519806465
841705705547669506
841704377438109696
841703810821169152
841671334191104000
841661755252174849
841657928201428992
841655388210626564
841474429842513921
841463643661307905
841456618554318848
841456583112568832
841398409017884674
841397742664597504
841396520012398592
841396340626210818
841385329970036736
841384577658691585
841384334066122755
840216686406033408
840215740640829441
840160619135418368
840035052029378562
839954440736092164
839954017962897413
839661814510157824
839595076200329232
839592756884434947
839576935969718273
839562724178857988
839436621468610560
839231266373386240
839227648819724294
839227128486981632
839226246882082817
838459272442888193
838458281819504641
838409860119154689
838401821328752644
838094109940330499
838063217171644416
838033867873320966
838032514908319747
838028865310240769
838027723960352768
838016802802307073
837868316433727489
837730709808742400
837416205665333250
836646152317636608
836645786037465090
836597614623789056
836416741953646592
836271618737516548
836253199958958081
836238455365578753
836205763945185280
836055104017035266
836044656622317571
835946462873804801
835928933375832065
835924156059369472
835904442671169542
835892279185444868
835888283704045569
835887007729598464
835885451336646656
835863016377827328
835861663765184512
835605981786701825
835599526153097217
835517821526364161
835315617863467008
834959305505918976
834881497823850496
834866585399595008
834835499638480903
834221239522717697
834152475712188416
834141760561491969
834139511277895680
834138858031869957
834138539164045313
834135442220003328
834073627356180481
834056375835717633
834055732161036288
833872593908355072
832984579023704065
832981310658449408
832980526042664960
832948623268802561
832946743285252097
832806447083696128
832705579944534017
832660527646126080
832659402549112832
832571328645443585
832399326248841216
832347109064110081
832343192062263296
830818067403964417
830816569752166402
830563170821488641
830492098197614595
830491870090424321
830477757876408322
828060858022518784
827352760622399489
802982523118690304
764596427762831360
748978653682425856
748977384234356736
725460775956000768
721833378346057728
721742792557518848
721704101227208704
720913473476145152
713058853772988416
696359476480372736
684798492645146624
683412051499286530
683400623946076160
683335477978632192
681608234600402944
655374651993014272
655373463889293313
654691349703188483
650312490400763905
643878364080549888
636556280526716929
636555974300598272
636555473249005568
627156124337352704
627151186483937280
627150326005673988
627143844639973376
627142541528420352
627141967437275136
626073457470623745
614916145217413120
611900322752163840
610169274829815808
581807116345819136
575938994439065600
575640574516203520
575328962362085376
575322425702899712
575284514643185665
538715899143131136
533734321228902402
527581103629287424
527579703000199168
525732147530067968
519906017090756608
519892793050005506
519870345776726016
519847683314700289
519846720612872192
482934021522219008
480091663852134400
477942394206584832
465520789543211008
465518135853191168
465495135787446272
464365930001489920
464362438247579648
452481460579360768
439766077573459968
439742903947374592
430479880602800129
430451686948499456
430439191840047104
430436500149653504
430434771949596673
430434727963934720
430434303206772736
430433548911513600
430433241435492352
430432259678961664
421021053562159106
419205836335218688
417336035040055296
416274184726388737
416246660780789760
412224705870192640
412224286204891136
407272440315011072
407265924908322816
406885504337338368
404008761687552000
371701575980683264
370904221362954240
369452475981385728
368852781202817026
368772782592507904
366889244284813312
348738328117514240
347962411199893504
347038903653507072
344710017926172672
342674739963236352
342333284728070144
342329880102457345
342328727776157696
342327546446233602
342027498709737472
340941005362720768
340771924886028288
340458276976201730
340437823092060161
340429128115298304
336533762886209538
336501359513849856
335403613599985664
335155092976185345
333611798026665985
333329076842549250
333221248807084033
331842928735559680
331402354278670338
331074292261462017
331025121265479680
330765716506685442
330722391787450368
330697496093396994
330676901460983809
330676616026009601
330648814711103488
330647179863666690
330642187698200576
329241060540829696
327713274416222209
326282112443506688
326271617607032833
326269123942309888
326268878298689536
326266220187885568
326265524629696512
317731458708013057
312598286131408897
312597599163142144
311252697066115074
308246797552320514
308246562906193920
301265738948288512
299594610840322048
299586175696527360
293506348233154560
282595637135024128
280368475371880448
279652687254007810
279360301659455489
276824083612712960
275571616572923904
274514700853719040
273718782504083458
272802121433370625
272046804328128512
265789925532774400
265232430087143426
265231120826789888
265224289836478466
265223507795927040
265222677646696449
265201864247738371
265197502360346626
265194608076681216
264356844259143680
263420111153676289
263414932849192962
260461351946842112
260439144734527488
258667038858428416
258666595575009280
258659724520747009
258493733593559040
258466220397969408
256140294716784640
256134635346616321
256133685366112257
255698680814911490
255695941120704512
255674199836872704
255068902613209088
253827800920883200
248854202636439552
248513471946309632
245618131731615744
243099989914570754
242670715839606784
242366766599262208
242366246295834624
242347986758299648
240164105888075776
5491846396
5447432307
5311577882
5242411881
4400778160
