1330304280079773701
1330213072007548928
1330133931157577729
1329848179488141313
1329833292636577793
1329806465083772930
1329806444871430158
1329806430325641217
1329806422205472778
1329806421119086593
1329070283957948416
1329066338401333252
1329059146239447043
1329044933827768321
1328908913492828161
1328824772629852162
1328783649131651073
1328482276221521926
1328478154223128576
1328374531258527744
1328347544955588610
1328330940339412992
1328307521291948034
1328142133442777089
1328127190081429512
1328127188160438272
1327999072096169985
1327979897340497921
1327796005144825857
1327794810011389957
1327792991331885056
1327791767010291712
1327696230638620677
1327644279360065536
1327416458691928064
1327263383142457347
1327259614476455938
1327040784894345216
1326714163570290690
1326552605594587136
1326507596157751297
1326277472883761152
1326191755587366912
1326180297529028610
1326177496950317060
1326158309976633348
1326147407629983744
1326145571309170688
1325914665860407297
1325914625582399488
1325914590849495046
1325914563439628292
1325914524797595649
1325914489401847819
1325914450738737153
1325914409072553984
1325914374947672069
1325914332803293189
1325914290839318529
1325813384181403648
1325805216562884609
1325803900658708480
1325797242050125825
1325555029168824320
1325554380947525632
1325547008967528448
1325249449350848513
1325248993094463490
1325176090688581634
1325173373022982144
1325172899540557825
1325168205728538625
1325140544398430220
1325133115283677184
1325127962677506048
1325127908826865664
1325113827676000260
1325112274516910080
1325110569980944385
1325106766326194176
1325104547317096448
1325103251025432576
1324922499558203395
1324908906481655810
1324414669507973120
1324358544364363778
1324329591754919937
1324327867484901376
1324327725151277059
1324327048152862721
1324312515958968320
1323775160437116930
1323774610039558147
1323749432614129665
1323591742529196032
1323436161742868480
1323435635219324929
1323424957632831494
1323378916539727873
1323371660867739648
1323371445645443072
1323366048045912064
1323364021114867712
1323363564787302401
1323229331544510464
1323090036691226625
1323089532041023491
1323088609101156353
1323039409726435329
1323038971623034891
1322909348985790464
1322909182786416641
1322898640361426949
1322757690226102272
1322713155840188416
1322672901271728129
1322664300897542144
1322568508924928000
1322562653949222915
1322540495478939648
1322538201286889473
1322338852812607488
1322270842491969537
1322260265744896000
1321971275636609024
1321952610841231360
1321890479634612225
1321831128098054144
1321801435693146113
1321239324936077319
1321236980710150146
1321235940673683458
1321232378606530560
1321225171429187586
1321225127527407616
1321162048575852547
1321149955629850626
1321053731664908289
1321047706710740992
1321047071848366080
1320843005285335040
1320827164045021185
1320726063195082754
1320517736913637379
1320504302063001605
1320493613357424642
1320488705669345288
1320189422600654853
1320189253566058496
1320186799633870849
1320145294441517059
1320123915566448649
1320092505933742080
1319981839323484160
1319830594776408064
1319784812668981248
1319770926280560641
1319740167146659840
1319708459349217281
1319693236152246273
1319632473588965376
1319611241485271043
1319461823557607425
1319437406504976384
1319424177166757895
1319424159701676035
1319424072569290755
1319424071491145728
1319424070379851776
1319424069243109379
1319413419007770630
1319413184965607426
1319343822921519105
1319279281764093952
1319273758453080064
1319273247075086336
1319263695994839042
1319262744785321989
1319256152723554304
1319078267903709185
1319076068616265729
1318996347987595264
1318996180152537088
1318983536376991751
1318983008892915713
1318982904966500352
1318952061036355585
1318951605639761925
1318951530041671683
1318865207012319233
1318864309871661056
1318728311317606400
1318708054641287168
1318707032007081986
1318704354711437313
1318702965272809474
1318686610439999494
1318586813171326976
1318585651630100486
1318521244355072000
1318511047125368832
1318510927784910850
1318510869240840192
1318510817101467648
1318510749845774337
1318510717570514944
1318510689531678720
1318510624050237440
1318510584112046080
1318510512263598080
1318510446434013190
1318507611956928512
1318506657123586048
1318375593298329600
1318371547992760320
1318363885209067522
1318361231317753856
1318359571732353024
1318359063923691520
1318358194691973122
1318279137774141441
1318275180146413569
1318274599629586433
1318257967062523904
1318246989079941121
1318229320536645633
1318227358432755713
1318225992461275142
1318222924537614342
1318221813860732933
1318213836361650176
1318209711313981440
1318160335027773440
1318159651452653568
1318159531130736642
1318157333160218625
1318156746125443072
1318155940198338561
1318153688301666312
1318151885522653184
1318150970333925377
1318150361023119360
1318149868951638020
1318149528697135105
1318148402203533312
1317972406942781442
1317969475543629824
1317964573266399233
1317963200655200262
1317935282927316994
1317923428096159745
1317842305685114881
1317607923468697601
1317552389428285442
1317527749544869888
1317526909983535106
1317449523493560326
1317438002575101952
1317438001484599299
1317437102380978178
1317262223442661376
1316932062071427072
1316726400250937344
1316690461709553664
1316521156883644416
1316520924468969476
1316520588421279749
1316519559772463105
1316519558807801856
1316519557826318337
1316519556924559360
1316519555934687232
1316519555003539457
1316519553720029186
1316519552793161728
1316519551811686401
1316512348585234433
1316512347725484032
1316512346341335043
1316512345317953538
1316512344382595073
1316512343417917440
1316512342230925313
1316512341186482176
1316512340200878080
1316507163611860992
1316507161422426112
1316507160533237766
1316507159253995520
1316507158033375232
1316507156905103362
1316507155592347650
1316499670269603845
1316498842158862348
1316418679438012416
1316387817891692544
1316165774004948992
1316161496288833539
1316156048827469825
1316127938761420806
1316010081977237504
1316006374724206592
1316001444483551233
1316001443527249936
1316001442331852803
1316001441249665024
1316001439685189635
1316001437407678464
1315690172588216322
1314594854358446080
1314245360978722819
1314175855539650562
1314150462006886400
1313800677018275840
1313800468372520960
1313661706200068096
1313658304225325062
1313624637935415297
1313583444211970050
1313577643472609280
1313452204607574016
1313451707297398784
1313286311718146048
1312418536296517641
1312173555669323777
1312163998943506433
1312131526469980161
1312094859910672391
1311821768307494914
1311634653883891713
1311627149162487808
1311625882080030722
1311619959722774537
1311618059405328386
1311493872913207300
1311458417391828992
1311420644475666433
1311418939717505024
1311400780562300929
1311362922703192067
1311271632502231045
1310927724857393155
1310927315602374658
1310926286945169408
1310925791321116672
1310922489703403521
1310922435064193024
1310921894841982979
1310921697869082625
1310919625656467458
1310919494794174466
1310917697195118592
1310916216454868994
1310915875139203072
1310898692191326208
1310886043793661952
1310769764294447104
1310767752345538561
1310758719265804288
1310755140756963330
1310754182346006531
1310751111914102785
1310750071881961473
1310746383918551043
1310745517241118721
1310740654566395904
1310736606542860294
1310735720303087616
1310692814523695106
1310540458939035650
1310277857973800960
1310265914659672065
1310221152690765826
1310051343508402176
1309975806643404800
1309975795058835464
1309873250420305926
1309869952195854336
1309863997752172547
1309825073159827457
1309665395880624128
1309659900071612422
1309648331707211776
1309639456803237888
1309504944697999360
1308962510041681920
1308962068742238208
1308418442836561924
1308418130918674437
1308417739963367424
1308416221696712704
1308367997594144769
1307688979437948930
1307097284564389890
1307095549561184256
1307030167169228800
1307023152019640320
1307011348673552384
1307010923840835589
1306749286730944512
1306697281006174210
1306572394551803904
1306572167367319553
1306555383750815745
1306550624843165696
1306007435161800705
1305620696001908745
1305285530180091905
1305128076423163904
1304763426556829697
1304395924337315844
1304203037884416001
1303859891069685762
1303054726649569280
1302933175132450816
1302930878092505088
1302923681274961921
1302922959070339077
1302606410140856320
1302605059151278081
1302570103658156033
1302412518359531520
1302235414011539456
1302077570394009600
1301484649944952834
1301307353992699905
1301201096715706369
1300971816735969280
1300766140000591872
1300569535171395585
1300552472122077191
1300539802815692801
1300533865820422144
1300259954872418304
1300177774850772992
1300161359859126273
1299686510338375681
1299497681484689408
1299495604159221761
1299367486220107778
1299364763391135747
1299337543389937671
1299077876696969216
1299020084015501317
1298969756570202113
1298956884553216000
1298769954477608960
1298752221732110336
1298746892340387841
1298739516581314560
1298710821141221376
1298431210574807040
1298398155621519361
1298285277203636224
1298077675702157312
1298043847012950023
1298008204312547334
1298003714293354496
1297626869127426048
1297625184770367488
1297622533693374466
1297622152187908096
1297620767501418497
1297604085114380288
1297602512225280000
1297601711499030529
1297525289724129280
1297340937337581568
1297333870929600512
1297168181962977287
1297148097513033728
1297014911227310080
1296991528318119937
1296945617382658048
1296796892014219264
1296792522459578369
1296649410227720192
1296579356832276480
1296566841238786050
1296564902165962754
1295885753143222274
1295885499316539392
1295845983327313923
1295826396086972422
1295814283935322115
1295810705732575232
1295809065659047937
1295808147978821632
1295806238085664769
1295791045855326210
1295758763526324225
1295755259869044741
1295753779749552131
1295748747914366979
1295746007913897999
1295720309115543553
1295718588985282567
1295536371143249926
1295507935175614471
1295466766123110405
1295448715021283328
1295448669974605827
1295415866402713602
1295413468858916876
1295405570644676608
1295379196588560385
1295320635049222144
1295166787101827073
1295163684478685188
1295160156762800128
1295153387227447296
1295114831419322368
1294961551858966528
1294810014998306817
1294642338132893697
1294481005554872320
1294433635974680582
1294432953142042624
1294403015114469420
1294324126455341057
1294322414915133441
1294311341361160192
1294308076577861635
1294246434783535104
1294245472002101248
1294243980427825154
1294242947941240832
1294238286756675590
1294081243873673218
1294041986832437248
1293986093306712064
1293980971688173571
1293946135548174337
1293650459610296325
1293582285187547136
1293580139834626051
1293176348631072769
1293153506510200834
1293149968165986304
1293147362953703424
1293147168354729985
1293141923897761793
1293141774521831425
1293141653847445504
1293141239932559361
1293108916772012034
1292993849187598341
1292980497606467584
1292497709149163523
1292497307376791552
1292494058498207744
1292253848493596673
1291911001101733888
1291885979448610817
1291877891614167042
1291563304389881858
1291534575236259848
1291533735591055369
1291533261848666112
1291384122691268614
1291379345756495876
1291378802883428359
1291375514490470400
1291373113037524994
1291371680066146304
1291366249801363456
1291361183195332609
1291205688832606208
1291153808471531521
1291150123838341120
1291027054700507138
1291014919329021952
1290779938023497728
1290775201366540289
1290772933833633794
1290772769635016712
1290769028445872131
1290605501537976323
1290472189574209536
1290472188634636289
1290472186910777345
1290472161736626177
1290472160834838529
1290472159723302913
1290472158653800449
1290472157651374080
1290447330181881857
1290440853069205506
1290352598067945474
1290264504316514306
1290061702676045827
1289846483424956417
1289728329206161415
1289723119670718464
1289722168360595457
1289721383820222464
1289718636387524608
1289671268690563072
1289550306909409282
1289320252740759552
1289319649163632642
1289319266827804678
1289316945922162689
1289313176912146432
1289253924025831438
1289251983581356033
1289249589346701312
1289246204711202819
1289167087286415360
1289154693474783233
1288999810574553093
1288998597682294784
1288650613404966912
1288485304366768129
1288477531679621129
1288476365369618432
1288472243140534273
1288460150332948480
1288458691755343872
1288456192256335878
1288451939081039872
1288263032238493696
1288206593402843137
1288204117916233728
1288201572980273153
1288188704641736706
1288139489555226628
1288126291229593603
1287917278990827520
1287913213858680832
1287521094468014086
1287494188062380032
1287493170616573953
1286814065520775170
1286813230166413312
1286809240624082944
1286802634813386754
1286800274045177856
1286800272875040776
1286800271746699264
1286726416692805633
1286476148659150848
1286295361481474048
1286122720799883264
1286122719680004097
1286122718677684225
1286122716727312385
1286056227651362817
1285984758489653253
1285982761740836865
1285980403464122368
1285890873104961537
1285563226453835776
1284639314693980163
1284623478889558016
1284618566294265856
1284270431290167297
1284255671156912132
1284250178371936260
1284167897208819713
1284153696100679682
1284153312762265605
1283925451140931584
1283876766256332801
1283876432754675715
1283787992365174784
1283594637358374913
1283541854911442950
1283495410909290496
1283492884524793861
1283487030844981249
1283465235932811265
1283193493385392128
1283184500193865730
1283171160574877696
1283099057913765890
1283087625956589568
1282853808977186816
1282704734462320641
1282689566604918784
1282652381180829696
1282484903150522368
1282458864538050561
1282370800046215168
1282132400915525632
1282117109787525120
1282116168875155460
1282115299681218563
1282114831257133057
1282114295854178304
1282112272740102145
1282106758580895745
1282106397459730436
1282106121256415233
1282105097544237057
1282080484021932033
1282041990155304961
1282041627616391168
1281752675038765056
1281729311347793921
1281721568813551616
1281701443267956737
1281701246311833601
1281688995798421507
1281687240121487372
1281684955215597568
1281674677358927877
1281674151976214528
1281396642604888070
1281394613467652098
1281353180727713794
1281323441904332800
1281273961087729665
1281273238841184263
1281267776385155073
1281200043987525633
1281198680058535940
1281197556077215744
1281193521622347776
1281193036823670784
1281192271367430144
1281037398202351623
1281003890582999043
1280975739878244365
1280959781788946433
1280922755672801283
1280920489192456194
1280920485082075136
1280920483479814144
1280920482209058818
1280920480988397570
1280920477997858816
1280920476924207105
1280920474059329536
1280901880210771969
1280767763091525632
1280545982187556865
1280545748120154112
1280503580181618689
1280502837378678784
1280464972414357504
1280464684945113089
1280298998532911106
1280289839859085312
1280287095521771520
1280181660240281600
1280153268899983365
1280149040840179712
1280145024265715712
1280126279606513664
1279927533040009217
1279899237594140673
1279889625457270785
1279889287387938816
1279887563273244680
1279525400293584903
1279192804116369409
1279192517959966721
1279190624672124928
1279189084368441346
1279187495457116165
1279187423826718720
1279187229538226176
1279186409153273861
1279185775184183299
1279185236736311296
1279183598529269761
1279111604676841473
1279110470750928896
1279107869523300353
1279107554040320001
1279107038489051136
1279106399482662912
1279106287343669255
1279104466621431808
1279090826577162242
1279081118839513090
1279013171785850881
1279012772542427136
1278887665660825602
1278886554992328704
1278881192847314945
1278759313855700992
1278528459023712256
1278524771890855936
1278467224492113920
1278462356926992385
1278455508064784384
1278453695550808068
1278297225987338240
1278290988621062145
1278142670729367554
1278098361879605250
1278097901714096129
1278093110858452992
1278088555189895174
1278011158901948416
1278010887174062080
1278010436999315457
1277948427129753600
1277740845899362306
1277736934169890817
1277733129608933376
1277731600634167297
1277725051261943809
1277683849888178178
1277626436707389443
1277625062569508866
1277413508901146625
1277410867454279682
1277383248524513280
1277375475460030464
1277342213169655808
1277341190065659905
1277338278723751941
1277330003462684677
1277297511267532800
1277253505984507904
1277239355371913219
1277235218911571968
1277234764756418563
1277232296282783744
1277227935389409280
1277226512526254080
1277225109410009089
1277063752781873153
1277054354634276864
1277050639776874496
1277003503433592832
1276993573280514050
1276989732849942528
1276987274408976386
1276974985018474496
1276731034298658816
1276675734673784839
1276667406069497861
1276619134017703937
1276618947765456896
1276485825556078592
1276478405471612935
1276476183375491074
1276345122884669440
1276344925584572416
1276312416750637057
1276294999299284992
1276291007060086790
1276289348795858944
1276171546139275264
1276170970127126529
1276165093756149761
1276153041494913031
1276144611656957958
1276141987880714241
1276134959116423169
1276134559608901632
1276134037304889345
1276130871775559686
1276130358099132417
1276122629724868609
1276121451817467905
1276121150112829446
1276119108103344130
1276116455621365762
1275891929855778817
1275890738379853828
1275888662413221889
1275888121746505729
1275850299685642240
1275842080158482433
1275805382896758785
1275799888022953985
1275791888369569794
1275791887107002368
1275791885760704512
1275791884737265666
1275791883734847489
1275791882740776962
1275791881738375171
1275791880626868229
1275791879553114112
1275791878584184833
1275791877535645697
1275791875304284160
1275760050351542273
1275602236811476992
1275568309669449729
1275567011532361728
1275562020155412480
1275556416741310464
1275515585854611460
1275513872057843712
1275505878515539968
1275503678758281216
1275501720638980098
1275500939965849600
1275500522510913536
1275499567799304195
1275496736295919616
1275398306563346433
1275383124046876676
1275164624988618755
1275153581050560517
1275147870946168832
1275140852185210880
1275107570848579584
1275107562946547722
1274858583419686927
1274857740297555970
1274857127660716032
1274852655861501953
1274824551046811648
1274690641096855552
1274689141733810179
1274686664166825985
1274486482745647104
1274485402062258181
1274482775672918019
1274477784484773892
1274475892690096138
1274474566044262403
1274440797308555266
1274377456376590336
1274377453763510273
1274373116844814336
1274372493420253185
1274369804393201667
1274333668593541123
1274328843889885186
1274322192940052480
1274319505272037379
1274317409340588032
1274317407587368960
1274317406391984129
1274317404068360192
1274172998279409666
1274151314692493312
1274149396091985920
1274148408249507841
1274115192352313353
1274109784321646595
1274109782069252096
1274109780538294274
1274109779422728192
1274095639526342658
1273786806962737157
1273785567067635712
1273781430519201793
1273778341078802433
1273775719945043968
1273759996329721858
1273749559655534594
1273741578331357184
1273714514387755008
1273707968119398400
1273702284040560642
1273695821079498753
1273576737213988864
1273445452545953793
1273419776979845120
1273418282280857601
1273413001236951040
1273231858147491842
1273218305604624384
1273217548578938881
1273216914253365250
1273216791884546048
1273216556508631048
1273212577917657089
1273210859414851584
1273210469499748352
1273071279868973062
1272913208446246917
1272860300035973120
1272720194113343488
1272708745978658818
1272687898677121027
1272677506022289412
1272676004155228161
1272666251266064384
1272662254044004352
1272612670622089218
1272265312214401024
1272239830223773696
1272195447935901696
1272189764725325824
1272136732163571712
1272028930812280832
1271796330055323651
1271621179103686656
1271251438455447552
1271233441967812611
1271072009041084418
1271053126569779206
1271040304959946752
1270867992587505665
1270860632800313344
1270859589676871680
1270854658370699268
1270832477536387074
1270827157145694208
1270826745625808896
1270817187905900549
1270813509228605440
1270806360423268353
1270806358129029121
1270752971685576705
1270746714148728832
1270745598388551681
1270743370667831296
1270742303490129923
1270672885200412674
1270670522884460547
1270522931517456390
1270481988844228609
1270464546864607238
1270434934918918144
1270402274041507841
1270402272812548104
1270331492087074816
1270123421209260033
1269600999536197632
1269261229194960900
1269260914907402240
1269235289303760896
1268700411785023488
1268693381494059014
1268190698072944640
1268189978212827138
1267977084653178882
1267952879953948677
1267947393313656834
1267913295350112262
1267913021113974785
1267820282409938944
1267596619651911680
1267580087152640006
1267579569038598145
1267561795016896514
1267556880907460609
1267150515680534530
1266780172604321794
1266728122663211012
1266509887359631367
1266485842689884163
1266483734951464960
1266470177610309632
1266434623564853251
1266432118315507713
1266111421558984704
1265590458895515651
1265451860967804930
1265370642943180802
1265049851122847745
1265047596218945538
1264679512563908614
1264677218594238470
1264633851999109121
1264613023949426691
1264558707670691842
1264322645362966529
1264322110945660928
1264298235914485760
1263993118703128587
1263986168804323334
1263977188950491137
1263975569001152513
1263975506455732225
1263787248664920064
1263633279137316865
1263620709235949570
1263556749564555268
1263496335120117761
1263487433536086018
1263430750390685697
1263255912044802049
1263255087318736896
1263160314771759112
1263133171853426688
1263130653240983553
1263106309823631360
1263066582798000128
1262908010583805954
1262905874378612745
1262903889411670017
1262902695951773696
1262557246631878659
1262529088771821573
1262120120991854592
1262035665308573700
1262022249206493187
1262021541400895488
1262020974930788352
1262015638995906560
1262011064251752450
1261781962064310273
1261770420623216646
1261758002648035328
1261757722267136010
1261653292716830720
1261646577673871360
1261439009709936640
1261429657909391361
1261373278708523014
1261311579758395395
1261097934072004608
1261082536383479811
1261079394409480193
1261079392098422789
1261061457652920321
1261061445992800263
1261060122622787587
1261001868483985408
1260998841903579136
1260984425468346368
1260982458058788864
1260908098379710465
1260899305688387584
1260897813807980547
1260601393381023747
1260530566690222080
1260361519981899777
1260354258530177025
1260342350380969987
1260330867425239046
1260330655780659200
1260038251399634944
1259991913240952833
1259981445881307136
1259980335615533057
1259598077893230592
1259217068110557184
1259204260190978052
1259170855302635524
1259159839940411392
1259158628801675265
1258904513089544193
1258904195027144705
1258902012885897223
1258899163955310592
1258884441709182976
1258601826838077442
1258562694329839618
1258544811696517122
1258539848656289792
1258537356572848128
1258529153713762304
1258506241552220161
1258462992984834053
1258458846982483969
1258458591121604608
1258457038868316161
1258453735099052036
1258452808312946688
1258448375952953344
1258447118492205056
1258442720831508482
1258403740337557504
1258366744260939776
1258202176461119495
1258201772532944897
1258180458367631360
1258174020295540743
1258173225923760131
1258156213382057984
1258050264126414848
1257838443951947779
1257836768839241728
1257819790422478857
1257802218167812103
1257800808256716801
1257799234608398338
1257799083659530242
1257793400943902727
1257793074639626241
1257754275779936256
1257754059907481601
1257746344342687745
1257746067862544385
1257746055929761796
1257724205841383425
1257713544126234625
1257647475869048838
1257641898522673156
1257442673511759877
1257263508405866496
1257077604450021377
1257072725589405696
1257047852704038912
1257047163378511874
1256980198089805824
1256947835070750721
1256939689312952320
1256925494009835522
1256914198661120000
1256709767239737345
1256668344222130177
1256647764022304768
1256619312087007233
1256360869098815495
1256341418739671041
1256235890583785472
1256234243795169283
1256234159187599361
1256227889437171718
1256226194531418119
1256210879999176706
1256207299745591296
1256188376191025152
1256181876278075393
1256066841451134977
1255978996614991874
1255975623073374209
1255889931131588610
1255843323828482048
1255642131328307200
1255638489586118656
1255637691728789510
1255593473434140673
1255592706270773251
1255573250547027971
1255516256800845831
1255275544691736576
1255255953706045443
1254903464804659209
1254519170768789512
1254428674142674948
1254254966073626625
1254239380929236993
1254236022877106176
1254235856942047235
1254235048167059456
1254029585710276612
1254027376415117314
1254026136952111104
1254024040966225920
1254023588597960704
1254012028022394880
1253821764179722246
1253819792664006658
1253815860130729986
1253734682086256641
1253734501739630596
1253709200758321153
1253680108654809088
1253673221670539270
1253653743024975875
1253649731785498624
1253638956719144961
1253490012458569729
1253355009690996736
1253306153104289794
1253276482992050176
1252737656288694274
1252709464274321408
1252570892946870272
1252356425860300800
1252324126771085312
1252321326708162568
1252317560210690048
1252316886852874243
1252315866357796865
1252313347078475777
1252311452687499268
1252303514442874882
1252235330725351425
1252008198162337792
1252004300185886720
1252003107187445761
1251902730223980544
1251888274534215685
1251880242236600320
1251680369352626178
1251673937445961728
1251652054927446019
1251647094701654018
1251633387120603136
1251555458890022917
1251538941351792640
1251538590322118657
1251366609089945600
1251139349061787648
1251105522557825027
1250557726763122689
1250253754080866304
1250251193085034496
1250249838190567424
1250200073457319946
1250189534081548288
1250181779786551301
1250020984213700615
1250015730344566786
1249849200361320451
1249848686139629570
1249847425231183872
1249845366779973642
1249842279268966400
1249798120277491714
1249791157921615874
1249776418122334212
1249766277033472001
1249763079526780928
1249761234951569408
1249648069567827968
1249396044812689408
1249354571836686336
1249323409600905216
1249168462112587777
1249123889952718849
1249123089054605315
1249107475003060224
1249106303760445440
1249067715224055810
1248999903235358725
1248989750201024513
1248951280392908800
1248951151954976769
1248948443395043328
1248808387011280896
1248766315894112257
1248755309667024897
1248752563484266498
1248596567357108225
1248588455220781058
1248438775895732224
1248437847067148288
1248253418763948038
1248232821694611457
1248225414079746050
1248106300900335617
1248019752003366912
1247730103947350019
1247661684073934850
1247612949591719940
1247488889893392384
1247349970728103936
1247313311915483139
1247297442988666880
1247297162410635264
1247291320105926658
1247263903295377413
1247254464492437506
1247169658475683840
1247169657469112320
1247169656475062274
1247169655493492737
1247169654478516228
1247169653396377607
1247126208178946051
1246943712829210625
1246906584070045697
1246864407826743296
1246859024802500612
1246809752417513472
1246795142620688385
1246588407536640010
1246402362895486978
1246249456007360520
1246234963516801032
1246164854861373441
1246163368270008320
1246158726790295552
1246077752605900801
1246048615891709954
1245855209072427009
1245836371115245568
1245836320930320384
1245823332152422400
1245801314656890887
1245719255758315521
1245704780053389314
1245682287141937152
1245678302733484033
1245549289910272001
1245549279550242816
1245535227969253378
1245524895993417734
1245518949665644546
1245516963012653057
1245496501373153282
1245488194973507584
1245471922697232384
1245466286387314695
1245463302890717191
1245444270452019201
1245444269348917254
1245376867277983744
1245366220154642432
1245127051796983810
1245125706927017991
1245121100037738496
1245101354751799298
1245077100551430145
1244941276803469313
1244763267450404867
1244664194542317571
1244600592879833089
1244387504276549633
1244383745945284609
1244381192826376198
1244380169223180288
1244379283679850496
1244363419991658505
1244361488342691846
1244359531418828802
1244347016865632258
1244286051901939713
1244283665452085250
1244279788434591744
1244275085004939267
1244274666098884614
1244261196120961024
1244107918821199872
1244049122589585408
1243989212203974659
1243988572572733442
1243955224982716417
1243954453532860418
1243929550318419968
1243892174305087490
1243890887123443713
1243888048812761091
1243887656393736198
1243887653940068356
1243887589951713281
1243887453959794688
1243887391993221120
1243887235541405698
1243887157447663616
1243887001167900672
1243886947682181123
1243870050886565888
1243719593794961409
1243716723108458496
1243686533552619526
1243670614914760713
1243644669470420992
1243567617958457355
1243512275857813504
1243508941864218626
1243329215832997888
1243289967834673152
1243289106190192645
1243279415582359554
1243266823979765766
1243172375585308673
1243155069002006528
1242974483490779136
1242973668050972683
1242973411942465541
1242972687456251906
1242960906411216896
1242939291073904641
1242894337190625280
1242791622636638208
1242788658102534144
1242784529208815617
1242772292461121544
1242600779304914945
1242592598474330113
1242448371694133248
1242242186881744898
1242227478585892867
1242154259724021760
1241877009615278083
1241797995609370624
1241709166449823744
1241695621523914752
1241588311233347584
1241587499983568909
1241533787219124227
1241509375560253441
1241509133335121920
1241509125609177095
1241507652276047872
1241412185458388992
1241411750257360896
1241338265787076609
1241176419536961536
1241145559408422913
1241143086933258240
1241124642544369665
1241111403131473925
1241088477531439106
1241081424150659074
1241078863872000002
1241048333256462336
1240974269846298625
1240974217769824258
1240830657758191618
1240830355512401920
1240830045444280322
1240815557634646022
1240815038887342080
1240814423691931650
1240812058712723457
1240782272447610880
1240779525082021889
1240729430135275523
1240727146458382338
1240722869426028544
1240679079063490567
1240611089378877440
1240609618797232130
1240462995551109125
1240429964060696581
1240414546428416000
1240350023277314048
1240349463669063681
1240256753004150786
1240256175607775233
1240087133911736321
1240084660149014530
1240084198112792576
1240076076363198467
1240075824046448643
1240074687654301696
1240065464073621506
1240034774170972160
1240009225000103937
1239988091592589319
1239983305975648257
1239977824003317760
1239974940335419392
1239962459160612865
1239915765266030592
1239868426350362626
1239745041419112454
1239744616561364992
1239744132668706818
1239743968570757121
1239731511479414784
1239728848431910912
1239715746588102658
1239710972710961153
1239708657941729281
1239695301042200576
1239693486431092739
1239692987027935232
1239682113202540546
1239676568013766662
1239654179750232064
1239650086549929986
1239393307186417664
1239358027209281537
1239340932060909573
1239339618027397121
1239334654798331907
1239333926465912838
1239328746706022400
1239324975963791363
1239323209398398977
1239321112133144576
1239320633110147073
1239319781670608896
1239319666142609413
1239319424177516549
1239318005248593925
1239308837011759106
1239286686116429825
1239252943834054656
1239239769877630978
1239188255549067271
1239185523685625857
1239181156844740610
1239178695698513923
1239178435399991296
1239017824657563648
1239010895042433025
1239010836238270464
1239010772572831744
1239003617480318984
1239002275433140230
1239002073309511681
1239001974168748032
1238982949455962112
1238979524030861313
1238973571076173824
1238963722892333056
1238962382803787780
1238959895111663616
1238958747587936260
1238953054369656839
1238952964972253184
1238944730039410688
1238942631650037760
1238941485539745793
1238940673145024513
1238938682322833409
1238931290566668288
1238915252785479680
1238914249394728967
1238633518646861824
1238584522888957957
1238582947218886657
1238581809174261760
1238559088381960192
1238545697600872449
1238300235379679234
1238295320670416901
1238288293160247298
1238279095038902272
1238248549793619971
1238245390991982592
1238244749758398464
1238189327399649281
1238173810030936065
1238088804612874240
1238088268857724928
1237937094288441345
1237937002189905920
1237931806688718855
1237931721988935693
1237931570897584133
1237931472469864449
1237931432997240833
1237931375556247552
1237931314428477443
1237931254118526978
1237931187341066240
1237923990032785408
1237887978816430081
1237887970977316865
1237850902687449095
1237839056396079107
1237836930991128576
1237831173532979207
1237826290822057989
1237798865413292032
1237794822733389824
1237787365827100677
1237726299252293633
1237555386397233152
1237505111707938816
1237500898689024000
1237208891408220160
1237166643215810561
1237166642079174657
1237166640795713536
1237166639361273857
1237166637981130752
1237166636840505345
1237162376304250881
1237143599772467205
1237142867145043968
1237135665101508608
1237122130111868930
1237121250243330048
1237121093799985152
1237121035608231936
1237111105589334016
1237040546197262340
1237039593037447176
1237039201583083521
1237039022364676096
1237019165116039175
1236957092176711680
1236954210874404864
1236820545502687233
1236818640131022855
1236814765047111681
1236810273614442496
1236807942428557318
1236806178514092032
1236806177301958656
1236806176165302273
1236806175083180039
1236806173883535360
1236779417420083204
1236778768942927873
1236751087262203905
1236746196959576065
1236671011040493569
1236670933328412673
1236657743244808193
1236655232060440576
1236648440676958209
1236436060059598853
1236415868671795200
1236353268198133760
1236297063438200832
1236289526575792129
1235767868018626560
1235718207006113793
1235688016850464768
1235687955164872705
1235686723901779970
1235568683239555072
1235417334950637569
1235351281142845447
1235324133619228672
1235239451053494272
1235238441971068935
1235236415451140096
1235236172814856192
1235235972679454722
1235235801400827904
1235235670127513600
1235204953477537792
1234973686228144128
1234970208709689344
1234954674467483648
1234919852936134661
1234878014162423810
1234871682348802048
1234826139014770692
1234660495342231558
1234639978128453637
1234580135979966467
1234579836682874880
1234579673671241728
1234579376689336322
1234266029083283456
1234241159867830272
1234192662930083842
1234192446868856835
1234187331315339264
1234185433808097282
1234183772863639553
1234121183437737984
1234119624872079360
1233983912130547712
1233522379843887104
1233510832560132096
1233375884805115904
1233095549101932544
1233092604776022016
1233086302880489472
1232867060528578565
1232858670549078022
1232851336233914369
1232810798902370310
1232493110518697990
1232491067498303488
1232316829063942145
1232287770716114946
1232273220985851906
1232273123489259521
1232166536699355136
1232161468864516096
1232160646751555584
1231726116836184066
1231705160931520512
1231699012975288322
1231696249176326144
1231665299948294146
1231661814078939139
1231660913318645761
1231659255092174848
1231658669709963264
1231655239410954242
1231652863723569158
1231595700250693633
1231592370959011840
1231407138335076353
1231383925672620033
1231379936491036672
1231374725789757440
1231374462827843585
1231302265702670341
1231301716320169984
1231031940641370112
1231031538005004289
1231030902123311104
1231030771529474049
1231030594093625344
1231027285584687104
1230961835924447238
1230681985431097344
1230677140045205505
1230668659229679616
1230647243029524480
1230604033242652680
1230587361844744192
1230533190063968257
1230300915376193536
1230298806207557633
1230285151269203968
1230259037775761408
1230256005541441536
1230254483516612608
1230252501837983749
1230251672850632710
1230247470594166785
1230246771856683011
1230246601450565634
1230246044392398853
1230242629532684289
1230242350296858629
1230242242209746944
1230242235465306120
1230239332503629825
1230237272940912640
1230226831271432192
1230226829547577346
1230125223137226752
1230093394849992704
1230093271793311744
1229973437960994816
1229972127614369793
1229912732029333505
1229885837044854786
1229877172262797313
1229838384585158661
1229571529354203136
1229560819458957314
1229556847759282176
1229549419214884866
1229548591234125824
1229529296030633984
1229525936523169792
1229522082859495424
1229518723725156353
1229206463731638272
1229169749529157634
1229135795618971657
1228851189363748864
1228850596905652226
1228843609971142658
1228514899254480897
1228491801356644352
1228455978296840192
1228420166591053825
1228419758774636544
1228416190231597059
1228170176220106757
1227914857623760897
1227786316190027782
1227772878898200577
1227671044217016320
1227663661956767746
1227239091533746176
1227016691634376709
1227005486127632384
1226931022627004423
1226930970097528832
1226930218335645697
1226925207753052161
1226664441351229446
1226449658869899265
1226390717267877888
1226284144159854593
1226228653165568000
1225878022416412672
1225844247598895104
1225843863975333889
1225836748460130304
1225785256705503232
1225784870812692481
1225784121223532545
1225784033315037184
1225583683035418624
1225582171634782209
1225265468673593344
1225263455244079105
1225201708516638722
1224822422454575104
1224391152561991680
1224390474699546627
1224389247093870593
1224343261076250626
1224129252427210752
1223775376704442369
1223649322388074496
1223636005544177665
1223627679955550208
1223626730251964417
1223607980769320961
1223417075043127296
1223415345278484480
1223358818119299073
1223309679721402373
1223309201922912256
1223252465509896194
1223251642117652480
1223249584832552961
1223243879392194562
1223235869152288768
1223235847643893763
1223076579569471489
1223059818442907648
1223038687736475654
1222991317762027520
1222970919959826433
1222970893439242241
1222951131338420224
1222861121046097920
1222854559909007361
1222697647288602625
1222636969487933441
1222635782994825218
1222632210085433344
1222631159282180096
1222588454476734464
1222587158034370560
1222575831404503041
1222575821598199808
1222573184404393986
1222342616106393600
1222327736489906176
1222291900574642176
1222280006983999488
1222123487789273089
1221970806491750400
1221961546307383302
1221942710246039552
1221939520255467520
1221937357382995968
1221911804647034880
1221911642918748167
1221810219837280256
1221810211503124482
1221790338597171205
1221790086011990016
1221744120194007040
1221651309058760706
1221648110780342272
1221635207385710593
1221634577447444487
1221619209324679168
1221617521100574720
1221613598151233541
1221593439416061954
1221589832578863104
1221530107149504512
1221501041788772354
1221500116172972034
1221494366549790720
1221448803133333507
1221442566605955072
1221298714888884224
1221210274792902663
1221195764740886528
1221155019011121153
1221155015764647936
1221147432198774785
1221133441519046662
1221129292844863489
1221128392604602369
1221076277391712256
1221076236652503040
1221076036990967813
1220873955503898626
1220863455906934784
1220861860225998850
1220860403338661888
1220860219334500353
1220860016472875008
1220853220811182080
1220852813049233408
1220840290258427904
1220823529186349064
1220821134578417665
1220819649534865408
1220817682179727361
1220809373292945408
1220799165380296705
1220794181213396993
1220792422533345281
1220791776954417153
1220781243798839298
1220779962892017666
1220778972574887941
1220775816675713031
1220775815362813954
1220775814247129089
1220775813093699594
1220775811940323330
1220775810199707648
1220775797751001090
1220753877449965572
1220749400072429568
1220720876926226436
1220714908746240000
1220710388800663553
1220710138094542849
1220707062348419075
1220544464151814145
1220532875944132609
1220531124440576000
1220531021097160704
1220529692589068288
1220528533820334085
1220527766422073344
1220522256780144642
1220508226430668801
1220506386993426438
1220506385462583299
1220497678301323264
1220457154211188739
1220454400424103936
1220453191109750784
1220437539481362433
1220424842480099328
1220424527747911689
1220423892478713856
1220422397569961984
1220421534726180865
1220417716114292739
1220414994640142337
1220414614762074113
1220397439322075136
1220357643908370433
1220355538657185792
1220342563619659783
1220181187152564226
1220181174733230081
1220181162129346560
1220181149902917633
1220181140088246273
1220181137261322240
1220181116528754688
1220181114674872320
1220161382269833216
1220159748009533440
1220152698688942081
1220133619290857473
1220129691224498181
1220117605475852288
1220107128209395712
1220106001057243136
1220001739069366272
1219998870467424256
1219996206245564416
1219996204098080770
1219979996741193730
1219971447541637121
1219843886450970624
1219792643489746944
1219790773211795460
1219783322265686017
1219782973240827905
1219764629682954241
1219760703265017859
1219760339291643906
1219759936009396226
1219757109195235328
1219754325293109248
1219751525045678081
1219751068462174209
1219745522472357888
1219744746849099776
1219736432182550529
1219734657639571457
1219733812520898560
1219732583946297344
1219725436541919234
1219723870296530947
1219723839594209281
1219723791972040714
1219723745000153093
1219717403401248769
1219704723344887809
1219685090554515456
1219683547587514370
1219682627327877121
1219681064790253570
1219677175265288193
1219675271835652101
1219674642408976384
1219671497729626115
1219669411205992448
1219669296437190659
1219668855288524800
1219668540220985345
1219667727696175116
1219666813228933122
1219666465403609088
1219654920795820033
1219653649145761793
1219650687547691008
1219640148788490246
1219636700097449995
1219636595432796160
1219635753342373890
1219633408156033026
1219629318801895428
1219627972296171532
1219626421364109313
1219615827047124994
1219612705209966601
1219611947190161408
1219610868993814529
1219609403734753280
1219605609760350209
1219493660418629632
1219490498865483776
1219484030560886784
1219483153187905536
1219466590577745921
1219466290093527040
1219464319286566924
1219461487397306368
1219460924744007682
1219456775453335554
1219453178602717186
1219444206894309376
1219441616433360896
1219440654838894593
1219438061534294016
1219434246001041408
1219425848920592390
1219423155456036864
1219421063781789696
1219419980506259456
1219419845818834945
1219418147461222401
1219416697385443328
1219407542734016512
1219406960023482370
1219405499734593539
1219390398713552898
1219382929694044162
1219380111314649091
1219369890169135106
1219366043690438656
1219364749714034689
1219360423826337792
1219359597108125696
1219355587428962304
1219333418254848003
1219333118626279424
1219331315180457994
1219330926573969408
1219329762025447426
1219329594416865281
1219329491778121728
1219327947464675335
1219327714747985920
1219327375932039174
1219325248258166790
1219325184701804545
1219324608186372098
1219323918823104512
1219318239534206982
1219317477647310849
1219304607563833348
1219304283759415296
1219300842848817152
1219298090106150912
1219297667228033027
1219296018602373121
1219288192605704195
1219280708792979457
1219277073015066625
1219266371076468743
1219264583061426177
1219255159223734272
1219254607559479296
1219252499426791425
1219252270799388674
1219230848995745793
1219230814837395456
1219120780849618944
1219120188265844736
1219116914930343937
1219114807057698818
1219112948335030272
1219112169016647681
1219111817764536320
1219107885168386048
1219107717056385024
1219107545853374465
1219089524753600512
1219085724596785156
1219083248619393025
1219083096500457473
1219078493608214534
1219066061271851008
1219055334515519489
1219055061101350913
1219045963177910272
1219016475991855106
1219016257149853698
1219012567135412226
1219008333614604288
1219003821399121926
1219001332406812679
1218935041314754561
1218934363431358464
1218922573234352132
1218920657418846210
1218902130536452096
1218901574170431491
1218901031167430657
1218891978194194432
1218891266152419329
1218887399851413504
1218878261075365889
1218698224644558853
1218698013394325504
1218698006523936768
1218694784631681025
1218687013668425729
1218683760549470209
1218683353970417664
1218683134839050240
1218681957644668930
1218652231031042048
1218651701961535488
1218639736874643457
1218623008337813505
1218589627654856704
1218580535162875904
1218579464382287872
1218538199720611841
1218408957829578752
1218391563912589313
1218390807125819393
1218380954617761793
1218380812216885249
1218375814175186949
1218337410842615809
1218337396799963139
1218324845454340096
1218309353066893312
1218308275793485829
1218308038328823808
1218307918099091464
1218303997116928003
1218302933613322246
1218302053317009408
1218301106176036865
1218291540826771456
1218283368183402497
1218281835534409729
1218266954944917506
1218259427771457537
1218259301481025538
1218258786550415364
1218250922649968640
1218238361292484614
1218238355206483969
1218196807605477382
1218196536661872643
1218191390527623168
1218184409792249857
1218181225829097472
1218179797441970176
1218178830608797697
1218177828790980608
1218177701405655040
1218175579461181440
1218022779724935170
1217992006749822978
1217982192812470277
1217980602051366912
1217828129407934465
1217588618291830784
1217479288699740160
1217479050463207425
1217125221011988486
1217125195573538817
1216852974041010176
1216829230060900354
1216826053320232967
1216787995841441792
1216787932960391168
1216786188507525121
1216727365776265216
1216559433003696134
1216539642025127936
1216476007135424514
1216475977880162305
1216437567060615171
1216436769475977216
1216436172727169026
1216426937415098368
1216425272548806656
1216425192202874883
1216405456501071872
1216378873941823489
1216374153823039489
1216361899123773440
1216237619434196992
1216225610130915328
1216125403317907461
1216125156789276672
1216105531015933952
1216023943519358976
1216023250163113986
1215990209629839360
1215990151475757056
1215990057691238401
1215891740525309952
1215851650872573953
1215454911493820416
1215411502011899904
1215388120188956674
1215387462601670657
1215306712296587266
1215301422352347136
1215051819661123588
1215039784189603842
1215036931106639873
1215023710983340033
1214980292156506112
1214694843781406721
1214673830033207296
1214264174685163522
1214182537901281283
1214026519602966528
1213975980748001280
1213975400050765824
1213974998525894657
1213974404125908993
1213961548101799936
1213958398556938241
1213939698512646146
1213938739887648770
1213935824389263362
1213918686551183360
1213877888862298113
1213875990511996928
1213864320595046400
1213840510676324353
1213623204339683330
1213614300704706566
1213609441410596870
1213595576928833536
1213591223027589120
1213552206349262849
1213487922911088643
1213482438187528193
1213479478493618182
1213479161668485120
1213262768129875975
1213259674969083909
1213258361069813760
1213254751061721090
1213243706301652994
1213243307373088769
1213219502579765249
1213160573610971137
1213156801748914178
1213150978544943104
1213124412775510016
1213104966342197251
1213082502346227712
1212893290791669760
1212893119903129601
1212877523740188672
1212813027994722309
1212759039475683328
1212574829775380481
1212527643649810435
1212517198973018117
1212415852483612672
1212414120773005322
1212225239742124034
1212063814373519360
1211869204388954112
1211811360075649024
1211801605345042432
1211793577564606464
1211708673820692480
1211657454318215168
1211438433211764737
1211433109096415232
1211431923119210497
1211380827466149889
1211354714073378816
1211286571233792000
1211148343289753600
1211068029670449152
1211067826146070530
1210971286781992963
1210969189785227264
1210951361053020163
1210941140494622720
1210741268789071875
1210405133240025089
1210404761146712065
1210042497189269506
1210039860398084096
1210030879759843329
1210030876882538497
1209995699577925632
1209995676106579968
1209864296357912578
1209856258116915200
1209853628854493184
1209851918446669830
1209810899575492608
1209802132083355648
1209791622231285761
1209788314984820736
1209614558387752961
1209612005855891456
1209610446946390017
1209609110355955712
1209608642930053120
1209601082147647491
1209507246662660099
1209499602958848000
1209480532825968648
1209480441805320193
1209473260636835842
1209470729076576261
1209277146780381191
1209149729201938432
1208828380155699201
1208827256405139460
1208826299252387841
1208814970319908864
1208810225752563712
1208547047516884992
1208405869748248578
1208169413209395202
1208169020500905984
1208155265176084483
1208056829609164802
1208034973380427776
1207731220727156739
1207656669624381440
1207412101637181440
1207306777638965249
1207281979760291840
1207117016206913538
1207111472058437633
1207104433118683137
1207103498439024641
1206925114631217155
1206917613856710657
1206714687401922561
1206689198356533248
1206410185520103424
1206360043634991104
1206038465177100293
1205977386182959110
1205847237143736320
1205583706750169088
1205326633814630401
1205315363803713537
1205303524172664832
1205271043830681600
1205270753479974912
1205100740445966336
1204971602473103360
1204821857775558656
1204821742587432960
1204809859088232450
1204353704712912906
1204220516598456325
1204212010461720576
1204211510920261632
1204193065453465605
1204192884712493056
1204192571238559744
1204192405227999232
1204192402879242244
1204192401541259264
1204189093640445952
1204183370126807042
1204181486456516610
1204139201521946625
1204139170517655552
1204117055043227648
1204107566013440002
1204107013506162688
1204106970095063042
1204009626926305280
1203839785032409088
1203830953665351680
1203830911160201216
1203830791907753985
1203830626610225152
1203827354742775809
1203809733003624448
1203784941718376448
1203748327357132804
1203527164064419840
1203520811090563072
1203480004878905344
1203447745845059585
1203445126313500672
1203442416675627008
1203408630382501888
1203404794880245760
1203340919740780546
1203340850031472648
1203167498289471488
1203166788969779202
1203060090875584512
1203059596790775809
1203037330648502275
1203015273449771008
1202962632959045632
1202772232398950400
1202761828155174916
1202743922293977088
1202689643319304192
1202411310052466688
1202350665634320392
1202343996087046144
1202343427347746816
1202339185430061057
1202307019828604931
1202304669210619904
1202255582331383810
1202240146055274497
1202211559247929345
1202211533826248704
1202055246308167680
1202036921297514500
1201991944056004609
1201986245854945280
1201972514622263296
1201880089346093057
1201693645273010176
1201681118795309056
1201606002606395392
1201605933845098498
1201580327401140225
1201568370866499587
1201568369155162113
1201562674422833152
1201561516962656256
1201558837997772802
1201558821350596608
1201555826261008384
1201499906084687874
1201493915095961605
1201489466294251521
1201486439332110337
1201325313139052544
1201298394809020418
1201290878469455876
1201288192026202115
1201280226216546304
1201263083106308097
1201262238297972737
1201249340301467648
1201169520796274689
1200960876750266368
1200955613263671296
1200489499555500034
1200450012007849984
1200060760031936512
1199816649555230720
1199502175245864967
1199414038901514241
1199412112856166401
1199102022307524609
1198815592331001861
1198773947237457920
1198686073880231937
1198681698042613760
1198622457739038723
1198456786002595841
1198415491716521986
1198399814377054208
1198377556933775363
1198376837392609280
1198333038016548865
1198331757927575553
1198288503961985024
1198264234221735936
1198255338266472448
1198254647116476416
1198245952898945024
1198245951833624579
1198245950520729601
1198235047452655618
1198050603039182848
1198047821074751488
1197974315821649920
1197971351895711744
1197683095501201409
1197671562570272774
1197668603543347201
1197662750752858117
1197661514905378816
1197642384487669760
1197609146469761025
1197547659403448321
1197547609826766849
1197483309145755648
1197482584395145219
1197463762569191424
1197319276522299392
1197273812653559808
1197271547133792258
1197155760414826498
1197154167908896768
1197153224324763648
1197152966840651777
1197116678804516864
1197008104820482048
1196974287279796226
1196943775479861253
1196766730032472064
1196766715683704832
1196766666279047170
1196623213649784832
1196610694134800386
1196610319050838016
1196609997490343936
1196453775453634560
1196439948066480134
1196287747696332801
1196253901919531008
1196236323549564928
1196234890926268416
1196231833635237888
1196226237263482881
1196207392133959685
1196207348181852161
1196198405392998405
1196188769428344833
1196170644536344576
1196169629024104448
1196166896342781959
1196144952817926144
1196129398266707969
1196118690233757700
1196115757568057344
1196110038961709057
1196099849990619138
1195864019845955587
1195715409653223424
1195705961262059521
1195527177506308096
1195523054249676800
1195512683501641729
1195492898810322946
1195467665143455744
1195466907324997633
1195463339494846464
1195461824994594817
1195456812759371777
1195445989471113217
1195092207927222272
1195086438683095049
1195073537570197507
1194376602806870017
1194042752486514689
1194040712947470337
1194040460907614209
1194039906823286784
1193887847327191040
1193737041290371072
1193682839033831425
1193650919096889350
1193525789406441473
1193520706325270528
1193374871402766336
1193341317318926336
1193196864935485440
1193189894983692289
1193186951274348545
1193183023606484998
1193180842643873793
1193180574703407105
1193177390249324547
1193165608780812290
1193165433689563136
1193154216073875457
1193153240298328065
1192993028501315584
1192992340991991808
1192934385198272517
1192901797117091840
1192812930951192576
1192809223090003968
1192800424262279168
1192758951873568768
1192637672650682369
1192636057289924611
1192598603736473600
1192562526816485379
1192561878150582273
1192555103095574528
1192554328185352196
1192537893568421893
1192536320968658946
1192483523023818752
1192462361363394560
1192462315775561729
1192461903433469953
1192461896106029057
1192416216838742018
1192415202899320838
1192406923091566597
1192043795354968065
1191855750395678720
1191855238808035328
1191854556956762120
1191851937811046405
1191531552238395411
1191531347405348864
1191530220421091329
1191529370478886913
1191528825991106561
1191515970344501248
1191404868881268736
1191389741423480832
1191388089924685824
1191353625865543680
1191173318004662272
1191121101541322752
1191033004002553857
1191032954161643520
1191031993728995330
1191013226709999620
1191000871359922176
1190816182833754112
1190789370082742272
1190774255463673857
1190680578431094784
1190655597387104256
1190624814052126720
1190460817982021632
1190459751223701506
1190453063041114112
1190452501365047298
1190406906478764032
1190314531416879104
1190093617299365888
1190087620879093760
1190069019342262272
1190068640382668812
1190047001955713024
1190040416592236546
1189554480079163393
1189534915513241600
1189525799600304128
1189314460961390599
1189305365432819714
1189301301747814400
1189169198796365824
1188929825244925952
1188579642757861377
1188570591244230663
1188157648396587017
1188092780503097344
1188091840299458566
1188091654185590786
1187681397231755264
1187541186959028229
1187541108538200065
1187541107552505862
1187539713852354566
1187533069093396480
1187507110566924288
1187505928385503233
1187312896180703232
1187096509189361665
1187085788678381568
1186985916142936065
1186985231993192454
1186973384799899648
1186812367981727745
1186811570808078339
1186781509879025665
1186709721098653696
1186687489102241792
1186667666989371394
1186666853717991425
1186665245357555714
1186595785246416897
1186489253729067009
1186487373540012032
1186482305226936320
1186481091793829893
1186452318448955393
1186450289936818176
1186434002846138369
1186432613109633025
1186430871466860545
1186429712933015558
1186419861880299520
1186416259241521154
1186402148277542912
1186369748289933312
1186368243616964610
1186345438389125121
1186313731497693185
1186123198519304192
1186076498924658688
1186074881353494528
1186071710803681281
1186071489654743040
1186068018746609670
1186053736390692864
1186043423964434432
1186043306213593088
1185985779136450561
1185978866382315523
1185978144915906561
1185966645128417280
1185966506926116864
1185932956331839492
1185931758224728064
1185905517425762305
1185680636343914496
1185660960155033611
1185651318045773825
1185595525929799680
1185594536061521923
1185593481747714048
1185589723189972992
1185588199730634753
1185587197128380416
1185585581406986241
1185554464285085697
1185553411778977792
1185525144095203328
1185516363634401280
1185508225828958208
1185382986369421313
1185377933105516546
1185355234014584832
1185354781323333632
1185352783886737408
1185352709400137733
1185347788562993152
1185315004217724929
1185230284062638082
1185016733888897025
1184970342193881088
1184969378347061249
1184967216338485249
1184964072703438848
1184957532688793602
1184954833431945217
1184951222954070016
1184950887946563584
1184946369792004101
1184945173681332225
1184938264106618887
1184936986626404352
1184936925242839055
1184936472618684416
1184935380593852417
1184932644632645636
1184932104859205634
1184929938517966849
1184928784610418688
1184927726077202433
1184918537808297984
1184917951931146241
1184917419019636738
1184916400021950465
1184913385013444608
1184912629971722240
1184908269535584256
1184907589953474560
1184906738786623489
1184824998898352130
1184639081072005121
1184634653631827973
1184627209635532801
1184611661417721856
1184611544296022016
1184608065305370627
1184601671520997376
1184601526481932288
1184601349687795712
1184575756464250882
1184572725081378816
1184545062404984834
1184542863553716229
1184520223803822080
1184487916720021504
1184436150867578880
1184433530429947904
1184236756251611136
1184219754598469633
1184216248877486080
1184157494429585413
1184156305151410176
1184155687640809473
1184067921124974593
1183898845605961728
1183886890338004995
1183856402282008576
1183849453360431109
1183767736532504576
1183760393514242048
1183760319807664130
1183560090542051330
1183555523750383616
1183551122168045568
1183544455288283136
1183541331509030912
1183534846666252288
1183519659917750273
1183519364416446468
1183508897862160390
1183508715070218240
1183502064682442752
1183496302623109126
1183478132340338688
1183472064679829512
1183455388160745475
1183445854620913664
1183437934332207106
1183428855350083584
1183428451363180544
1183422613823086597
1183398748191371265
1183386723193118720
1183377802663546880
1183355356157755393
1183353140063756290
1183163501424062464
1183138295619969024
1183137500019204096
1183135727258947585
1183131387697795074
1183108466229043200
1183108002137681920
1183090102614016004
1183089774103617544
1183080863476731910
1183031555700203521
1182800602897829889
1182800088810377217
1182799779694338050
1182791002471518208
1182784145942036481
1182778738720890880
1182767606257848321
1182767532614279170
1182766775894773761
1182734552021766144
1182733350714384386
1182646396064804867
1182645783407087619
1182643671075819521
1182641744938180608
1182641411650457601
1182639340310138882
1182630625280479234
1182623893519044609
1182618816452485120
1182615744737136641
1182614927342743554
1182594749187985408
1182485137898070018
1182479196649603072
1182466333323255809
1182466332119445506
1182466330890592256
1182466329779068929
1182466328516612097
1182466327287599105
1182466326033506307
1182466324603330566
1182466322967486465
1182466321679732736
1182466320434155521
1182466319352041472
1182466317854658560
1182306428423479297
1182297967438503937
1182285377220104193
1182285212702662656
1182263802013847552
1182261118464643074
1182260986931240965
1182260737982550016
1182259811129397249
1182258210155220993
1182233725813182465
1182108685159546881
1182098236695289861
1182091519953641474
1182079714057433095
1182069758658846720
1182064275197763584
1182064156553465862
1182048200464711681
1182038469025157120
1182036607345541120
1182034962159153152
1182008632831021056
1181759591115309057
1181757060406493184
1181755056699392001
1181750492961087488
1181747574283407362
1181738216782737409
1181707728697331713
1181700609432604672
1181696362670366721
1181675309248192513
1181665770390147072
1181538821068017667
1181537458909044737
1181535459685601286
1181387009430081536
1181381604339589120
1181370423369441285
1181368948132106240
1181368433625239552
1181364989254361088
1181364647921889287
1181364002166906880
1181363398870814725
1181362376739889152
1181360990841114624
1181360494654955521
1181359191908327424
1181358776579960834
1181358388422332416
1181357018327715840
1181356609831931905
1181354768112988162
1181353353558794242
1181353173740601344
1181351970495504384
1181351967362342912
1181350892307660800
1181349178485739520
1181348198524362756
1181347011796320257
1181345861693067264
1181345859214163968
1181344460745138176
1181220512988569600
1181215466158735366
1181214994572173312
1181214236497846278
1181213514213548035
1181210259941183488
1181191691568648192
1181159886824050688
1181032737760788481
1181032651416854529
1181025504813604865
1181011359363928066
1181005582846844934
1180986822459043840
1180983884130992128
1180983834852106240
1180973265281601536
1180953806609117184
1180953707728510977
1180942920410685441
1180899529438253056
1180878282830630912
1180679473378795521
1180669816195207173
1180669549617860608
1180668523955326981
1180639527880273921
1180630173760327681
1180623848359759873
1180623434209992704
1180622809137061889
1180621341709524992
1180620890796646400
1180595833483321345
1180583391768408064
1180581595557687296
1180581488934309889
1180494667172974592
1180473354039496704
1180470786957758465
1180468827655671809
1180327588302118912
1180256491841949698
1180255277481959426
1180254980340682752
1180133929296285701
1180063371162525696
1179955600207286277
1179952480702144512
1179923222202114048
1179916508719435781
1179903596751675393
1179893387912241153
1179890663875387403
1179869837826428933
1179748781048369153
1179741186027933696
1179714858826252290
1179714630970724352
1179606216693161984
1179416942626643969
1179163990301315072
1179163530437828608
1179163151591510018
1179162146518835200
1179161929320927232
1179153259354869760
1179151122214326272
1179147487334060032
1179133632084168705
1179133608184954881
1179133585133068290
1179133567768637440
1179133543919828992
1179133220962611200
1179037445779705856
1179033944060121090
1179033734198247424
1178839730919759874
1178810322867703814
1178760954429005825
1178758981008973827
1178757821619421186
1178757717256740866
1178749206871363587
1178747938534756353
1178691804599902208
1178671845236719617
1178661765455994880
1178651671267856385
1178629975961997314
1178629772307582976
1178629770206167040
1178616656186228736
1178514888362209280
1178509895219453952
1178493382726950914
1178489992206852096
1178471481271050240
1178464497092239361
1178460025112670209
1178459500052918272
1178456484604256258
1178456483681488898
1178456481517187073
1178456480250511360
1178456466036006913
1178427620901478401
1178423734350336000
1178416055288504321
1178397399275970561
1178394912632528903
1178385509665693697
1178385508721971206
1178385507648262145
1178385506318589954
1178385505316216832
1178385504259235846
1178385503193837574
1178385502086545408
1178385499653885953
1178385485896527872
1178385458134470661
1178312696481140736
1178101781211029504
1178026504598544384
1177777211178397696
1177776407008686085
1177776140737486848
1177773471213985792
1177764459697311744
1177763087904104450
1177761794787549184
1177680665879470081
1177678662507859969
1177665592876240896
1177663985027633153
1177663306196279296
1177644398710050821
1177589448902696960
1177589381936406528
1177586971239206912
1177586171154751488
1177575628385718274
1177384822655868934
1177383107265089536
1177377738505805825
1177376226983460864
1177360988124983300
1177358388293971968
1177325866910724097
1177308107548086272
1177301941220794368
1177288664499576837
1177283547729661954
1177282797834313728
1177277072936460289
1177271344167342080
1177260423978074118
1177255193693577216
1177249970086432769
1177005123400282112
1176971114725236736
1176969171978137601
1176890293079162886
1176890068046438400
1176879969978454021
1176863489509470209
1176854509664067586
1176846775254233089
1176829220934340608
1176827235791249408
1176679309102256128
1176634449397784576
1176632548878888961
1176612683170402304
1176594913087168512
1176594046648762368
1176568875204382731
1176564674869026816
1176554347989262338
1176554182289084416
1176516526767267840
1176516125519167488
1176495074538139648
1176473548770226176
1176274683647418369
1176255195321380866
1176182735666368514
1176181231572140033
1176162944956211200
1175937394492805122
