1330469636060680193
1330468418403889155
1330468100089798659
1330467639114813440
1330467578662297601
1330465199661395968
1330465189049798663
1330461704568909824
1330461605583335427
1330461442743668737
1330460693146054658
1330460138403147776
1330458540029472768
1330458362362941441
1330456259208867845
1330456233753579522
1330455405378596866
1330452762954436608
1330450154449752065
1330450094940950528
1330449983875723265
1330449207594000387
1330448447078600707
1330369066939375616
1330368723769827328
1330368663837356033
1330368389559279618
1330368182348079117
1330367681489408000
1330367518473670656
1330367124448141319
1330367098237947911
1330366986946228227
1330366933959663617
1330366814635905027
1330366696603971587
1330366657370394625
1330366652408532994
1330333182290489344
1330333165899182081
1330333051642122241
1330332958792830976
1330332905499992070
1330332713920901121
1330289864592543746
1330095290599280647
1330094087249260545
1329972568883867649
1329972364013088769
1329971491417501697
1329971353332686853
1329971206406205447
1329966781675540482
1329954687718715393
1329954597285339136
1329953952658493448
1329953883532251136
1329953807422382080
1329953741697654784
1329953649548791808
1329953540899483649
1329953295029432325
1329946101873569792
1329934079995809793
1329909347548323841
1329908944190529537
1329908901865803780
1329908827555237891
1329908725369466892
1329908616715972615
1329908497539067905
1329904655493713920
1329904617921138694
1329903899671670784
1329903444740739075
1329903134114799617
1329903026027585537
1329902253398962176
1329902182443982853
1329902129453129728
1329902093881270272
1329902001895968781
1329901938473840641
1329901855820951556
1329901808244957185
1329901470095958020
1329901365427122181
1329900993161596929
1329900609789702144
1329900375827214348
1329857469103960085
1329857392046084100
1329857140241084419
1329808117371199492
1329807980569763848
1329807888135688192
1329807709303136256
1329807523759714305
1329807451454058496
1329807357178736641
1329807332432343040
1329807217420349441
1329804818223935488
1329799444322250752
1329797399259344900
1329796323340660738
1329795992561070082
1329795942300708864
1329795577006219264
1329794322473111555
1329793993417297920
1329793770024529921
1329793671139651591
1329793455288152064
1329610629687218180
1329559306312806401
1329559132693729290
1329535560839540739
1329535401070120962
1329535315464376320
1329535245784408065
1329535191187132429
1329535137210568704
1329534402309873664
1329534312774045702
1329534136533573641
1329534059165454352
1329534037082378242
1329533976554377216
1329533869297721347
1329533837022519301
1329533763559313408
1329533741216260101
1329533695972298760
1329533446130180105
1329533170451156999
1329533010295844865
1329532957724450816
1329532892289126400
1329532428617199618
1329532126010732545
1329532037347364865
1329531938923745281
1329531920678576130
1329531905075781635
1329531873748512772
1329515582664957956
1329512850369470465
1329512675500560385
1329512371795189769
1329512324244381696
1329397761515675648
1329397061670887427
1329396860260331522
1329395792671543298
1329394992666828801
1329394920554172419
1329394876442697728
1329394832398225408
1329394802388062221
1329393019116720128
1329392942528782338
1329392868247658498
1329392818234724352
1329392757572591616
1329392698244132864
1329392641688166402
1329392586939895810
1329392549207937024
1329392350595059715
1329392304390610952
1329392217807605761
1329391190488256512
1329390291221164034
1329167702645231616
1329167595774337024
1329166634104315905
1329166423407677440
1329166306952744964
1329166051402199054
1329165842932707328
1329165477944418305
1329165389708800003
1329165351142174721
1329165221886357505
1329131529403031553
1329131372552794119
1329131255313657859
1329131018754940928
1329130925859475461
1329130775518834688
1329130538897199108
1329129186611621893
1329128582522822656
1329127953976987648
1329127698317316099
1329123348664741888
1329123304519708675
1329123249943416835
1329119189987110915
1329096791934050311
1329096670471184389
1329089295819235329
1329089264496197634
1329089084992544770
1329083826962722822
1329083043940712456
1329081174644322304
1329080482168852485
1329080317202710533
1329080275804901378
1329080233471840257
1329080134343684099
1329079163785867264
1329079066050215944
1329078814492672001
1329078481024479239
1329077560236417025
1329077136930476032
1329076801469960200
1329076600181116930
1329076360849985536
1329075950584168452
1329075895772999680
1329075239800586240
1329074979086823428
1329074079995891714
1329073207219941380
1329070408386142208
1328961540343664641
1328961511168077827
1328961410227957761
1328961370918957058
1328959813091536898
1328959050982301696
1328958786615320577
1328958183340191747
1328955155912552452
1328954918447833092
1328954694388092928
1328954048565956608
1328952849234092032
1328952488205148161
1328951476459286528
1328951326382952450
1328949933655912451
1328949015736688640
1328948913676677121
1328840794187423746
1328839452538572803
1328839230844530689
1328832112993202176
1328832044521185281
1328830686728478722
1328830625533616132
1328822607836311556
1328822329036697603
1328821985082748931
1328821508882522113
1328821096288825349
1328821044287827968
1328820462307192833
1328819824202493953
1328818421249814528
1328811788687831043
1328792255101083651
1328791438365167617
1328791346308657155
1328791264628781062
1328790913255084037
1328790802542235648
1328790694132113412
1328790599865167874
1328790517103136769
1328790260613058568
1328790011307847682
1328789326348623875
1328789147151179778
1328789056289968129
1328788939717685248
1328787422872735744
1328785189934424074
1328785045109223427
1328784701243469829
1328784582204944386
1328732833582632960
1328732809213730816
1328732626526539777
1328732363891892225
1328732096832081925
1328722383075729411
1328722239685013506
1328722198039814148
1328721986667876353
1328721294687395841
1328721211292049409
1328717887033532416
1328717702463098882
1328717654362910720
1328717313198198784
1328716944128749569
1328716727291695114
1328716597817708545
1328716491718598656
1328605554495909890
1328604741467844608
1328604707523321857
1328511985479245825
1328511934887505920
1328511640132837376
1328511605496303617
1328511523912814592
1328511464374755328
1328511389992947713
1328511053307764737
1328510640898650119
1328510511999311872
1328509957432602625
1328507659776090113
1328507171919831040
1328506983398436866
1328506880092762117
1328506780184424448
1328506517029588992
1328506387287187456
1328506311496114176
1328505949301116930
1328505738134773760
1328505668005998592
1328505358776733697
1328505101485486080
1328504673393922048
1328504567785525249
1328491726844071936
1328490413393633282
1328490346003705857
1328489227210940416
1328484365144297482
1328483971152351232
1328483770991783937
1328483682722701312
1328483593639710720
1328483314366296066
1328474406511849478
1328474359841886208
1328474193181151234
1328473822060834827
1328473422414942208
1328473274800627712
1328473207347752962
1328472683475038218
1328472634028339201
1328472559814381568
1328472485097054208
1328471844098281477
1328471539428323333
1328470977127329797
1328470937235312643
1328470832105058304
1328470735657050112
1328470581159866368
1328470489732444163
1328470084373901319
1328469998260678657
1328469919982350339
1328469613034811392
1328469495824871424
1328469158305128450
1328468497207275520
1328468420409643008
1328468374800752644
1328468102288388097
1328468010223476739
1328437609958420481
1328437523547377667
1328437449698185216
1328437364256071680
1328437295528222721
1328437243275567104
1328436981664198657
1328436833198465025
1328436423968632832
1328435958459592704
1328434468181467137
1328393846741458945
1328393794488819719
1328393409585934339
1328393085273903105
1328393011500380161
1328392858504663040
1328217841326231552
1328217062678945792
1328216868516208640
1328216804716634113
1328216670087880704
1328216495713886210
1328216070298210305
1328211772654882816
1328211423579791360
1328186000410021894
1328153898037768193
1328153826898178054
1328153749303463943
1328153699177406465
1328153603312410624
1328153211967057920
1328152410863378434
1328140977958162433
1328140944399593473
1328102484645208065
1328102401048506368
1328101815020347394
1328101760565702658
1328101510895575040
1328101130522472448
1328100546268581889
1328100473824563202
1328100406782799872
1328100175970250759
1328100039630217216
1328099801267834880
1328099425860907008
1328099410715283458
1328099390003752965
1328099349184831490
1328099199481749510
1328098728633364481
1328098353876520968
1328098069037150210
1328097792946999299
1328077970460848136
1328077930497499137
1328077760640790528
1328077743586766849
1328077650041167872
1328077524937691138
1328074733003403266
1328074155401629697
1328074063466688520
1328073576277299201
1328073305014882304
1328073263805771783
1328073066379927554
1328071550076145664
1328071466831777793
1328071428692987913
1328071364394283008
1328071094260142084
1328070960742862851
1328070906858659844
1328070862529056770
1328070800235225088
1328070707272617984
1328069996002635778
1328068117994610689
1328068055029719042
1328067585250914304
1328066793357926402
1328066683207118848
1328064271499005954
1328064009724186624
1328049570681659393
1328048491168485376
1328048429902262274
1328048231096475649
1328046462211678208
1328046406653927426
1328046282125037568
1328046206275215360
1328046118467461121
1328045657261748227
1328045632066625537
1328044798381535234
1328044184163508224
1327958691010781185
1327958620961693701
1327958573817749505
1327958521586069504
1327958481417211904
1327958363217473537
1327958285513854977
1327958194161938432
1327958115468324864
1327958065551990790
1327958046048460800
1327957980705329153
1327957897301676032
1327957708264312832
1327957672008757248
1327956873794949122
1327956746657275906
1327956530877108228
1327956465362096129
1327956428443815936
1327956363885092869
1327956287905280001
1327955846005977088
1327955625049993217
1327955471605653504
1327954957388161025
1327954571495403520
1327953812057952259
1327949250181918720
1327946435539644418
1327945675217252354
1327945180931121154
1327944026889330688
1327943706704482306
1327943565842976769
1327943283734159360
1327943158748090371
1327943046747607040
1327943014317166594
1327942965763989504
1327942792782508034
1327942619255730177
1327942397632843781
1327942332063379458
1327942207760982017
1327942172046483456
1327942137946787841
1327941647330660353
1327941546700894208
1327941380728115200
1327941344464150528
1327941161126944770
1327941018935767043
1327940859829100545
1327940647559565312
1327919179073253376
1327918368364572673
1327916080208240640
1327915797189189633
1327915711319126017
1327915685880664064
1327915649239298048
1327915519232577537
1327915397409071105
1327913746434564096
1327913689220083712
1327913398881890304
1327913063262138368
1327912768176066562
1327911495213207553
1327907709463703554
1327905647086743552
1327905614102728705
1327904823870681088
1327904669537021952
1327791760723095552
1327791368681484289
1327777329024790528
1327777204760145921
1327776450439737344
1327776328725245953
1327776171099033600
1327775483698810880
1327775429806219265
1327774833799802880
1327773168044478465
1327746006436474880
1327745792862466051
1327744890751635458
1327744826935271427
1327744699063545858
1327744488912138241
1327692676146278400
1327692514694979587
1327692473657942021
1327692444281032708
1327692392531685376
1327692260943781891
1327692208418533381
1327692188629790721
1327692069025013760
1327691927114952705
1327691792389640194
1327689715672354819
1327689657094705152
1327686978574364681
1327683696137302024
1327683470588583938
1327683257509539845
1327683180497956871
1327682939849682951
1327629164745199617
1327628704973991937
1327628603144724480
1327628275833851905
1327607881135501314
1327606934581764100
1327606749713588224
1327606228814614537
1327606118357536772
1327606047083810818
1327605174169444352
1327604257206497282
1327602752965447680
1327602696824774657
1327602321241595904
1327602203494932485
1327602158301302785
1327602107826966528
1327601921612537857
1327601890255917056
1327601861596155904
1327601752967929856
1327601710555144192
1327599164067344387
1327569950417018881
1327569746875871233
1327569164396015616
1327569136902414336
1327568923278118912
1327566951430942721
1327566864348827650
1327566557719957505
1327566398697181184
1327566347472134145
1327566283836182528
1327566033897525249
1327565621677199361
1327564258696159232
1327563955309514754
1327562820779724800
1327562273464971266
1327562139305996288
1327558840183902209
1327558205275312128
1327558101231431682
1327557289239343105
1327557066572050435
1327556986716688385
1327556903380119553
1327556434410819585
1327550803041804288
1327550736989892608
1327548956306501633
1327548884311289856
1327548522317668352
1327547998230999040
1327547372507963392
1327546811943411712
1327546712836239360
1327546128196382720
1327545485629005825
1327545360550678533
1327545226257453057
1327543492940337152
1327540896888467456
1327539725561946113
1327535494591287296
1327535404699045888
1327535284515430401
1327533649777061888
1327533150113837058
1327533025081630720
1327531654928363521
1327531606723194880
1327531299108769792
1327530118865166336
1327530040054132736
1327529862752505856
1327529273750663168
1327527197247217665
1327432701956268034
1327432517230727168
1327432424066781190
1327432376008499202
1327432322921230337
1327432262267379712
1327432137662984193
1327432086098206720
1327432035913371651
1327430335655796736
1327383394179817475
1327383182459678722
1327383072254402569
1327382967153553408
1327382879161217024
1327379502289350656
1327379167449591808
1327362186344337410
1327362144464236544
1327356049591070723
1327355763908599810
1327355679926071296
1327355471536250885
1327354983147245570
1327354943200751616
1327354897818378243
1327354876242911233
1327350532785270785
1327346521344454656
1327343529971118080
1327340503449432068
1327330653709475841
1327321436248301571
1327320977785696256
1327320674612940800
1327320608015872000
1327320522825347079
1327319791867224064
1327319319689170945
1327319146795765767
1327318753474973699
1327318662966104073
1327318580799696900
1327290440413044738
1327290399799578625
1327290254827524097
1327290082445979648
1327289506647650304
1327288695960035332
1327288306611220484
1327288201397104648
1327288146514554880
1327288065006723072
1327287677151031298
1327286668022444038
1327286620719034372
1327282633483706369
1327282568711065600
1327281741145526274
1327281166534254594
1327281044853297152
1327280089122398209
1327279339617062913
1327276000934318085
1327271296493883396
1327270569960673282
1327270154179325953
1327269333681094659
1327269172351545345
1327269109223067648
1327268937692811270
1327268907229523968
1327268825008664581
1327268764551942144
1327268612080545792
1327268573312655360
1327268461874204673
1327267342837944320
1327267257010020357
1327267124453253124
1327266795171049474
1327266741836255233
1327266310976380928
1327265614755409920
1327264543999979521
1327263923989590022
1327263903991132161
1327262912797405184
1327261456962871296
1327260781587599364
1327260711530139648
1327116195582144512
1327116017743654919
1327115202630995970
1327115166287327232
1327115068497137664
1327114433638887432
1327114267561168898
1327114148703055872
1327113727578083330
1327112824833839105
1327112446562234368
1327112029958762498
1327111296194650113
1327110693032751104
1327110590641414144
1327090761343639554
1327090730163200001
1327082709907349504
1327060918375772162
1327060279910395904
1327056315252928514
1327056133727674369
1327055881222098946
1327055659788099586
1327055476996116481
1327054993678077958
1327054792607338503
1327054640307957761
1327033559731888128
1327032113225461761
1326957408762146819
1326957166532714497
1326957120185634827
1326956651803512832
1326909713833975814
1326906244314112002
1326894013723660289
1326893946853879810
1326893679307579392
1326893107988852737
1326883495285764097
1326883134147801089
1326881224166682624
1326853262469894145
1326851721470029824
1326851117024768000
1326850877999763456
1326850643018084352
1326850132239855616
1326794445396856835
1326793790489767942
1326759668371369996
1326759577803689984
1326759518894743553
1326700824978919428
1326700343506448387
1326700105207062531
1326698424301989888
1326697151586504708
1326696676174782466
1326696614430466049
1326682106995601409
1326682019057856513
1326681930419539969
1326681777507807232
1326681686244012034
1326681608397729792
1326671078375219202
1326671005973176325
1326669563791085571
1326669417456013317
1326636740988301312
1326636655487365121
1326636592400883721
1326636556816412680
1326636403795632129
1326636315228729350
1326636258613923841
1326636047460143104
1326635852861214720
1326635764013293569
1326635574648827913
1326634877727465473
1326621302329892868
1326619687845818368
1326607402175762434
1326605450293469185
1326595239017066498
1326595186571550720
1326595079742623748
1326594830072475648
1326594604129542146
1326594334653870082
1326590617871376387
1326590211023835138
1326590016915714051
1326589765362151424
1326589674614296577
1326589600417112065
1326589448822415361
1326588805768507395
1326588265139490817
1326588162072842249
1326571396881903617
1326571162583900165
1326571062226784259
1326570893657722880
1326570745338720258
1326570579546304513
1326570527637508099
1326570434201055232
1326569970571079680
1326569922051383297
1326569647672619021
1326569373331550209
1326568041203834880
1326511482230755329
1326511099731189761
1326511058186596354
1326510968764043269
1326510869715562497
1326510684130127874
1326510645282476033
1326510544766054404
1326510426100731906
1326510401757065217
1326507045344989186
1326507013728251911
1326506282476576768
1326506272523476998
1326505745429491712
1326505613623488513
1326505135309279232
1326474856590880768
1326474545201606656
1326473603915927552
1326473494524256256
1326473456125358088
1326473430473068545
1326473229788213248
1326473163597893633
1326473058023067648
1326472928461017088
1326370394710953985
1326364022720106497
1326357354892439552
1326325934417383427
1326324118011187201
1326323572332244992
1326323491499618305
1326323346766753794
1326322835573366784
1326322380210401281
1326322290854924291
1326314373669941249
1326313960291917824
1326313810521677831
1326300944599015426
1326300484953632769
1326300175573381132
1326299959927451649
1326299887013605381
1326299803089854464
1326299732407422976
1326299458284494849
1326299364445315072
1326292834664804352
1326282815403646977
1326281023924133890
1326280930789568516
1326280712295751682
1326280267653373959
1326280218806538241
1326279917642919943
1326278193083461634
1326277700667936768
1326275958207295489
1326275904440569857
1326275610075947008
1326275334786981889
1326275063738474496
1326274804689858561
1326274372743598083
1326266884606537729
1326266808303824897
1326266556989501440
1326263932491882496
1326263776639922177
1326262534740062208
1326261955401838594
1326261913001422848
1326261739609083906
1326261313522331649
1326261176762839041
1326261092839026696
1326260999046000642
1326260953848090626
1326260458232426498
1326259898162745346
1326259818101936130
1326259665974534152
1326259244174336000
1326258505972649991
1326258288921620481
1326256197725548546
1326254657493229568
1326254472927059970
1326254411946090504
1326254334045196289
1326254264176566272
1326253130116378626
1326252962499407872
1326252832492843009
1326252686086443008
1326252626057498627
1326252427482443777
1326252198993518592
1326252093544525824
1326252009863995392
1326251918100934657
1326251530144669704
1326251485550825472
1326251338326560769
1326250500598194176
1326250218392870912
1326250163904663553
1326250001325023234
1326249835792650246
1326249572700737542
1326248911477104644
1326248815951802380
1326248547616960514
1326248260789563392
1326243551223623681
1326242861168398337
1326242584780566530
1326242060584833024
1326242008478982147
1326241924639023105
1326241802798641156
1326241768443162626
1326241730736361477
1326241699153252353
1326241528239501313
1326241455292231682
1326240730831073280
1326240628892717062
1326240180114690049
1326240106781569024
1326239891437596675
1326239638365868032
1326237731471708162
1326237659237392392
1326237568426516480
1326236780891426817
1326236692664213507
1326236557615960069
1326235843456012289
1326234886664036359
1326234485843746818
1326233635452817408
1326233523141959681
1326233470897713155
1326233392460029952
1326233286897770496
1326233058484301825
1326232906948354050
1326232666551836672
1326232125805355009
1326232092208934912
1326232015054778370
1326231857709592576
1326231764608675840
1326231594286387204
1326231236222857216
1326230535300145153
1326230466446446594
1326230317372465157
1326230148866248706
1326229851762782216
1326229697433317377
1326229641422639104
1326229522207952897
1326229265256472576
1326229034636881921
1326228672404131841
1326227697408864256
1326227683982848000
1326226885374783490
1326226770681597952
1326225954331619328
1326225715684126727
1326224355832029186
1326224177054015490
1326224010078810112
1326126934867238912
1326126795784151043
1326126490610765825
1326093542662533121
1326091007897837568
1326090704507052032
1326090081573236736
1326089936970407938
1326089457943146502
1326089334483804160
1326089204087058432
1326088934149992448
1326088834237558785
1326087480341303296
1326087258131353600
1326087190372364288
1326086630504067072
1326086577043468288
1326086216102662144
1326085955623800835
1326085893510328320
1326085608083755008
1326085508775227392
1326085011565588480
1326084987557457920
1326084326690263041
1326084248391061504
1326084207576113153
1326084064458240001
1326084035894972416
1326083934099271684
1326082466747191296
1326081878013734912
1326081844765478912
1326081757075156997
1326081684958294017
1326081626233851904
1326080534041276417
1326079738780200960
1326078401694851072
1326050545749135360
1326050391377711104
1326045447195140097
1326045269411164160
1326044319199977472
1326044286404751360
1326044228917587969
1326043849035292674
1326043702322749440
1326043294414090240
1326043178953302016
1326042988565458944
1326042905526624256
1326042551032418304
1326042499559927811
1326011978716942336
1326011419960160256
1326010399494385664
1326004712051773441
1325989151603380227
1325988872438870023
1325988768474673152
1325988549481607168
1325988415683375105
1325988287757115392
1325988183155367936
1325986786045267974
1325986758606131200
1325986600677863426
1325986510949191680
1325936763249045505
1325935923641667585
1325935825595588608
1325935672138543104
1325935600940290051
1325935395218059264
1325935247293288448
1325935140909051904
1325935103009296384
1325935014752759809
1325934950638624769
1325934620723081217
1325934561751134208
1325933635493654529
1325933537552424967
1325933490026786817
1325933132009402368
1325933071313612803
1325932941940318209
1325932417295769600
1325932370596388864
1325932252065394689
1325932126202683392
1325932050210299904
1325931937626787841
1325931883025330178
1325931660915978241
1325931570373529602
1325931503138836481
1325930392940130307
1325930309951647752
1325930219178438657
1325930153898356736
1325929600384438272
1325929546202361857
1325928518988009478
1325928446242017287
1325928397818777600
1325923905001967623
1325923708050038784
1325923680409489414
1325923196651048960
1325923111406080001
1325923044972486656
1325922377256083460
1325922245211000834
1325922200344539141
1325922065438941184
1325921952729534464
1325920147639558145
1325920073341677573
1325920003347144711
1325852769421561862
1325852740078215170
1325852612613320704
1325852517020872704
1325852428705599490
1325852263630467073
1325852167207579653
1325852103970091009
1325851173363048454
1325851008749215745
1325850674400292866
1325850516702814215
1325850419155890178
1325850324943429633
1325849757412110338
1325849011975315458
1325848863035494407
1325848048812109827
1325844941168373760
1325844738759602182
1325844644270387205
1325844142400958468
1325844050579255296
1325843998242721792
1325843749965099009
1325840362011840515
1325840245372424193
1325839567094763522
1325839331009949698
1325839088516263937
1325838971952386053
1325825939398402049
1325825021600739328
1325824307004645376
1325823956717277192
1325823636167675905
1325821994982662146
1325817251107397637
1325816229534240771
1325814605466177539
1325671448359432192
1325670952567533569
1325670415067451392
1325668699857096708
1325668241503641600
1325665841686454273
1325626494111129609
1325626235385335809
1325625685646446592
1325625598920765441
1325625412572094468
1325625093536485377
1325625040273104896
1325624948824616961
1325624182831509504
1325624127542210560
1325624052438994945
1325623961183514629
1325623634321416193
1325623559570468865
1325622536617533448
1325621962429837312
1325574058763833348
1325573720434503680
1325571709521571844
1325540171606089731
1325539826519707648
1325539719707553792
1325525450349830146
1325525338848452608
1325524981120372738
1325524948245499906
1325524903475490818
1325517412649869314
1325517113524690951
1325517005596872705
1325516975276220418
1325516935187083264
1325516799639695362
1325515159125827584
1325515082898567168
1325515033976201216
1325514898512687104
1325513331831164928
1325505943233294337
1325505840783237122
1325505598574776324
1325505468102369281
1325505366713577476
1325504678860369921
1325504608639311873
1325489140864069635
1325369690403823616
1325369184671444992
1325366346541101056
1325366323963179010
1325366262583734273
1325366188076130305
1325364255412137985
1325341198106628097
1325329442177232896
1325266099349368838
1325265747959029760
1325232295071059973
1325232059695181825
1325231661823438849
1325231544076734471
1325231333996716034
1325231291596480513
1325194943879589889
1325194860198912001
1325194695937417217
1325194151474974720
1325194113768022017
1325193536019390466
1325193322239942662
1325148088080736256
1325148043101036546
1325147999228604417
1325147878545747968
1325147804134744066
1325147733011935232
1325146545629458435
1325146494941294592
1325146440507797504
1325131203758977024
1325130830931517440
1325130472163315713
1325128454044442630
1325125778435092481
1325123354731425795
1325122454214336518
1325122190052876289
1325122098222788608
1325095504796069888
1325095151165902849
1325094489548087296
1325093839279972353
1325093761106522112
1325093010334420992
1325035159201189894
1325035085251440640
1325035018876571649
1325034708116312064
1325034665078648833
1325034557754773509
1325034470748073984
1325034408848601088
1325034338828898305
1325034273284485120
1325034244138299392
1325034168460447744
1325034087917236226
1325033718088691714
1325033682105720835
1325033617031049219
1325033565550223360
1325033435543597058
1325032532623175681
1325032432832221187
1325032358643437574
1325032107329130496
1325031016344547328
1325030650609618944
1325027071735836673
1325026897965801472
1325014052280684544
1325013275143262208
1325011539993178112
1325011457675829248
1325010459137806336
1325010307358535686
1325008462493913088
1325008176048205825
1325008013778948097
1325006992151293955
1325006705617461249
1325006365379719168
1325005939926323200
1325005852424728577
1325005750461149184
1325001282332090368
1325000484776775680
1324999783686221824
1324999684566507520
1324999328293920768
1324998948399026176
1324998876454154240
1324998774196989952
1324997541025476608
1324997198627696640
1324997149269094400
1324996313063288832
1324989731311063040
1324979193348841472
1324976607367475201
1324971037075906560
1324970648318455808
1324969876004417536
1324968630497447936
1324967958280609792
1324965770783322113
1324964896769978368
1324963691910062080
1324963370244640769
1324961252054081537
1324961038777929728
1324960570525818882
1324960407581286402
1324960262269644805
1324960188798005248
1324959897763672066
1324959342534270976
1324958855114207233
1324947562294611968
1324928534423474177
1324928153517772801
1324924449045536769
1324923928301723648
1324922818329522178
1324922625324408838
1324922531015516161
1324922491547082754
1324920902342021122
1324920572703371272
1324920534191181824
1324920354469531648
1324920294893625344
1324919818445856768
1324919530150359040
1324919481987194885
1324919394879860736
1324919109113536514
1324918994340605953
1324918051553349633
1324918005546029057
1324840901512994817
1324824119708364804
1324823736806199298
1324823467326377989
1324823254545145864
1324823058356572166
1324822916131946497
1324822827044950022
1324822699366060040
1324822551990775814
1324817460533600269
1324817327708360704
1324817185378885635
1324816973721751553
1324816670423195650
1324816472833740806
1324816441988669441
1324816275336474630
1324815974269374464
1324815876454043651
1324815786544926720
1324815087287312385
1324814736303755264
1324814683279446018
1324814660521107458
1324814624676564992
1324814490978947078
1324814368949850114
1324814258048294914
1324814054196715520
1324813983551991814
1324813952921018374
1324813854812131329
1324813773279035393
1324813527895494657
1324813050411667457
1324813015687057411
1324812995164360707
1324812931356393482
1324812727118925825
1324812274310270978
1324812245919059968
1324802575254884353
1324801401952866304
1324800847960772613
1324726449459388423
1324725165901709313
1324724408427204609
1324717615613415427
1324715837618561025
1324715688955621378
1324715628385751044
1324715557145452545
1324715401058668544
1324607007006035968
1324563511956131847
1324547546430267392
1324546490598105090
1324546167032729601
1324545885058064384
1324545771966967810
1324545591679033344
1324544975405830150
1324530791846760448
1324475120992374784
1324475055636697096
1324474802892099585
1324474777969504266
1324474731093987329
1324474697740931078
1324474514206502912
1324474142788341760
1324471753834450944
1324471608497590275
1324471121320808450
1324470994162114561
1324470809168089089
1324397906615566336
1324397670807621632
1324397581800296448
1324397534140338176
1324397427445669888
1324396909214224392
1324396702443413504
1324396149562920960
1324396061876736000
1324395918783860738
1324395812407906308
1324395755579330562
1324395515157635073
1324394485351174145
1324394301950955520
1324394143288885248
1324394052150824963
1324394022820106241
1324393972299636736
1324393564361678848
1324393491129131010
1324393422095028224
1324392410227580928
1324392094438477825
1324387862972948486
1324387679115579397
1324386482883276801
1324386206117957636
1324384880571154437
1324384475485294594
1324384242185441282
1324384012333363200
1324383364036628480
1324383185405464579
1324382495358550018
1324381774550605825
1324381654899691520
1324381569574948866
1324380851996663810
1324378739082493954
1324369759538995201
1324367588214923265
1324366668181721089
1324365631630856198
1324365238083457026
1324363885751767041
1324363340500639747
1324363088402042880
1324264554751315968
1324264484349902848
1324264441949655040
1324264385225887744
1324264262471213058
1324264121932652545
1324263951690092545
1324259767548891136
1324259580587761664
1324259503135752193
1324259370373386240
1324259324466733057
1324258920626618369
1324258869783207936
1324255952829325312
1324255544081874949
1324255503023804419
1324255470954123265
1324252452850405377
1324252338635366400
1324252222377676801
1324252124025335808
1324252064206278656
1324251925286686720
1324251846148608000
1324251562051571712
1324251241925533696
1324251222707195904
1324251161554276352
1324251119862906886
1324251088091045888
1324250699828465665
1324250430977810433
1324250341387489280
1324249966341218305
1324249800200671234
1324249238038085632
1324248818817421312
1324248741868687362
1324248683316129795
1324248537014636544
1324248421524508672
1324247698216767489
1324247170896351234
1324246737813458944
1324245608387981314
1324245421141753856
1324242235882459141
1324241129156583425
1324241067164733441
1324230090989981697
1324229764148830208
1324229481557561345
1324229237092614147
1324228923039846400
1324228863824711680
1324228809063833600
1324228396776333312
1324228137161469952
1324217776358203394
1324217378960453637
1324217317249765385
1324216904421179394
1324216672161583105
1324215870009298944
1324211095616311303
1324209970095730688
1324209476275179522
1324208602639437824
1324204052394160128
1324204030994882562
1324203859716300800
1324203788677369858
1324202616436494336
1324202585033756675
1324202543090704385
1324202512304537601
1324202396499791872
1324202328979836929
1324202309392474112
1324198826949844992
1324198665599307777
1324198326376554503
1324198225524465664
1324180304186277888
1324180083226091520
1324179372274835461
1324178955402924032
1324177356781719553
1324177146340954112
1324176951192539141
1324176483141779456
1324176321812058112
1324176057868656643
1324174896583319553
1324174858046054400
1324173726557110274
1324173101551259649
1324172723459862529
1324172134365712384
1324172102493216769
1324172028543459328
1324171950617464832
1324170832118165504
1324170815819128832
1324170592740921344
1324169924152012800
1324169778899148801
1324169753255153670
1324169654374486016
1324169535545577472
1324167272466911233
1324166878902816768
1324166687852253184
1324165941190643712
1324165895300784132
1324165839428399104
1324165792762679297
1324165761074634757
1324165615037390862
1324165398988759042
1324163669719212032
1324163611628109831
1324160799078780932
1324158959381581827
1324158768519745538
1324158562533281792
1324134307707891713
1324131402892431362
1324131301511860225
1324129667171889153
1324129594388160517
1324129431540084737
1324128242408792068
1324128034325188610
1324126846171176966
1324126264555376648
1324126172498825216
1324126098561605633
1324123415654109185
1324123296477126661
1324122928485670912
1324122712382517249
1324122581537050627
1324121646718980097
1324121059386425346
1324120850996568065
1324120781052383240
1324120428605034500
1324120215899308033
1324120154368843780
1324119866052403202
1324119472714715142
1324117965969727489
1324116882975281152
1324116839597826051
1324115720490373120
1324115608657682432
1324115468576325634
1324114767141883904
1324113611195822080
1324113329326067722
1324113123247329281
1324112799786799104
1324112528759263233
1324111985248784384
1324109998662758402
1324109926680174593
1324109418590543874
1324109177904603139
1324108726337474564
1324108126371676161
1324107995983286273
1324105799657021449
1324094937860837376
1324094803995447299
1324094652455276552
1324094493361057793
1324093249779322881
1324092999580659719
1324092885105561602
1324092834555854848
1324092401561096194
1324092376814682114
1324092319583318022
1324092235781148678
1324092057737113601
1324089555549622277
1324089371088269313
1324089218826719232
1324089008427847680
1324088450996457475
1324088430477877248
1324088373598916608
1324088217935749123
1324087856969752577
1324087663570407424
1324087558092050439
1324087320388272128
1324087198317162500
1324087072756477954
1324087011779792898
1324086889469693953
1324084609030721538
1324084003075465217
1324083860548816907
1324083751832428544
1324083658886684677
1324082848442310656
1324081954308894721
1324081714101211139
1324081393169825793
1324081323938557952
1324081166387990530
1324080655215546369
1324080450181222402
1324080292559228928
1324080170324688897
1324080083989123072
1324079172160049154
1324079063040954368
1324079038604992512
1324078921357418496
1324078673083928576
1324078609682804740
1324078584332390403
1324078451247243265
1324078350718173184
1324077983406149634
1324077919522770946
1324077860966060038
1324077539099332611
1324077294890213378
1324077061393309696
1324076950613331972
1324076882564947971
1324076805133946880
1324069919932252167
1324069810351841285
1324069755721048066
1324069186709106691
1324069149597982722
1324069107352875011
1324068947042406402
1324068834823839744
1324068222384091138
1324067532798570497
1324067470550982656
1324067394575192064
1324067347158716418
1324067195379453955
1324067026357374976
1324067006233092096
1324066058236497921
1324065970495885314
1324065891961765890
1324065863180365832
1324058105441910784
1324058057681342466
1324058020238839811
1324057935740313600
1324057757616582656
1324057639475695617
1324057570135388160
1324057355403886592
1324057298625593346
1324057108287991811
1324057030538088448
1324056963865608199
1324056528324829186
1324056451514540033
1324056421336555523
1324056341552529408
1324056082977882112
1324055960491536386
1324055908863926274
1324053991785902082
1324053819140038656
1324053779298373635
1324053653523730432
1324053378247380998
1324053127012720641
1324052271374782470
1324052170531110912
1324045591027081223
1324045461704101890
1324045249174536195
1324040422780522497
1324040294271275010
1324040249551577088
1324040146883325956
1324040105754058753
1324040058882695170
1324039947649769478
1324039884580003844
1324039867886669831
1324039836269977602
1324039773598765059
1324039420685799424
1324039245825249282
1324038120900304896
1324037957968429058
1324037910455341058
1324037819082383361
1324037723913674765
1324037651394138113
1324037419944103951
1324037238469152768
1324022628571557888
1324022594190872576
1324022559361433610
1324022353643405312
1324022259590307847
1324022078740332546
1324021539193425920
1324021318929494018
1324021221160353795
1324020872164839425
1324020537492967424
1324020407947714561
1323949995406536705
1323836601873715202
1323826015983013889
1323825804065837063
1323825760998752257
1323818295787704320
1323814106412027905
1323812941813211138
1323812306833362944
1323812057209339905
1323811644191944705
1323805490204336128
1323804877580046337
1323801842820784129
1323793593245618176
1323793479567364096
1323792908110204928
1323792196127117312
1323792042271612928
1323780777151221761
1323774385715597314
1323773630833111044
1323770174487617536
1323769871281364992
1323769817590104071
1323769773394722816
1323769620352958464
1323769387829153793
1323766002904145920
1323765706815643648
1323765683440803846
1323763484451110912
1323763419443564546
1323763353035165698
1323763251881062420
1323763160143269888
1323762938742755335
1323761700798144514
1323759653268893698
1323757865870462976
1323755561142390789
1323755153363771394
1323754748219166723
1323753783973892098
1323753004206592000
1323752900192014336
1323752470405939218
1323751616684720131
1323683089785229315
1323682886738956290
1323682819156119552
1323681946564743168
1323681313900105731
1323681142692847617
1323680913738391553
1323680278099959810
1323680227927752711
1323680163406766080
1323680083283005448
1323679387963838468
1323679247156846595
1323679165711851522
1323678979912572931
1323678018024386562
1323676940025401345
1323671871817240576
1323629218555678724
1323629133251989504
1323629088519630849
1323627989804961801
1323626487489155073
1323626144743260160
1323626091202945027
1323625989109415938
1323625913200877570
1323623205085581313
1323622752746639361
1323621326687490049
1323621244625932288
1323620945991503872
1323620605858664454
1323620404024483840
1323620147257593858
1323620070858379266
1323619883679178756
1323619837130788866
1323619215950139393
1323603870069760000
1323603816466571266
1323603779216879616
1323603757364555776
1323603701496455169
1323603671305887745
1323603517957984257
1323603468293152768
1323603423158247429
1323603363183972353
1323603267511832576
1323603150700531712
1323602653662859264
1323602554455007232
1323602196324356096
1323602001670873094
1323601578603982849
1323601523826401282
1323588691407867904
1323588595404386304
1323588522209611777
1323588423932891137
1323588276243017733
1323588224531550208
1323588173277110272
1323588146517475328
1323588116985294855
1323587749983801345
1323587506852532225
1323587441882812417
1323586890411495425
1323586848715952129
1323586067736502273
1323585295128973312
1323582001010642945
1323581346707628032
1323572057926520832
1323572018734837762
1323571458891800576
1323571157103202307
1323571059338203138
1323570593724272640
1323570082845544449
1323569982580678657
1323569192860307458
1323555151328825351
1323555102695788544
1323451350756302848
1323449280171024384
1323449182775091200
1323449047399735296
1323448855032176640
1323447948613746690
1323447518965936129
1323446262679691265
1323446083649970177
1323444008891371520
1323443472314093568
1323441259571220487
1323441127370969090
1323441052804620296
1323440512007872515
1323440080036470784
1323430793276985344
1323430707969097728
1323430625441910787
1323429904730492940
1323429889039618048
1323420802977550336
1323420643510145025
1323419712013914119
1323419294840033280
1323418490775154688
1323417526886346753
1323417480795217926
1323417366915653633
1323416720250384384
1323412461807112195
1323411562435170316
1323411189632782337
1323411078420795392
1323411055872299013
1323410801642868736
1323410602124054529
1323410506779033600
1323410013218623489
1323409195488731138
1323409053863825409
1323398974326427648
1323398848665079808
1323390565879324672
1323390241202491399
1323389469328887809
1323389338227511296
1323388116812660736
1323383980843032576
1323354405631102984
1323353149223194625
1323350937080127489
1323349747080581124
1323349487310524416
1323349437163442176
1323349408029827072
1323349336688873472
1323348999961825280
1323348855564455941
1323348817652187139
1323345881681321995
1323335157529694211
1323334903187017730
1323334849474797576
1323334709762576384
1323332250025533440
1323326686960766976
1323326173896708099
1323325592960487431
1323325407991652357
1323325147009474560
1323325098040926208
1323325011755716608
1323324735221059584
1323324215454539776
1323323329470701568
1323323298625789952
1323322482250686464
1323322344794955777
1323320462965940226
1323320296460423172
1323318898188521472
1323318848196661249
1323318710719971329
1323318580151226368
1323317775583105026
1323317572364886019
1323317537334042625
1323317507118321671
1323317470824964098
1323317353434722306
1323316602654392332
1323316467069341700
1323315897419898880
1323315806088892418
1323315603277549571
1323315170584776705
1323314879307124736
1323314384089829377
1323314054144970755
1323312922328588289
1323312848265715718
1323147227167105024
1323146979371814912
1323146856814284800
1323146700849111052
1323146671744843784
1323146518107402253
1323146060957700098
1323146009116053504
1323145945895391233
1323145868497833989
1323145827922169857
1323145768585334785
1323145582282760198
1323145525093425152
1323145484698079232
1323145380620652545
1323145266158047233
1323145078538489857
1323145022699614215
1323144919750483969
1323144793384460290
1323144766108950528
1323144603206324225
1323144254236012544
1323144155565035522
1323144109406769152
1323144068474568705
1323143935963836416
1323143839532699649
1323143781814853632
1323143633760038912
1323143560707903510
1323143341484265474
1323142408587087873
1323142320850685952
1323142166336724996
1323141851336056833
1323141722164047873
1323141659937382402
1323141525379911680
1323141506639843328
1323141436074807296
1323141380542287872
1323141338238488592
1323141151860424705
1323140525868929025
1323138903499558912
1323138878535016449
1323138841058922496
1323138724419588104
1323138678584188928
1323138534887350272
1323138432630140929
1323138321141403648
1323138050445160448
1323137770240487424
1323137632034062341
1323137536756195328
1323137454015188994
1323137258912927754
1323136842800205827
1323136301743267840
1323136056645029889
1323135879171526656
1323135835680710660
1323134508737200130
1323133915083755521
1323133617447600132
1323133443681722368
1323133170427060226
1323133084036980739
1323132954466570241
1323132509870280704
1323132457911259138
1323132265774358529
1323131980943339520
1323131918095929345
1323131794514939916
1323131706291982352
1323131065389715458
1323130786032328705
1323130119876206608
1323129182738632705
1323129068288679936
1323129005265047552
1323128966081843205
1323128762142281730
1323088311645331456
1323087974419017728
1323084337668104193
1323084208621891584
1323048117298733056
1323047664905261058
1323041331753738240
1323041219077935105
1323041088123359232
1323040919403323393
1323014069935288320
1323013865471434752
1323013769677754368
1323012474866642945
1323012312974925826
1323011835768037378
1323011146807414787
1323009458381926406
1323008927806738434
1323008366030053378
1323008023418281984
1323007828165099523
1323007556369997829
1323004872900435968
1323004830571515906
1323004801177759745
1323004736321236993
1323004575452979200
1323003735086370818
1323003571667931137
1323002857327595521
1323002176420126722
1322970873385635840
1322969989561913351
1322969914995593216
1322953372014698497
1322953145027338243
1322953112420818946
1322953032817086465
1322951674097524738
1322950279118180359
1322949731266473985
1322949081824677890
1322948825896595457
1322948656631263233
1322947704922771456
1322947046945497090
1322855803280379905
1322855621222375424
1322855151615565825
1322847607417376768
1322847366404313089
1322847307658940416
1322847108928593921
1322845743594524674
1322845424013684737
1322845332187815937
1322844975462305792
1322843569724497920
1322839510032490496
1322837771367624705
1322837589737512960
1322837123574235136
1322837046361247747
1322832647886950404
1322830652019015682
1322830614496772103
1322829915453116420
1322829888676614144
1322829828672888832
1322829449432354817
1322828604519174149
1322828520326836229
1322827587140440065
1322816638027206657
1322816532175609856
1322816454727815169
1322815965462233088
1322815869135867904
1322811917388439552
1322811775729995777
1322811667508531202
1322811595580461056
1322810821441978368
1322810638142480385
1322806741554339843
1322803788185538561
1322803633348579331
1322803420089229312
1322803330566029315
1322801997393858560
1322801884009275392
1322801843341328386
1322801790312742914
1322801768389029888
1322801719017938944
1322800786766778368
1322800086762532865
1322800019402088448
1322799738073370624
1322799309356781568
1322799013339504640
1322798005377028097
1322797881707941888
1322796694426292224
1322796300417511430
1322796011480338434
1322795005925347329
1322794973595619328
1322794753583419392
1322794216213327872
1322794142313926657
1322793539227496448
1322793399993442305
1322791967550562304
1322791874940280832
1322791184142577664
1322790342530400256
1322789236848893952
1322789131076968448
1322788496394903557
1322788215452016642
1322788160720539648
1322787934475530240
1322787865932238850
1322733759083536385
1322732813821595653
1322731514505895937
1322723662475235334
1322723237374103554
1322719122824769536
1322719058891018241
1322714527868329985
1322712033079578626
1322711336594362369
1322706792426725377
1322706676202541063
1322705746056929280
1322705700208971776
1322703160402681856
1322702256601522182
1322701927113699333
1322701609860763648
1322701539228721153
1322701179718144003
1322700452488728577
1322700359492657157
1322700292803252225
1322700171499757570
1322700088116989952
1322699869287550977
1322699672268513281
1322695161802072065
1322695117665427461
1322695069980336136
1322694321448095745
1322682961834221570
1322679570894626818
1322679293911175168
1322679019192651777
1322678930361454597
1322678605130960896
1322678537812430848
1322676390861381632
1322675478751334400
1322674798108020741
1322674542402281472
1322672745461784579
1322672668823400449
1322672600439545857
1322672485708582914
1322672094824509444
1322670987180183552
1322668282923593729
1322667732953927682
1322600385094311937
1322600125756264449
1322599982181089282
1322599943987671040
1322581146413256705
1322580317379715072
1322580237700444162
1322579209089359879
1322578807375732744
1322578462549434372
1322578286338215939
1322578095895912448
1322577474459471874
1322577396638359553
1322563319547502593
1322563101242384385
1322562979980857349
1322562801488023557
1322562730340003842
1322562653429075971
1322562598236266496
1322562557345976320
1322562389229867015
1322561836647145478
1322561746121428994
1322561701267603463
1322561518899208197
1322560704986206210
1322559853617958912
1322559680133083138
1322558869164429316
1322557154063253504
1322556184340107264
1322556052295065600
1322555038900903938
1322554889172647936
1322554833371627521
1322554508107546627
1322553962206298114
1322553574820401154
1322553344456597505
1322553081578532865
1322551846037266432
1322546894426484744
1322471424032911360
1322453826440450048
1322450906080792577
1322450827601170433
1322450250427179010
1322449790362419202
1322449717423415296
1322449615921254401
1322449044996820992
1322448790310236162
1322448630062731265
1322442288182792197
1322442113007702019
1322441937224433664
1322441640280285184
1322441488454864897
1322441433408745472
1322441172237848578
1322440739817721857
1322438010529525761
1322436404471803904
1322434823642898433
1322434790365274112
1322434721666732032
1322434331185467393
1322434286100881408
1322434155230171136
1322433464499687424
1322432230698999809
1322431523203764224
1322431305548791808
1322430994880827392
1322430738369859584
1322430133765111808
1322429916806287360
1322429744676245507
1322429361505665026
1322428990653607936
1322428858403094528
1322428666249437185
1322428007164895232
1322427509003137024
1322422413976604672
1322422252642705408
1322422082878275584
1322422013156298752
1322421847107973120
1322416597403840512
1322415924322906112
1322415816130895872
1322415666436182017
1322413084355502080
1322413020375601153
1322412455579029504
1322411843990802433
1322411765951537152
1322411428989620224
1322411380671188992
1322411268670705669
1322411213683363840
1322411076735045633
1322411024868429824
1322409297863729152
1322409236723306497
1322409098332295169
1322408978496819200
1322408712506609667
1322365164591734784
1322364750521618441
1322364540835778560
1322364458669350912
1322363964806877184
1322360513087627264
1322360390177771521
1322359697425502209
1322359568329003009
1322359528256655360
1322359425697538049
1322359393724354560
1322359249951989762
1322357550705201152
1322309523072118784
1322309479476678663
1322308011474472960
1322307887818035200
1322307741684244480
1322307189319606272
1322299890597269504
1322297982511992834
1322253910917160960
1322253616544206849
1322253001084620801
1322252860093059074
1322252835589947393
1322252769399656448
1322252357942583296
1322248491406630914
1322248043039772674
1322247823350521857
1322247671852290049
1322247547294044160
1322247164001718277
1322236641889669121
1322236484905324544
1322236377824677888
1322236288804835329
1322235039149674498
1322234879011160068
1322234644335570944
1322234214620815360
1322233832821706752
1322233687115735041
1322233486976159745
1322233371578241030
1322233342113292289
1322233307057262592
1322232900339814400
1322232567010131969
1322232456737673217
1322232405974044672
1322232227275694082
1322232172678447105
1322231939441528832
1322230346725892096
1322229413786705921
1322229379485835265
1322229349345566721
1322229288528216065
1322228432688812039
1322228303110066177
1322228131936325637
1322228091620646913
1322228060721131520
1322228030044069889
1322227981457248256
1322227943477751811
1322227908937715713
1322227860199886854
1322227834136526855
1322227800452046848
1322227754251788288
1322227102670819328
1322226865201991680
1322226442869026817
1322226291429560326
1322226120843055105
1322226003435991041
1322225626619748352
1322181946533969921
1322181283011854338
1322181150652116992
1322179347269246981
1322179318500544513
1322176349805678592
1322174250556510212
1322174175323267072
1322173837073620993
1322173741892329473
1322169639120547841
1322169222320005122
1322166285422252039
1322165001847775235
1322164815511642112
1322164015989141504
1322163803694444545
1322163466375958529
1322163316857462785
1322163119284719617
1322162666207629312
1322162379455692800
1322162329258233863
1322161942274973700
1322161386605203462
1322161289100169216
1322160991044554753
1322045066488221696
1322044931188416512
1322044850674520064
1322044775202258944
1322044246069792769
1321997964441722881
1321997821504094209
1321997602200690691
1321997338798362625
1321967969199677440
1321967622695591938
1321966813597573123
1321966755779170305
1321914688310022150
1321914296939458564
1321914177548652546
1321913744818143232
1321913505558237184
1321905517032316934
1321905349553803269
1321905205819166720
1321904843007688704
1321904450022395907
1321904233625563141
1321904213358764040
1321902951175233537
1321902871076577288
1321902819696398342
1321902467056099340
1321902042005282816
1321899871029366785
1321899825009467393
1321899304399872001
1321897918027255808
1321897889346584576
1321857809873588226
1321857534592835584
1321856722026332162
1321856371743166471
1321856342370516992
1321855666508713984
1321855081004892161
1321854663998754816
1321854132924416000
1321853222735237122
1321852879699873797
1321852331173023745
1321852108933599234
1321851678467989504
1321851046025715712
1321850943978307584
1321850355064410113
1321849688983805953
1321849529235394560
1321849455734329345
1321849085406650378
1321848834159464448
1321848637698224128
1321848081843970048
1321847623570042883
1321847409123729408
1321847155112497152
1321844232718614532
1321844179614552064
1321841286790479874
1321836482890473477
1321836147400650754
1321835510541750277
1321835327129092097
1321834979110850561
1321735044982067201
1321734897199886337
1321637422770409473
1321636548547387395
1321634870922301440
1321634705700171776
1321634559931392000
1321634233786470400
1321634200634707968
1321634090576216072
1321634053511151616
1321634003028463617
1321633404140609536
1321633361866219520
1321633285819289601
1321632589212487685
1321632466168406016
1321631689597136896
1321631081070813184
1321629982909779969
1321628498667200512
1321604189810810880
1321602551129755649
1321601919249453059
1321600935299371009
1321581950654681090
1321581894442622977
1321578771883925504
1321578282962325504
1321577710993498112
1321577612381138946
1321576706499661824
1321575447189139461
1321575155588571136
1321570385750622213
1321569870702616579
1321568374179221504
1321568127889608704
1321568094226206732
1321567932795768832
1321567789660966913
1321567586782453761
1321550209550295045
1321549813557710849
1321549507545518087
1321549394517336066
1321547898052579335
1321546441018527744
1321545426093461504
1321545214876635138
1321544798642253824
1321544307359260672
1321543281419976704
1321543041514131456
1321540941291937793
1321540892365377537
1321540718519898113
1321539643200937984
1321538319700905991
1321538053094211586
1321537917882404864
1321537491451678720
1321537274966908929
1321536736552505344
1321536490434953222
1321536412085354497
1321536167133720576
1321535276389408770
1321535137729941504
1321534760573902853
1321534329286234112
1321485669345202182
1321485570917486600
1321485180104822785
1321484656924073984
1321483636496093186
1321482807668072450
1321482671327977476
1321482538670559232
1321480352066686977
1321479947664371712
1321479760648769536
1321479182296190977
1321478954574819333
1321478770314891264
1321472630952787970
1321466246576177153
1321466049599049728
1321465184095973376
1321462930261659650
1321462817871040519
1321462600568328194
1321462522390683648
1321462504862699521
1321461989290528769
1321460373246119937
1321460072032149504
1321451999376875520
1321451787069673472
1321451735647473664
1321451485960540166
1321450531651489792
1321449064899219457
1321448239686705153
1321448174624612354
1321448139971350535
1321448028784545792
1321446239641214976
1321445816033251331
1321445583085834240
1321445409273925633
1321445177823809540
1321445064233668608
1321441013882380288
1321440891433791489
1321440862036000770
1321439977914466306
1321439359359438851
1321438889928699904
1321438800921432067
1321438159603961858
1321437813838094337
1321437693428064256
1321437635521449989
1321437457745936389
1321437422614446082
1321437383620022272
1321437340406087681
1321437264698814464
1321437218691579904
1321437143655419906
1321437001904697346
1321436700401389569
1321436023323303938
1321435946030608386
1321435846202052608
1321435493230366720
1321435268428300288
1321435057815539712
1321434918027743232
1321434027941859331
1321433952465362947
1321433351945887744
1321433236472516611
1321432963519811585
1321432895303593984
1321432724037685251
1321432693838667777
1321432655011946497
1321432611995176960
1321432580785348608
1321432540465475584
1321432423679352835
1321432360127180808
1321430344520925187
1321428542727573504
1321428409201905665
1321427734309031940
1321427644521598977
1321427321971236865
1321423930981306369
1321423238568812546
1321418496203542528
1321417469811150850
1321416958697492482
1321416179412570114
1321415025119137792
1321414977354432515
1321414581118472192
1321414345608384513
1321414093312528385
1321414003848056832
1321413974999617536
1321413948122554375
1321413856808341504
1321413732329816064
1321412997366063107
1321412870274535425
1321412070252961794
1321410227393232897
1321409490151968770
1321409038471565314
1321406546056794112
1321268628541612041
1321267975098408961
1321266863599484928
1321266301143232512
1321266188324950017
1321258470444814336
1321258128378384388
1321257961830887429
1321257863440965633
1321257802367700998
1321257776254013440
1321257703654739968
1321257561417535490
1321257461391699971
1321257421009014785
1321257380173238273
1321257351979003904
1321257258383298561
1321257204201279491
1321253863740104705
1321253477671206912
1321253246627926016
1321241194677100546
1321240799770791940
1321240634884325376
1321240409331453959
1321240109581291520
1321240050777153536
1321236558188609536
1321236459588866048
1321236341317902337
1321236306421309449
1321231137633673222
1321230948625731587
1321227236624769024
1321220554905538561
1321220509623898116
1321220329251999748
1321219530966867970
1321219367212900358
1321219202309623808
1321218938387206145
1321218377277493250
1321218305248690184
1321217965023514625
1321217568976392192
1321217391431483394
1321213241750597639
1321212749737791491
1321192929780736004
1321192874344665089
1321192848201519115
1321192675111043075
1321192645570547713
1321192468990353416
1321192425684111361
1321192366791905282
1321187251062267905
1321185181378772994
1321184446771535876
1321184148510416898
1321184073172344834
1321183838081552384
1321183158386216962
1321182632856690692
1321182529949499393
1321182493962371075
1321181868453187591
1321180025375391746
1321179973735075843
1321179549149921280
1321178754241171463
1321177958141349891
1321177889463803906
1321177805493805056
1321177701638721544
1321177633955237888
1321177442556514307
1321177196220846090
1321176734360870925
1321176711095046145
1321176652047622146
1321176593239281667
1321176548842627077
1321175146435149826
1321172870907764740
1321171890711547905
1321171849036877826
1321171802018717697
1321171716085874690
1321160720931868672
1321160574881980417
1321159819743604738
1321159474359472128
1321159291232002055
1321158637964972035
1321157434908549123
1321157380453912581
1321157306776735763
1321157202971951108
1321156471242006536
1321156074808987650
1321155241165967361
1321152139629109251
1321152025057439745
1321151930652073984
1321151905872097280
1321151112590860288
1321150973834833924
1321150427086364672
1321150369263738889
1321148482560892928
1321148351140798464
1320987485946732544
1320986715960627200
1320986490214748161
1320985773123002369
1320985417869656064
1320984590031425536
1320984242621456384
1320984207376658432
1320984148773871623
1320983931215319041
1320983686825811968
1320975906119311361
1320974389823811586
1320910183938273280
1320910091571367936
1320910032872112135
1320909994842333185
1320909918338252801
1320909735311351811
1320909552964063233
1320907261288583170
1320907210776563712
1320906412571136001
1320906236255227904
1320905806695596037
1320905611970826241
1320905524813176836
1320905480663900160
1320905230733709314
1320905173749899266
1320904981726351360
1320898295661809665
1320897984847106050
1320897888659144706
1320897568348557312
1320897004764057600
1320894688178614273
1320894368245534720
1320877431474003970
1320877018205032450
1320876914010193920
1320876406910406656
1320843797413191682
1320843629229973504
1320843449814405128
1320816404573102093
1320815993082597376
1320815916742070273
1320815496808325120
1320815459650949126
1320815298505809921
1320814644987121666
1320814580604542977
1320813267934187522
1320813149134737409
1320813005316202496
1320812959598284805
1320812813674270722
1320812736784248837
1320812007248060416
1320810447470268416
1320810343782879234
1320810189264691205
1320810139113394178
1320810085380247552
1320810065541169157
1320809160791961601
1320809090214514688
1320808694842535936
1320808458942382080
1320808165865377793
1320807418629132290
1320807300051980290
1320806903199522818
1320806655379066880
1320806602631512067
1320429592822337536
1320429471057543173
1320429181403090947
1320429146158321672
1320398241268105216
1320398077774172161
1320185962715119619
1320183977337114625
1320182288156688385
1320181983788617729
1320181626496745474
1320171148387225600
1320086966843695105
1320086774991945732
1320086674701979649
1320086633706827776
1320086599967834117
1320086532624101377
1320086499686273024
1320085920197070848
1320085883769507840
1320085794867060742
1320085781445214208
1320085771014033409
1319967117924569089
1319966982092034048
1319966909144666113
1319965775499874304
1319965690858799104
1319965393847525378
1319963880186122241
1319963380355112961
1319949676968378369
1319949658916032513
1319948275084980224
1319948172056268800
1319947782778740737
1319947731297832965
1319946813827387393
1319946510164021249
1319946439804538880
1319946404366778368
1319946340533784576
1319945996881768448
1319945865075789824
1319820609136824320
1319820318031122432
1319816823114813440
1319774283128836096
1319774193148432392
1319774105948819459
1319774009022697473
1319773981977837568
1319773901111558144
1319773813324845056
1319773767820861442
1319773618591698944
1319773575889539075
1319773547292725248
1319773523875856387
1319773502145204229
1319773480544575493
1319773319114227713
1319773295328305159
1319773236268355584
1319773201338085378
1319762421091913729
1319762056652988416
1319761805670043648
1319761724615122951
1319761525201129474
1319761247122882572
1319761214650654720
1319761123873271808
1319761082655870976
1319761043904778241
1319760939995062272
1319751505289904128
1319750980410445824
1319750837221117953
1319750697353695232
1319750578231234560
1319750429874491398
1319750363679961088
1319750162449862657
1319749944023175171
1319749880559009792
1319749672077053952
1319749454602358784
1319748739058274304
1319747514342440966
1319746951064264704
1319746807245799426
1319746316788969472
1319746177479344129
1319464517290479616
1319464380333985794
1319464224956055552
1319463838308335616
1319463463203315715
1319463393984643072
1319463344772960257
1319463184185626624
1319463124957888513
1319462828160450561
1319461380102258688
1319461283368980486
1319460610074173440
1319460577752829957
1319460552465436672
1319460381262303233
1319459516631625729
1319419508243746817
