1323565365012692992
1323562227639734273
1323561731537444865
1322337273891987457
1322336341846315009
1322181342604464128
1322180256661471234
1322177224892682241
1322172172954177537
1317970646866034688
1317968784242737153
1310323640458776576
1310322331697455105
1310321191006003200
1310311550406856713
1310209353891315712
1310207674731069443
1310207663242907648
1310172875912032256
1310171124270067712
1310165131532398592
1310138160786145280
1309926904158445568
1309924265865682950
1309921792270663688
1309918502967443458
1309917761229991936
1309917204205404161
1309916404871835649
1309915125810450433
1309914770343112710
1309913729128173568
1309913501864022017
1309842498404130822
1309634060483002368
1309631385221685255
1309630757820919808
1309629490478411776
1309624910990512140
1309594316277518336
1309593643615952896
1309591341748420610
1309554897713496064
1309554709775122434
1309551347272945665
1309532901546094592
1309530313618579459
1309530171557523457
1309507632739254274
1304922123027312640
1304918143798857729
1304917053749579779
1304916628543545349
1304915389084819456
1304837818288660484
1304836005611081728
1304816979526725634
1304803241100795906
1304757775214555136
1304753028248072192
1304751978820653062
1304747352750796800
1304731954294784000
1304698102448820224
1304681302088658945
1304680701959307265
1304545486163136513
1304533735916867588
1304512159553064961
1304495652483805185
1304490238346178560
1304383249691676674
1304381267463548928
1304379958039633921
1304376891202244608
1304375908954968064
1304372385307656192
1304367822215294979
1304366271824265216
1304365143170732033
1304363841602629632
1304362296161046528
1304354544416157701
1304352522841329664
1304351737340403714
1304337068781432839
1304202488879423489
1304188181936513024
1304187401502445578
1304184036017999873
1304181368033865731
1304159949749202947
1304139397965717504
1304136002064265221
1304134100513632256
1304133688716865542
1304131800088883200
1304130582725693444
1304129167538171904
1304064893059031047
1304062966892027905
1304047129585950722
1304046634398093315
1304043903637741571
1304040012200247296
1304038320268337152
1304033179431505920
1304015928691175424
1304013769949851648
1304009714875928577
1304008143559634944
1304006486214037504
1304006468715401216
1304003587106844672
1304002254081601537
1303995023428591616
1303951764354408448
1303946892733227008
1303946689284378625
1303943567665233920
1303938214508589056
1303806664823517184
1303805298403143684
1303803649534169093
1303802362268655617
1303778221348052992
1303636841124503554
1303515758828433409
1303515491911294976
1303514953534656512
1303514523186401285
1303513992762195969
1303513663404421122
1303513566650216449
1303513485142355972
1303513328556355586
1303512789382828032
1303512524235706368
1303496248280875008
1303492401017876480
1303492160377978882
1303489758157508611
1303489474542866434
1303488699771084802
1303488119241617409
1303487262278156288
1303486641961668609
1303485585097621504
1303484145696485378
1303482780534398978
1303481784307515394
1303480351331954689
1303346843301163009
1303326831941169152
1303323251117109250
1303322184358785032
1303321192800100353
1303320357445816331
1303320051613863936
1303319200795185159
1303318435561189377
1303318194518663168
1303318024112558086
1303317560830631944
1303315109150941185
1303305366260850691
1303270684798443520
1303264481938636800
1303263668696764416
1303263492993175553
1303262093353922560
1303260272963063808
1303259359057711105
1303257980540981254
1303257281694519297
1303149925912453121
1303143199645536257
1303142799848738819
1303141916641497088
1303141150497411072
1303126271686258689
1303125011646091264
1303124442722246656
1303117381141749765
1303114135010447365
1303111772799471617
1303106092742971399
1303062107781505025
1303044415313899528
1303043826051932161
1303043006854049792
1302997650548158468
1302996916079390720
1302996801289625600
1302903958755774464
1302849100921147393
1302725674210406402
1302351615735799808
1302346758748540928
1302338443096227840
1302188699543916544
1301997154886733824
1301646221979852813
1301642226716598273
1301641482579795968
1301640718256156675
1301640074443010048
1301639178099269632
1301638276764381192
1301603561462259712
1294376345489809412
1294351243893145600
1294306986603970562
1294306913170214912
1294306136330469378
1294297093134266368
1294295389911351301
1294262821044264962
1294261891108343811
1294254014230667267
1294239273772777472
1294224712046968832
1294223755900846080
1294222290721353728
1294219018715488256
1294218715509272576
1292401252270252033
1292387702927589376
1290917970995302400
1290916194795638784
1290885455307833344
1290884716074348547
1290744065928171522
1290727929031340034
1290722404227076097
1290722176316977152
1290721749378699264
1290720848333156355
1290687889743982593
1290668978134802433
1290657241310416905
1290644926749913088
1290643979369959428
1290639832839000071
1290634464968814597
1290623382598410240
1290593939267956736
1290592790611714048
1290586293097893888
1290586007545487360
1290585335571845122
1290580145670168576
1290577493787803650
1290575276116779014
1290572554525179905
1290570502533189632
1290545164629442560
1290397528903557122
1290397145359687684
1290337500607717379
1290335775834349568
1290279062208831489
1290220691808296960
1290218727342891008
1290217162343362560
1290216046029230081
1290114308001558528
1290112952415076352
1290110957172260871
1290108664305586177
1290104662280957954
1290102284496429060
1290101112205385734
1290100858202423297
1290099447066693633
1290099401881350144
1290053064997535744
1290045276468600833
1290044073143758849
1290041618729320448
1290039976806080513
1290036354319912960
1290003821066719233
1290003428249305090
1289995834851917824
1289993321054535680
1289991755350396929
1289989695766556672
1289988813712809989
1289988697845374976
1289987655493488642
1289986303656951810
1289986285310902272
1289983562259693568
1289982447929757701
1289860144679890945
1289859382147051521
1289095590622765056
1288973655297396736
1288916827704303624
1288910998557077506
1288909749501730817
1288823615824297985
1288822027739107329
1288819852866654209
1288753053370384384
1288652968523452416
1288555420575989760
1288381675127406593
1288229283287183368
1288220587706417153
1288218796600287232
1288214526387793921
1288147730674651137
1288146544143880193
1288089767243067396
1288061272819466242
1288055245088739329
1288055228936458241
1288028813079838721
1288027302899613698
1287859961175867401
1287857194218795010
1287854974186196993
1287854617808769024
1287852312669622272
1287844420071632897
1287839316518068224
1287839266094145536
1287822637956239360
1287798168730705920
1287796926012891136
1287555262719471619
1287515864531709952
1287513203925286912
1287470621278994434
1287468422389993473
1287467401848684544
1287466554322571265
1287465837272748033
1287463609405186048
1287417930335039488
1287416569430245376
1287408710772559873
1287406254382551040
1287405009408319488
1287403637602426882
1287402583892647937
1287400005427396608
1287360879537926145
1287165348169560064
1287160405446598662
1287153583297900550
1287153557616173058
1287151276187439104
1287150500484452353
1285354975871356928
1285353457986273281
1285350603217084416
1285350575815766017
1285349236326965253
1285349216274075651
1285347809135337472
1280958054410981377
1280921126663831552
1280885349082898434
1280853075285114882
1280653299977502721
1280584979324579843
1280568890691661825
1280533237165629441
1280516691622014976
1280515970235334658
1280515401777057794
1280510690801979392
1280510258067181573
1280508984219361280
1280495649197350913
1280495131536371714
1280494494421594113
1280485631823577094
1280485332400701441
1280481794610135041
1280480167203344386
1280478420216971265
1280476348788637697
1280471844055891968
1280470925671051264
1280466164318113792
1280464682759991297
1280464411874996225
1280463747023360001
1280463503497867264
1280448859240632324
1280425331476893703
1280422549600468994
1280419507140464642
1280395467227004928
1280393741342302209
1280392667621400576
1280272745666838529
1280270653678145537
1280269047893032960
1280250015408107522
1280248367097004035
1280247075146514433
1280243960057933824
1280241789786611714
1280240721258254336
1280234097340792834
1280231043342258176
1280157379263434753
1280157323932184577
1280059268918640640
1280057202087202817
1280057062450507776
1280056563697401856
1280050335780872192
1279932946212884481
1279926588226895872
1279925212482584576
1279916815729283072
1279913301984661505
1279900048885780486
1279897281165250561
1279893990964441100
1279891235671597058
1279889304941211650
1279884966000840709
1279850437030666248
1279847164492079104
1279846143770464258
1279843681269415940
1279832334838255619
1279830737051701249
1279830052604121088
1279790956750024706
1279790243617681413
1279789820567486464
1279789127479812096
1279786728874823680
1279786335654600706
1279785310025629697
1279778319781765126
1279777304961593344
1279775729639620616
1279719631826059264
1279717007332646914
1279716935568162816
1279702323783249920
1279701544162807810
1279618561527463938
1279601433243987968
1279599722051842055
1279597568364773378
1279595481014964224
1279593079381602306
1279591859602501634
1279591230549131264
1279588957215494144
1279578156173836291
1279577152170704898
1279531458923769859
1279523983357104134
1279495141389225986
1279494716799713282
1279446615871414272
1279437390407446528
1279408779310911488
1279408085606502400
1279407688624091138
1279405480213909505
1279402254106329090
1279388897395585026
1279384388531298304
1279384152853356545
1279381101329473536
1279379947044458498
1279337916217659392
1279336794186792961
1279335432086568960
1279155638338301954
1279136159063556098
1279135139382145025
1279130144561602560
1279092205853040640
1279072078432526336
1279053537264238593
1278853973160726528
1278846879724457985
1278839191774863360
1278838904402120707
1278818633364443143
1278796420028473345
1278757396509339653
1278742924507955201
1278728951872004103
1278698843979288578
1278697767834202112
1278595059307421698
1278585472508473344
1278583585470140417
1278449186787201026
1278446055772819458
1278390206664790017
1278384742413582336
1278383375905165312
1278371511259324416
1278215975628873729
1278215212412387329
1278099864434479106
1278096462103142406
1278091834590466049
1278086584613703681
1278084812746653697
1278070465228156930
1278067258435211266
1278066835334840320
1278059941484548098
1278049248408371200
1278035397893853185
1278002192822263808
1278000168051396611
1277999497210138625
1277997889059532800
1277983317862694920
1277976282832109569
1277975789015666689
1277974801823354887
1277973955949637634
1277973115465723910
1277972330975596544
1277971406118989824
1277970642403352576
1277969818159771651
1277967834354561026
1277965831872208899
1277964453259042818
1277963872310198272
1277963069159649282
1277959094784061440
1277958268833288194
1277957506505994242
1277956797995741186
1277955994556010497
1277954844003794944
1277952142293323784
1277950257880539137
1277944493220794371
1277943337203519490
1277941425913683972
1277940184017965063
1277938305452183552
1277937757646721028
1277936401577893888
1277931962389409792
1277927854450315266
1277925980330393602
1277924566166376448
1277906834116968454
1277900993997479936
1277899984613097472
1277897904657752064
1277896345358082048
1277892496211750913
1277882073462853632
1277880283866562562
1277879136107802625
1277877815375953921
1277876541041631232
1277872961739988992
1277872024141127680
1277869461979254784
1277738090518523909
1277734607950094337
1277734125282230279
1277733016807276545
1277731420912463873
1277728985049423872
1277725028726038528
1277715994983702529
1277714013208657923
1277704085135921153
1277702577451413506
1277699121672007680
1277698278373625857
1277697033810456577
1277696867682451457
1277690039628169216
1277689847331913730
1277689631388172288
1277684288750792705
1277682831733522439
1277680778713972736
1277679638588899329
1277601933482655746
1277598922312220672
1277598393284558853
1277596906294820864
1277596028389253120
1277595036507672585
1277575315452239873
1277571279927873538
1277569894037557249
1277567466823090176
1277552922168045574
1277550329572319232
1277549224700383232
1277547448781635584
1277513276881014784
1277509600925843459
1277504874851307520
1277399875794108423
1277397852541640706
1277397708232425472
1277390214521147398
1277386677070200832
1277386022867927045
1277385337589858306
1277385026401861634
1277382290222563328
1277382193996857345
1277381006887194626
1277378390488686593
1277376446936350720
1277375108265455616
1277374258856038400
1277373148237889537
1277372005059305481
1277370376146825219
1277369040890191872
1277365763549155328
1277365416759824385
1277365065776332802
1277364338098089991
1277360427085725696
1277360099485515776
1277359458788704256
1277358587988279297
1277356561065750528
1277353796478349313
1277345650959581187
1277345216996016128
1277342468460236805
1277336435696287747
1277290743372144642
1277255011576274947
1277211577545109506
1277167753443581952
1277075992880742401
1277026567965814790
1277018975365464069
1276965452137275393
1276962865677770752
1276960225136906241
1276922868308365318
1276854211418996736
1276845666258599936
1276839201233932290
1276837367069003776
1276836303850606592
1276826949604818949
1276825176114638848
1276824531827675139
1276693152854835205
1276690321418735616
1276688950925701120
1276681260379840512
1276680186776387585
1276662863566901251
1276661891142541312
1276660793942126597
1276659701074276352
1276659056011358209
1276608056395272192
1276599720799088642
1276596361379676162
1276570762388951042
1276570090704691204
1276466107596013568
1276465494598602753
1276268031778357250
1276265872823369729
1276263467121610752
1276252472441528324
1276245296343855104
1276242120249085952
1276098822008188929
1276062366333984768
1275972620131893248
1275952850418438146
1275918989533855744
1275914276549603328
1275912072010792968
1275909874895986689
1275906648930910208
1275904643344805893
1275900906123530241
1275900888268320770
1275872896989237250
1275870605502447623
1275869614422065156
1275846322730475526
1275829650212741123
1275828581382438919
1275828123465121798
1275688926578171905
1275682861811720192
1275570441298608137
1275564072130535426
1275561054307639296
1275559562553237505
1275557056523763713
1275544403902377986
1275540213549408257
1275522284200103937
1275518752273162242
1275517311684939786
1275515942966112256
1275512045975277570
1275511292225302530
1275498793845370882
1275496056831303681
1275482998809546754
1275464897032335361
1275454159106392064
1275453972518584324
1275453370891788297
1275449820241555456
1275443246966009859
1275442474144526337
1275441304772599808
1275437462353895425
1275436770864197634
1275431868540878855
1275424862354505731
1275413313967489026
1275409806740856832
1275403828821622785
1275401129321476096
1275395755721871360
1275384882928267265
1275383815666634753
1275382667140313088
1275376974286946304
1275375065660612608
1275370376273563648
1275370157985202178
1275357874584203264
1275342946070601729
1275336080825475072
1275335002440507393
1275214104777625602
1275211937668792320
1275209805452447748
1275208628136488960
1275205330130161666
1275196608704020482
1275191949499269126
1275190929167654913
1275186895325143047
1275185632181129217
1275183189955432449
1275181982075564036
1275178524974944258
1275167986849132545
1275167889876750337
1275167570258165767
1275167302250639367
1275165161272356865
1275161039886303234
1275159849588920321
1275156936640598017
1275156716913659904
1275154480074575873
1275153801595490306
1275130741081473031
1275106197574766597
1275105297850302467
1275068887965433856
1275068477284311041
1275067228405153794
1275037020314832896
1274995765807665153
1274990160418086912
1274989001552941056
1274986696606703621
1274986558819631109
1274986041057980416
1274985449640153088
1274983973194792969
1274980987651477504
1274974455220092928
1274870933367541766
1274850640884371456
1274844926774255617
1274841152647237635
1274816253031591940
1274796455870554118
1274795957310427138
1274762345219325952
1274759399635136527
1274758472618385414
1274701782141358080
1274694385360396291
1274689219026456576
1274657100275355648
1274655932287508485
1274653605350584321
1274652290226556929
1274628299894018048
1274627162042228736
1274625604441292800
1274623782989238272
1274473871383691267
1274472155191955461
1274468128060313600
1274463211375529987
1274458031376474114
1274456419182563328
1274452935972401153
1274446539793014785
1274393533152190465
1274333669163962370
1274332221135106051
1274330439956803584
1274100870024757250
1274087131158319108
1274045759894282242
1274043955613765637
1274037838024187907
1274034731567456266
1274034133916934144
1273743809936007170
1273738242513408005
1273735714677628929
1273734934260219906
1273734224483192832
1273732601526792199
1273722726855868433
1273721667949416455
1273707175802781699
1273675611362516997
1273657365347340289
1273656450984927232
1273642693516824582
1273632613652185088
1273499874886123521
1273492904443600896
1273346373023301634
1273303973676617728
1273005588813930496
1272957700951941124
1272957330393649154
1272933996750688257
1272927933636763651
1272911168420696067
1272910014815100929
1272909249321078786
1272905908406886400
1272903947586547712
1272902128911163397
1272898357443338248
1272895508458192900
1272869156740837376
1272864945705713666
1272857639047835654
1272856496754343938
1272855772209336322
1272853554320101376
1272817205491765249
1272814161458855936
1272811625783926784
1272808657181454336
1272770343669764096
1272769472252780547
1272768929958690816
1272766226331308033
1272765054203633665
1272755136616640512
1272754024580866050
1272739385163874305
1272737806381613058
1272737237889941509
1272736243210690563
1272704355318345728
1272699706762833923
1272697820471070721
1272693916618362880
1272690010970640386
1272674574371618817
1272670447256178689
1272665894330736642
1272661786941108226
1272660684153786369
1272660450447101957
1272660332297826316
1272659557240705026
1272657747553722368
1272651977969807360
1272650406687113217
1272649203190284293
1272646929953034241
1272645121482383361
1272631778721910785
1272613977525227520
1272611164351090696
1272610798242840576
1272609564639272962
1272599915483578371
1272599130435735559
1272598409078341641
1272597643584319496
1272580847519096834
1272576804910497793
1272569839320784896
1272567550610747397
1272565374068953088
1272467902436986884
1272290438398062592
1272286454509637633
1271977664430161922
1271967348795355142
1271966444151025665
1271965666984243200
1271958054049849346
1271954561897508865
1271877659010752513
1271858869237624833
1271858643001114624
1271853685409304589
1271580606598709249
1271574811295301632
1271573696491204613
1271558950811504642
1271540918840164352
1271513029658755072
1271509872534859786
1271421965341995011
1271411495663030272
1271411007089491970
1271408632639492097
1271392562478227457
1271356434136084480
1271354956612800522
1271154973397733378
1271147224739844096
1271119563736973314
1271070018650935297
1271069491225559040
1270988612419702785
1270982367377797120
1270899709935304704
1270898854204968960
1270886732448387072
1270877575267725312
1270872710827122688
1270870394996752384
1270868830684839937
1270865450629505024
1270859750620659713
1270859734275497985
1270858703026225153
1270857261242617857
1270829819727577095
1270828501483098113
1270823983819210752
1270820129287417859
1270809429949251586
1270808659359150088
1270387638760026116
1270386722526957570
1270383744373993474
1270370247741145091
1270355245605019651
1270355146938224642
1270353346340294662
1270351928015360001
1270350697301753857
1270350677294940162
1270344712994664450
1270344312279183360
1270344301344632833
1270343442049236993
1270340852129431552
1270339736310333441
1270337454181056514
1270335856952434689
1270332307656900614
1270331112703787008
1270322826080407554
1270322810196561922
1270319908182687744
1270318937943703558
1269735117007794178
1269353857722843138
1268794725273919488
1268673472806477824
1268665067173707781
1268652926215639042
1268652487126528001
1268651892474863621
1268649215611351041
1268647600317771779
1268519665019559937
1268518243041501184
1268517752534372354
1268514239364452354
1268512026604834818
1268511183117615104
1268509586585255940
1268507394969141254
1267785855235743745
1267784588115562497
1267778598066405376
1267777838553366528
1267775559876186113
1267765167523270659
1267762239546810368
1267761493585596416
1267760229879623682
1267759293165690880
1267759029058703362
1267758571736969217
1267751540841996291
1267750260803239939
1267748871456899072
1267747082938585088
1267746411556339715
1267746078339805185
1267743416135438336
1267742134486138884
1267741484926881793
1267739795335282694
1267739057284677632
1267721215881461760
1267711956045180928
1267602403475329024
1267599162905964545
1267592834460389381
1267592206996692993
1267591050681634818
1267590658577108992
1267588935032635394
1267588871862325248
1267588162660044800
1267586740023410688
1267582987320918023
1267582057032626179
1267580111039184897
1267579382102659087
1267577988058669060
1267573837715169280
1267524187708628994
1267458080868089859
1267456309751943173
1267443103167897600
1267405967953666048
1267405024805691395
1267359724359598090
1267358178456592386
1267355952258453504
1267355238228537346
1267292551960281088
1267291713929871362
1267290385207963648
1267287781128261633
1267285103258058755
1267278980148797442
1267272376590491648
1267269814881484800
1267269185912156162
1267268737406840834
1267268241346441216
1267265737275695105
1267264547565510659
1267251984551346178
1267247950628937731
1267247592523603975
1267245457815883780
1267237942147321861
1267233532767866880
1267231525571100673
1267229987805020160
1267225154817589249
1267223256924409858
1267189619591991297
1267175617017057280
1267165960970080262
1267165243316277250
1267164788628566028
1267137450188648449
1267136131327459339
1267135446984863744
1267133790842994690
1267133294665183233
1267132838543056898
1267132825272270849
1267132050357866503
1267131668764274690
1267129475994705920
1267129301071286275
1267128913584689154
1267102961500553218
1267102501150642176
1267087974119981065
1267087542798766080
1267060098465239040
1267050882769838082
1267048753653055488
1267048303662895104
1267046546555785217
1267042767626174468
1267041554398621697
1267040420388839426
1267032637362839552
1267030994378461185
1267027139272093697
1267026611305615362
1266992899281031169
1266991474257932289
1266867320267382784
1266862417830645760
1266861138085580809
1266856928661159947
1266853316950196225
1266845168428294145
1266845150900297728
1266844108829741061
1266843991229845505
1266842329756860418
1266840749779431424
1266838622835224577
1266837496727568386
1266836112380747776
1266819506363600897
1266808522395848704
1266783956621500417
1266768988027203587
1266767780369633282
1266767218471309312
1266766606232948741
1266765309085696000
1266755481156161537
1266754229470998528
1266750580103565313
1266750243498049536
1266749551228194816
1266748993444380672
1266748506322206723
1266747822159933442
1266741548357758979
1266741308447653890
1266740149091733505
1266739261413494784
1266736572273213440
1266735612549267457
1266689575252090881
1266678896717635584
1266676261553913856
1266676077109411840
1266674530728194051
1266673025233100800
1266672173764284417
1266654536510431232
1266654167650664448
1266652992532557825
1266652506895065088
1266651311270920192
1266650610436386816
1266649536958730240
1266629618351648768
1266626746780188673
1266623633272778757
1266622360288927750
1266510738492928000
1266498663637045250
1266494492598820874
1266492171378720770
1266491973571141640
1266489970308648961
1266489160182960134
1266487738079031299
1266479934001815553
1266478234499256320
1266475009578590211
1266472202087608322
1266469867085070339
1266465471215394819
1266463791937658881
1266460750970748932
1266457994826584064
1266457436115869697
1266454883965820928
1266451937253302273
1266445056170483714
1266444761214390273
1266424582761783306
1266413493747699717
1266404286172483584
1266401545731670016
1266363655433580544
1266349330602037250
1266348675426660352
1266346313865625600
1266132095665147907
1266125525816311809
1266122781961474049
1266121285911957505
1266118039730298880
1266118030607736832
1266117460731838464
1266117088118218753
1266116751198228482
1266097370619666433
1266092849269006341
1266091895702335488
1266064935207014401
1266062963825311744
1266045188910338049
1266043218052947968
1265983010157068291
1265982692266594304
1265979878932975616
1265979222612488192
1265910242140991488
1265773904695525379
1265768849619771395
1265765953108955138
1265764780712898563
1265762701864841226
1265753020790382592
1265749278456197121
1265728891366387714
1265727125987958788
1265726099012694020
1265724095020314629
1265547445196513280
1265444369286520833
1265442229658714112
1265441627541327873
1265441101814599681
1265439097658773504
1265431608011771904
1265430979482705921
1265430788276924418
1265429531168509953
1265427916474720261
1265426325176811521
1265424764027514882
1265423797215268867
1265423138688507906
1265422746626002946
1265421575345573888
1265420915241779201
1265418231763927040
1265416477672452104
1265412801121697796
1265410530447155219
1265409731117625344
1265408068034199553
1265406171181199362
1265403880428449795
1265396874003046400
1265383346613506049
1265379880293851136
1265373846183514114
1265372236422287368
1265371798507597824
1265361545535651840
1265337352488128516
1265335937653002241
1265332533895598081
1265331377903452163
1265301774438748161
1265300701225287682
1265295089108226048
1265280661805383682
1265279726043660290
1265270244739887109
1265269295455535104
1265250614398849025
1265247247685599232
1265245697714065408
1265242659838464002
1265242383396089856
1265239253044297729
1265238905500110848
1265235721507549187
1265213198128594948
1265211694789337089
1265195746430783488
1265190634022895621
1265190059273269248
1265188449927258113
1265187601226620929
1265185130357886978
1265183452741226496
1265183116848762881
1265040786346958852
1265039864111783937
1265037520561156096
1265035618138062854
1265031629380161553
1265027979845001216
1265015975931453440
1265014997278773249
1265012470915219466
1265010978724478980
1265009829606809600
1265008256616972296
1265007480679141377
1265005627736313858
1265004202721529856
1265003743508082695
1264998864400125960
1264996564998787073
1264996328658153472
1264990681967333380
1264988176692776963
1264987304034271234
1264983919369256964
1264983282694983686
1264978814884552704
1264977892699779072
1264838896711602177
1264836048791707648
1264833869418725376
1264829388853514240
1264826359156822017
1264825195732373504
1264823330772828160
1264822943806259200
1264822690680094720
1264821988666810368
1264821348167307264
1264695736253505537
1264693039622127616
1264689234482429952
1264688406476599299
1264683751759654912
1264676282345938945
1264674990831566848
1264668881043546115
1264649482320388098
1264640804733308938
1264627452804022272
1264621845501878272
1264610526073688067
1264610023944138754
1264575896037609479
1264552968994672642
1264547486649266177
1264544867239301120
1264543034399690758
1264534619032084480
1264529103891374081
1264527225971490822
1264487296293900288
1264486273936490497
1264466530311516160
1264462342802243585
1264284667919900674
1264274534133305345
1264262063930716160
1264225543576223746
1264189762535129091
1264171861425950721
1264166672648286209
1264139768658616321
1263955062000422916
1263940770840666112
1263917611479416832
1263897408980881412
1263896472162111491
1263892553159659521
1263858282407645184
1263838585356156933
1263838137949868032
1263811360854548481
1263573766891806720
1263570781545644032
1263567494356389890
1263563869903085572
1263563448157442048
1263562842189553664
1263560268157784068
1263559800459321344
1263552429846560770
1263540744679239680
1263506289025527813
1263506059727167488
1263498857104769025
1263455474311192576
1263378389576175619
1263367900330590208
1263253882265915394
1263232021251399680
1263229736085524480
1263220700787224578
1263219702219890688
1263215660592771072
1263212576005029888
1263212540399673344
1263186048580026368
1263177489347682305
1263164164534657025
1263163795729506304
1263163233961160705
1263156709033480192
1263156458683797512
1263152056170315776
1263151271235682305
1263150570149380097
1263150137309827075
1263149877170708480
1263149217545101313
1263147801220956164
1263147635076141056
1263137356292464646
1263136689159131138
1263123451256229894
1263121702835359745
1263121499709419522
1263121234507825154
1263120554439200769
1263117720461152256
1263018661557739520
1263013710454497281
1263011314517053442
1263003841424957448
1262912200827641856
1262909727392088067
1262893802454429699
1262892813416640515
1262891040790495239
1262886537936715776
1262886525173469185
1262877351060406273
1262876089728335875
1262874844863004672
1262874226350075911
1262872775255109636
1262868278487252993
1262867827373092870
1262860798541598720
1262858437274337281
1262856341414203394
1262855443271028742
1262852221479333895
1262852036393140233
1262851831954321413
1262847833218088961
1262846966050033670
1262845150042238979
1262842620851740676
1262840613650804736
1262839817462861828
1262835858895486977
1262834760088530945
1262829220629295109
1262826793091977216
1262823097587171335
1262822523969908736
1262814292786720768
1262810016278601735
1262809754629550090
1262808545189396480
1262808349604806658
1262806676698259456
1262770989638782985
1262764899471486977
1262762951036944393
1262762136851251201
1262762123244929030
1262739064618246148
1262739011455430656
1262737096810418176
1262734914643845121
1262720421436305408
1262719530113159170
1262681041095008256
1262679899485208576
1262678698471424000
1262677411562487808
1262673890062598144
1262673175277719553
1262671397773619201
1262670444638986240
1262667374894997504
1262665456986599424
1262664518875914240
1262662869067464706
1262659345419993088
1262658723148955648
1262494899250753536
1262482410106748930
1262466458103275524
1262449553002901504
1262448227124731909
1262447628945633284
1262443314126733316
1262423272660127744
1262415203045642244
1262407237139681287
1262395779790131202
1262394352489369600
1262394038566690818
1262384789417582592
1262366659320467456
1262366259783569408
1262352305741074433
1262351415860740096
1262349830627766273
1262327746207907840
1262324368228659201
1262315187320872962
1262306811845189637
1262300627180363776
1262294406348050433
1262286602744877056
1262278937855614976
1262273567347130373
1262128763959156737
1262097244368625664
1262085951104434176
1262082702284476421
1262003341971816448
1261995211229724673
1261994921046749184
1261948347818160128
1261945222692560897
1261943996642983936
1261942938558480385
1261853098949201921
1261830859805638662
1261829863016665095
1261827243917168646
1261818801072623616
1261817166317445120
1261783627777609729
1261782644351696898
1261781818266865664
1261779382525444096
1261777104443752449
1261748026005237760
1261743073001902080
1261667745051140096
1261654104088215552
1261653376166699009
1261643142920654850
1261617831461912578
1261616270178496519
1261601299893817344
1261557546340548608
1261348103505842176
1261341621896937472
1261326878964617217
1261321137637724160
1261320231252828162
1261276234568343553
1261242393082449920
1261189578662334464
1261188016560910336
1261185019160207361
1261001301191786497
1260986592086409216
1260684109766148096
1260658229421342721
1260635647032930306
1260628703782019074
1260628290727018500
1260627117081067521
1260626944032456705
1260626564485652481
1260623390798491648
1260596830640967680
1260561022559100929
1260351818909077507
1260344270839525379
1260328984363008006
1260325650956800001
1260309585249939458
1260307428731543553
1260301145454653440
1260290502936707072
1260276467390431234
1260275469905203201
1260274693774475269
1260269368786780161
1260267181302059009
1260260213057347584
1260228303983644673
1260223185607426049
1260209671232684032
1260208855461609474
1260201864190189568
1260200129140793344
1260197170189344768
1260179084405063680
1260177996599767046
1260171252393742337
1260170062394273794
1260168462686654464
1260161499961720833
1260160451008180224
1260152120562659334
1260151546744094722
1260149306209820673
1260148322385485824
1260144470978330624
1260144135316615169
1260143708550332416
1260141818953502721
1260140146759958528
1260137918749913090
1260137019784790016
1260136094420684800
1260134860489924613
1260130851033092097
1260130058523553792
1260128045333184512
1260125198105411584
1260110340102270980
1260110027291066368
1260101859760619522
1259982311707344896
1259969438213976064
1259961914718932992
1259927975635582981
1259927130416259073
1259898984228937729
1259869891949203456
1259868881046339587
1259868347598082049
1259868331634503684
1259866685479231490
1259849764495077376
1259849604859912194
1259849089501495299
1259848691281731585
1259848380131561474
1259847775984013324
1259847221069197313
1259845943425404932
1259845772125917187
1259819247926235141
1259812423176986626
1259811749240492034
1259811424584503301
1259810656238424064
1259788808863825920
1259777577503404032
1259768085122297857
1259764653837746176
1259763997106200576
1259762594723901441
1259761959530106880
1259760383323181057
1259760106301984769
1259758848111456259
1259758343763251200
1259756048346427392
1259753256659673089
1259751883549351938
1259747391416274945
1259745229248307201
1259742641148870656
1259741379548327936
1259611456695349255
1259596040774266880
1259594915039907840
1259593828228530178
1259589265438248960
1259588958528430081
1259587654800326658
1259587186833399809
1259586350690566146
1259586165910503432
1259584777465794560
1259580906437836801
1259524037757280256
1259513621316603904
1259426877724340226
1259418331641188352
1259417514766991362
1259416543752065026
1259395830659919872
1259393888852344832
1259392035729092608
1259391704488194053
1259390341662289922
1259389438431551490
1259388921349357568
1259388154274086912
1259386479203188737
1259373489003388930
1259368577586671617
1259365690110328838
1259251168162840576
1259251049929551872
1259215201611677709
1259187552935952389
1259187353362608134
1259179508906762240
1259179033964744704
1259178048638914561
1259176420686934016
1259169696663982080
1259169112049233924
1259166990545096705
1259163604336750593
1259161931249790977
1259016908499759105
1259015921840066566
1258897476771291140
1258882379118239746
1258878601379950592
1258873417849323526
1258866110214127616
1258837056593235970
1258799855088041984
1258798806155567105
1258716792509390850
1258714259997044736
1258691326939455488
1258512134649999361
1258507683033833473
1258504626141310976
1258502255923191809
1258500076621553664
1258499552426016771
1258498237809524738
1258497561998102529
1258495900399341570
1258494340122451968
1258493848780750848
1258474075061727234
1258432614161100800
1258431979168698370
1258431249326235651
1258424892720132098
1258297097549426688
1258293369777905664
1258292213815050244
1258134407132712961
1258124648568455175
1258121968202768385
1258109817291517952
1258105756659978241
1258104371965018113
1258102401418002433
1257818637362225157
1257812351702663168
1257812023330693123
1257809475936935938
1257807323692662786
1257806143587594245
1257800591407022081
1257791283625709569
1257791105049022464
1257785248882065413
1257783735874920453
1257782473435553792
1257712271326883843
1257650113079582720
1257648165114781702
1257619356147744769
1257594635754639360
1257587228336959490
1257581432274288642
1257579858135322624
1257572707702620161
1257466078508265472
1257460721249640453
1257456450152038405
1257455081370406912
1257449720928243716
1257439560633647105
1257433075685953536
1257431457670234113
1257425650597724163
1257422531805491207
1257374758523592705
1257324149665456131
1257323550953713666
1257322681868812288
1257320925646606342
1257320552903012353
1257316921097117696
1257315945778831360
1257315673585315841
1257314249484857344
1257313533324259331
1257309987614777354
1257308621962006536
1257304676191490048
1257226213342547968
1257223537644929026
1257222555129319425
1257218465343188992
1257064529000890373
1257049342415900675
1257035843920973832
1257006887628873734
1256991776122036225
1256991253901635584
1256988407957520384
1256973260971008000
1256971562214924289
1256970446408429569
1256962042822635523
1256961423378386944
1256922957177372673
1256921705009815552
1256919824615292928
1256847739847151616
1256784079162392578
1256675356804886528
1256336714827567106
1256334211843153920
1255595360510230529
1255590973951877125
1255169807953125376
1255148039477399569
1255148009504993281
1254554370512912385
1254535243039756288
1254495249264754689
1254493862724239360
1254436264780185600
1254177076325875713
1254174738185887745
1254174698637791232
1254048742073827331
1253953627791724550
1253952857696591880
1253813504655659008
1253808202325655553
1253670309686915074
1253667494386192384
1253469250796355585
1253468209677774848
1253293498553577473
1253219673094701057
1253217581739266049
1253215982065266688
1253215883914350592
1253051890914471944
1253048996127539202
1253047405769080833
1253046677688266754
1253039361383432192
1253023693019717638
1253023574312574976
1253023061118418944
1253016601307353094
1253016225044725766
1253015402294267907
1252998745521901570
1252997019372830721
1252761750077935616
1252734528474558464
1252732886278639616
1252717153666596866
1252675595638575105
1252575093705912321
1252570097849417729
1252568878531706880
1252538078155214849
1252534957295259649
1252533769535393792
1252522982020431872
1252518945774538752
1252516402260520960
1252515622514237442
1252510498769309709
1252510329185210368
1252509248560431104
1252345175403188224
1252344914165157888
1252341138498834435
1252331729400070153
1252323941395378179
1252320758501724162
1252320285585530882
1252317997873725447
1252316445939306510
1252310621951086597
1252309989617799172
1252309017826910210
1252305952650510336
1252283883619573762
1252179212003401728
1252176825025003520
1252160316449927168
1252151432821854210
1252043211486515201
1252039942626316291
1251979356701851648
1251979124010344453
1251978008413573127
1251975958678122496
1251969078778114054
1251967709396549635
1251961111555047429
1251928149715226624
1251894146652090371
1251888270700687362
1251822433549639680
1251819399603945473
1251813573103439872
1251812723391901698
1251809217075347456
1251807870661865472
1251789939769032706
1251788342297051136
1251786369552261122
1251785464270458881
1251784105223688192
1251780121784188928
1251775717265809408
1251633377213644801
1251631686707748865
1251630023552966658
1251591278573355009
1251590349702795265
1251568047988584448
1251566634122334210
1251321818075594753
1251313980066447363
1251286880458596358
1251285347603972097
1251274802838601731
1251257810979098624
1251019286077939712
1251016332809732096
1251014155538182144
1250882177073627136
1250829676416839681
1250822566685609984
1250694281280532486
1250692105820876801
1250580166474117120
1250525807824515073
1250522926845173760
1250482231501623302
1250480467612180487
1250457694584135685
1250456261377884162
1250455858192027648
1250399912891691010
1250329435615555584
1250328238175318017
1250299930276589568
1250093577402830850
1250086110413443072
1250079242953658368
1250078962555990017
1250077676137824261
1250033852938096641
1249949244250828800
1249808143720251404
1249801851358384130
1249789721364115463
1249774714618339330
1249709854018715648
1249682613339652102
1249678264559427585
1249674909657292800
1249674249750614016
1249672993300717568
1249656955238592513
1249656360574373890
1249654783742488576
1249652287372394496
1249651365577662464
1249651329796096000
1249621035357474816
1249514272532713472
1249420122801999873
1249418788807880704
1249418648856465420
1249418052803928070
1249417137564901377
1249416457844330496
1249416011755016192
1249414925233131525
1249414108052627462
1249413492697976833
1249412210897629185
1249411347273723912
1249410580701753346
1249400573914484737
1249399585937686529
1249398972944449541
1249398786612396033
1249397556628652032
1249376155397955585
1249375380080930824
1249372788722479105
1249365173640605696
1249364040196988934
1249359196962934785
1249357178978304000
1249356302763151360
1249351749497958404
1249351026731253762
1249344030665854976
1249342107418066949
1249329820967866371
1249321841459630081
1249321371806633984
1249320380092874753
1249308158327218177
1249307804264992770
1249307786602844160
1249289396706316291
1249288162825981952
1249285760521469952
1249285167027335168
1249283767660949504
1249278585527025664
1249278085247221761
1249268745387806720
1249267447699570690
1249266553188749313
1249264408028733440
1249262041686323200
1249261902204723201
1249256425420775426
1249242782532874240
1249104466005147649
1249101597776334852
1249069943045476354
1249069806667599873
1249068929856741376
1249067904504606726
1249061676969865218
1249059782364971009
1249058881864679426
1249057854159572992
1249054911888834564
1249053604444602368
1249048707099693057
1249048219537092609
1249041138067128329
1249038664258277379
1249032829322825728
1249029604146372608
1249028674390757376
1249027244619632640
1249025163070451714
1248997499387424768
1248981980022218752
1248967174435287041
1248959443003420672
1248956173769981952
1248955786644127744
1248953124414459905
1248950316227330048
1248926316382105600
1248904638860079104
1248903090822053888
1248897579670274048
1248870047830945793
1248868518990352385
1248697567136960514
1248642794362736641
1248638268343832580
1248532267154243584
1248506487951036417
1248504705497608192
1248498174525726720
1248498000470487040
1248380352730550275
1248377368953016325
1248376412190334976
1248344544283942912
1248343061324840960
1248328991263674368
1248327142548688898
1248325442320379905
1248323122891239426
1248320193014697984
1248319792446046209
1248288489529126913
1248287627989659649
1248285538714619911
1248285447245246465
1248284761992429569
1248022425423527936
1248020771647164417
1248012444544274432
1248010141166735362
1248005620210397186
1248004280696467456
1248003850176360448
1248002968378413058
1248001927775805442
1248000057162510336
1247999351097561090
1247998599213899777
1247997992159916033
1247992014387531781
1247982982788497408
1247778347087581184
1247765241435324417
1247605888728420352
1247539686819520520
1247515261349105664
1247514503861829632
1247512842355572736
1247413945914339328
1247406318173982721
1247279703393800192
1247271028436459522
1247266974041767948
1247254559212425217
1247254284108009474
1247226491102007303
1247219466418692103
1247218829119361026
1247213967602311168
1247194662315741187
1247194626362146816
1247148698087362561
1247063737292460032
1246943570885578752
1246941754076598277
1246941027161817089
1246914892176805888
1246914742771474432
1246895749595570183
1246885870571065347
1246729514299854849
1246607329262526465
1246604823916576770
1246552897518735360
1246525092319895552
1246525080106086401
1246522006671106051
1246521229189709826
1246499082719432706
1246498978805485573
1246474896852553730
1246460634742640642
1246460373894643716
1246435923686014976
1246433936810684418
1246358240406974465
1246355038777327616
1246328275871379461
1246326612192366594
1246326594551062529
1246324985112690693
1246210960571891713
1246189531612807175
1246173051345125377
1246154458456895495
1246153472426246146
1246051326146023425
1245847355615842309
1245846559469850625
1245845060115034113
1245844349713371136
1245841805607866370
1245840604698943489
1245838936645214208
1245836791317295106
1245832944842833920
1245831736446963719
1245831001307107328
1245830572238241792
1245255117819064320
1245105173741088768
1245005319161470982
1244994715134689287
1244993959996411910
1244993645041930242
1244945579114889216
1244944527036764160
1244936279189532672
1244924737786130437
1244918339224449024
1244913514441052162
1244707693337751553
1244706069181538307
1244704234567806976
1244663150181527553
1244661887431819265
1244625495121158145
1244624755774435330
1244604693491462145
1244602888581795842
1244565324663590912
1244556548833251328
1244556326543425536
1244551880908451840
1244550463728619520
1244348499841474570
1244329596658561024
1244323438363381766
1244321628508610567
1244317776636006400
1244314636859695104
1244312903865511941
1244312802170490882
1244311411175669763
1244311087383810050
1244309764705792002
1244309285980471298
1244308571048873984
1244304758430666759
1244303510734344194
1244301685696036867
1244301549561679874
1244300097267159043
1244299252710420483
1244298343507021825
1244297221761310726
1244293528383041538
1244290758468870145
1244289619644030976
1244289556368809984
1244288955559882753
1244287775920123905
1244286515544457217
1244286396900282371
1244252802798555136
1244250622133665794
1244246747259342848
1244193263831130112
1244186859993010176
1244186744175628289
1244186203701882880
1244184613372792832
1243992904185634816
1243978843720998914
1243976356213522433
1243970348472770561
1243967413152034816
1243962782954991619
1243902685633490944
1243902479122812928
1243901477548109824
1243896784977571841
1243883646869737473
1243883628037394433
1243882577569685504
1243877827079843840
1243863234798587905
1243861616552280064
1243857551067885568
1243851153185652737
1243843320968892416
1243842176255250433
1243840777035354114
1243833573674811395
1243825021069545472
1243824262898683905
1243822853801336832
1243821467432890369
1243820887935156224
1243820143354019841
1243819279012827136
1243816175903150081
1243813969564966912
1243813769471459328
1243803004609978370
1243780855425904640
1243780236933808133
1243776695435493376
1243776491323904001
1243775252146073600
1243655460970024967
1243652797113028608
1243649842494218240
1243648924143046656
1243647915140276232
1243639874562985984
1243620116933349377
1243598445694324742
1243598335300308992
1243582931542708230
1243568646049447936
1243567667547705347
1243567509946630151
1243563744451493888
1243559850791051266
1243559347474640896
1243546829695987714
1243545289077731328
1243543870505472000
1243494338564435968
1243493832404148225
1243485304964763648
1243478895082573826
1243478756712427520
1243328197145636866
1243315117611245569
1243313852604956674
1243289107264143360
1243273229726334979
1243271577468362757
1243267095397367808
1243265792189366272
1243263700406018049
1243262013536681985
1243251761768513538
1243224039839195138
1243187460667998209
1243113463750238208
1243113445345636357
1243089612404338690
1242978588548358144
1242962112282071042
1242926630944804867
1242925933226528774
1242924817344585736
1242918680402579464
1242917346139914241
1242914102030356482
1242897269407584256
1242897036598562818
1242895862226915331
1242852808967237632
1242851770046562304
1242777165332185089
1242768169649033217
1242758765222526987
1242758363961798656
1242734579410141185
1242573214603194373
1242570690341081089
1242564942433325057
1242563219497144326
1242562480548786176
1242560169915166720
1242559077869371394
1242515355307773952
1242507364865105923
1242506305400700931
1242481506175483905
1242444649559719937
1242434351582904321
1242405636010389504
1242401670069436416
1242400728745943040
1242396526095339522
1242395575661858818
1242392950270820352
1242391600384401409
1242281869242138625
1242280913767149569
1242276815412113408
1242275065837817856
1242271630979727360
1242266675187265538
1242263644420931586
1242261601828429829
1242243550944919553
1242033897472503809
1241902055087882240
1241901307553865728
1241849352081063937
1241839357524357125
1241819830942130178
1241809027555876865
1241752198469554176
1241621273224060928
1241621243901739008
1241484462820659201
1241483316907442181
1241483298460884998
1241478484758855685
1241475904645279745
1241474636963024903
1241473702631538691
1241472642424680450
1241470617502826496
1241468778229174273
1241466171561521152
1241464273236381696
1241458009307590657
1241456408534622209
1241455990609977345
1241452536491585538
1241451000722006017
1241449687368052737
1241448194057388033
1241447477062127624
1241446639803543558
1241445453318754307
1241443594000576514
1241441983656349696
1241434540037603333
1241414090041458688
1241412549834354689
1241389396169015296
1241385649669890049
1241384973338279936
1241383767706648577
1241366834324135938
1241355107159232518
1241322544776560640
1241321839026040832
1241321131983978496
1241318852207747072
1241315644282413057
1241143859612209155
1241128983074353153
1241123964241444865
1241123164358348802
1241119912841617411
1241118298974150657
1241116893789990918
1241106773718810624
1241103591097671682
1241102900283289607
1241097187888631809
1241094484299055110
1241094038406692866
1241091763621769217
1241090263537328131
1241090118183727111
1241089706319843330
1241087530520522753
1241087516524064769
1240908594989711360
1240907264048988160
1240905067701645312
1240905029957177344
1240749198477348864
1240715429208784900
1240698992607952897
1240696432031481858
1240695930929569792
1240694872417263616
1240694016062058497
1240692949379211267
1240690766944432128
1240689031244992512
1240559186397839360
1240526975896354817
1240526355726577667
1240524920066641920
1240524507900784640
1240360418754863104
1240360058883649537
1240287239894118403
1240200786140938241
1240080434056347649
1240075916610584577
1240074969855537156
1240070673847988226
1240067906278494209
1240066178833428486
1240062883565838337
1240025063153426436
1240020947350040576
1240020751576633346
1240017560256622595
1240016977839771651
1240014177172848648
1240002988078436355
1239975511511592961
1239965678896967681
1239965010035494915
1239959956222287875
1239953195184664576
1239951245454069761
1239950259176046599
1239950074186252290
1239947772629004288
1239946457085620226
1239944325364154368
1239937633767358464
1239918862247870464
1239913106370945026
1239901778382065665
1239901322591248384
1239900376012292096
1239899740692676609
1239898366387027969
1239897380805316608
1239896537758601216
1239861168811933697
1239860752304963586
1239860066037248000
1239858080629866500
1239848203220144128
1239828222411448320
1239692008018624512
1239687986851115008
1239652753485463554
1239331394859515915
1239324665920831488
1239323543332061184
1239323206034567170
1239316792033583105
1239305366653079554
1239299997876830209
1239285552425426945
1239284546438344707
1239282938488946688
1239282261947830272
1239276359953809410
1239275743584178177
1239275742841704453
1239274415050850304
1239265018774007814
1239248236147363844
1239240641160318977
1239239845974888449
1239239665342992384
1239239417124044803
1239233138540326912
1239223209356136448
1239221718033539075
1239220677187637249
1239219830257057792
1239213189478395907
1239212783444602880
1239204772370055170
1239201184512192513
1239194471893434374
1239193140487229440
1239190971730059266
1239189391463022593
1239188428555800578
1239187251093032960
1239185985679826945
1239185546867544064
1239162353293410304
1239159580476821504
1238966288757768192
1238964411525709829
1238963510979317763
1238963194426687488
1238961463672410119
1238948467189387264
1238948081820991489
1238871703511580672
1238870440669478913
1238869394043928576
1238867321168543744
1238866817197789184
1238866169815339010
1238864439732047875
1238863214269562880
1238861336471363585
1238820140399157249
1238819290444333060
1238795805139644416
1238795480026447872
1238794586883006467
1238764573685092353
1238762855534604288
1238760664841281536
1238760612655763457
1238757950958813186
1238753373563899907
1238667253257777152
1238664053322592258
1238655133778665472
1238650087640911873
1238569554915274755
1238556836174888962
1238556086627598337
1238554768378912769
1238551078926462976
1238249000089931779
1238247593517486080
1238246336178380800
1238244832952365056
1238244642090561537
1238242491738054658
1238241935309012992
1238240766419513345
1238240263644033026
1238239804539764736
1238239418563125248
1238239197582045187
1238236016554708993
1238234762013270017
1238233414349832194
1238218367795974144
1238216125353283589
1238212912264687616
1238211403896545281
1238200383975145472
1238197689197694979
1238189807077076998
1238187469767573511
1238185791421140995
1238184678449954817
1238183476547006470
1238165212777324549
1238164145624813568
1237850036202926081
1237832779594895360
1237832266723872770
1237830890090266625
1237829515319050240
1237802020217724934
1237800671828738048
1237800261969760256
1237799868086829056
1237799850118348800
1237799219668439042
1237788581080563714
1237739534433075201
1237737036154576897
1237664086843887616
1237452848411140096
1237438854115799043
1237435457736187905
1237435408448978944
1237419952438677506
1237418713298731008
1237417593507655680
1237388082598404103
1237386994314924032
1237373690788052992
1237372486846754816
1237370302969057280
1237368538748379136
1237352910872350721
1237352187048660992
1237351875525201920
1237349047834423297
1237336049266941952
1237334552479137792
1237321382238851072
1237318737478516737
1237318231725158400
1237306075969458177
1237300398135836673
1237295544483135488
1237294424515895297
1237294003986599936
1237293710121066496
1237289687980654592
1237281264182480896
1237226714150903808
1237222045152354306
1237202759772000262
1237201230285475842
1237153600662634497
1237152885978411009
1237151638512689154
1237147283847872512
1237145124506873856
1237141805868736515
1237140851702345728
1237106430790041607
1237075350514995205
1237074805679153157
1237054400197210112
1237054359411855361
1237052794802245632
1237023638861369345
1237023625586388994
1237016034340671489
1237010736397922304
1237008684485574657
1237008033408077825
1236990936619593728
1236986000972316674
1236982232981667841
1236977075262717954
1236971457017774080
1236968180075188225
1236967388500971527
1236965489722691584
1236964746081034240
1236960107918958593
1236959778800353281
1236957887517339648
1236955729812168704
1236955175602061312
1236953797899038721
1236921576563658752
1236774305477865474
1236772285966692352
1236748542607319042
1236747331892056064
1236746282909171723
1236745288414564352
1236729065710727169
1236727889963483136
1236726191559565312
1236663668089200640
1236653597644947456
1236652608774975489
1236648005694087168
1236647458165403649
1236645211289370625
1236635107156467714
1236602768040886277
1236592887334346754
1236568801715589123
1236565952067768320
1236565207528476674
1236564783975092224
1236556505215840257
1236429496850485248
1236416027644362752
1236414690995175431
1236412833572757507
1236411765103243265
1236409746405634048
1236409387310297089
1236397238856884224
1236395878694424577
1236384516031332353
1236381609349218305
1236381158058930178
1236375225522163712
1236373279667032066
1236367207229161472
1236366266346221571
1236366236633780224
1236361382280519681
1236356811554533384
1236356175760961537
1236355492915687430
1236349488618446857
1236348168931094531
1236339711431585793
1236314034292523008
1236313225152659456
1236307879914868738
1236306331373572102
1236291239231868928
1236288974920003584
1236258600596705282
1236255559583752192
1236248995783217152
1236239019853385734
1236225495672541184
1236188377956966403
1236182893610913793
1236176964802707456
1236175434729033729
1236056757434224642
1236054585917259777
1236052419865391104
1236036098545143808
1235974185916280832
1235972291126800386
1235970908029890563
1235954738304335875
1235953097920389120
1235953081562652678
1235927160436789248
1235921877614329862
1235919646836117506
1235913691297693696
1235886610895507456
1235853447854841857
1235843443978461184
1235719273873657858
1235701100277358592
1235677229679546368
1235676395323486214
1235674517407744000
1235672813543055360
1235670794212163585
1235669540048179200
1235665344485830657
1235660581765439488
1235658527160463361
1235654778308435968
1235487896246812674
1235466423536775168
1235312723136786433
1235312486540337152
1235310496967987201
1235308968362283010
1235308533702418433
1235126995895357440
1235126169298767872
1235121245902888961
1235093464611614721
1235092729174142980
1235089850665234433
1235088772997369857
1235086591913340928
1235085620982296576
1235083930052612096
1235081971845361665
1235080991116611585
1235079001879674880
1235075987970367488
1235072108859772929
1235071395693985792
1235069940111007745
1235065015834640384
1235062682543222785
1234933071243366402
1234930450252075014
1234929589757128706
1234917853368856578
1234917653854277632
1234902971508568065
1234902339955326979
1234902173563195393
1234900963460296704
1234900849161330688
1234896477631238144
1234764808429408256
1234764350474334208
1234763633135144960
1234745430925303810
1234744571055222789
1234742883338588160
1234735018016202752
1234592344680357888
1234550237857034240
1234549819957563392
1234541764276609024
1234539835274256386
1234539026172010498
1234496350093529089
1234443468380004352
1234443443180576768
1234351731720511488
1234348659254419459
1234347590965190658
1234346999929069568
1234333567427186688
1234331968747245570
1234330904526565376
1234328652063571968
1234322266139353088
1234321805533437953
1234320276818665472
1234319573144473600
1234317817329209344
1234315225123430405
1234312839055257600
1234310974523478016
1234309883333414912
1234309127280656387
1234307417950822401
1234213231360643075
1234212692757536769
1234211555945992194
1234210883812892672
1234203001394532353
1234195143101755392
1234193834776649732
1234193200480428032
1234191929958682626
1234191182466572289
1234190543875461121
1234189515151093761
1234186983762690048
1234185910671040514
1234182486692892674
1234177747628548097
1234172662118785025
1234171587697528833
1234109108963463168
1234108890729586689
1234108871360290816
1234043057332420611
1234035551734509569
1234035441147547648
1233947499120988160
1233945835764928513
1233944920349708289
1233944385970110464
1233943430658764801
1233846833006379008
1233840403864064000
1233837304483131392
1233836093688238083
1233836066337173504
1233834189453221889
1233830933075234818
1233830140217634823
1233809491554160642
1233799457009020928
1233799367762554881
1233799280248467459
1233797924297023497
1233703221924900864
1233698343378964480
1233696596090638342
1233695595736576003
1233693181864267776
1233692930994589696
1233668516638842882
1233665824625434626
1233660914425106433
1233660276173570048
1233652306853400577
1233648513554296833
1233644217832017920
1233643907772243968
1233641931441393664
1233641179029348353
1233636980551974913
1233487609852309506
1233309603057799169
1233285632857952257
1233281773947310080
1233169139394600960
1233163301380673538
1233160493445021696
1233159513739612160
1233155705676410882
1233154757302345731
1232951223537618944
1232929619482947586
1232754850661879810
1232743450702950400
1232727791642255368
1232727566995410952
1232591097651769345
1232590594112921610
1232589709924282368
1232589225918435328
1232587824714731520
1232587223847129091
1232509470741274624
1232509251454742528
1232507495253499904
1232505486777475072
1232504939970256896
1232504291509796864
1232502242982404096
1232415617690619905
1232331759666200579
1232330768871051264
1232330039645147137
1232322719263449088
1232315106005929984
1232314258232246273
1232218745533272064
1232218396726583302
1232217762640125953
1232213415357288449
1232107458518274048
1232094844270653441
1232086124706836481
1232085116018724869
1232078846335291392
1232069617444704256
1232068259094114307
1232068235094351875
1232042063899889664
1232039594595622913
1232038402528288768
1232037778361286656
1232037746799185921
1232036510494593026
1232035093860044801
1232032237526409222
1232026712210386944
1232021159593553920
1232020196770140160
1232019265156415488
1232018026171699202
1232015465603616768
1231983563068919808
1231962095576604672
1231944196963131392
1231927777579933696
1231910094696304641
1231904066273411072
1231903059363717121
1231900853122011136
1231869821345845249
1231849424592216064
1231847001651908610
1231844208631320576
1231843722289127427
1231843251533107200
1231669649248530432
1231669630357340163
1231601834126606337
1231579179264729088
1231573372015869952
1231572594500960259
1231572208868261889
1231359340470292481
1231356910445715463
1231356188987731968
1231354609853227008
1231350469827682304
1231349195929464834
1231346728017768448
1231345853157212166
1231345604690939905
1231340183683051520
1231319057686724608
1231316588068048897
1231310275703443461
1231304400339111944
1231301804866068480
1231300634512633864
1231298432498835458
1231273030732668932
1231272180824055808
1231272159693213697
1231256444135182338
1231250746135515138
1231238021476909057
1231218838827675648
1231218449843675136
1231211949695930368
1231211939482816512
1231210920552140800
1231205451083243522
1231205219754745856
1231204538167812096
1231202713221959688
1231192807991336961
1231158808023617536
1231156374794579968
1231155361132040192
1231021488108711936
1231016460220276736
1231016097610190849
1231014362489511936
1231012356261646336
1231010971512135681
1231009985410322434
1231009240929665024
1231008353700188160
1231007799624306689
1231006972834729984
1231005841970647040
1231004972348821504
1231004621046517760
1230998655336931328
1230997759714615297
1230997282385997825
1230997032468385792
1230996455185354752
1230995908420100098
1230995259817066496
1230994114084298754
1230993129022590978
1230989937169895425
1230973469858369537
1230970127065264129
1230968579241250817
1230968564674375682
1230968163338248192
1230968061534052353
1230960089177186305
1230938700160393217
1230936736278204424
1230935193944567810
1230935156464246784
1230934337383813126
1230933818028314625
1230932812016111616
1230932095645646853
1230914335159070721
1230909522606198788
1230908320749359104
1230904698842079234
1230903456552103938
1230901657908760577
1230580734005596181
1230579905982844930
1230579162705907712
1230578332791693313
1230577409243697152
1230576492540760067
1230575808747593728
1230570073133404160
1230548642747912193
1230547925475807232
1230539608737374208
1230538393504882688
1230536744619200517
1230522325143080963
1230521861492047873
1230521703295594496
1230520272425508865
1230519674665885698
1230518903882776576
1230515202589896710
1230514958120751104
1230514217096228871
1230513223511814144
1230512775585320960
1230512502598963201
1230512059479183360
1230498735861501954
1230496854250590208
1230486105197367296
1230485890771881984
1230485682705108992
1230480948371824640
1230479952136593410
1230479649773379585
1230477769903104000
1230477267630948352
1230475702702571520
1230466419147595776
1230461791467163649
1230425903320195072
1230404363375579136
1230402004494749696
1230349418215464961
1230349221611679744
1230348969693323264
1230343541920092160
1230341870959628289
1230288756915294209
1230287496292052992
1230286993386504195
1230286468876324864
1230284671591813122
1230284234130165766
1230283417264279553
1230281849747988481
1230281176847470593
1230273021753073664
1230271367003635712
1230270009601077249
1230263467157999616
1230259860295557120
1230259409940512779
1230258317190144000
1230257592959750144
1230253780706496514
1230252036140228608
1230236029342375936
1230231132450512899
1230229799312019461
1230190160635158528
1230187027582287872
1230158281001357312
1230157920010153986
1230138255393349633
1230137057219162117
1230135052522184707
1230116475224121349
1230110164210126854
1230109034151317508
1230106764466585601
1230103891741675521
1230103129502474241
1230101857089081347
1230100634873081857
1230100366563344384
1230099634321838085
1230098861269618688
1230098271655407616
1230097597026766848
1230096700783628288
1230095744998289411
1230095282748186625
1230093653546283009
1230080948701716483
1230080703188152320
1230079839899656192
