1330278328729788417
1330274722278494215
1330248356833210371
1330210895700631558
1330210251094831104
1330210056122601472
1330205347483676673
1330205025021386752
1330204820410658817
1330203619640086532
1330202574214078467
1330202524360519685
1330190053969178627
1330189218736431104
1330187735752187911
1330187342687113217
1330186726560714757
1330186343113248775
1330161666823237645
1330089466850062336
1330088937814175750
1330088777474330626
1329793750252523521
1329567922319134727
1329503474065797125
1329503227776294917
1329503113724760066
1329502514258075648
1329502478958796800
1329491911980306441
1329491336525996034
1329491240270880771
1329490768411684865
1329475547450273792
1329475428944371713
1329474981902884864
1329474859626360833
1329468818041790471
1329468644762521602
1329467777757962245
1329466339635974144
1329465574968205313
1329465531850743811
1329465435952123909
1329435594611679235
1329433695288242177
1329433305834459144
1329433015177580548
1329432545092624391
1329414259546189834
1329414018268852224
1329412731833888770
1329412534160519170
1329411787003994114
1329331550673113089
1329190287281971200
1329158543006642176
1329158252010086400
1329158178664312834
1329157638563704839
1329157149088493568
1329156791041716224
1329141959139667968
1329141428941975557
1329126997394661378
1329126844214468608
1329126780846936066
1329126732994129928
1329118445317861377
1329043737847193602
1328821845768986629
1328774393317748743
1328765109313753090
1328765013591531529
1328764750759677953
1328764729037295625
1328760563527274496
1328758846769291264
1328704010212302848
1328700471868084224
1328684257628332032
1328683994288951297
1328683676499144704
1328478048627400707
1328477528697221122
1328476961920921602
1328367145043038208
1328365580043292672
1328364698635563010
1328363655193309186
1328363378021179394
1328283180684730368
1328250063655739392
1328089906225229827
1328088539821707266
1328022727454830592
1328020864693129218
1328020382801162241
1328019438608797698
1328018659114151936
1328018384366301187
1327972146509877248
1327970769687760896
1327969033153556483
1327743374544211971
1327708412919107592
1327707857219973121
1327707419045138433
1327706536991461376
1327706285723279361
1327675091073847297
1327674858344501248
1327674767034486787
1327674013624262656
1327673699974176768
1327673345119301638
1327663201576759296
1327662884801929217
1327578897890861056
1327366751991033857
1327366091304210432
1327365253718560768
1327345617643966465
1327343975582281729
1327343150793433088
1327322346567446528
1327302899001683969
1327278366484033536
1327276911941349376
1327276514472325121
1327275830721056768
1327247897059086336
1327172710330458112
1327171529470308352
1327171189559734272
1326897782553255940
1326896953574174726
1326896504875986947
1326896222087614465
1326895256466583559
1326831911587733506
1326810367717150720
1326664071370969088
1326643037171306496
1326642586824609797
1326642265310294021
1326582571359203335
1326582340345360384
1326581838387798023
1326543818481496066
1326203227352731649
1326116144474943489
1326115889721303042
1326115672498335746
1326115356998590465
1326113949520175105
1325943727320338433
1325935512545320960
1325934624296607746
1325934436865732610
1325933767236726784
1325932179461988354
1325931065974910976
1325930382131421187
1325929941058383872
1325929762628440065
1325929490787295234
1325929394024685577
1325928893258280960
1325928709065486337
1325928384975822853
1325928191840673793
1325927948583628801
1325927875036536838
1325927789502017537
1325927598103343107
1325859746134552577
1325859307565539329
1325858930627588096
1325857922329546753
1325856756510109696
1325853591291244547
1325852193350586368
1325852098987175937
1325851585516335108
1325851003162390534
1325849404532793348
1325849149745602562
1325849024579198979
1325575908959412224
1325548421059633153
1325547696871133184
1325547355500924928
1325545385880915968
1325545185657368577
1325544757561581573
1325544448571432960
1325543049427083267
1325490524153896961
1325422975953367041
1325422149914537984
1325421362010337281
1325371031503114245
1325204663281410052
1325203069500579846
1325195421526863872
1325134566907129857
1325132957598711811
1325121236368728066
1325121059092389888
1325119360457961476
1325077464293445634
1325076540590329858
1325075848718856193
1325075086471294976
1325074389797396480
1325025546934300674
1325025437655949313
1324984554264944642
1324787618543001603
1324786723952492545
1324786148988866565
1324785726085570560
1324783867606278145
1324781767232991241
1324757191358849032
1324757072454574080
1324756500670197760
1324755756894298112
1324755617660153858
1324755356111802368
1324755170346127361
1324746592348479490
1324717335287136257
1324717063693357056
1324716769240621057
1324628063188115456
1324490671286353922
1324488364490444800
1324354901535870980
1324301228218716161
1324300672465031168
1324289677248135168
1324270428404228097
1324078966844592128
1324078832048103424
1324078782999834625
1324078241817251848
1324074674955976706
1324001781362417665
1324001415086395395
1324001120876961792
1324000683113222145
1324000498043789313
1323990764297297921
1323990662505746433
1323989242238930944
1323989093366321158
1323988593468211202
1323988584060379136
1323910288802897920
1323909444405760000
1323908476188397570
1323906611342123009
1323783623531704326
1323739643523772417
1323739606798524417
1323739229571207174
1323738883079753730
1323738460516196352
1323738107779420165
1323737775506628613
1323737108062851080
1323736833071718401
1323736628674834434
1323736510487777280
1323736386097303554
1323720434576183297
1323720199275712518
1323720145341157378
1323695541922967553
1323695384951169025
1323695135335600129
1323692454114136066
1323691748212826120
1323691732492558336
1323691367420354560
1323691144472047618
1323690978067308545
1323690831648313344
1323690747137269761
1323686071994109954
1323685605566488578
1323685107593551874
1323685029868933120
1323633880285515776
1323631054482296833
1323630941819097088
1323630760251764736
1323630151880638465
1323629695544528896
1323628804062040065
1323628199465668608
1323627844573028354
1323627713610088448
1323627644496334849
1323627540204953601
1323627486656212992
1323627105184342016
1323627011886166016
1323626854461411329
1323604015024930816
1323603291608129536
1323602893296074752
1323602547987402752
1323602500314955776
1323602079076798464
1323601779305709568
1323598335807246336
1323591935597203456
1323591572915736576
1323590675007496193
1323590050135838722
1323589792827846657
1323589597633433601
1323588896949706752
1323588824342167552
1323588668615991296
1323587781306834947
1323587698569977856
1323587385209155584
1323587341261430785
1323587259745128451
1323587126395604993
1323586979683049474
1323586829162061824
1323585400129150976
1323585121828642818
1323585023224745984
1323390825599033345
1323390640688975873
1323342974751633408
1323342501370093570
1323342464468635650
1323338990104301575
1323338962182774787
1323338418387066880
1323337708488531970
1323336899877048323
1323336646717284353
1323335744090419200
1323335685865148416
1323301355784704000
1323300317799264257
1323299723869102081
1323251505009479680
1323251322385240064
1323205984517558272
1322952716658921472
1322951905975455752
1322949891388223488
1322948751351230464
1322944894370009095
1322944359470346240
1322943340615241728
1322943248764162050
1322942536407830536
1322942027215065089
1322941769097596934
1322941696972365825
1322882106108891136
1322881867062927361
1322881369551392769
1322606437634289666
1322599536628555777
1322598676171268096
1322595898153730049
1322574103203766272
1322573666161467393
1322572689538732037
1322570198415777792
1322570007541329920
1322569555609354240
1322569230118735872
1322569084790317061
1322568334341275654
1322567917964328960
1322567440216150016
1322566899046223873
1322566703625261059
1322566566802792449
1322566322119708679
1322514636973985792
1322514194290323457
1322512744483065857
1322510520331751425
1322317717815308289
1322317545051926530
1322317445839921153
1322317273147887616
1322305749570248705
1322305690430484489
1322304383334440960
1322303863710507012
1322303575142371332
1322302047396528128
1322300931082518540
1322300632255049731
1322300343972233219
1322299936562683907
1322299779876114432
1322299621138464769
1322278520899457026
1322278241445548032
1322263147693092866
1322262146470871047
1322261931097546752
1322261836050386951
1322261007855722498
1322260624521519107
1322260400113672192
1322245853453705217
1322204112893759488
1322204101418115072
1322177826267815941
1322175581660864514
1322173883026460672
1322172863403728898
1322172566069563392
1322172396728627202
1322172192226988038
1322171928526946304
1322171695491354624
1321934514780819456
1321934448414306304
1321933574573088774
1321906401044779009
1321905755449102337
1321807328639963138
1321807116638801923
1321805268125159429
1321803502256082947
1321802238805893123
1321801749796192261
1321801550927454210
1321801346652229633
1321723670503526400
1321571936175095810
1321571828704464898
1321570899842240519
1321570508014571528
1321533367398129665
1321533313518100481
1321532052412502018
1321482513425043457
1321481157091840002
1321479860938776576
1321479718810636288
1321479578993545218
1321478082168016896
1321477741154283522
1321477568256708608
1321476266302820355
1321475914576908288
1321475670887800832
1321464699658141696
1321457784794337280
1321457458469081090
1321456272252768256
1321455580888924162
1321188301588619264
1321187842710818818
1321187569179176967
1321187042458505225
1321186581714243589
1321185969199087616
1321184233755467776
1321181264213401600
1321180500216680451
1321180417312083968
1321134280395862024
1321132076679221249
1321131562885414912
1321130426967220225
1321130244913483778
1321130108153958400
1321052031566700544
1321051652628140032
1321051315259191296
1321050884101545989
1321048430102433793
1321048338003886081
1321046183100514305
1321045514029305857
1320984609321029633
1320984249772769280
1320983841499217920
1320982662614536192
1320982290600701952
1320982011784450048
1320981851306156032
1320980609922179072
1320978975955521536
1320978728982351877
1320815899675398144
1320814538728468480
1320811769531682816
1320787110505447425
1320786334114582530
1320759652141944834
1320759437490032643
1320758836869947393
1320758337013747716
1320732413723639809
1320731923879235592
1320730168755949571
1320729406206345216
1320729199305515010
1320729079377764354
1320465034351419393
1320276203526381573
1320143977304231936
1320129238369009664
1320128735073488897
1320050595047288837
1320049763144912897
1320049615501230083
1320049264257650692
1320049173954252812
1320048049020936193
1320047903721836545
1320047347863347202
1320047240237416448
1320046919700406273
1320030398584393730
1320030069172076547
1319927551234629632
1319919733639184385
1319754218526355458
1319752225774837761
1319752111706509312
1319752034216824832
1319751918433042435
1319751813856432131
1319751626060595200
1319751393591369734
1319750297665835008
1319750202081923072
1319749824783257604
1319749724363235330
1319749242391568387
1319749148363624448
1319748453715578880
1319748354751008768
1319697897596866560
1319695558089596928
1319694984677937154
1319646140116160512
1319645074251272193
1319643454608232450
1319412771419815937
1319328971167830018
1319303722854395904
1319282782950936576
1319282594148564992
1319281931113041926
1319281118143598594
1319281007527297028
1319280937130029064
1319280476108902400
1319276648752009216
1319275756799758336
1319238537666039808
1319238378529894402
1319237463727067136
1319033584703950848
1319033355472699394
1319032902601105412
1319030508798574592
1319030461893627904
1319030320918913024
1318964158814179328
1318936021162168325
1318935365269508101
1318935195798671362
1318935094934048769
1318933802266263552
1318931721144930304
1318930981475307523
1318844526253977600
1318844283651239936
1318840271136837632
1318489736705695745
1318324859311632384
1318324249954758661
1318323516761116672
1318323475942080513
1318323318680899584
1318322854375624706
1318322445326163968
1318292506577166339
1318292202771107841
1318292011888349192
1318291831491317764
1318291711462936578
1318291569544450048
1318285096315703301
1318236427352743939
1318236300043034624
1318233961475309568
1318233619375230976
1318232671537987588
1318231056118591490
1318230182231265281
1318230018158481408
1318219928256811011
1318210335879331841
1318203214257422336
1318199175910248449
1318198018676563970
1318197914762661890
1318197178201001985
1318197060001214464
1318197002673553408
1318196783802187778
1318196757608673281
1318196084578058240
1318192213709422592
1318192006359883776
1317864511035052032
1317863722308767746
1317863598769819648
1317857122957336581
1317856908217384961
1317856819566575617
1317856477865005056
1317856020308262913
1317854712276963333
1317854507003502599
1317854025124139011
1317853566279819264
1317853127450763264
1317850439187124224
1317850375576313858
1317850329673773059
1317850239932485633
1317849783663460352
1317789589675872257
1317537209717751811
1317528684849434624
1317528442162872326
1317528294066106370
1317528233756196865
1317525954584104960
1317525306207502337
1317499450995212294
1317496450545291264
1317496397273419776
1317495264878481408
1317495224587984898
1317495083588005888
1317495029020172288
1317494496372936705
1317494286137643008
1317494239249518594
1317493853344178176
1317351127206211584
1317349620859785216
1317213533726248961
1317213234684887041
1317212867150684160
1317212725152460800
1317208529443454976
1317182754602258432
1317182700453855233
1317182191558950912
1317181913501749249
1317180672512086018
1317180257137528832
1317178935046713349
1317178640011042818
1317176979486068740
1317176788175433731
1317176351888232449
1317176000116121602
1317175543616471043
1317175000701538306
1317174760464355328
1317174177745481730
1317173692917551105
1317173395994411008
1317173277605961735
1317173050975113216
1317172620983488513
1317170973037236225
1317170925486432258
1317136906476552193
1317134860398546945
1317134554004660224
1317117199723749376
1317116641918976000
1317038878142976000
1316818783261151232
1316792951977193473
1316792383904849921
1316792344126066688
1316792058267525120
1316792007755530246
1316791735079632897
1316791586836148227
1316791390362370049
1316790373705035776
1316760148761817088
1316760094869270528
1316758281021534211
1316757956466180097
1316757570338664454
1316755852167127042
1316755774597672961
1316752646280302592
1316752422275026951
1316665765668552705
1316508962196459525
1316496536151511042
1316495506659565568
1316494696127004672
1316494337820196865
1316474456362151943
1316473832228749312
1316473755393290240
1316472896055803904
1316472170265169923
1316471867306315779
1316440621805113347
1316438434047823872
1316438125292539904
1316438038503919616
1316437531051859976
1316437256404692998
1316436920268992515
1316436858193301507
1316411774162407426
1316411349900161024
1316411070576287746
1316410536280629249
1316410373810130946
1316410160697487361
1316409706576044034
1316408742494302210
1316391112756596737
1316390996285034496
1316377806603988998
1316377695102664704
1316377463056982016
1316103401277718529
1316021168772538369
1316006421226455040
1316004813604302851
1316004593772494848
1316004294114660359
1315975423680032774
1315975075888332800
1315974641987485696
1315974458700713989
1315973551418232832
1315973369024729088
1315973264678834176
1315973188912848896
1315926998515146754
1315910255600111616
1315909193443028994
1315907499078418433
1315740766074032128
1315735476993691648
1315735291706118149
1315734513461403652
1315734020148408320
1315733296765075460
1315732489323909120
1315732144199696385
1315732073550884866
1315730868779069440
1315728975294009344
1315728166602842112
1315727546038849536
1315721814891466753
1315720701882630145
1315720568637976577
1315720069998149633
1315720028793298944
1315719631462694915
1315719283192852481
1315719025914249221
1315718123719401479
1315717520750501888
1315717468225142785
1315717032491483136
1315569522871500805
1315343476410642432
1315220054657716224
1315219817977253890
1315219504830525440
1315069191716769798
1315067393455140871
1315011180436561920
1315009830315331584
1314932854854479872
1314904754678530053
1314741780672319489
1314673347813404672
1314558623809515526
1314284604975652864
1314284001729949696
1314283819671977985
1314201066150465536
1314198615485751297
1314198014802657280
1314197885102292992
1314197395346010112
1314196454962061312
1314195607117082625
1314194561045012482
1314194191820390401
1314193900077277186
1314193057517113345
1314192823764299776
1314192036724191233
1314191614563233793
1314191301710155787
1313940048178487298
1313939955073376261
1313939737263169536
1313937763323047945
1313935351145263115
1313926356246433792
1313915336652095489
1313914020571877377
1313913553192210439
1313913341878824960
1313901118376882176
1313860861027549184
1313854198874869760
1313854154910175232
1313852727949131778
1313852565747007488
1313848382780329984
1313848358604288003
1313784900827467776
1313776231226265601
1313774043905093634
1313773149897609216
1313770450296754177
1313769601017274368
1313605033443954690
1313578343581786112
1313575702692851714
1313568254498045952
1313429993981186049
1313429306488610816
1313428875922243585
1313427782773374977
1313426410594340865
1313202817260294155
1313146339996377089
1312748335686717442
1312332263049375746
1312331907284303872
1311620145182375937
1311373712130740226
1311072729626488833
1311072467704860673
1311070787865137158
1311070576333729792
1310983582043774978
1310982993763274758
1310965753349394438
1310960585014734850
1310946791098023936
1310907381174415361
1310906734278569985
1310904791049138176
1310904740566511616
1310904240861216769
1310877942340300801
1310876404951781376
1310876347334619136
1310875857918078976
1310875489532366848
1310874697437978625
1310859495099240448
1310841791495757824
1310841671354064897
1310662681871998979
1310661260392968198
1310660822843129856
1310660611685199878
1310659668679757827
1310659482410778624
1310501699459702784
1310269041987203074
1310262567533776897
1310261753268367362
1310260527612952577
1310254010260164609
1310247668053094400
1310247168641560583
1310246803074428928
1310246425259892737
1310197351395586049
1310194929638027266
1310186686903709698
1309940392041893888
1309940048771584000
1309939968131903488
1309933534551908352
1309922894873538563
1309922830428049410
1309922455310536706
1309922428466999296
1309921166870687749
1309921029641441280
1309920789949550593
1309920683888185344
1309920607975477248
1309920563838832646
1309920448801648648
1309890579677970437
1309889980362260483
1309889746332725249
1309889648815112194
1309881169828343809
1309823847831687169
1309823516301307904
1309822711930195969
1309822041659408384
1309793987667128321
1309793486070337536
1309792227057696768
1309792176373673984
1309790483607097347
1309790428464656386
1309789381331386368
1309789349735792641
1309788315865022464
1309788132813017090
1309788023870152704
1309787903086809089
1309625728812675073
1309625046344912897
1309625017383219200
1309624784683175937
1309624707680006145
1309624607201275906
1309624540411068419
1309624313235083266
1309624273418551296
1309624009768787968
1309623795158835200
1309623590661361664
1309623399564664832
1309623343121915904
1309623152985726979
1309622467476979714
1309502118806552579
1309502006164443137
1309501868343791616
1309500519942160384
1309500242992267264
1309499919284293633
1309499750845120513
1309498569896931329
1309498331509469185
1309497915266695169
1309497889887006722
1309497375057117186
1309497063432949760
1309496536573804549
1309496104044711936
1309496064270053378
1309495947437764608
1309495694470926336
1309495623612354562
1309495274855948288
1309495144295563264
1309495064218021889
1309494835687100422
1309494286157742080
1309494214749757440
1309494076996190209
1309494037410390016
1309492018796781573
1309491869563445249
1309491730492858369
1309491692731543552
1309491641217167360
1309491493246304259
1309490991645298688
1309481642793340928
1309481480930951169
1309481319974547457
1309480935205859329
1309480672449437704
1309478851345608710
1309475969229561857
1309419894002397184
1309418748097572865
1309418696826290177
1309418231065698305
1309417797416620033
1309416455553908736
1309416264641773568
1309411638995550209
1309277618055852033
1309267892681277440
1309267837652008962
1309267677568004096
1309258846293065735
1309256232839061504
1309149083664297985
1309148726271848448
1309131289392537601
1309129694378438658
1309129398700965894
1309129260674809862
1309129213312667650
1309075070749376513
1309074924208783365
1309074910942310400
1309056491987623936
1309050700991803392
1308887622987718658
1308877385849339905
1308877114851155969
1308874244579827713
1308780879318220801
1308780829980741633
1308780606441041920
1308779649900707840
1308779451359125504
1308779302457167876
1308779236875030531
1308779226066288643
1308779194759942145
1308778711731363842
1308778602348064770
1308778479018799104
1308778396688805896
1308778341403627526
1308778275410522112
1308778067419168768
1308777705832353799
1308777542082588677
1308777444636332032
1308769524641079298
1308754715107373059
1308754650124951552
1308753575745654784
1308753409248501760
1308753348783415297
1308752873380089856
1308752596467879942
1308752063833280517
1308751946992553985
1308751370363772928
1308751219901505536
1308750909263040512
1308747973279600642
1308747860784095233
1308747493451141120
1308747424094203905
1308747296482504704
1308747215771504642
1308747148822016000
1308746972241842176
1308745624389586944
1308745466713174016
1308744827408916480
1308744622026428419
1308704876181028864
1308669441618644993
1308669276291764225
1308668638128414720
1308668555609677824
1308668457278484480
1308668384452767745
1308668318581227521
1308498467749269505
1308498003909660672
1308341758426783745
1308341582354149376
1308341410899406848
1308132196654501890
1308095443029684227
1308095051881418753
1308094977357090818
1308094848679976967
1308094752261316608
1308094526364540928
1308094111350652929
1308036429352706050
1308035916552966145
1308018052303327233
1308017991628587008
1308017901526495232
1308017610467037184
1308017449078530049
1308016827474358273
1308015760191746048
1308014712295231488
1308014536092418052
1308014505461518343
1308014434707800064
1308014036005552129
1308013758854373376
1308013242678083584
1308012677810270213
1308012385832243200
1308011688654970883
1308011027569750017
1308010494054354944
1308010381416239106
1307775714859638794
1307775071944142850
1307774454802665472
1307773700075327492
1307772596373598210
1307742271157268480
1307739174607486980
1307738753901961219
1307738581440630787
1307441553263263744
1307424498040397824
1307423971252502529
1307423916613394447
1307423587775795201
1307413272925216770
1307377428931792898
1307354692448595973
1307354565021446145
1307347556645691397
1307346738525675520
1307346059170115584
1307345951556853762
1307345880375328770
1307345804072546304
1307345190286503939
1307331136419508225
1307330995964850176
1307330181821018112
1307329659693137920
1307329213066817536
1307329020791488514
1307322924186112000
1307322390892998662
1307322310542712839
1307322261062418434
1307322221241806851
1307322105307058181
1307322005608431619
1307321854537994243
1307320915445850112
1307320663317807104
1307320169228906498
1307320103059492871
1307319905654648834
1307319583037063169
1307310570287308800
1307227972642975744
1307227891973992448
1307227713128857600
1307227352968179713
1307227238899875840
1307227137519300609
1307226380053213186
1307226214709559302
1307226159072059393
1307224756773695488
1307218282555023362
1306710915081998337
1306710607119429633
1306602185652871171
1306602115633209344
1306602066912174082
1306601913912373248
1306601688510406656
1306601583216603137
1306601287857901569
1306600232428371968
1306599194430517251
1306598449245192192
1306598112438423552
1306597199032266753
1306595434719186947
1306595270306590722
1306595216850169858
1306594919973367809
1306594697066946562
1306544089266040833
1306544038045274112
1306542406595158017
1306542042634432513
1306541799880744961
1306529225004982272
1306298693142937603
1306211729018368001
1306210759236558849
1306210569867927552
1306210186126913542
1306209825970434054
1305912651848056839
1305909252087742464
1305908765938593796
1305792194595389440
1305790661342433286
1305526164677685249
1305525350345117709
1305524916427554822
1304904431444557826
1304902498679914496
1304790312699793409
1304701146255298561
1304700611791912961
1304700366894903296
1304700210451447808
1304699162240442372
1304698766633717761
1304696927712423936
1304696689375281153
1304696405399928832
1304696049576050688
1304695891371139077
1304495145669271554
1304493568451641344
1304493313723170817
1304493188988665856
1304491729538744320
1304469915550846976
1304469678102806528
1304469488830644227
1304469222333075456
1304468708404977666
1304468696988110848
1304406684312506368
1304405913177071616
1304405548817883138
1304404146293010432
1304403980127174656
1304403346506346496
1304402958696804352
1304374106926784512
1304373166601629697
1304372671812169728
1304364954024378368
1304334929459896320
1304334826254860288
1304334793820106752
1304334406409166849
1303982580220526593
1303982474142285825
1303981865842495488
1303981824927035392
1303981501982429187
1303980299316006912
1303803442385825802
1303803229235486722
1303798133311373326
1303796040127176716
1303795343293919234
1303795040393801730
1303777130610917379
1303776674346086402
1303776662270676995
1303776589147238400
1303776426051674112
1303776359353847810
1303776129556377613
1303776061566726144
1303743583736995843
1303742748206477317
1303742464600272899
1303638643094048768
1303610311392595968
1303356772212596737
1303355930579529734
1303355249407733761
1303349894795726849
1303348577985613830
1303239213601755137
1303058198329516033
1303057644995915776
1303057327097090048
1303012057613250561
1302895327750639616
1302895112993812480
1302894956370112512
1302894680103948288
1302894656867495936
1302893816219926528
1302893370897989633
1302893321459830784
1302892821343539201
1302890996208939008
1302887273051164672
1302886433254932481
1302885897424297984
1302885811956916224
1302885748610420736
1302867859455053824
1302664987459158017
1302664725726220289
1302663424497848322
1302519808618123264
1301594391535128577
1301594205366685701
1301593893625049088
1301593089052729344
1301593005275611137
1301591887938236418
1301492418156679168
1301492062823604224
1301272371328724993
1301232860775550977
1301232706639073281
1301232604625203200
1301166859799101440
1301115743250112514
1300897937883627520
1300833767867715586
1300832945960296456
1300832172803317760
1300831865641881601
1300831592341016582
1300831014743420929
1300766268417601536
1300766036409622533
1300765906155507712
1300765223167488000
1300764930245828610
1300764741908996096
1300763821808799746
1300762790450388992
1300762523457724416
1300531948729794562
1300531285656563714
1300529436341809159
1300529168283766785
1300528244916203526
1300526577852219392
1300526577302859780
1300524263858937856
1300523898497310720
1300523832093159424
1300437600524800001
1300436313678774279
1300410281517031424
1300409459647406081
1300303626485850113
1300303494000373762
1300066705217970177
1300066627720040448
1300063071994548226
1300063011105890304
1300062948271026177
1300062622386188290
1300062490978643968
1300061674523721728
1300058980056784897
1300058838087991296
1300058657087008768
1300057428730548225
1300057002891186177
1300056883194212354
1299797362265788416
1299770590685990923
1299769875129397248
1299769374686040065
1299769239327387649
1299767953500626946
1299766805855186944
1299765057300115457
1299764759156449281
1299764726348603392
1299764375541239808
1299763649284837377
1299763404517838848
1299763171167809545
1299762523365937154
1299681418700873728
1299457655489077248
1299455473792495616
1299455301662507008
1299455228081774593
1299360879079837700
1299360751757467649
1299360446974230531
1299359886229282816
1299359610801807360
1299243294631886848
1299241668651241474
1299050538168913922
1299050470128979969
1299050275022557185
1298948301283364864
1298894304497328128
1298894193537024000
1298890480269303809
1298725497052921857
1298725251690496000
1298724642496983040
1298724522476974080
1298723771453329410
1298683044879052803
1298682821536604162
1298651122400473089
1298651078746148864
1298649558600359936
1298649288759742465
1298649172317474817
1298648932956987394
1298588793382084608
1298588487235633153
1298588441907802114
1298587399669325824
1298587276411379712
1298586932654616576
1298586838018523136
1298586730556162048
1298585651189821440
1298584037343334400
1298583805125681152
1298582935805800449
1298582780604014592
1298582429108776961
1298582374209531905
1298581276031627264
1298522288724344832
1298365681608556545
1298365639363629059
1298365441572835332
1298364262755307520
1298363265257541633
1298362157281808385
1298362059546144771
1298361586214670343
1298361426759815169
1298324147379077121
1298291904703074304
1298289254393679874
1298289168397869063
1298271969628971011
1298270633592147969
1298270570216214533
1298270292234493953
1298270026223370240
1298221822014562304
1298001262869450759
1297986562785935361
1297985376821424129
1297984537469886464
1297981062723833857
1297980380570624000
1297940286249803776
1297935371624480768
1297935246269263872
1297935175486185472
1297933182474518528
1297932362739843073
1297913161295826944
1297912541931286528
1297911610753851399
1297911147077697540
1297909756401778690
1297876438356557825
1297875261376073733
1297874981418917889
1297873805281497091
1297873549332492289
1297873360492396545
1297791582532493313
1297791430694502401
1297789716302045185
1297787561767849984
1297786964616282112
1297781840649101313
1297781527263219713
1297779000740384768
1297768085504561152
1297767771523231745
1297608525137563656
1297608352617332736
1297607405279354880
1297606929628516352
1297606592997797888
1297604597004066816
1297603993280053249
1297603836098551809
1297603796336599040
1297603240780075008
1297602353063964674
1297601119485665281
1297582423379714049
1297581796108972036
1297581726475210752
1297581279148421121
1297519558014775296
1297519262492491776
1297518652959395841
1297517420517654528
1297516687378583552
1297515990742433798
1297515912967475201
1297515747929985026
1297513997017677825
1297513102452326401
1297513037193248768
1297512769214984193
1297512099401412609
1297477463677767680
1297475288771760129
1297472768112549889
1297472414004240384
1297291174059954176
1297282069354237952
1297281039518388225
1297280947717644294
1297279492373860352
1297246159740837888
1297245068923932672
1297244372606627840
1297243856103251968
1297243810838253571
1297243648791392256
1297237917765718017
1297237302029279238
1297234199225798661
1297233964894167048
1297233597007618049
1297233156807045120
1297230618540072960
1297230430081626118
1297230071070171142
1297229245307973633
1297229015284056066
1297228595698511873
1297227672884523012
1297226316215967750
1297226203766632454
1297226110271447041
1297181079909146625
1297180586336018432
1297119460231393280
1297085844403163136
1297084964413083648
1297084844757876741
1297084155193425920
1297084056010661889
1297083607765463040
1296928750299418624
1296928536608088064
1296928173205094400
1296928110328324097
1296927730840346626
1296927544764178433
1296883647723732992
1296882448811331584
1296881602581221376
1296881058139516929
1296880806665826305
1296869923537457153
1296869757354942465
1296869585627549698
1296869295364939779
1296868993161138176
1296867503969390592
1296865838021083141
1296865586245447682
1296813576221532162
1296812871058362368
1296812633077755910
1296812306324688896
1296812249990955008
1296811619377446914
1296811423784415232
1296727761516666890
1296727576866676736
1296726874543083520
1296725792412577792
1296725242547765248
1296724980953227264
1296724907016028161
1296453879153004546
1296453665717473282
1296453598386237441
1296453390453612546
1296452944108433408
1296452425541459973
1296451896811692034
1296445611747704833
1296428827657342982
1296427818855870465
1296427653361172480
1296426312341561348
1296390013412937732
1296313773431689216
1296312584669483008
1296169992535396353
1296169490443575299
1296120130074705921
1295983358380511233
1295781870488231938
1295781587079122945
1295780652990816259
1295780466314874881
1295779933755772930
1295677037034823680
1295676903748182016
1295636893271576576
1295414582987628544
1295414268767207424
1295413385048317954
1295413224968466432
1295327998074392582
1295296127554801665
1295296025247309824
1295295567963262976
1295294812904710145
1295294658172661760
1295294469575716864
1295294281180225538
1295294007682248704
1295069837190889472
1295069751723556873
1294912881113391105
1294912044572041218
1294911780674732037
1294911583550939136
1294911422703505410
1294911321440489473
1294910846724956160
1294910715862700032
1294910523016962048
1294907277128937473
1294907161898876928
1294750940713701376
1294750660441841668
1294716782482280449
1294716448993050625
1294715913443344386
1294715886566363136
1294715504217796609
1294715337682935809
1294715252584730624
1294715166194577408
1294616493943136256
1294615360692527104
1294614704858570752
1294614142465318914
1294613588666208262
1294607311772712960
1294607202741882880
1294606985409765376
1294606845361958913
1294606515576475648
1294527675672002561
1294527594868678657
1294527341838962689
1294527144836714496
1294526977794244608
1294526819975258112
1294244805904670720
1294243941156560897
1294181568064507904
1294181430176686082
1294181378439942146
1294180827090255874
1293991248131510272
1293991184558444549
1293991055117946882
1293990170585452547
1293990096467709957
1293990062515007488
1293989977215381504
1293989623643934722
1293989214233731072
1293989167656046594
1293989101541232641
1293989001851015170
1293984930834284552
1293936230695161856
1293934886961782786
1293934490990059522
1293933231050563585
1293886106329657345
1293885863445827585
1293885335676518401
1293885171469619200
1293885036761157633
1293869681280012288
1293869593002479616
1293802384595050496
1293801972005580800
1293795879044943872
1293795332820733953
1293794837456715776
1293565764650307587
1293565146376417281
1293564129870057473
1293563759617814528
1293563291625816065
1293532554881118208
1293280458344747010
1293261189535932417
1293260545362190337
1293260159385468929
1293249747130757121
1293243996094038019
1293242204966850563
1293241032390434823
1293194290311639041
1293194142785376258
1293192398122688512
1293191844600459264
1293191768498995200
1293143254884548609
1293085887295901696
1293084870596603905
1293083627115425792
1292920594095378433
1292919347313352704
1292918445198249987
1292917670002733062
1292825358195138565
1292824816710496257
1292824230250393602
1292823822438215682
1292823730788413440
1292708748188962817
1292708685106610176
1292708633944489985
1292708463001444353
1292708294692425729
1292708262358528000
1292708254951313408
1292107828094787584
1292107113964146689
1292106199593361410
1292048124131901440
1292047636921540608
1292047566171975685
1291852181780533253
1291851700496670721
1291851499505700864
1291851149436432384
1291850868984352768
1291821911157149696
1291785328739717120
1291785206714765313
1291740090625122304
1291737186874859521
1291735078440239106
1291460526372016129
1291459359097094145
1291381070068428801
1291376525451972614
1291376382073810945
1291368641540358144
1291367780281876480
1291367489327247363
1291364971104870400
1291364824052568064
1291364699251126274
1291288280911183872
1291288220148408320
1291288184211611649
1291288120596586497
1291286858484404224
1291286334238273536
1291121182935339009
1291120319760084993
1291120211953889281
1291120156496793602
1291120117464604679
1291119583773036549
1290766496168398849
1290635468523155457
1290583601311088640
1290583419374776326
1290579348039389184
1290326941069987841
1290325984508551175
1290325393799553026
1290325020422680581
1290324770370793474
1290011912579686401
1290011783202185218
1289669904187240449
1289669810591338498
1289669557821480961
1289665445038039044
1289665183250440192
1289652241788538880
1289646341858172928
1289646307087269888
1289646185771175936
1289645870623924224
1289645749920124928
1289644809192386560
1289643843843809280
1289611561883992065
1289611048312377345
1289610166279614466
1289610065805291521
1289609540078645248
1289467039250173953
1289458171296153601
1289457315892965379
1289087940895924224
1289087636578152449
1288907163889553408
1288892374555471875
1288892077405810689
1288869056532090882
1288868945144041472
1288865832634929153
1288846700988243971
1288796060622696448
1288740393396436992
1288584582657384449
1288584500834897920
1288578053237612546
1288577171322265600
1288538964677271552
1288538656127553536
1288538434458484736
1288538351734226944
1288537851282497536
1288536913859825664
1288389453166317568
1288389326456446977
1288387921951760384
1288386485608120320
1288190356828360705
1288188930811199491
1288135187214348290
1288133105744842752
1288132158377332737
1288131648433860609
1288131141631967233
1288130139939897346
1288129620768968705
1288128680670027776
1288128496104083457
1288128396086489092
1288128181824901120
1288027607854874624
1288026335730950144
1288023854326132736
1288023651527294976
1288023147271393280
1288022802994429952
1288022212352540672
1288022059201765378
1287686779181715458
1287643455519416320
1287632080520851457
1287371255537164289
1287368039814631425
1287337278432587778
1287336555057680384
1287336260340776960
1287335825206923264
1287334895510065152
1287334867571802115
1287000508947890181
1287000454644346881
1287000005308485634
1286948049852534785
1286947990175993857
1286947942448926722
1286947924136480768
1286947901382504450
1286947670704226309
1286947129492230144
1286759727679123457
1286759487177662465
1286706500564652036
1286702301323972609
1286697502666821634
1286695010017202178
1286694200373911552
1286693666371915776
1286582252504309761
1286582162628792320
1286579158374420482
1286315096118120448
1286314892153290752
1286314724049555458
1286314642114056195
1286313332929171460
1286313031874629633
1286312857974472704
1286312760536686593
1286312312350167042
1286311944371265536
1286180372548595712
1286038314454257664
1286036677350260738
1286035926360170498
1286035884303888390
1286035782965370881
1286034568554991618
1286034233220304896
1285940651587186689
1285940296300277760
1285940267988717570
1285940212191973379
1285939922243813376
1285906968209653760
1285906437663797248
1285837785962876929
1285825275771617280
1285694286311366657
1285622483903819777
1285620719343276035
1285575283425382400
1285575182376210434
1285489123353071616
1285487963141476352
1285486593193713664
1285485149745020928
1285483448443047937
1285291802870919168
1285289103978893313
1285287986742079490
1285287882467549185
1285287514325082112
1285214505165819904
1285214309958680584
1285154392057032704
1285114337410125825
1284844417388556288
1284843241356046336
1284592516034166784
1284589482126254088
1284502787414544385
1284502688403726341
1284502569667170306
1284502389635121153
1284502344248549383
1284502214665482241
1284502129651208194
1284456390732451840
1284254566662451201
1284254259735912448
1284163879686361088
1284156498143318021
1284147995118895105
1284093024239312896
1283882918079856640
1283836261086777345
1283836203196874752
1283777991865139201
1283776827820048388
1283776748707098627
1283773412645765121
1283680839096770560
1283679099165315072
1283678644481777667
1283673969921609729
1283673534879997958
1283497243597824005
1283495976364314625
1283494417316405254
1283494166341836801
1283493535665270784
1283420897165139969
1283419219124789249
1283418885165928449
1283402769408425984
1283369325160783876
1283368818304262145
1283368778999443458
1283368612896608256
1283367812694716421
1283367719895805952
1283366853700661250
1283366655859597312
1283366403643449344
1283320311014993920
1283319248446685191
1283318202953617408
1283128361313873926
1283128121038954498
1283126155764269060
1283101157200662529
1283038008514613249
1283006166805741570
1283004846464020482
1282948371695706113
1282947463939338241
1282946985205600257
1282944668766961664
1282735704980717569
1282735108815020032
1282705770715414529
1282619509245980672
1282619155733250050
1282568422417727489
1282563115528445952
1282562617433784320
1282297024990281729
1282296754478755841
1282296688342978560
1282295618938044416
1282295457155350534
1282295263927959552
1282294947165732865
1282263691031908352
1282261077057839104
1282259058519691264
1282259002529898496
1281948549475958784
1281947500694384645
1281947191947464707
1281947043368439809
1281946864288444416
1281946019039793154
1281945868237774848
1281945069424119810
1281876012935110657
1281874909128531968
1281707528993345537
1281650399817003008
1281629826068160513
1281629694035730433
1281621178482929666
1281618863449399298
1281618798232166400
1281618443507310592
1281554124392280064
1281552917443510272
1281511115156074496
1281507708362006530
1281506385046503424
1281504062937194496
1281503945534382081
1281502435392008193
1281302819673423872
1281301504486449153
1281301104756772870
1281299274165374981
1281297684696088593
1281295510826090498
1281262083980636161
1281261967731277824
1281236756579352578
1281233069094076419
1281232087136206850
1281231895947288578
1281230940677824512
1281230372202741763
1281222018038366211
1281221484711739392
1281216912316403712
1281216737099370496
1281176964808794115
1281175489214926848
1281174810840772610
1281174124639981568
1281173740517298176
1281172364026417152
1281170868404715520
1281170822271578113
1281170633938939904
1281170479236157442
1281170167159050241
1281168997061279744
1281168918078521344
1281168451135057920
1281112054221418496
1281111959388262401
1281111504566267909
1281110308120145925
1281109808343547907
1281109190182912000
1281109099963396097
1281107811112570880
1280944236670726144
1280943893765382144
1280942285862195207
1280939437422260224
1280938854896238593
1280937556000026624
1280936528903012360
1280929256156119045
1280928520911364101
1280928019725668354
1280927702787198976
1280927281800794112
1280927219259453446
1280926992049876992
1280926953269321729
1280926764617916417
1280918833499385857
1280918703350185985
1280918642939625473
1280918552116150273
1280916517849366529
1280915701126045696
1280915639708741632
1280915592728449024
1280915354051579904
1280915276981309441
1280909465383026689
1280906529105940485
1280906052184276995
1280904221144092673
1280903610105303042
1280876379836383232
1280876095613657090
1280875720038928386
1280827705546674176
1280827456384090112
1280781584195518464
1280781212508971008
1280780753127845890
1280607115829272577
1280607004004843520
1280606029382856713
1280605361234481160
1280604846253658114
1280604751391084547
1280603789846855681
1280603551144673280
1280602361690558464
1280602295961628673
1280600966765649920
1280562516804976643
1280560294255886337
1280559640082878464
1280532617801216001
1280532287159967752
1280531292526907393
1280517135840788487
1280514801597325318
1280512193805590529
1280512115141414913
1280511471521325058
1280511241069441033
1280192013200248833
1280191771042029568
1280189785349464066
1280189602582745088
1280149818019545089
1280149780027621379
1280149204288053250
1280148800028450819
1280116939797430272
1280114866985021441
1280114740216422406
1280072739710283776
1279869798084743168
1279867165550804992
1279867085888380928
1279863605396193289
1279858593358123008
1279855723611070465
1279855190859042819
1279853724593201157
1279850631688323072
1279849957013536768
1279759473071067146
1279750293270466560
1279723408771743744
1279487111687819268
1279486810314477570
1279485147952418817
1279439853105618945
1279439628244676609
1279439215969939457
1279438669972230145
1279438503915421697
1279438125320884226
1279437709757595652
1279433858446917635
1279433389033033728
1279359929338429440
1279359774572916737
1279068664130670592
1279027218774097921
1278767136652103686
1278766661978542086
1278766518029991937
1278766481082286080
1278766429437902849
1278765980433502211
1278765457147932678
1278763775064264704
1278761937048920065
1278761000062332929
1278760726048509954
1278759819009232896
1278759638465490944
1278759099824517122
1278758476559331329
1278758170060603393
1278756426513633283
1278756116600676354
1278693173653618690
1278692595418329088
1278692236339957761
1278692151933710343
1278691791701671936
1278691664731746305
1278691401123926016
1278691297633632256
1278690859551207424
1278690572388257796
1278690017754451972
1278689010379116553
1278657402385174530
1278657193932447744
1278655727058518016
1278423051751895043
1278422714110402561
1278417737216397319
1278417588268171264
1278416113261568000
1278416078998327297
1278414977628614657
1278414453042753539
1278383095805247490
1278381704219168768
1278381645872222208
1278381603417399297
1278353825158631424
1278351326347440132
1278348805218410499
1278324678008979457
1278324006035369984
1278323113717989376
1278322791830487040
1278320331724328960
1278320250589765633
1278319452006813696
1278317666042773511
1278316650106937345
1278316542799855618
1278283197948796928
1278276604695842819
1277981405423656961
1277980939537092608
1277978480034996225
1277666803116883968
1277664588998328321
1277588218834235392
1277173086916415488
1277172995254095872
1277172933891424258
1276938441813569538
1276562389417279489
1276561601789857792
1276561450778218496
1276542228136165376
1276541722533801984
1276541555927629825
1276536604727939073
1276518958133362688
1276518881725689858
1276518716407193601
1276420106357297152
1276255133475770369
1276253176841330698
1276253032565571584
1276252870426443776
1276252833873100801
1276252386034663424
1276251623648616448
1276247992434122758
1276247807624691712
1276247281784807426
1276247194471993345
1276247037097500674
1276246646687490051
1276223675247857664
1276223261563592704
1276190691547328514
1276170975277649927
1276170231241728002
1276167194762715136
1276166193922146305
1276165770620350465
1276165704929153030
1276163323529134081
1276163286959079426
1276162563475193856
1276162485121409024
1276162082069757958
1276161607958245382
1276160910533550096
1276160569054236673
1276075386842071041
1276075161402454016
1276074911799422992
1276072330163294213
1276071605559590912
1276066921574731776
1275828037364391939
1275805515654877185
1275804544094650373
1275803154706284545
1275776843451375621
1275776789726576640
1275776348162797569
1275704419573784577
1275702403208183814
1275701871177601030
1275701495900635136
1275699157261529095
1275699023589052422
1275543012127453186
1275534223995211776
1275533706640478208
1275532502082424845
1275532076188602370
1275530634946117632
1275530556223164422
1275529805769949184
1275528540205862913
1275527360733949954
1275523559000027137
1275523521209339910
1275511793062948871
1275511630680424448
1275511324445941762
1275507425148370946
1275505781090193409
1275503725021462530
1275492805088022529
1275491047154614273
1275487035994882051
1275458929523335171
1275458691672821765
1275457684062367745
1275456546168811520
1275456435359449089
1275456334289387520
1275456256480665602
1275453776619433986
1275453052334387200
1275394020194365442
1275392891960135681
1275391158349369344
1275389436084260867
1275389093212545024
1275388901956431872
1275339775260622849
1275339265015189509
1275339095296954368
1275179322622566406
1275173358926270464
1275165328079716352
1275164951452233728
1275164583477608450
1275162507628462081
1275161023037702154
1275159326706020352
1275150291181191171
1275148786311081986
1275105928552091648
1275104869922279424
1275104000153653248
1275102318321635329
1275102065656815620
1275101964481806343
1275099576563896325
1275098246327779329
1275097473292349441
1275095066604908553
1275095007146512384
1275094845208526848
1275094308312530945
1275080432069931008
1275073168902721540
1275072960038973440
1275071727056244737
1275069639823814657
1275068417272238088
1274959102997913601
1274959020596617217
1274952913706725377
1274949048898932736
1274948906737172480
1274948621977505794
1274946508408918017
1274796867520520192
1274791731456880641
1274791435708051457
1274779184745910273
1274779034015215617
1274778597677547522
1274777559708897280
1274771556179357696
1274761888732250112
1274758421049475073
1274758093231075330
1274755580402466817
1274754504056090625
1274754353186955265
1274752498130128898
1274751143449673728
1274748345253273601
1274731713525157888
1274727539496361984
1274727484957876224
1274723561819660289
1274722454322262016
1274713399876870146
1274708731624861698
1274707163840163840
1274706320931926021
1274696090080677891
1274692469133840384
1274689032405090304
1274688825558777856
1274687465626927112
1274687118909100033
1274686129988665345
1274685018963656707
1274663764407787522
1274651980670132224
1274650817367334912
1274646982146088960
1274610425519366144
1274608812557811713
1274608434005016576
1274416546362920966
1274413954832400384
1274409852673110023
1274409281073418245
1274398628476588033
1274396986242928640
1274396770244722698
1274396487343124481
1274385702222954497
1274384123222732801
1274377063680614401
1274375531786616838
1274374887826690049
1274374720436256770
1274374400318504960
1274371650243440641
1274371025673818112
1274338750311563265
1274338672373096449
1274338633361887233
1274336343863296001
1274336060751917057
1274334103777804288
1274328795529515015
1274328302589706240
1274325708626628609
1274325085369876480
1274315741962162180
1274314819198504961
1274314311545040897
1274290241109712896
1274286240016334849
1274285509523714048
1274278396848148481
1274277455474417664
1274276684087336960
1274276564658774016
1274275043971907585
1274274752300036097
1274274598520061952
1274274175008550918
1274273702566342658
1274273443647819777
1274272357478207493
1274116693837713408
1274112042929213441
1274111671972376578
1274109141129269249
1274106025684144130
1274105920453255168
1274105680501374981
1274098322584866816
1274086109878910979
1274085580046045184
1274084004132724737
1274071429743611904
1274071068496596992
1274070943737040900
1274050966980104194
1274050135996203009
1274044830923055105
1274031035886505985
1274008717869092864
1274008608339091457
1273995018764800000
1273991899091697667
1273989306135252995
1273988863694954501
1273984169975169024
1273983515823149056
1273983103153963008
1273900341403291649
1273737727444467712
1273725197254828032
1273723377342197765
1273722561650667520
1273722194426724352
1273713086835445761
1273711537165938690
1273710761379053569
1273708107420577793
1273707771259650048
1273707676439060480
1273707234950856709
1273706975843569664
1273706806846554112
1273705509468635139
1273705401993900036
1273705120447021063
1273704865223643136
1273661063091937283
1273656768061718528
1273656370324221952
1273628567507779585
1273608767142273024
1273597565804699656
1273595391863390214
1273593378236780547
1273366141344403458
1273366103276892162
1273365978429210626
1273365772253966336
1273359533537202176
1273358888285491204
1273357913109774339
1273343049075249152
1273342664851828737
1273342525605019648
1273339811844284417
1273338524012609538
1273335865155215361
1273335613060780032
1273335488116645893
1273335328728850433
1273335269660545024
1273334988327604229
1273334851798732801
1273331682221920257
1273329801508589568
1273329551611961344
1273328538943393793
1273328076542394375
1273323889880424448
1273323583314497537
1273322939266596864
1273322820659970048
1273320583208542210
1273319304289832960
1273319248098664448
1273318879650086915
1273315930047746051
1273315690355855361
1273305462767845377
1273305219854733312
1273304687245131776
1273302663308984321
1273301448860860417
1273300865949065218
1273300391573233666
1273300024747835392
1273299669871927303
1273297871467622400
1273297487877615618
1273287053623599105
1273286152196415488
1273285770187624456
1273285724343861248
1273280795633991688
1273278813401726977
1273271030086336512
1273270740637356038
1273239094928310272
1273224144482635778
1273223892161748993
1273222887332249601
1273222038530949121
1273221199624056833
1273221008414183426
1273220503906500610
1273220385782317056
1273219090216292353
1273218736028336128
1273217528240779265
1273217251999657986
1273148903953780736
1273148538403332098
1273147153490247680
1273140802676539394
1273140624724832262
1273140481434714113
1273140311758385152
1273002362228146178
1273000537596874758
1272998021513588737
1272997495875014657
1272995361376866311
1272994610613088256
1272993644233007106
1272993345816670209
1272975618389442561
1272975020374056974
1272963936955047939
1272819184599289856
1272637016136613888
1272635380706279426
1272626297815150598
1272603241189163009
1272602121746161664
1272600368900378624
1272599495486910470
1272597029089415169
1272596819671805953
1272596464489738240
1272595587691679746
1272570879499808768
1272570653506449415
1272568561031094272
1272538959319633920
1272537965638664199
1272537517968023552
1272535102569041925
1272534531384528897
1272533714967429126
1272484610065272834
1272480424745414658
1272465942069592064
1272465538640420864
1272465356167221249
1272420343618113536
1272420163074359297
1272414668598980608
1272411015230238722
1272409079202426880
1272409060202119168
1272406394524893184
1272265600556060678
1272264864174653440
1272264576428584965
1272259662289788929
1272235135602176002
1272233916322197505
1272231732880826369
1272230273099411463
1272230108380696577
1272229623309504514
1272228512083165184
1272224952431804417
1272223149971685378
1272222633166241793
1272219292927492096
1272217872752926721
1272216200228016128
1272216030622990343
1272214284395859968
1272214012927905794
1272209444466823168
1272209401135468546
1272208309114884097
1272207989097799680
1272207811628478464
1272206154836455431
1272203203724050441
1272201945713913856
1272200903236468744
1272199321002393600
1272198364306853888
1272198032365432832
1272191376462094338
1272191029186301954
1272189595048968192
1272188873574137857
1272186735712239616
1272185785077432320
1272185537441533952
1272182443240456194
1272181175646400512
1272178207861673985
1272173980200435717
1272161036230184960
1272160494900654080
1272159782842097676
1272159456541974530
1272156921575981056
1272156454691246080
1272156144060989441
1272155388138459137
1272153890591592448
1272153616799993856
1272150243010895873
1272149247186669568
1271914631020322826
1271914076860547075
1271913129937637379
1271912796394061826
1271912711375466496
1271908644561604613
1271908212304986119
1271904432863805449
1271903920844091396
1271901560977620993
1271898914489335810
1271897826507796481
1271894534172131331
1271888839414554624
1271807811979284480
1271793343819845632
1271792516422086661
1271757799723339777
1271752106106671104
1271749481051107328
1271743557729234944
1271741408660131841
1271741203680317440
1271730200091463681
1271729459926839296
1271589972072697859
1271584408508739584
1271584300958433286
1271551893618200577
1271550298176266241
1271545510214750209
1271535912145559554
1271535846655737856
1271534003074588673
1271532615431081989
1271516838200070144
1271516734449758208
1271516562164416513
1271516521219710976
1271514537087455233
1271507340932648964
1271471393385984002
1271466660055179264
1271466341896200193
1271464841069371392
1271367989594664961
1271365846271737856
1271365290392276992
1271362817518637056
1271360415935627266
1271358925699461122
1271358665736536064
1271358003153981441
1271357931221651456
1271356020711981056
1271355879015800833
1271355021939130369
1271353819046215680
1271195600869117954
1271195432597835776
1271194601286705158
1271192529640329223
1271083608346943491
1271081767081041920
1271080766445948929
1271080630055559168
1271080586384474112
1271080420692701187
1271079124874989568
1271077779216490499
1271077116768124929
1271076363982733312
1271031013234356225
1271030791108268034
1271030189179502593
1271028810578907137
1271027341238681601
1271022013042298880
1271018412051968000
1270833987838251009
1270833441190350848
1270832992831799298
1270832739625861120
1270832362247663620
1270831993715130369
1270830525993926656
1270828695192821761
1270815489799970816
1270815101524852736
1270813969347940353
1270809530771951617
1270808809804570624
1270806602241769474
1270806376240070659
1270804471044595713
1270804384985878528
1270802133424779265
1270801857145909249
1270801507122847744
1270800928137007111
1270800347615854594
1270800061379870720
1270799196275310598
1270798366306426882
1270798155307716608
1270787383538192392
1270785787618103300
1270778992367411201
1270778882082451459
1270777532678311936
1270777387253407745
1270775194945294338
1270774405233344512
1270774108851245057
1270773994308939778
1270773812284489731
1270772800215756801
1270772605432344576
1270772459097260032
1270772054359445506
1270771690608504833
1270762668085960710
1270762271392833537
1270758842389929984
1270756250909802499
1270755796167675904
1270748345993175045
1270742511460507649
1270741784138842113
1270741705726271489
1270740928387600388
1270740750913986564
1270740659935346688
1270739218118164482
1270739172840673286
1270738594160918529
1270738359107944448
1270735225312739328
1270730809822138369
1270729727679115264
1270717866053005320
1270713891828334592
1270687259344408578
1270686119257137153
1270685733502713859
1270685409308278784
1270682516899475457
1270682061410578432
1270680758030606339
1270678213723906048
1270606396036460544
1270606034198056960
1270605766551048192
1270604896660787201
1270473630955290629
1270470417640275970
1270470384853409794
1270470146147180544
1270469212381855745
1270468588059713540
1270437985125875713
1270437168012570624
1270437056557260803
1270436534207025152
1270435186019270659
1270435079542706176
1270434583557869572
1270434277315010561
1270434101594664961
1270426502161711105
1270425297154912256
1270424592830603265
1270424462513537025
1270424264236322817
1270394987625275394
1270394911469318150
1270394562599620615
1270394385268604929
1270394118464733191
1270393894728085506
1270393425959870466
1270289952597856256
1270287908302467074
1270283964767522817
1270283860589326336
1270281358405926913
1270280876895715329
1270276957989679104
1270094504138362881
1270085832544845825
1270085736826626049
1270084068764418050
1270079182895276043
1270054886202359815
1270054616605036544
1270054165058924551
1270054137900736512
1270053775236124673
1270053668650463233
1270049931080994818
1270041867179249666
1270041401233936384
1269938850266259456
1269936157275697153
1269936080226324480
1269933659852869633
1269932318501683203
1269932260385579015
1269931786508931072
1269929682855747585
1269929156374118402
1269885867474255873
1269884795787661314
1269884768008667141
1269878599894683648
1269878308407255040
1269720239429779456
1269720193548378112
1269717190426669057
1269716369559470081
1269713063575502848
1269710798999486464
1269710399831760898
1269709616948162562
1269694238100541442
1269692672903700480
1269692569392472066
1269690195965890563
1269672088287293443
1269662979001368576
1269656291548508160
1269655815675432961
1269640724745801728
1269634454550646790
1269623673427595265
1269623507614347264
1269623351854665728
1269621728591908864
1269620600009445376
1269612373310144513
1269607075598000136
1269588218892165120
1269585134438793216
1269583908473122816
1269578797143199749
1269578703094329344
1269577936182616077
1269576775127965696
1269573454828838912
1269564887652610048
1269564707444346880
1269564634132107268
1269563866629001216
1269549965203984386
1269398777099624450
1269396747777904640
1269385574726672385
1269385410578386944
1269369217738059777
1269368516429385733
1269368364176203776
1269366653365686272
1269327735517777920
1269327114806996994
1269326087240257537
1269325338003283971
1269323440063942657
1269322981744029697
1269320592160968704
1269299068997701632
1269299024223494150
1269298821659529218
1269298484768911360
1269298244871491586
1269297273307103232
1269297152427200512
1269296534178476032
1269296391467282434
1269294701645086723
1269294663783104517
1269294447839154176
1269283769397194752
1269220822503370752
1269220275071135744
1269216393549025280
1269215256632582144
1269211724193857537
1269210182460092416
1269208581930455040
1269194153033900044
1269193760568680449
1269070625789882375
1269070498706665472
1269058270846689282
1269054006720180226
1269053540875599874
1269046178198499329
1269045260518391809
1269045200011309058
1269043819405852677
1269043397890838531
1269041947756441601
1269038654091079682
1269037907857346562
1269036748379742209
1269036141208109057
1269035803210063872
1269034623390175233
1269031939643772931
1269029854453866496
1269029671800385538
1269029286113050625
1269002577254985728
1268990069001596928
1268978531868041218
1268977414937378817
1268954998421041155
1268952959448223744
1268950398230040576
1268950146089398272
1268950058613059589
1268946434541395971
1268942864601530369
1268939199912296450
1268936051822940161
1268913125895680002
1268909075628273664
1268908831230308353
1268907788039860224
1268907650420441088
1268906925921615874
1268905307113172993
1268904021840007169
1268900163055124484
1268895531524292619
1268893328734633986
1268892808049569792
1268892452179660801
1268891343444676610
1268889945382535177
1268888688072720384
1268888079177322496
1268885058854817794
1268879874040696835
1268878932947931142
1268878591259021313
1268859403563917313
1268857641255788544
1268841699025059840
1268840530613612545
1268613831602761734
1268613017194729472
1268606734345658368
1268604495094784006
1268600525991354368
1268598091998998528
1268586794204958720
1268586572406022147
1268585686162116609
1268584770667270144
1268584116766810113
1268583924986523648
1268583377545957377
1268564591791013889
1268562647110254593
1268562418030063617
1268561286410973191
1268561275799379968
1268559147991171073
1268548083522187269
1268507966342381568
1268479277261107201
1268470975215083520
1268285363002454023
1268273723657904128
1268272482131288064
1268269443832074240
1268268778661515264
1268268465368039425
1268263571550584842
1268257647641403392
1268229820292497413
1268228055174168576
1268227525626531841
1268225170696810501
1268224408604327938
1268193438064881665
1268189971359436803
1268189170788425729
1268188221722288128
1268184209694261249
1268181976344821760
1268180806905757697
1268180151445131264
1268090894881886210
1268090347382542336
1267944653694918657
1267943795066318851
1267943229372186625
1267942615686791168
1267941631052984325
1267940794910064644
1267938913429213186
1267938449954398209
1267937749673422848
1267936266286518272
1267892302904770560
1267892248882053130
1267891967893127168
1267891823013396482
1267857742624145409
1267856207722811394
1267846910104174602
1267846833348513795
1267846507367186435
1267845222563811330
1267844816303525888
1267844468729884672
1267842254581964801
1267841922208579585
1267841590489427970
1267841196510138369
1267840815424057344
1267840218897448965
1267744003446972416
1267737269470928897
1267736677277147137
1267735106673872897
1267734882580606978
1267734838796341248
1267734638270832641
1267734192206557185
1267731261956730881
1267579809242189824
1267506885214834691
1267506702854893568
1267506468774916097
1267505098839732236
1267504840948809728
1267504720702320641
1267504119692120065
1267503793996005379
1267503596565913602
1267503447810748425
1267503312120750082
1267469061061070848
1267467744410206209
1267467228745785346
1267466048196030466
1267463733250580481
1267460266108862464
1267454284163096577
1267419491539058688
1267417323876560898
1267357580185272321
1267354423497494532
1267351707404640262
1267347064775680000
1267345410428977153
1267344568665636866
1267342671208734721
1267341999935557638
1267340586744524800
1267339288112480261
1267176932925472769
1267176774284259328
1267172618819514370
1267171998112899079
1267170677959938050
1267167660095279122
1267163171820896256
1267161711599144960
1267143375465205761
1267142890599452672
1267142673724518401
1267141373804908546
1267138589671985156
1267136383967248386
1267134780472254465
1267134674675159042
1267134055004409857
1267132734004252675
1267132645747679234
1267131655220797441
