1330281455394693120
1330078144930471939
1330040786658930690
1329925602304872450
1329331501960409089
1329093294354276352
1328886033182670855
1328588116521852930
1327882665337499649
1327514159693524993
1327280917363236865
1327142508644732929
1327124730009235460
1327123934509195270
1327104289668526081
1327100596030201858
1327100431462445056
1327093445987545089
1327080632430768129
1327078528035250177
1327078020176355331
1327074854370152450
1327049205815386119
1327048442158395392
1326776851507908608
1326717922203623425
1326717545471221762
1326349877274685440
1326334118163083265
1326315214804049923
1326301116280270849
1326297625667235841
1325687389570945024
1325675596978982913
1325668287825457152
1325662514877755392
1325659893030932481
1325636750144888832
1325621334869762048
1325621108436066304
1325529682746482688
1325328833248112641
1324988162314301441
1324850243582758912
1324849762894532616
1324530720019283971
1324018277304143873
1323877736541290497
1323495176610959361
1323493479335530497
1323294477813993472
1323201758944964608
1323192156413112320
1323191960715276288
1323191850627485696
1323184515242602496
1323172533697449985
1323172111226122241
1323171922235084800
1323162970784997381
1323151042587013120
1323147797403738112
1323147230681980928
1323147157495521280
1323145516574715904
1323145438539796480
1323145107705573376
1323144955787988992
1323087597661573125
1323054426345582592
1323045877150175232
1322831350563557382
1322823844856500224
1322818127600717830
1322815218167226368
1322806278058639365
1322775735342432256
1322774355332521984
1322728166306271232
1322598623822155783
1322438666871021568
1322415594407448576
1322397305430020098
1322390714785931264
1322369506392657920
1322344400983379968
1322298953031950340
1322296277804191745
1322193646637240320
1321993083861520384
1321992742575218688
1321992217817481216
1321991747610824705
1321705955235680256
1321662121881554945
1321662067821129729
1321469196165877762
1321354979953811457
1321352439489089536
1321352290956201985
1321343715961720832
1321334727379398656
1321326452286115840
1321210277778624514
1321009913716477954
1321000766396616704
1320990824574947328
1320990609088401408
1320988186655526912
1320983286475329536
1320981813653889025
1320980868438118400
1320980761898635265
1320925597502218241
1320906064007696384
1320905975054958592
1320905852111433728
1320905540399222784
1320885358784061440
1320854698941947915
1320852587965501440
1320851671287844866
1320669106404818965
1320637376788680704
1320635668436000768
1320632370157002752
1320624862210281472
1320621184132829184
1320620206050463744
1320617363876810752
1320617105415376896
1320615006090727424
1320608478508044289
1320582998111199232
1320577084847230976
1320573765399490562
1320573641076211717
1320560904606490624
1320560840672710656
1320539552008863746
1320527788684828673
1320524942123945985
1320524366355042306
1320485782080102407
1320292925016858627
1320292631386140672
1320290952846692352
1320288378496126977
1320287705327149056
1320287594694004738
1320285535844392961
1320284143109001224
1320271501346689024
1320264438000353282
1320244703766417409
1320244294884691968
1320241402735955972
1320161254980333568
1320014966062198784
1319805827344158722
1318929319427776513
1318701755102908417
1318688089661898753
1318453521646313473
1318409800955400192
1318409708185726976
1318399061108658176
1318396487244668928
1318396204619829248
1318341371116310528
1318336050608091137
1318333310884601858
1318319971957657600
1318319559607189506
1318315982524469254
1318315612557496327
1318313170218504193
1318310371296501765
1318309558444589062
1318250745846792195
1318067222691151874
1318067044219293696
1318062858756829185
1318053852021723138
1318053545065799685
1318049650813882368
1318036894303854592
1318036536278065152
1318030786860339200
1318030370563117056
1317746955825664000
1317745208977723392
1317740304636743681
1317738093756190723
1317737924570566656
1317737705850212352
1317727407437131776
1317719694577631234
1317717144377937920
1317711840919638016
1317708977321484288
1317704381756788736
1317377523706138624
1317019914692104192
1317019594364772352
1315584004901548032
1314811309729501184
1314810854441914369
1314694842598019072
1313852042537062401
1313772140987060224
1313749122705494016
1313748826545586176
1313741949829107713
1313656597277794305
1313653041686511617
1313652748064350208
1313652365434720256
1313607642774896640
1313370414677196800
1313013551531995137
1313013419516334080
1313013321877028865
1313010900715081728
1312302532979552256
1312302415253770240
1312293028703371264
1311862043482509313
1311840844991934465
1310845450556145664
1310844861248045056
1310235428675559424
1310112328084598785
1309321488294649857
1309003431034658821
1308833753817583617
1307943475355230210
1307552809676607489
1307550554898550784
1307508585031704580
1307508537724149760
1307330466576560128
1307160174889775104
1307017678138347529
1306609167709372416
1306608497040162816
1306495289281458177
1306387901761179653
1306386987751018497
1306358277589143558
1306354949937393664
1306352973216440322
1306349940864618499
1306077453866201099
1305766417128730624
1305647921287831553
1305630361515417602
1305627533346562048
1305392825476034561
1305311777807310849
1305311752264048640
1305311201191178241
1305234531478315008
1305037960086253568
1305036976450658305
1305034389190049793
1305034325910528000
1304977843412140037
1304954939857350666
1304796001274916864
1304349962713657344
1304340678604881923
1304338306273087488
1304337649893879809
1304337587222568965
1304337476111216641
1304334673313779712
1304334402269437953
1304331453841448961
1304323608693608448
1304320298100162561
1304320259042750469
1304292792752103425
1303951806855344128
1303951150337658885
1303951086894620674
1303947262192689153
1303947060106887170
1303931904819965952
1303931867138273280
1303927923511103489
1303914507627040769
1303914499095883777
1303898689694576641
1303884548946747392
1303882320882143235
1303837316897800207
1303836986613039105
1303587209866620928
1303585622087663617
1303580753008168960
1303580192829591553
1303579455747694593
1303573363898621952
1303566789561987074
1303565931600322562
1303460081145729030
1303281440386318337
1303193679583088641
1303193665351946242
1302848186495545344
1302843045428244480
1302841621118095360
1302841515358773248
1302817513508671488
1302785852674895872
1302778019132530689
1302765392318861313
1302748135320584194
1302745534596296704
1302517579119030273
1301362195826126851
1301357336792125440
1301349110520393734
1301340027495088129
1301312798220341248
1301304021165191171
1301292932922773506
1301287365550497792
1301286349803225089
1301285532727742465
1301285181257666560
1301282568600539141
1301220532159942660
1300695651940855810
1300695039694180352
1300447854079737857
1300337269681815552
1300336957554339841
1300335719827869696
1300335406777536512
1300198839144546305
1300198694835412992
1299879567641829376
1299725701852139522
1299724826563805194
1299535817925328896
1299483111676411904
1299143600018776064
1299043680796450816
1299043244622393346
1298789665672232961
1298742291629301761
1298741729164746753
1298464482587553792
1298413933741604864
1298410619482394626
1298160632102084608
1298160405970386944
1298158052399624193
1297553376448843776
1297551642586501120
1297427150467993600
1297405885116014592
1297348146650140672
1297347628854906881
1297309386172440576
1297191563911626752
1296824972854386690
1296576667876503552
1296562501438537730
1296498820201828355
1296335411938295808
1296333914525650945
1296328389658378240
1296304146182701056
1296303534359678977
1296284436603056129
1296283105888743431
1296274591975911426
1296203109182713857
1296098278992416770
1295901875082952704
1295849409268322306
1295842923989413898
1295842090807681027
1295841122883792897
1295475468712452096
1295472608520151040
1295472556678549505
1295467008910413824
1295433715703853060
1295432672261611523
1295427160304386048
1295055761152843776
1295013260333326336
1294904725796728832
1294903985401401344
1294898133550469120
1294887826048405506
1294882609059766273
1294880812157079552
1294879329906720769
1294809419419652097
1294792544002310146
1294792345511231490
1294791522454560768
1294791427117940737
1294791096422346752
1294779609502932992
1294779487717134341
1294772388744265728
1294771029642969088
1294769243100188672
1294765967961133057
1294765496944988165
1294763616542089222
1294759014652432384
1294515357772808194
1294481934157062145
1294481432623099904
1294430117582770176
1294417101432725510
1294356440359018499
1294286041134891008
1294172175121997825
1294172075905753088
1294172072743231489
1294149578145529861
1294029072574668801
1293440893953937408
1293436028838121472
1293435057064087553
1293434995814666240
1293407017361649664
1293384484113526784
1293379066918244352
1293369243497639936
1293362503121080322
1293362410666037248
1293338785560907776
1293325980807892994
1293325432067063809
1293325269672042498
1293309189964681216
1293307596988874752
1293090310109704193
1293088595650187265
1293088419019730953
1293088346298822656
1293086656715685888
1293086531201249282
1293086358727204865
1293085893369225216
1293078000200810496
1293076899997114370
1293075645245857793
1293075539239022592
1293074698281132033
1293069783429255168
1293060031672389633
1293059986185162754
1293043546778460160
1293043496803274753
1293033733130526720
1293030944438398979
1293027286451662848
1293024112915382272
1293020015126511616
1293019613484244992
1293018305217822721
1293017988036268037
1293017983883907073
1293015542555607040
1293014526078652417
1293014520483532801
1293012343102865408
1293010903877718017
1292992823940263938
1292988801749602304
1292957958884790277
1292951695069241345
1292656391409238016
1292612900151013377
1292336386369114117
1292323037375877120
1291879415140556800
1291872251210534912
1291637175642202114
1291576099223343104
1291575918041993217
1291562987833233409
1291270741065949184
1291234596286341121
1291232310734577665
1291157477627699200
1291143709661245441
1291143418819817474
1291143403355414529
1291141262372937730
1291140944193105922
1291025481387708417
1290913756550238208
1290865948820480001
1290865151474913280
1290864970129801216
1290864507724730368
1290864259417681922
1290189323862552577
1290189082937548800
1290184402899673089
1290184227892260865
1289978445598875648
1289831815323226112
1289831097971306496
1289830966844772353
1289825261425438721
1289824985888956418
1289820219834155008
1289817575296122882
1289046766390845441
1288952537614356481
1288675487867449344
1288233231846907911
1288232377593090049
1288229209790390273
1288227176291213319
1288227120305643521
1288172725538824193
1288168676588433415
1287997277022420992
1287903191024177153
1287899788227338240
1287895476663181321
1287894882779004931
1287892835811942400
1287765396200792065
1287575421689704449
1287413825491406849
1287412808364294145
1287411619883094016
1287411560806260738
1287410879298973702
1287400909610389505
1287272751544377344
1287263200099147776
1287261402948866049
1287043416182988801
1287041350035214336
1287039551337267200
1286880536523427841
1286847771492982787
1286732836893057025
1286732134414254082
1286724678678192130
1286498029223260160
1286497601341317121
1286497461796769797
1286496303820808192
1286492201955057664
1286452996600147970
1286434691608870918
1286433752416161792
1286422198404734978
1286422172014120960
1286184874173517825
1286184798961258496
1286184711698685952
1286154516967161858
1286142760693706752
1285771969044963331
1285747783157321728
1285737416716955648
1285737171517874176
1285724776217169920
1285700238678929408
1285696674334154753
1285627311602176002
1285592645058920452
1285480267021529089
1285447698129313792
1285374716098818054
1285352924311441411
1285346012354285569
1285334046399180800
1285305241412526085
1285304865552465925
1285303728552148998
1285302613077098496
1285105888966172672
1285002907025317890
1285000463365087233
1284999390130831367
1284998632392007680
1284987234559631361
1284865768203657223
1284699721584476160
1284693111982231552
1284663625718943746
1284648856643416065
1284640800958222340
1284628992306417664
1284623061732462595
1284617692838756360
1284606598703394818
1284365238708711424
1284358309311655939
1284357945053138944
1284357828287893511
1284356786917711872
1284351490119872512
1284343465321680896
1284308556691447815
1284308309353226240
1284307892452167680
1284301933881241601
1284301711306371072
1284296303049084929
1284295487412154369
1284292734619193346
1284291915366768640
1284280083482542081
1284278034686791680
1284268745578483713
1284268537360658432
1284257395074633731
1284256671641022470
1284254868778229761
1284254144920981506
1284253633530474496
1284246537367945216
1284245764433117185
1284242446109552642
1284239783888400388
1284239161025847297
1284149119267868672
1284016984477388801
1283974237632499712
1283974161363279872
1283966462382809088
1283966395374612481
1283962759907090433
1283951589716262912
1283897066993876994
1283882152199958529
1283879220704415744
1283607594075148289
1283538394581291009
1283523854753828864
1283522354363211781
1283142076754952196
1283140353164554243
1283102427722518529
1283102257379188742
1282925508523700225
1282737716388667392
1282737226783350784
1282575117999050752
1282575031873282048
1282458392125214720
1282453849954029569
1282397284819501057
1282374383143735296
1282212131262341120
1282208847608897536
1282114580060221440
1282113995365908482
1282093028992266242
1282092682047782912
1282081604765200384
1281965220630540293
1281777053063352320
1281776701127700480
1281776490552721408
1281773474378391554
1281772016153108480
1281771146778750978
1281770809418186755
1281770586692366341
1281769689564303360
1281769568579584001
1281768212359712774
1281767844280242176
1281767645877022720
1281767338581413888
1281765348983951360
1281738126277390336
1281696870088290304
1281674219982589952
1281673706172022789
1281609296271347715
1281608225876594689
1281608195362955266
1281608101091840000
1281606653314572289
1281606424624271361
1281603631435874306
1281417896829300737
1281378177307283456
1281377648049102849
1281377446336528384
1281377137216413696
1281373015201153034
1281366317493366786
1281358276211482631
1281358121827540992
1281349559487205376
1281349236723011585
1281244725320855554
1281128565342437376
1281103155258896385
1281016029183979520
1281015754721280000
1280949920002965504
1280946752619716608
1280946561644728321
1280945897359192066
1280768062346723328
1280767139574624256
1280766748006940672
1280766670085160960
1280753094167605249
1280752105008005120
1280705263474008069
1280673516250169350
1280655013115813889
1280650744593514496
1280650722711871495
1280650565756825600
1280640686774239233
1280638043226025984
1280637675616251904
1280587462906126338
1280558495805341697
1280514727081390080
1280408581943287809
1280408468776718336
1280405682479644672
1280288968647544833
1280281936427134979
1280281771100143616
1280281620784787461
1280279486433460225
1280261938367410176
1279961789594251264
1279961710619701251
1279937552569565188
1279932144316485633
1279920780084723712
1279920095993659392
1279900975554269185
1279900578819313665
1279667771396194305
1279664865012060162
1279661534780837888
1279630706042421248
1279618404480139264
1279610605780054017
1279606299651694592
1279604635242766336
1279604247437475840
1279602972561936384
1279599287123542017
1279180265076797440
1279179398646771716
1279164610516484097
1278817885243224065
1278816529577017345
1278815349861998592
1278815167669776384
1278813332749901825
1278808916881702912
1278464215842320385
1278464042739347456
1278161087058362368
1278160137526575105
1278159151571578881
1278151004098265088
1277785695638228992
1277783901293940738
1277783561643442178
1277783161884246018
1277783148227592193
1277782752369299456
1277778482827755521
1277498616589037568
1277496711833956352
1277495470546436097
1277491868650135559
1277461830659649541
1277461736564699136
1277460270223446016
1277457736679206912
1277457384122626048
1277445883525828610
1277407983719321600
1277145850305798149
1277145030474555392
1277144753713405952
1277141723471323136
1277122509662543872
1277119845709090816
1277117786695913473
1277116293108432898
1277114847742824450
1277114438806638593
1276991512757370880
1276935360715653121
1276935010805862403
1276711114055827457
1276700430911799296
1276694452594229250
1276691507123191808
1276681304235560960
1276676747740753922
1276675456285147143
1276666082393305088
1276638034637787142
1276638015713169408
1276637539600908292
1276632910527791104
1276631482606346240
1276396554803437568
1276390432256204800
1276390161077669891
1276297218014744576
1276269252975177738
1276232344442109952
1276044331019886592
1276043679116013569
1276034295681953794
1276004557064228866
1275966326847295489
1275961792649453569
1275955997660590082
1275955960964698113
1275954579390201858
1275954167010426881
1275949541917933568
1275948929880899584
1275876343247515651
1275874757918015488
1275694270633185282
1275693581378912257
1275690982802182144
1275688314981548032
1275687050994495490
1275685357556826113
1275623418642259969
1275610604984848384
1275604862500327424
1275599230967611393
1275596163178250241
1275594092488130561
1275293100810948608
1275120223805272064
1275077082075168770
1274972090882457601
1274971993197158400
1274971143338934273
1274970988250267648
1274970766438735873
1274970455208796160
1274966481055485952
1274964434792984577
1274964166655295490
1274963914380529665
1274962512342061057
1274962276118867973
1274951895925350406
1274943478099849224
1274907417797693441
1274901310756749312
1274875026630742016
1274874395966803975
1274869818760613888
1274869374755766272
1274869208883638279
1274868966100537345
1274868783941902337
1274865960223150080
1274857498567032834
1274857413082886144
1274856402842906624
1274846373804982272
1274845390349762561
1274717356279947264
1274615811240534016
1274613935854030850
1274611728874196992
1274606130279387137
1274605908383993862
1274602376431841280
1274600554925363200
1274600368241102848
1274600251857481728
1274596465185341441
1274594063065456640
1274563429571985408
1274558296079425537
1274557834441773056
1274161642390065153
1274144999467335680
1274127803534004225
1274127341309038599
1274117769181741060
1274117425907318784
1274115749276254208
1273993380243165185
1273742158458167302
1273739467426336768
1273524148422299654
1273523985838485504
1273523903894360064
1273493460083933187
1273429831796097024
1273415282728611840
1273414071250038790
1273411714147659778
1273411468545921024
1273392807609335808
1273386771359940608
1273384327179579392
1273384088058171392
1273383910844633088
1273383646343372800
1273382452116021254
1273376494463725573
1273374897729875973
1273374006348058632
1273373305408491521
1273373270008631296
1273371670485532674
1273369247234822154
1273338493318713345
1273018174825529345
1272947764620595200
1272947451851354117
1272939320131964928
1272781486568153089
1272774243995041792
1272769821067882497
1272767262588575744
1272746684951474177
1272703677191643136
1272688568339771392
1272688495564390400
1272687573853487104
1272628541461598212
1272355143686725635
1272290236102586371
1272187254782545922
1272057018203938816
1272055018003324928
1272050773820674048
1272048713221931008
1272048354416041984
1272046952751017989
1272044521510010880
1272039784777682944
1272028996696444929
1272028913783451651
1272028650368573440
1272028522047995905
1272028433007116289
1272010183183654914
1272010099054305280
1272004505383600128
1272004470080233472
1272004255482892289
1271996604778758148
1271994953972023297
1271987015588950018
1271705655674535937
1271705298517065734
1271700415248314369
1271698106476830720
1271695839862362112
1271695087794348032
1271692931808858112
1271691910575534082
1271690022928998406
1271686580193972224
1271626725227737088
1271574151560658944
1271571848195694592
1271501138911809537
1271500929641197569
1271500725957341185
1271500529299009536
1271499681852526593
1271344833689456640
1271344724679557120
1271337044048932864
1271336891795640321
1271334948608208896
1271332153528168450
1271329967993810945
1271326984002433024
1271322976424652801
1271291835978145793
1271281491453018112
1271254611765182465
1271221934756433920
1271209807794577408
1270963714297147392
1270945004815605760
1270943310509735936
1270933860700864513
1270933856707887104
1270933851217498114
1270933845270040576
1270931831962173440
1270931828392820737
1270931822881505280
1270931814631309312
1270931237998415877
1270928579421929473
1270923032110997504
1270837746051895296
1270834455452749826
1270611653307043841
1270609862880301057
1270608799913652224
1270607327717187584
1270574022493900801
1270555427659546624
1270545596277981186
1270544730301005824
1270544663557144578
1270542614379606016
1270535787923333121
1270535349958254599
1270533803975548929
1270511982152757248
1270494739993964546
1270490421416865792
1270490254328434689
1270489258676105226
1270480788321185798
1270477077435875328
1270471901429841921
1270263226937364481
1270256559612887040
1270216515187507200
1270216236757065728
1270205292450643968
1270204191571664897
1270203945240182784
1270200764091244544
1270200624517451777
1270197751419146240
1270191020324589568
1270190481788600324
1270187850382917632
1270170276924395520
1270165526761873408
1270161989604724736
1270143246635798529
1270136512810815493
1270113419543404548
1270111862336761856
1270004580311588871
1269896090729558017
1269866705272135680
1269865924842192896
1269853244697776129
1269788966003322881
1269761977041240069
1269756681958940673
1269753512587657217
1269752306075086849
1269750134721646596
1269644085461221379
1269534090853855232
1269524321594212352
1269523267930513415
1269521103824793601
1269518126422601729
1269514844149092353
1269513085833928705
1269505611026309122
1269499453699997696
1269499346548150274
1269492906991157248
1269425346706903043
1269415874273980416
1269411400318943232
1269408260546793473
1269391941881466880
1269160532109668352
1269157512705724416
1269132286492057601
1269126574282072067
1269125770401796097
1269049562272071680
1269039319131381761
1269027333513424896
1269020804311912453
1268924318005833728
1268923325679575040
1268922308204388358
1268699613508390912
1268680205905858567
1268630133205655552
1268628447741411328
1268432223512006656
1268417844192129026
1268382874362957824
1268382093802962945
1268382006947258369
1268381908301479943
1268302380937785344
1268302268379680770
1268302162540376064
1268296354847174657
1268263372493139968
1268263323876962306
1268239340255272967
1268087717226840067
1268083642657579009
1268017751366537217
1267988478811308039
1267988366949261312
1267958698359623680
1267950731409195012
1267943588102639616
1267718896385130496
1267718843633451010
1267713971160842246
1267708254181888002
1267662620737372161
1267646640430686208
1267629485538652161
1267629198891536386
1267615618007793667
1267600417795563520
1267599496311115776
1267592108040491008
1267583242485587968
1267470246828486657
1267352567392219138
1267228789597253640
1267147669199360002
1266886161710137344
1266873594216353792
1266273728440070144
1266270502445740032
1266266803224735744
1266251898224443394
1266250762020982785
1266250451663548430
1266185497967198211
1266135584881414144
1266025952787783680
1266025835280175104
1266021526324809729
1265891761651662851
1265885107514224646
1265657240528269313
1265545645630390273
1265544652637290498
1265543982370762752
1265543180260462593
1265543080578613249
1265407971867217922
1265405853634637824
1265335994364149761
1265334771124707329
1265308032185098241
1265179365282897920
1265144662643412994
1265144327623315457
1265092304228028416
1265073809389957122
1265058981925584896
1265058861326708736
1265058269153951751
1265056228012699648
1265055957761044480
1265043613156769792
1264936562971889667
1264936387557670914
1264934815125721088
1264933473523023882
1264819986524246016
1264818540965761024
1264818338062118912
1264817428816633857
1264817330284085248
1264815278464131073
1264814735461101568
1264812411518881793
1264811228721004550
1264811069341458432
1264809220559568896
1264808940078014464
1264808380301967366
1264808179130609664
1264806944289820672
1264806726144077824
1264806154150043648
1264805294024073219
1264804952607797250
1264804525086584833
1264804183674359808
1264803450342252544
1264802194542546945
1264741991671369728
1264683532368187393
1264674272133427201
1264463825111339009
1264455869175128064
1264448306836574210
1264445037301071877
1264434002112524290
1264414137741959176
1264350372908457987
1264333131093606400
1264319455309508608
1264307015217799172
1264256433551552513
1264103504207020032
1264102040999006209
1264099941640798208
1264087117401141248
1264079297142296576
1264076186176630784
1264071020853551104
1264016400219340801
1264016232166166534
1264016073873133568
1264006767241019392
1263887731471589376
1263850755380916234
1263737270458294272
1263737176103292931
1263736099022741505
1263735835733655552
1263730421927497728
1263729595527958529
1263729358663045121
1263726712191356929
1263726620990373889
1263725407192391685
1263719342488911872
1263718892213612544
1263717058937839616
1263711556543668231
1263711393464881152
1263705271563624448
1263655273010429952
1263653903750565888
1263652431373701120
1263650350776684544
1263640644532215808
1263640517876822016
1263628642577461248
1263627928354635783
1263612435346440192
1263612046282817536
1263611530639282181
1263610839409491969
1263605475414810626
1263596841339252736
1263584980640296964
1263387757063348224
1263384558642307074
1263384433320701953
1263381187688632322
1263374235369603078
1263371128694857733
1263362141656145922
1263361824390549504
1263359193563762693
1263358650250342401
1263358552695078912
1263356724364414976
1263353961194622976
1263351832623099905
1263349840756510720
1263348377695260673
1263348252017123328
1263348163278233601
1263330836788674565
1263324342898876418
1263303275903844358
1263261216400650241
1263259496564117504
1263226435155755010
1263193738538561538
1263193607944704009
1263186680720297986
1263166062230679557
1263164929634381824
1263162127612891138
1263125407089426433
1263125154164625409
1263121921455128579
1263007826445729793
1263007733734936576
1263007650368782336
1262990226038951937
1262987422310203393
1262985876281450497
1262959961048600581
1262951865505009664
1262947986449084419
1262941053876920322
1262928338450100226
1262928055976235008
1262924827255607300
1262923757473103872
1262923694546059264
1262900218393214977
1262888606265495553
1262859787634642953
1262656841240248320
1262655261992521728
1262654983838806016
1262652696265478145
1262652323907735553
1262652234606809089
1262651841759850497
1262646327063838720
1262645403721306112
1262643421262614528
1262638205028962304
1262638111416373249
1262623712324603905
1262618942830530560
1262268770216804352
1262268677992448000
1262252847695003648
1262201831771561985
1262200773712240645
1262191672269713412
1262185948323950592
1262169155345637376
1262133877801398273
1261890531350675456
1261847203561312256
1261567307639394304
1261545047947968512
1261542882336530432
1261542766200459269
1261542087738220544
1261541197866323968
1261533888087830528
1261194085840359426
1261192017310298113
1261190589342760960
1261190493142212608
1261190416902369281
1261190294793531393
1261190229970558976
1261157941614383104
1261156475482845184
1261113156241367040
1261112935830761472
1261111860042088449
1261111811237187585
1261111723165188099
1261070005216608256
1261061188919713792
1261059382059597826
1261059308093091840
1260982526870511618
1260841392999469056
1260841304445067264
1260841165324275712
1260838413156208640
1260838271644467201
1260837065022939138
1260836983557021696
1260834994416750592
1260834892763598848
1260828133806260227
1260818181687574528
1260817148290752512
1260806622349332481
1260800881227857926
1260797598803296258
1260771171852783618
1260769465769299970
1260768940990648325
1260762286924447744
1260762161082662913
1260740872108457984
1260739237336449024
1260696689888964608
1260696185976893442
1260687339241824263
1260686160776568837
1260476683049676801
1260476103929540608
1260475702341754883
1260475224010698754
1260472469317713921
1260472365479333890
1260466281649713155
1260464300122136576
1260410886520479756
1260410112612728834
1260408248928210947
1260406448904900609
1260405658580647936
1260404062824075266
1260401875742011392
1260400503541903361
1260386243420073985
1260386017636429825
1260381511704104960
1260377907479879681
1260371209302261761
1260370477350084611
1260369877220700162
1260367810234068993
1260367209869737987
1260349386397233153
1260110886670422016
1260095012001456132
1260094933190533127
1260085088940888065
1260080809614213120
1260066901457350657
1260064737175404544
1260055712274821120
1260054394260815873
1260053739597070338
1260046885005467648
1260046105594732544
1260045518736154624
1260044161451003904
1260043934572650496
1260042139775520768
1260040650822750213
1260039366916931584
1260036831871033350
1260030809240506369
1260017803978915842
1259016673534803968
1259008812050255873
1259006679066255361
1259006533553270785
1259005532561715201
1259005389443665928
1259003949140586498
1259003577487548416
1259003386759954432
1259003034962714624
1258960393612951553
1257147365385011200
1257145940705763328
1257144213768200193
1256814357691936771
1256809207405428737
1256630826982420483
1256071171021438977
1255765580264529920
1255761729394544643
1255760163702800385
1255755463972577281
1255753411955433477
1255749323943555073
1255748772623196160
1255746140546445312
1255745980542181376
1255741740914524160
1255740969414266884
1255679619870732290
1255655286574104577
1255651121722425345
1255650851231858689
1255639973295992837
1255372303015260160
1255334174803836930
1255334130344169475
1255328772238323714
1255328071021989889
1255298869388365824
1254962973229096961
1254895575033696261
1254895384872325120
1254660200663076864
1254638106831134720
1254635743084978176
1254631316034854913
1254612029949779968
1254587303101595648
1254572847730757635
1254311920078852096
1254294399808417793
1254282314491858945
1254281508174671875
1254241708096749568
1254205989756252161
1254203955116007424
1254203689356554241
1254203480677298176
1253943103796523008
1253927731970088960
1253900212877299713
1253879970117685253
1253869373305098241
1253830081937641474
1253830036395905024
1253825534825508864
1253821057330548737
1253820966112768001
1253569167376158720
1253565707003899904
1253565405400047616
1253546626087563264
1253546419086143488
1253544945820078080
1250914190413488128
1250910732708872193
1250803258806939651
1249892726021160961
1249891521203224578
1249829015067770881
1248048512937361408
1247343839846768640
1247291529808482305
1247287900561080321
1247242038548070401
1245973913043075077
1245972258650238977
1245970840396746752
1245968778212585472
1245968751326949376
1245960933308010496
1245951603296874507
1245951203206365190
1245949291732045824
1245948616679788546
1245948274332315648
1245470863153082368
1245466074683969537
1244818759250063360
1244744852295868417
1244382697365143554
1244043871438417923
1244040863187193859
1243793472282296322
1243662978592931842
1243662689852887041
1243352974770012160
1243057271078301696
1242944773838831616
1242938800206221318
1242934354696982529
1242925878268637196
1242636796590243840
1242635754251190273
1242634055486705664
1242632272777543686
1242626692067340288
1242625541326413826
1242624839363551235
1242623329799995393
1242577934281555974
1242577640873222144
1242576979137789952
1242576329658294279
1242574529614024704
1242574386609217539
1242573067953426435
1242572845307301891
1242572480142807043
1242571092449021958
1242570806724526088
1242568419427397632
1242340004665405441
1242215434172215296
1242215146782670849
1241903211235041285
1241852560069124097
1241852081436266500
1241851317879963650
1241849103560179716
1241836055885754368
1241624413646327818
1241624359959216128
1241622509130260481
1241613340448894977
1241611229422145536
1241608904531902464
1241608794515197952
1241608529896771584
1241607811701903360
1241606188636176385
1241605957110595584
1241605529446817793
1241605356708659202
1241605259094523904
1241605189557198849
1241605109320167425
1241604987186081793
1241604242156204032
1241581199778291714
1241581153368313856
1241580735653457927
1241580663691784192
1241566305783816193
1241565569029210122
1241179212502806529
1241166620413829120
1240484578692861958
1240461940679376896
1240461570888564737
1240427341014355969
1240177824465551367
1240177694660231168
1240176926771339265
1240176060291059712
1240175326795366400
1240175216124444672
1240174703253348352
1240173391606317056
1240172970133291008
1240172338953453568
1240172141422743552
1240171243497836544
1240170809248931840
1240170460651950080
1240098032500256768
1240097869102800896
1240096283702054913
1239749066986307584
1239744059561988096
1239743504089321473
1239712743097327616
1239712588344238083
1239712480559063040
1239712366734069762
1239711943721652226
1239686408878673921
1239681382412161027
1239680564338348034
1239041302718820352
1238953225404981249
1238952575719833600
1238951995727282177
1238725625390796800
1238722049507557377
1238722007832899584
1238721936664023041
1238693740212031488
1238605761451831299
1238603017299136512
1238597138914951169
1238593648083812352
1238339728371572737
1238289985494794244
1238226511947354112
1238225809053224961
1237862106835255296
1236821005898854400
1236820605661523973
1236820311762522112
1236801037928992769
1236800448708980736
1236774888821710848
1236766425550934016
1236764803500302338
1236463377762918406
1236195430226178048
1236195080102346752
1236194745136922625
1236164030546554880
1236163877521547265
1236102958963724289
1235822659675385856
1235822534173405187
1235819812988678144
1235800918215610368
1235786868039573506
1235786832270561282
1235786722782457861
1235781967561601025
1235781254336917504
1235781189417553921
1235778188351070208
1235773605562245121
1235773287604592640
1235474366231502850
1235473348517380096
1235415557337493505
1235413954513559553
1235344822204059653
1235336539326074885
1235335649286291456
1235331159791456256
1235330583171149824
1235327654405996544
1235327392861818883
1235326906934980609
1235326822839132161
1235326394206429185
1235319378633199620
1235318060573233153
1235315733506162690
1235313611221979136
1235049873432428544
1235002623843086337
1235001098936602624
1235000665044213761
1234294955667050498
1233894283784183808
1233892401313386497
1233615410500640769
1233599379862409218
1233589068136615936
1233171461013229570
1232923317901963265
1232921516414816256
1232178524452200449
1232177442888069120
1232177345626284032
1231113890597101570
1230645618160340995
1230639394463404033
1230403183886901248
1225665290521862146
1225660415536844800
1225658466825408515
1225656550263361538
1225650164024500224
1225646891183964161
1224405731253923841
1224224448515055616
1224214342687764480
1224207229009760258
1224207178241859585
1224197536157773824
1224194596625883139
1224194420607717377
1224191260359000064
1224190247635968000
1224189985236094976
1224183039971950592
1224178427403653121
1222316852178751493
1218018880204963840
1217222825595080711
1217213277996036097
1217156350721122305
1216985249663672321
1216954651117006848
1216892290154860545
1216885808776519682
1216643600198651904
1216642865029435392
1216642462405595136
1216640753444753409
1216640064714952704
1216637598124343302
1216637011278299136
1216636730251661314
1216635958222868481
1216632073143955456
1216631945385431040
1216630425763942400
1216629379226382336
1216628774596378624
1216628700214714370
1216627328584908800
1216626032570249217
1216624739873181696
1216594412794454016
1216594370834706432
1216559437458149377
1216545873318088705
1216538240120971265
1216538218134409217
1216126806308335616
1215852575024611329
1215803265826332683
1215783359567343621
1215779978408812569
1215779591916310528
1215563883240476672
1215563774674993152
1215560547397140483
1215560290298888193
1215530913590927360
1215411628855975939
1212914871370756096
1212914159467343873
1209196885745000448
1205737570837180416
1204974260189638656
1204974170150461443
1204927856280821761
1203443293876559872
1203380882268151808
1199270771681574912
1198146788030648320
1194779793000144896
1191851374025355264
1191845832867426306
1189671684523073536
1189671378921934848
1188622184001859584
1188622154985660416
1187202250852225024
1187160201985773569
1187160168154443777
1187159858598109184
1186518425054695424
1186041010876497921
1185792209788030976
1185786806337462280
1185785983792484357
1185772348974272512
1185448197067608066
1185379226180050944
1185361407933501445
1184962004202741760
1184957853376958464
1184956213500493827
1184952229142372354
1184951131597889536
1184950094052941830
1184655725622022145
1184647980923707393
1184623969254739969
1184619039319969792
1184617387850653696
1184617316841066498
1184617205536829445
1184611531482451972
1184597828510932992
1184597756922552322
1184363940333150208
1184363023139573760
1184361069176934401
1184360566808367104
1184358227179462656
1184329900662149121
1184328888245207040
1184327707326341120
1184322469127229440
1184322421085659136
1184311236671885313
1184311066475614209
1184310927526682625
1184304565363105792
1184304460119629824
1184300237512425473
1184300094562156544
1184294981596524544
1184294874176278529
1184294665815764993
1184294243415855106
1184294138851840000
1184293972660932608
1184259439819444225
1184241541189165061
1184241014233542656
1184240230251012098
1184240176207413248
1184239817774829568
1184216414506409990
1183889495852224512
1183888770103480322
1183888225405943813
1183883652209487874
1183878781850804224
1183616462944161793
1183615728798388224
1183598338610028545
1183542431997976577
1183502679278063616
1183166015410192384
1183141155812380678
1182913658759892992
1182877865400000512
1182875254173122562
1182800308545740800
1182800081096978433
1182799925798756352
1182795861216116736
1182785895939956736
1182781882674663429
1182781879893843968
1182781876269912073
1182777858151854080
1182777716573196288
1182775001008824331
1182772897808556033
1182767649132044288
1182541343211569152
1182489453769740290
1182478243959660546
1182470076341075969
1182458176899354624
1182453883467128832
1182444299046342656
1182429019750502400
1182424400496332800
1182415121148207105
1182411157694570496
1182141392602243072
1182076797929873410
1182075064281423873
1181697861563682821
1181385995683532800
1181322705917874178
1181322347338436608
1180954319505575936
1180723214537953280
1180617328595275777
1180609153900978176
1180600281546903552
1180342739730403328
1180291766978781184
1180289570144968704
1180288078143000578
1180264323886862337
1180257057708105728
1180256080028454912
1180250432364584960
1179934721314295808
1179934634899070979
1179919048873775104
1179916443560882176
1179899929994711041
1179899324739805184
1179896598790316033
1179658673305600001
1179657256952041472
1179654931923558400
1179654833575518208
1179651197793423361
1179649592876572672
1179648020553617408
1179634984468004865
1179634764892004352
1179634536289837057
1179632457899020288
1179630922322370560
1179630775190392832
1179630595623837696
1179630417005166592
1179628623596310530
1179628498912190465
1179628337540587525
1179628022334414850
1179625295911034881
1179625121541230592
1179622614534426624
1179525818902552576
1179514069709201408
1179278499695202304
1179264842408038400
1179219068529893382
1179192484934701057
1179181619590156288
1179180780196634624
1179157198804570112
1179150681862787075
1179150001940893696
1178906081738801152
1178880607310495744
1178812086329253888
1178534523392401408
1178504713265979393
1178418319080263687
1176996738588139520
1176989860416106496
1176989587719299072
1176984959204151296
1176980317162418176
1176980106880983041
1176757863752093696
1176756769110056960
1176756505376448512
1176754083232997377
1176754020591034369
1176752680129236993
1176749342616674304
1176747862669086720
1176747578374938624
1176718967949418496
1176718743738691584
1176704968188977153
1176697702865932289
1176688800124346373
1176688711733514240
1176688605659586561
1176688488156139520
1176670159089672193
1176669751608795136
1176654823523004417
1176645410980585478
1176644370822520832
1176644289071370240
1176643208169828352
1176643002183368704
1176642841331798018
1176642057860984833
1176619415028322305
1176616379488841728
1176613146137698304
1176612023544758272
1176608566066712577
1176608194786996224
1176608087203033089
1176607075218206724
1176602181136519169
1176366983207628800
1176364107504766976
1176363789052235776
1176357336866336768
1176357157165555717
1176356554402095104
1176348824786362368
1176346830302527489
1176346706952298496
1176344198976614400
1176344104382414848
1176326714370273280
1176326249368735744
1176279319578066954
1176266515135512577
1176252861853962240
1176249077866127361
1176249018663538688
1176023485447135232
1176020603465322496
1176018771619844097
1176017335796326400
1176017285586268160
1176015174450520065
1176014321538732032
1176014174759149570
1176003540168380416
1175997962046115840
1175995498945286145
1175995418855059458
1175995292954628096
1175988336843997184
1175986247786999810
1175983820912373764
1175981604055003137
1175980776879468549
1175979624838389760
1175979504860356608
1175979331899863040
1175969153271943168
1175969075132096512
1175968942067789829
1175942148115652608
1175941422824005633
1175937989740027904
1175937864976220161
1175932169300185089
1175930017207017472
1175919377931280385
1175903358927986689
1175895803791126528
1175615570735222784
1175609420954460161
1175582206045118465
1175571501405429760
1175569685015932928
1175568563983323137
1175565122149998592
1175564690983915521
1175530381338140672
1175306136930652165
1175303938691731457
1175293219040632835
1175290749837094914
1175280956493770752
1175242628570460160
1175237567236714496
1175234707019239424
1175232038292611072
1175215399488688128
1175195928501850112
1175193706766458882
1175186559253057538
1175185748787695616
1175184407654801409
1175177032046657536
1175174151860043777
1174934141457981440
1174920905157312512
1174877954880544768
1174877748139106305
1174875205761740802
1174872301441077248
1174865639959420929
1174862745990324224
1174859987891490816
1174842073578659840
1174835303938428930
1174834361688055809
1174832150522290176
1174832037955612672
1174826700066230277
1174826566255353857
1174826383048105984
1174824454922395648
1174822970658893825
1174821071863865345
1174819785508577280
1174819362810863617
1174818599703392258
1174575632791035904
1174575497688354816
1174575269623058437
1174575175125405696
1174575037258641408
1174570339231260672
1174569128360894464
1174568960844533760
1174564504107192320
1174563361989771264
1174563272152031232
1174562711734296577
1174550930508996609
1174550124317597696
1174549995514662913
1174549818380890112
1174547047564943361
1174543472751259648
1174543225547309056
1174543065693995008
1174542268088410113
1174542139780415490
1174541275191754752
1174540876481253376
1174539735353692160
1174539396886007808
1174539244553089024
1174539048691609600
1174538845842563072
1174538304152395778
1174537598867595264
1174536816118181889
1174536650518646786
1174535431544856576
1174535069614170112
1174534989603622913
1174532318939222016
1174529620961615873
1174529476610469888
1174529465252286464
1174528929920671749
1174518431997149185
1174511541032562689
1174511468131291142
1174511369992974341
1174501977239298048
1174501907374755840
1174501788952797185
1174496774804987904
1174488004196556800
1174465035743219712
1174443195159199744
1174443064422739969
1174111838860206080
1174106160594640897
1174094105657389057
1174082908421836800
1173778645439172608
1173774930086899712
1173745581984047106
1173735232547295232
1173719418343448576
1173429804659396608
1173429633569542144
1173421813055021056
1173421315719647232
1173418656816074752
1173400086795161611
1173396575529394176
1173389086901645312
1173376415133306880
1173376362985533443
1173376148539158530
1173371683543146497
1173359095677693952
1173358353902428160
1173355211835887616
1173352304029970432
1173351508500471808
1173346126940049409
1173345882818920448
1173342027582443521
1173130911862468608
1173128939218378755
1173128329337036800
1173120333613846528
1173119132210016256
1173117027583700992
1173116122104770560
1173114790048387073
1173114636771692544
1173111472362328065
1173109528617005056
1173107037980545025
1173106132308680704
1173105642137182209
1173095899096113152
1173095713238114304
1173095616098050048
1173095446492983296
1173087747566985221
1173087132413562880
1173084408418590721
1173083538104705024
1173081800979017731
1173080218161909762
1173076868678979584
1173069985729716224
1173069134504050688
1173066737870356480
1173064528923430913
1173058032995057664
1173048175499862018
1173046257666932736
1173046192084783106
1173044597431427072
1173025004038103040
1173015668230410240
1173015655030886401
1173015396162686982
1173014884667285505
1173004805121466373
1173003068616708097
1172999916739878914
1172998991069495296
1172984186359164931
1172682901865095168
1172676028474494976
1172664273098694657
1172659702267875328
1172654555328385024
1172641855516893184
1172641148814409728
1172632147741630464
1172627592425422849
1172627422929477635
1172626315377352706
1172626027060875264
1172396232330731520
1172394122629398528
1172382350761545733
1172378547345743874
1172367870065545216
1172363621311098880
1172344304490049536
1172344230380892165
1172334025026883584
1172333511463751685
1172330696972492800
1172329950663208961
1172329877422272513
1172329787987152897
1172325894058209280
1172324607086321668
1172323338380644357
1172315520034426881
1172306351168602112
1172304749929979907
1172294776701382656
1172283460289028097
1172275289428299776
1172026439388061696
1171996281016922117
1171995925046353920
1171988975277527041
1171983388879785984
1171980484601102336
1171980314169810944
1171977082949263361
1171975671087816705
1171975333618339840
1171974171972313088
1171973640126107648
1171972962364416000
1171964787837812738
1171935753095528448
1171920857540812802
1171918348160000000
1171916316837588992
1171906895470301189
1171681361389862912
1171679274891468800
1171678250382385152
1171675609950539776
1171675289132425216
1171673926088495105
1171671944913137669
1171671660023439360
1171670556984401920
1171669487965351936
1171666908636221446
1171666776935063553
1171658775238983681
1171650394377936896
1171649395542171649
1171624050591973377
1171623961295294465
1171623839509504006
1171623716742189056
1171611644067291136
1171609408519979008
1171607912768253954
1171607089682292737
1171606462658994176
1171603112257294337
1171601457403092993
1171592678842216448
1171584817097584640
1171583667568873472
1171576403239849985
1171563935507582982
1171558540235948032
1171555395191615488
1171553969203818496
1171546627745681408
1171543855243702272
1171321619433873408
1171321052716306433
1171320652437082112
1171320092682051585
1171319993050587136
1171319871851913218
1171319739437727750
1171319592242860032
1171313119022460929
1171289049425989633
1171281959248703488
1171278314159386624
1171277939914280960
1171276449929662467
1171275650017222656
1171273785175138305
1171271663415111680
1171271123306188800
1171270624586735617
1171270321997058048
1171270246277222400
1171270138030645249
1171270037279248384
1171269674950156288
1171268721236729857
1171258070833479680
1171247587703152642
1171237383125307392
1171236359928975361
1171208431472128000
1171207098237161472
1171204955195215872
1171203513503887360
1171203334394535939
1171203262005096448
1171202335298772994
1171198797151686656
1171197498574155776
1171197345435963392
1171191705699266560
1171187052236419072
1171182564620607495
1171182209417515008
1170953339468681216
1170953007732842497
1170952953106186240
1170952843798491136
1170950088484675584
1170948900284502017
1170932335790952448
1170901878927962113
1170900862434254848
1170889935848726528
1170884961483796480
1170880365747154944
1170876108843245570
1170871869999915008
1170856690700509184
1170854380490428416
1170854102756188160
1170853100653023232
1170849104299286528
1170848915324846080
1170848618938544128
1170846820106461189
1170846597636337665
1170846479843549184
1170846246212427776
1170845791981883394
1170842315843342336
1170838072055009282
1170834704683196416
1170833041549332486
1170824239731171328
1170811290622799873
1170588419862478848
1170587320703160321
1170585355306840064
1170584844402855937
1170584415149416449
1170584332257366016
1170576225187901440
1170572762508906496
1170571949178859520
1170571751262232576
1170566142718554112
1170561276147355649
1170561226600062976
1170560631877115904
1170559962625560578
1170558388494831616
1170556864486170624
1170555735232716800
1170553819308134400
1170551974829404160
1170550206036881409
1170549729622724608
1170542165925203968
1170520086031020033
1170510200983474176
1170494306064510976
1170493726529118209
1170493485276905473
1170490774384971778
1170489754087022592
1170477823057899522
1170473731581456386
1170472829931986944
1170471184540065794
1170464310646202368
1170460611140096000
1170460225440288769
1170458976921804800
1170229452141465600
1170229085852905477
1170228286988988416
1170218982353383424
1170218049078779909
1170190723687342081
1170141835089600512
1170137905093840897
1170128574864642051
1170102275718754310
1170095918760243201
1170084895173107722
1170084081503223808
1169869419847143425
1169846248959950848
1169845908273385473
1169837232351371264
1169836219934490624
1169836001935519749
1169825361602826240
1169824302423666696
1169806472122908672
1169804243525603328
1169799336810700800
1169786340927516672
1169780892514078721
1169770179582201857
1169762963533815811
1169761314153160707
1169760867669434370
1169760330827874307
1169759543250817025
1169759154266935297
1169758531974848513
1169758037298634753
1169756951733055489
1169756764608376833
1169755815043096576
1169754807571308544
1169754690164273154
1169753132424925185
1169751287459717121
1169750213147467776
1169750149096251392
1169744538702925824
1169744191443939335
1169730975728902145
1169729111704690695
1169728491169992715
1169725807612375042
1169497144908230657
1169488048360480768
1169486244440621057
1169481016228102144
1169481008326090752
1169481001657143296
1169480887471431680
1169480879976132608
1169480730029826048
1169480722748456960
1169480715366555648
1169480522906648577
1169480515780526081
1169480370619899904
1169480363833470976
1169480157394026496
1169480149244481541
1169480143062097920
1169480054155485185
1169480046446305280
1169480038137438214
1169479944465997825
1169479938199760896
1169479931702759424
1169479832691982336
1169479824844480512
1169479817017864192
1169479809954734080
1169474513676963840
1169467621412155393
1169457607452573696
1169456853220302851
1169454442535694336
1169452686888067074
1169450105948295170
1169448735816003585
1169447993268953088
1169446938124664833
1169446806180290560
1169443988807589889
1169437964335767558
1169435208275431424
1169432298632175616
1169399685922066432
1169398087195996160
1169394085116940288
1169383896422768641
1169383807482548234
1169379629272055821
1169379185644752896
1169375097687347200
1169373222237876224
1169371735558381568
1169371463595569152
1169370765122293760
1169370602421071873
1169368249500340224
1169367641603092480
1169120656384036864
1169102479721734144
1169097831845683201
1169089037321363456
1169077103352004613
1169064200355950592
1169062786460262400
1169054883670106112
1169023399697506306
1169020448086069248
1169013946688385024
1169006819093688323
1168746254047817728
1168742250727301120
1168714980084146177
1168714750768943104
1168713895122542593
1168712489489580032
1168712316881461250
1168711531300831233
1168710253594193921
1168689547611377664
1168689444867792896
1168689077702537217
1168686189009952769
1168686072093716487
1168683728291454977
1168682930815819783
1168676750987079680
1168672748551442439
1168658964449497089
1168646068461948928
1168645779461787648
1168645622561329152
1168637874486595588
1168630359145234433
1168628304578039808
1168628092119736322
1168622790150410241
1168587893415301120
1168585597235187713
1168583544878379015
1168572553583038465
1168570280689721344
1168568938181070848
1168515900053622785
1168382464114483200
1168376553681641473
1168356809251463171
1168351198619099138
1168312456084635649
1168312432378425344
1168031841506361345
1167992044129804288
1167989955668262917
1167989516172517376
1167986599629475840
1167976515553726464
1167974909357617153
1167955623901724672
1167908800352772100
1167578916279787524
1167557870319296515
1167553782709936133
1167546927782813696
1167331410950049792
1167317805739331585
1167317292079697928
1167307835815780352
1167242917586620416
1167235291503050752
1167188717204856842
1167188126445527041
1166982622205136896
1166981998025596929
1166981187585421313
1166981031070752768
1166978732780863494
1166978597229355010
1166978058412265473
1166976110011330566
1166975859347116032
1166974812633337857
1166974806136430592
1166974508256903168
1166974500417785857
1166974492649959426
1166974112876679168
1166974105289146369
1166974098603466754
1166973349404315649
1166973342483660800
1166973335856734208
1166972967819108352
1166972961057837056
1166972719688224768
1166972524225318912
1166972518340734977
1166972511701078016
1166972154275082240
1166972147488690183
1166972139481763841
1166967647503888384
1166967534257618944
1166964837106233345
1166964737428598784
1166961554761441282
1166961447659810816
1166959767346122753
1166959370460180480
1166959145381257216
1166953346747576321
1166950716331765760
1166947732768075777
1166941167172378624
1166915666169012224
1166863764571996160
1166863089356218368
1166854742179495939
1166854627532378113
1166851403215777792
1166844512620228609
1166838506502729728
1166831805623939078
1166831389746110464
1166830297477976064
1166830142473285637
1166829059147517953
1166828420321415169
1166827572409327617
1166826916575420416
1166826119628251138
1166825446652219398
1166825148617547776
1166822675538464768
1166819180009725953
1166819070970384386
1166818796721643527
1166607482036400128
1166575515387478018
1166575334285893632
1166568732724011009
1166567706742669312
1166564782494932992
1166558159613431808
1166553925673279490
1166548153966968832
1166546496327733254
1166545264968110080
1166538180310568960
1166517118000652288
1166517019484835840
1166509869727453185
1166495703520165888
1166494017049284608
1166493898765676545
1166488611442843648
1166473237670322176
1166467535220432897
1166467232844697600
1166466756661121025
1166464255996153857
1166460698228068353
1166193444659847168
1166182618993438721
1166099429721542661
1166097907315073024
1165837846823022592
1165837841588523009
1165831686346686464
1165831550824583168
1165807419764740098
1165779718123204608
1165476331599159296
1165388144981741568
1165376496908849154
1165375664565997568
1165360859603984385
1165275345748156416
1165275206149169152
1165139188708204545
1165139093476524033
1165138990279868417
1165131396010119174
1165131331237494784
1165126388493553664
1165126317592981504
1165126224076779520
1165126113410068480
1165086720985063424
1165084947864047617
1165079732788105216
1165073938055139328
1165069745927938048
1165068697444204546
1165068313690542080
1165065650777284613
1165052557099712513
1165050679313993728
1165044903744872448
1164785137118142464
1164766641659379712
1164765509830602755
1164760429895118848
1164760002784985089
1164759688627380224
1164757814297841665
1164755119264546817
1164754840829874176
1164754543332057093
1164754378944741377
1164750988143501314
1164747153086005248
1164743048779223040
1164742132457975813
1164739441421930497
1164738773483237376
1164737920026206209
1164737022243811330
1164735552035405825
1164735367049875456
1164735073129816071
1164735046110109697
1164733681304514560
1164732257162211333
1164718654640074752
1164693445438582785
1164427000204988417
1164395486196961281
1164395271025041408
1164392782313775104
1164365040595681280
1164354832532168704
1164315832006131712
1164292244788129797
1163998051863842816
1163670301852545024
1163580305992822785
1163577769026052096
1163241043078180865
1163237047609507842
1163236382732640256
1163214328704720896
1163213306913599488
1163212078712315904
1162961025681022977
1162949421547626496
1162933725165809664
1162932849378357253
1162932751101595648
1162932542351089664
1162932119879815168
1162931621047066625
1162930587734347776
1162930446042357760
1162930116940488704
1162929885335236609
1162929245850603526
1162927465532182528
1162927243498283009
1162924576432644096
1162924102291791872
1162923441143652352
1162920128746545153
1162918134900232193
1162917166217342976
1162917027469824000
1162916514942636037
1162916431983501312
1162916323682344961
1162913959957147649
1162906908237475840
1162896935080136705
1162876830795386880
1162876371179360256
1162875432678694912
1162875328777379840
1162875140444741634
1162873814205812736
1162873734941872129
1162872846701486082
1162871883852898304
1162852849765822464
1162616496113278976
1162607433077968896
1162597834262274048
1162594207384690688
1162590602334285824
1162557949954465792
1162547897356996608
1162547630565707776
1162547415079161857
1162536135177973760
1162477919521972224
1162258765569093639
1162258428489691136
1162256871228497920
1162255922397270017
1162252096617345025
1162243714326003712
1162242079000367105
1162224756155801601
1162224749218390017
1162223749686386688
1162223579569651712
1162208003963019269
1162207912942424064
1162199154887667713
1162194737090220032
1162194656421122048
1162194557586608128
1162181754620456960
1162181604321767426
1162181505453580289
1162163765628063749
1162163528696025088
1162155612446351360
1162149765318098944
1162149536124612609
1162149438305030146
1162149346428760065
1162136909797384192
1162131669685604353
1162131597849714690
1162129364768698370
1162129072354410499
1162124273642823682
1162120775148679168
1162119871083220994
1162119223486877696
1162118511365447680
1161884027558776832
1161869372970938368
1161516271877464064
1161515259666010113
1161463991874609158
1161457171743367169
1161453719424241666
1161427381359403008
1161422246163992583
1161420059291635713
1161412553794306048
1161410838416281600
1161408435121983488
1161407338521255936
1161406727214026753
1161404843036200961
1161105742671306752
1161030470613815297
1161030085211824129
1161028323562139650
1161026216322916355
1161025093239234561
1161022062682681346
1160765363925200896
1160735558899027968
1160719733467078656
1160717811548860419
1160717717600706562
1160714736440401920
1160651950012211201
1160433539256651777
1160359102125608961
1160355438707335168
1160351015926927362
1160299568539557888
1160294529536274435
1160289932054859781
1160289659995529218
1160287315564138496
1160080685832560641
1160069384100073473
1160061817034608641
1160061492911366144
1159979653194534914
1159681291928969216
1159660876296785920
1159659345191297024
1159656739861647360
1159589418115751936
1159586600533286912
1159585083868745729
1159584466614083584
1159365270529552384
1159364223329296387
1159363960782635008
1159363857518944256
1159363776271015936
1159344475300343809
1159344438050795522
1159344288926490624
1159344246761152512
1159344162736656384
1159296693931782144
1159268766552907776
1159268691621625857
1159264710455451649
1159256050664648710
1159248110503305217
1159247961865502720
1159245624728006661
1158984249678188545
1158917020571901952
1158860993562316802
1158636706712707074
1158595062374293504
1158587832283402240
1158587757314412544
1158587650204475392
1158587535297273856
1158587424504733696
1158580854945456128
1158576374594117632
1158576295560790016
1158576180620136450
1158576056179331072
1158569189029928961
1158529846613614592
1158528721659318272
1158526910672134144
1158524486318198785
1158523942564487171
1158522188129013761
1158519983837798400
1158519922181443584
1158519677808779264
1158519607189282818
1158519491875287041
1158512670737338368
1158508307151241216
1158506508189130753
1158504380712267776
1158504323824967682
1158501056973815808
1158500992561963008
1158497405425332224
1158496422339194882
1158489688199573505
1158150675735465985
1158148789573693443
1158138524614479873
1158138219592126464
1158131734891978752
1158130842406981633
1157904769194844160
1157890185566121985
1157887538205536256
1157838489356029958
1157833315199737856
1157833194084999168
1157792401714491393
1157792346592989184
1157783849067339776
1157550335524818944
1157530032606261248
1157504730207309824
1157499939867582465
1157470387430731777
1157468824473616385
1157468251682746368
1157459591954927616
1157459530827124736
1157436903165169664
1157427694667214854
1157415929761980416
1157415377246347269
1157412576969539585
1157401753702346752
1157178611402760192
1157174901322801152
1157174701485170689
1157174637253599233
1157174560074211328
1157159838461284357
1157158890389139457
1157155220159209475
1157151469130305537
1157150437146943488
1157146400032882694
1157133877321895942
1157133808237518848
1157133739811643397
1157131539056078848
1157131493979885568
1157121531610357763
1157109501104930818
1157104291255115777
1157102322398486528
1157099396695240709
1157098871580962816
1157098548661497856
1157088136712916992
1157085794387058690
1157057225615118336
1156826922317430785
1156826767975428096
1156824804588212225
1156823638991093760
1156823440478920704
1156821840981057536
1156821153756930048
1156818061820878848
1156817838495195136
1156817740319121408
1156817680223092736
1156817612812120064
1156816354302922753
1156813464637231104
1156813416696307712
1156813190883434497
1156813173955158017
1156800912595333120
1156798896296865792
1156798882615107585
1156792132428079104
1156789732266917888
1156782719038361602
1156778331490177026
1156778281112363010
1156778168558206976
1156778042393530368
1156755616611913730
1156725367627026438
1156698450727231488
1156698266978963456
1156694853641756673
1156692227109924864
1156691754109874176
1156691490296479744
1156432047298228232
1156431632573902849
1156423939134038016
1156403946518396929
1156397471091871744
1156386829358309382
1156384648026607616
1156368222486192128
1156337303192817669
1156337263476916224
1156323916329041920
1156323252240834566
1156321798100803584
1156320567596867585
1156319777671000065
1156317806390140928
1156316961741123586
1156316748490170368
1156309137577455616
1156095304564953089
1156094261378650113
1156091039280750592
1156086393208299521
1156079215852314624
1156074512506609666
1156067267588874240
1156065208525344768
1156065147535929344
1156065076287365120
