1323651364631638022
1323646262151819264
1323634076801101826
1323632826428739585
1323623793982496769
1323620092513411072
1323618210705403905
1323614901391126528
1251000163457314816
1212056025467146240
1212055800908275712
1170508118364545024
1170507211136589824
1134630950082449409
1134629793096392704
1134626581903659009
1116867086972641280
1113895043708796928
1113288916939841536
1113285851012694022
1105633857703825408
1103129683510489089
1103126905580994560
1103125475130466310
1101515383331319809
1099710932161359872
1099016972639977472
1099014303393312768
1098778732553109506
1097631717106438144
1090753731136638977
1087803034778796032
1073733624359399424
1037180730705494016
1037180205024964608
1037179574134525952
1034666596361326592
1029745560561958912
1029591331092320256
1029590329333149701
1025819332134154240
1025800370893799426
1022865637238964224
1019397547734065153
1019396781266763776
1017613665401331712
1015671682860646400
1015064335628947456
1014329006244519936
1014323894075850752
1014323246001356802
1014322641031725056
1014321976033173504
1013979006939496451
1013977822820331520
1013591210735235072
1013085742237536257
1013082587374354432
1013080915382157312
1013080063359586309
1012765369608503296
1011813828709896193
1011812951567691776
1011799905877102594
1011796823911030785
1011796471849472001
1011795663070232577
1011795614496055297
1011259083347787778
1010580499599785989
1010579161344196608
1010576907526475776
1009284947343839232
1009284402768011264
1009218179950772224
1009186397737979904
1009106564488167426
1008737576436391936
1008731971793481729
1008730969606483968
1007094228676038657
1007090964568014849
1007088247648817152
1007087799864995840
1007083385548763136
1005681831612575744
1005557717484765187
1004231593676845056
1004230927952646144
1004230360467509248
1004229263434792961
999467185310285824
999465398578823168
994581241843269633
994579383095447555
993697511343714304
993697347572908032
991852342088683520
991813462547357696
991128131791536128
989650184748515328
989209553290936320
989204970690887680
989203488931397632
988257862982909952
987818121036644352
983329207999778816
983329107873337344
981362521947951104
979733105748664321
978705759839117312
978649128010993672
977224504702365697
976506152568741889
976475274278785024
976474370481803264
975899885449957376
974088560352681984
974086068961206273
974085934944800768
974085561370767361
972168717319790592
971799175217209344
971798169351786497
967945621909929986
966726519602196481
964277468743000065
963952962069508096
963950596545007617
963950386989150208
963949972826845184
963949745780781057
963949163493908484
963948941036478464
963948101974351873
963888146457997315
963886468350513154
963884295726272515
956617820497940485
956194044505452545
955588161337520128
955586694320939009
955497488433152001
954187127885058048
954033926711971841
951657128208592896
951624182198099969
951202495266770945
951202290983202816
950723218255568901
950001162186641408
948963132780707843
948961676216455168
946102832524079104
946101765388341249
945689888908808192
945331345009541120
945329751392243712
944595345358688256
944591592073191424
943235962951426050
943234602293919746
942854961658040321
941472730746097665
941472517209944065
940793742981844994
940793331776458752
940789627627196418
940784660111613952
940782778307809280
940782505988419584
940628830569533440
940628009291304960
940625773043560448
940353200082903042
940353014010871812
939907585146318849
939578067470524416
939242200629764098
938803663551848448
938803246604398592
938066806492794886
938066099274506240
938046462633668608
937704665466200064
937490009082474496
937086564353626113
937005654706999297
937005405716336640
936723878780592128
936723762497687553
936723703500562432
936723620658925571
936723399065374720
936723249987190784
936723155489624065
936722839457157120
936722413164859393
936713176179081216
936707542381682690
936705138697359363
935703646188310529
935702680508432386
935701125533175810
935675983172132864
935675667777277952
935675600517455872
935206313050689536
935205383395860482
935204883933859840
934963811630632960
934963623935598592
933875779968143360
933874666913091591
933871608527278082
933532238804905985
933434314662076416
933433359937818624
933432479926677505
933427762710401024
933426410814889984
933027503593152512
933026778079289344
933026454744518656
933000631593373698
931973765378007046
931552211334606848
931550340612284416
931541866662776833
931541755719233536
931541378068353024
931540460883017728
931539111827136513
931361472801923072
931360307372576769
930857249152651277
930850447765786625
930849676449976320
930848128059703302
930164246922571776
930162867059544069
929752485270573057
929128875774414849
929059547787997184
928314592127791104
928152404255703042
928148908022403073
928071720568868865
928071647537586176
928069439253295104
928067908747620352
928067212627365888
928066039866445825
928065009787260928
928064854186962944
927727970218897408
927626842043043840
927626784551657472
927611447160573953
927603083638689794
927601092044746753
927598524396638210
927598088168116225
926819124109631488
926818304836108288
925875767325724672
925818350139248640
925425520560525314
925425345318309888
925422885577134080
925421540358926337
925106184927043586
925104318142959616
925104136546373632
925103329318928384
924369945844240384
924368329334296578
923374709823164416
923374233773895680
923190302906683392
923187612415877121
923187402679685120
922948879703736320
922946490741542915
922945594179637248
920489766663131136
920350559114285056
920350119312199681
920007812809359360
920007434650955778
920006705982910464
920006346782765056
919664009942650881
919663745940541440
918977710575235073
918955018455339011
918953286392340480
918953197221437441
918940262155644929
918936415941152769
918922743617376256
918908058557911040
918574045406384128
918573176120102912
918572920909238272
918466461907243009
917855080103186436
917854936469331971
917854850674823170
917515058409803777
917514995327520768
917513876312412160
916730175588532224
916729831093604352
916316086936752128
916311017784823811
916309371155632130
916309204369072128
916149013933711360
916037909332992000
916036178557767680
916034355457388546
915942929994203138
915774164585320448
915773107520118784
915289310479478784
915286601269473280
915211294529216512
915210938013372417
915210901971759104
915210824993705984
914936706197069824
914936237563236352
914936102489817088
914922967821438976
914922620092649472
914893504328949761
914893354646802432
914892476900667392
914858673834471424
914857898307674113
914857599073480704
914537847927033857
914537759179763713
914536872025653248
914535427679358977
914516852105236480
914113412204032000
914106365441925120
913856358776221697
913852657579757570
913852420907831296
913851429948989442
913849791108481025
913825283224023040
913823047420956672
913515862610599937
913515638458601472
913514891650256896
913514002902405120
913513871834599425
913396452172484608
913394298317676544
913392741794635777
913138093728894976
911957849139445760
911956778367291393
911731914217869312
911731885469990913
911731465305681921
911730535826968576
911730120188157952
911289087264518145
911040021871853568
911039519033630720
910960378737254401
910959210757804032
910543317045272577
910542968230223873
910540459105308672
910538269179486209
910537466658136065
910289237756522496
910287353943613440
910286825813667840
910286772231442432
910286386770665472
910285715157733377
910284984983879680
910284907318059008
909846551710830598
909845215590207488
909093753972981760
909093078312644608
909092053451182084
909091955166076929
908719289598914561
908718466097664001
908663692178464768
908509887084285953
908509320463216640
908507894093680640
908507722538242053
908506246206062597
905875888667062276
905875270283952128
905875023688323076
905518777047101444
904160612833525760
904159691189735426
904159227115077632
903727156320194561
903726670200397824
903726457163321345
903325086131814400
903324906850402304
903323473543647232
903323034173497345
903057875785875458
903057455365705728
903056894444666880
903056037804158976
902970239792631809
902968852656599040
902968488775602176
902968128891703297
902967784149278723
902657997968695298
902657327135907840
902262424086118400
902261232719233024
902261140868169729
902163789063311360
902163478374486016
902162948097024000
901846630407778304
901274043915153408
901271212587962368
901264139653394434
901262187825688578
900445634527940608
900444215376793600
900443727394734080
900442649538285569
899651710272065536
899651532601405441
899649935301148672
899274991308505090
898623495587991555
898618689452421122
898569217175420928
898384897370451972
898383421260660736
898308632277729280
898307896710123526
897907302140964864
897595610731347969
897540613716926464
897526424151740417
897258077014982657
897096863291256832
896884567092600832
896883943554691072
896883622870908928
896882661100142592
896882624496455680
896784652152823810
896781494231937024
896780659066327041
896780553432727552
896026474708381696
896017004615913472
895642572034641921
895045446070132736
893611921382887424
893609743658430466
893185346934108162
886634422077800448
886633084308774912
885241488967380992
884821128195313664
884818867993882625
884575895570264065
884487023322648579
884486030270877697
884485581497147393
883427675238535168
882968950048514048
882967039161360385
882617798274539520
882415780683448320
882414854883209216
882414278552297472
881933021036851200
881484670663307264
880928636223848449
880869847491629056
880868913239797760
880139949772820480
880079260538462208
880078041589977088
880077679990636544
879540610935529472
879436635670228992
879400538508599296
879397744623984641
879354728320299008
879354374442684417
878230130279071744
878229942600835073
878226711480909825
877972623258406912
877972455255531520
877972293535678464
877971815733133312
877965633220091904
877964168363728896
877961396016869376
877584425290256385
877211048406904832
877155727277772804
877155066276454402
877154151171579904
876841964725043200
876817045089914880
876815099872325632
876813451825483779
876555900554797057
875426271429263362
875425276905312257
875116212904239104
875114802993082371
875081223886045185
874740724004253696
874740638138474496
874634191471824896
874633665770401793
874633051413852161
874630652431302657
874401371491053568
874395004105576452
874352015043940354
874351034419773440
874350137497317376
874074190634266624
873959652614172672
873336169815318528
873256900544081922
873234900928933888
873220427493109760
873218543793446912
872990611296616448
872989438871298048
872989072423358464
872473885417066496
872466217755398144
872465815102214144
871883807992971264
871883026808135682
871800577021411330
871800053584867328
871799841390776320
871739595263795202
871738822631067649
871415809763102720
870765643657863173
870731366698295296
870730094981111808
870728515557220352
870727459309793280
870369589242339329
870369130582560768
870365452769398785
869980982484639744
869905197614727168
869904996598525952
868298722731577348
868297349453500417
868294718165331968
867942387896782849
867894523543924737
867585850078617601
867584772222136320
867584409926598656
867584273401991168
867543070933430272
867542024362348544
867541097777692672
867519002146484224
867517069889327104
867516861155598336
867514533463588864
867512491336769537
867447428743655429
867446871115132933
867446378338938882
867445949966274561
867025886763200512
867025446810116096
867025150050521088
866784718183968799
866402680331284480
866401312350642181
866311085468643328
865730199329148928
865670866377490432
865649379255795713
865647140357365761
865597058425774080
865596301639000064
865310679447764993
865309239203553280
865308995262742530
865306503309398016
864959891244539905
864957166712758273
864955442388140034
864647877829828608
864639675893518340
864639588937150464
864207742881366017
863781998208405504
863779338256338945
863125018649255936
862840396677865472
862832934407073792
862832008518565890
862736040750194690
862734238633918464
862518373388873730
862388739724718080
862387570977759233
862386564923617281
862385957970075649
862385272184549381
862385231118184448
862147700246163456
862147535263191041
862147106475311104
862124202903699456
861709632917712896
861708915960164353
861610841946378245
861374276221489152
861264162256826371
861263731245928448
861262951944269825
860524646235607041
860523887800573952
860522915888062464
860309840173969408
860297218267500546
860236167664500736
860235145915359232
860216086045831168
860215128008085504
860213654360403969
860212392201990144
860206724480892932
860203709493641217
860202508127436800
860202010813091840
860201877237116928
859979031722307584
859978530922405888
859886484874293252
859507288503189504
859506644014821378
859250447009361920
859196761281368064
859139392320962560
859124712437420035
858875013956546560
858798917890322432
858798740785815554
858797398038110208
858754012769914880
858753854191677442
858747474294558722
858525817944629248
858469523921547264
858375048675110912
858335298325028864
858321985876762625
858309316817932288
858184356434726912
857951437720096768
857951335764963328
857708857749114880
857400564782596097
857341996557635585
857339707180679168
857057838811820033
857057359750987776
857056791343116289
856331463578529792
856330355896459264
856157664493129730
856154778992246784
855809703120711680
855808959105650689
855808412671725570
855806953209180160
855806905998028803
855430074262327296
855073044984934400
854885169576202240
854552298613346304
854534171758342144
854530792437014529
854527174648483840
854525867522969601
854520595400228866
854517954943299585
854516683070992384
854509539407912963
854505124617748480
854504183243919360
853631109174898689
853630822900957184
851948662855020548
851865049228615680
851603116575383552
851602533353181185
851554586238341125
851552871158087681
851550585354674178
851549933408800768
851481112245358592
851441175580094465
851440948471005186
850808243144323073
850807651919331328
850477166877970432
849616285168283648
849616065487351808
849290675657084932
849289890185576448
848922659068968961
848922213071945728
847816889527042048
847632671228350469
847631187975602181
847555662703976451
847551854393401344
847551750596956160
847551410673565696
847486435166797826
847479444054736899
847220252136103937
846941022655578112
846756456691089409
846706153803431936
846705909002895361
846473464018030592
846198390081949698
846197278926913536
846196802810531840
844991631472427008
844990918247792640
844990353266626560
844990035397132291
844916407007657985
844749354741174272
844749025953927169
844645515551756288
844644446998286337
844642993135144960
844143809181179904
844143773999382528
843970018362769408
836939803035906048
836938450897076225
836627421306707969
836626746145443841
836626598208098305
836422766047940609
836352541868847105
836281804936085508
836280913331961856
836226557022699521
836226380446707712
835917826275827712
835917193162403840
835916761920901120
835679126497329152
835677058613272577
835676590994501632
835676364074270720
835675871226789888
835516228177444865
835515715646074880
835513407625388033
835270481985081344
835270371481899008
834992569352339456
834992245614985216
834992056560988160
834887275624398850
834886881125023744
834812373919789056
834811082585804800
834810810899787778
834621692097986561
834621331505283073
834464903129874434
834464443304181760
834463179304554496
834462236106248193
834461828747055106
833430452203569152
832768547453489152
832768100613238786
832253803013496832
832253337089220610
832252398672474112
832013514160140288
832012298424311813
831909101126950913
831908950035427328
831907495077695488
831865018811564032
831726060786032648
831724979679006720
831374166221795328
830264125385220098
829568476893286400
829155302763274241
829155094344122368
829154239544954881
829147399360614400
829147239431893000
829146222258630658
829144636350353410
829078796733145089
829078045470384129
829077015844237312
828794701331443712
828794296782430208
828737513133051908
828736885270929408
828670725343027200
828465231626125312
827633173257416705
827547261165006848
826886805601533953
826657090995359745
826460544299331586
826460043038044160
826123103948435460
826122929716989953
825949276110987264
825883025540018178
825870933994905602
825815509442637824
825814862987218948
825812322383953922
825596457671598080
825596331657814016
825595932217573377
825365014081056769
825364074653425667
825363926909083648
825363863419940864
825022308280471553
824650527149608961
824459666583384064
824132469695934465
824065331719262209
824064967079063553
823772079510192132
823340993948876800
823340697226973184
823332004993396736
823171459174567936
823004951710433280
823004238464819200
822958983669579776
822958476926341120
822806041847021569
822613134494011392
822536770072051714
822499112889282560
822497280137842689
822266868362805249
821914067053015040
821913284265779204
821827495985037317
821823888925540353
821817681485688833
821816406660542464
821575979877404673
821575489101893632
821575446630453248
821574745124642820
821354479236874240
820727600423272449
819181707131764736
819003289891143680
818842752880439297
818842306510028800
818840186599534593
818837588274360325
818836843487559680
818588009087967233
818585502978715648
818584945102757889
818183308316180480
815616379189678080
813589833163698177
813589691098431489
813588618019303424
813245202144120833
812757927266254849
811622965410459648
811237165267087360
811236710008946688
807372340648677376
806892111740174336
806891519198248961
806891219863347200
806890345212608512
806558066137300992
806211660021170177
806210488745000960
806011220373422080
805619841474461696
805537832911699969
805537289388617728
805532614530658305
805507597906432000
805224745847365632
804358005781303296
804357855776280576
804356944765001728
804155202622390275
804155053875560448
804154901395816449
803429942272868352
802935889269637120
802934990744866816
802208719799025664
802174501828120576
802171864818782208
801481491423358977
801481134408421376
801281106775592960
801074483914305536
801074380231032832
800833145117491201
800778455193358336
800778379784024064
800379807716544512
800161804513054720
800114212706127872
800054156673290240
799697821448409088
799697612198805505
799612862981246976
799612813509595136
799405871684063232
799339310772195328
799108686056660996
799082555270197250
798955079873232898
798718880692797440
798718455830745088
798717671596507136
798717161124544512
798717048465530880
798716982434656257
798608772092416000
798557921755938816
798557391679877120
797908244882751489
797907858985619456
797440134899765248
797233434179600385
797229310071472128
797228895732961282
797228279728132096
796536579275837445
796243638930051072
796124630780170240
796123413551128576
796121468757299200
796121199701008384
796086531584905216
795820710329536512
795820285832425472
795801680830930944
795800798055768069
795721418231128065
795720614422126592
795658250955980802
794597729154367488
794184653540184064
794184508782223360
793799597370044416
793799023249547264
792856201755185152
792510605781598208
792118747658006528
790743250470440960
790742498549301252
790727635588435968
789837730880651266
789832289744138240
789814929528328193
789110744289730561
788945415215443968
788944167472947200
788931748444966916
788930899412938756
788930204626522113
788929591222099968
788928604944105472
788928524908425216
788928187405336576
788927880445263873
788926596740767744
788925982942044164
788925030256222209
788923474408509440
788923055376592896
788922362796408832
788922120126468096
788920103186341888
788918564615061505
788917584158724096
788917144339841026
788916675844403201
788915620884713472
788914814072553472
788914227591405570
788913896996429824
788910889269334018
788910067454271488
788909135773466624
788907423964794885
788907225775501312
788906047360667649
788905408673054720
788905040136241156
788898506979340288
788562588791558144
788496248416370695
788495346251030528
788494260630908933
788493881792983040
788160708420706304
788121382433329152
788121140887552000
788119379783266304
788076066128658432
787477635970523137
786788428729884672
786657149938171904
786656077572177921
786655367061200897
786403423918829568
786252644297809920
786247451892035584
785921021861691393
785825408063188993
785825336822902788
785675643178455041
785574602453966848
785573624140951552
785326401809330176
785326076381671424
785316438261334016
785311324553224193
785307539823099905
785306591104991232
785305983400734721
785302259647258624
785298853796909056
785298035853131776
785297083788038144
785295265179832320
785294752929447936
785293641124380672
785292753194409984
785290526299922433
785288647130157056
785287227236573185
785186589647470594
785122565127868416
784896686879543296
784826364885172225
784826007916281856
784797919014563840
784768189280428032
784767408510758912
784760323408482305
784753375795617792
784752512943398912
784752080212860931
784751671951888384
784751144002281472
784471928618754048
784471611219046400
784128119552741376
784128053400207360
784127570220548097
783511991520550912
783511709998657536
783500504584294400
783500308899098624
783499913447477248
783497093386297344
783495144137953280
783493061259227136
783491869955219456
783490245560008704
783489576740487169
783487507522547712
783486817249140738
783486062945509376
783484852653985792
783484326004527104
783483690311712769
783482850070892544
783482553944662017
783480655111946240
783479953606242305
783479474348228608
783478919508942848
783475937052614656
783474420237144065
783474371822170112
782648968811540480
782647403933470720
782646765593985025
782251284258754560
781840319155437569
781839787116339200
781839372576497664
780779122909810689
780623063285174272
780618473890258944
780617874859814912
780597735669981188
780597285537222657
780597214406021120
780596136851546112
780595508687478790
780594734653804544
780593989053353984
780593348507688961
780593223735455744
780592195703230465
780592006078750722
780591411355799552
780591078265069571
780590773792145408
780590189156589568
780589557435609088
780588391435935745
780586033654079489
780585481301991424
780584219110027264
780583748819562496
780582636414574593
780581963723739136
780580899742027776
780579927036825600
780579189330108416
780578586897940480
780577613559373824
780577368461107200
780577131407343616
780575960131174400
780575663866601472
780575176484200448
780574597401890816
780574200880697344
780573960480002049
780480813691392000
780480490339905536
780479797285691392
780256006412574720
779699275311812608
779135610950852608
779134630108672001
778638042038931456
778437403547697152
778437048193671169
778387865826955264
778386626376560640
778385552303415296
777188229321789440
776782680746762240
776659437574623232
776582225517277184
776581206305636352
776221358459981824
776221023184179200
776098734832750592
776097852124700672
776096532663771137
776096487491170304
773139613879771140
772815914974654469
772815521767051266
772815078953332736
771159080937414656
771158851416649728
770463954527133696
770320953528217600
768808388218216448
768807775195504640
768807277608534016
768471025256435713
768123743835152384
764226990945755136
761187877929775104
760297958814253056
760234313774272512
758885245160595457
758883685793828867
758504379569668096
758500036623802368
758146763001696256
757690744190754817
757690387364454400
757374476514275328
757374046581293056
757373475400978432
756561963191267328
756560777557966848
756559525805785089
756356983423459328
756275448481325056
756182980033413120
756128710009454592
755928455766827008
755903767422173184
755532023381372928
755438685034643457
755408342495989760
755403115751362560
755142894088880129
755032562804858880
755032436778696704
753983937094021121
753983475720519680
753979367768858624
753976567156662272
753951634481217536
752141203383222272
751268982120820737
751267167270678529
750814714892918784
750813557994901505
750730211411439616
750730134085251072
750502824665026560
750323917336743936
748993709362909184
748993303429849088
748957392423956480
748955267312652288
748582449358200834
747985136755474433
747984947344875520
747984477406695424
747883800407875584
747812130074812416
747506842230611968
747505967487561729
747238032147812352
747076272438779904
747074765643456512
747074511451848704
747072532319186945
747072454053494784
746311037914320896
746184177524027393
746182769118679040
746065233031139328
745447446147305472
745291027179839490
743991616642355200
743794522476449792
743793959256875008
743612863827181568
743611016957681664
743610707405471744
743609239633960960
743609023413395456
743607679533232128
743606239469264896
743605670709080065
743605024857546757
743604526104514560
743604159111323648
743603257428238336
743599184964530176
743414075879612417
743211091950338048
743210766501715968
743210284265832448
743209573985595393
743208944403779584
742163643555565568
741001531688812545
741000226178105344
741000136562593792
740999273941065728
740521312351879168
740013042851680257
740012291802861570
739881665632305152
739879172206657536
739876913095806976
739876222289743872
739875968999936001
739874806330458116
739490913915916288
738797407245307906
738797362173366272
738732065961566208
738731763623559173
738378208576479232
737443994628587520
737442000920674304
737441970423894016
737381460869402625
737380907628126208
736996387598958592
736995761628446721
736993421286477825
736993137978023936
736992734762795008
736202410125840385
735851560148848640
735629602257698816
734977638343790592
734877486778044416
734868554697216000
734764469474185218
734764123121168388
733689750872281088
733689540079157250
733320536013426688
733090666285289472
733088269152329728
733009828889645057
733008593893654529
732784753980628992
732784447167303681
732784208071000064
732569401204019201
732381462343770114
732286866460839936
731832076446646273
731225346759114754
730820006733287424
730457606926573568
730456350501830656
730450988960747520
730450210074312704
730449903839744000
730379076574269441
730379006118395904
730121708158504962
730055692170625026
730054355139764224
730053848136474624
729809462849093635
729809289985044480
729808747351134209
729438570113585153
729143867015049216
729018757100777472
728349999323549697
728344199163170817
728318852493410304
728296716902895616
728260499129966592
728198488954146816
728033678979272705
728008416547897345
727912278482358273
727874950606921729
727872271449128961
727707018090426369
727675781179002881
727665513510375424
727665069237149696
727664786905944064
727649856731422720
727649624488615937
727649277825175552
727648913696632833
727603771593920512
727585103245918208
727581574418579457
727580814339379200
727579398254276609
727514416975998976
727500600427077633
727482959377358848
727481756883017728
727478143896965120
727477081383288833
727476894589943808
727475594691272705
727475015592083456
727323567939969025
727198538862612480
727158714541740033
727157373555642369
726911843776757761
726797549156229122
726795464243179521
726789893502836736
726403744821174272
726065409426857984
725814278226321408
725813515785670656
725782854567886849
725781826262937600
725781499702837248
725767542229356544
725712412867964928
725711708023562241
725700952661979138
725700247679193088
725698595249221632
725524653960257536
725345541463363584
725343941701341184
725309944489189376
725147104444829696
724987574280970243
724985554870390789
724966249910919168
724796405131399168
724795568745250816
724794636552790016
724793778830188544
724648342106583044
724648029609971713
724354090764013568
723879304103354369
723561943752159232
723541096819744768
723540173695422464
723538997276975104
723537646052610048
723524586592071682
723522936057942016
723521427421302784
723240933689569281
723134198643494912
723133962856493056
722950124352049153
722901628022423552
722800110573203456
722799373566914560
722784529518186496
722782280112967680
722774743212904448
722773480878395392
722773336137211904
722432346750918657
722432083617038338
722195087141269504
722092378572500992
722089020474462208
721745183595982849
721536209793654784
721397831475601409
721110643022163968
720950848990363649
720725051109208065
720664189963018240
720624540632682497
720605562057175041
720604326926905344
720603669574639616
720587900161769472
720419610030243840
720300636869304322
720299441865957377
720299353210900481
720299024134180866
720245899167801344
720230779750457344
720038802450989058
720038544685821953
719620308001538048
719618759032442880
719617850625957888
719574522316386304
719574063618899968
719573719140691969
718928119831265280
718927457521303553
718833153431977986
718464198871818240
718448964605972481
718445865669652480
718445101089976320
718444011112001536
718443249959047168
718178451426041858
718051330410024961
718050249756041218
718050092792614912
717872733606977536
717871101691363329
717734240062808064
717732285026582529
717696185318789120
717537240864280576
717534422279454720
717533054294564869
717461841069359104
717389963424374786
717388768894967808
717383577751707649
717383051580411906
717382128250523648
717364836925976576
717364104910864388
717153741938434048
717152280743546880
717151284256645120
717058140961902592
717057458661883904
717052286724386816
716739239359152128
716718322444800000
716718218619043840
716627845448015872
716626763464310785
716328348222238721
715990624420372480
715989314744745987
715889636275433474
715888887231426561
715745039075311617
715727673192898560
715727123248324608
715724007853568001
715697383502430208
715684656167981056
715683716127985664
715557730207961090
715536099091681280
715533685684981764
715533571801243650
715533337062875136
715337334233796608
715336835065446400
715335777576595458
715335537272291328
715247382678605825
715237806411386880
714965401419931648
714965027527139329
714929941935177728
714567417817665540
714566807311482880
714566208733986817
714533453245583361
714533022259888130
714531938434945026
714527552916860929
714500893849362432
714500341283299328
714500167735644161
714499710283816960
714281425017577472
714280807926370306
714280772308369408
714192394812399616
714192313048694784
714091037124272128
713894860655190016
713827563500544004
713827061534601216
713826992659902464
713762523967651841
713500017068089345
713380337334652928
713350519679361024
713349908179202048
713155056082755584
713154813081550848
713154330900213760
713115504332972033
713114422479306752
713028703937122304
713023765748256768
712671246534578176
712668359238651905
712616698294042624
712616100710588418
712437036595019776
712085132903976960
712036504802074625
712035287162097666
711943054328881152
711735120005308416
711734911288401920
711734857643249664
710937339657199616
709777564416528384
709730794709901312
709730679601405952
709730184925192192
709727737380999168
709446600716914688
709408991034605569
709404900732571649
709395283831087106
709394685618483200
708788879151603712
708787109029552128
708786584829566976
708504057862705154
708467115611664384
708467032396681216
708455762096365568
708455065351114752
708454906189840384
708435560981868544
708427943249219584
708427223385055232
708408769118650369
707967552262045696
707964579624542209
707784922983870464
707783099073961985
707781556274798592
707780978291257344
707779390009049088
707778019264323586
707774435160293377
707773103284224001
707771859681419264
707771787702968320
707771387281182720
707770812112089088
707733561118339072
707732548332326912
707684169426583552
707569821521580032
707562287180095488
707431382121914368
707430272581681152
707429149456076801
707428865552072704
707428325719822336
707415408614236160
707414377398407168
707413616857894912
707301984714371072
707301655985803264
707228620377358336
705478943940345857
705478476711620608
705415239144247296
705414733281828864
705413605626396672
705084514939375616
705030914930151424
705029123605827584
705028805811793921
704899586834436096
704858435448393729
704858014323511297
704857408288509954
704839349813137408
704798468510846978
704779131125374976
704775683889864704
704775330758840320
704758737324666880
704756821626638336
704754904821309440
704673949473447936
704672823407681537
704504618307424257
704504098561859584
704435046233579520
704434559300018180
704434459253329920
704388534522793986
704386569843638272
704376652084682754
704343750835724288
704342531492827136
704341487937400832
704184924534755328
704184234794053633
704183551692926977
704129220566499328
704081725584846848
704035392438165506
704034841998684162
704023237936566273
704023115190239233
704022945702674432
704018189928116224
704007477256286209
703981773047222273
703976708618125312
703975328759181312
703749943370997760
703634071138787328
703573889457242112
703573794514931712
703287593673347074
703231106859065344
703225088854904832
703220938595246080
703219425051320320
703219336983478272
702875862463434753
702875716988248064
702715763329728512
702583025696055296
702581303128895489
702565769100439552
702563578910416896
702484295055618048
702313309748469760
702312311747448832
702261419316629504
702259382550134785
701965105244712960
701964133223149568
701837051788976128
701808252527497216
701807462408712195
701802001244545025
701801922416787461
701639406977839105
701469440454471681
701188536049881088
701164233938100227
701160438915010560
701160107061678087
701160065156444160
701158995755671554
701158908581257218
701158796152934400
701157189847818242
701157087452254208
701102277751414784
701095440368926720
701094099802316802
701068742474788865
701067947373154305
700805611596853248
700688904664412160
700537062877847552
700536774951440384
700536627244900353
700434997694570496
700434079649558529
700381727781494789
700315415247876096
700175408990461953
700173249615892480
700171708616077314
700139315716759552
700138911222206465
700137195516997632
700137045834862592
700134430283661312
700066472941527042
700062990108852224
700059770221363201
700057877705265152
700056318099509252
700053397978927107
700051543928803328
700033324736241665
699812627120312320
699811965863120896
699749236297101312
699748841692725248
699748594094575616
699723527562203136
699722760700895232
699722604572123136
699636290669711360
699633395098390528
699632637854552065
699631964412891136
699404554413146113
699404193019359234
699403756614643713
699403521288835073
699307264902107136
699229733431742464
699228852623695872
699015186653511680
699013054399438849
699011808913444868
699010544116854784
699010434418999296
698934251509551104
698933761581318144
698921311121207296
698625060786065408
698515040056442881
698514349124558852
698205675915063296
697993977170006016
697902082309881858
697901140336312321
697803763776487425
697796854931558400
697795697844695040
697613304315817985
697612582669004800
697537701554204672
697537474013351936
697537196774027264
697481269924519941
697480480569102342
697453430592421888
697452302014275584
697301381020020736
697250774103908352
697250687256690689
697249130108694528
697247290826706945
697246941286019072
697244187775795200
697243862532632576
697243393093570560
697242714065096704
697241899040550912
697241716542169088
697241291927789568
697239434844983297
697174237468033024
697086195478761472
697065564829835264
697065045650468864
697064715705585664
696877463163383808
696844425536761857
696841912351748096
696840848013561856
696840426955739136
696750704900190209
696378685046157312
696377334669004800
696373800439382016
696366988411572224
696362121920032768
696147064137199616
696061851218669568
695987785656696832
695793073171927040
695738338058358785
695698282526351360
695475969771986944
695452660904828929
695449938604351488
695445004576124928
695444097306202113
695443343002726400
695371942761594881
695301395252174849
695112435167072256
695111904537284608
695068427636101120
695068208869556224
695068015570853888
695066864892817411
695066671011098624
694958235971903488
694947814816768002
694647199884578819
694647094360051712
694373784271192064
694371599982600193
694371120540024832
694370493277667328
694369248592855040
694369012822638596
694266722778488832
694255433213710336
694251105702801410
694249707934257152
694247422416044033
694227629424152576
694226365537738753
694223725026242561
694222669479288833
693934623324241924
693933774548156417
693858685374705664
693668958973472768
693557982441840640
693557243610959872
693525755284840448
693488829504864256
693452259611508736
693249095805239302
693116411753816065
693115234555301888
693113711649656832
692914714481934336
692867335330226176
692866041739743236
692718865432846336
692462616590053376
692428963948400642
692428399990669313
692428165441003521
692221414238216192
692221161376194560
692175402119385088
692147139498098692
692145423344091137
692016911647899651
692016346167640067
692015139361591296
691992820563841024
691755861199474690
691680905073659906
691678208463339524
691290020955566080
690722762164441088
690678342224318464
690258723407839232
690258565735583744
689989963836997632
689889861134848000
689532619806081025
689310309543104512
689199222944444416
689182308239196160
688809604759842816
688808625654091777
688746460742086656
688018657868427264
687645762394562560
687378956677320705
687378211102044160
687377019525398528
687119700359159810
686653379326525440
686394016884113408
686375622298308608
686221469219618816
684475462987452416
684226367056130048
684226186860441604
683392209836703745
682607448637730816
682592811972182016
682589766425133059
682352728861851648
682261708618899456
681902511188357120
681704375572545537
681534789480873984
681528840645025792
681319659115683840
681318981366460416
681166419996721152
681123925875531776
681121411235106816
680027961785892865
680026340947439616
679379175543730177
679378976574332929
679117736555864065
679064970026438656
678780311812075521
677635200642392065
677604057255669760
677602572652384256
677511234917441536
677332573870153728
677331859538251776
677206154452209664
677205516217532416
676976925244596225
676975583423766528
676974269763600385
676974025789325312
676962645912760320
676962107942944772
676961456731136000
676950764720365568
676949884843466752
676802834394935296
676802557159841793
676802050517282818
676468968979329024
676220369926275072
676135684575510530
676134391731630081
676133528514527232
676133223219507200
675874689043009536
675780378557341696
675779614288007168
675779356174733313
675705462524915717
675703801865744384
675703645447528448
675489903610863616
675487277699735552
675486904909983745
675441416395468800
675439796551032832
675439376504127488
675439198028103680
675061311319969793
674993187837091840
674992976934912000
674990818634162176
674776665554202625
674741336990445569
674740682867744768
674414244364836864
674411974478815232
674334684898308097
674334355112787968
674333797551366144
674281815247581184
674281354457186304
674280739748380672
674280560446078976
674228453332418560
674225995218579456
674225622655332352
673935833485828096
673918087603752960
673670591027613697
673613956720660482
673544465093529600
673187728113008640
673185008224342016
673158196727427072
673156608801775620
673156065094189058
672896781894721536
672874345467899904
672873795594637313
672873116528414721
672488562617643008
672487282369298433
672184650169638912
672183653032550400
672086532635926528
672086155060494336
672084486008537088
672084335512690690
671943935078637568
671793658400739328
671702740184121346
671702547569094656
671702302831415296
671539407074123776
671538356321316865
671528624739217409
671371515363987456
671115647347200000
671115483123466240
671114899041464321
671102611928571904
671100018934292480
671099662267469824
671049370696032256
670994450609516546
670994097235222528
670970280639090688
670808126535413761
670577836718211072
670577477819977728
670444508312678400
670443451016683522
670443194279174144
670337200563834880
670274753354141696
670263574481248257
670228466944577536
670078663308783616
669974291056869376
669973841926610944
669907058276311040
669905700538183681
669595887589527552
669252338385862656
669251901700112384
669251471658061824
669209394295492613
669208406079709184
669208231047204864
669206159983837184
668871825565360128
668863329004310528
668861689140486144
668845656858062848
668844475276468229
668467323536281600
668466877417594880
668466314793656320
668173595269570560
668172931315458048
668171835180195840
667763740511772672
667756408155320320
667755571798548481
667754397200461824
667754233492602880
667495820070027264
667360508627001344
667183288889516032
667102395961331713
667014969582616576
667013732707401728
667013592089296896
666741481978380288
666675638284230656
666675378849738752
666458302440718336
666326394914279425
666325822190387201
666325371860578304
665987682774859777
665987652265480192
665640018052931585
665620244568887296
665620028339978244
665619702304124928
665619276078972928
665615431667986432
665264889104080896
665241711212384256
665240850226651136
665240250009169923
665175329716043776
665174289826516997
664580427663978496
664566964191428608
664478676889677824
664478469699428352
664075435131674625
663913004195430400
663911288620187648
663864187165278208
663785429792071684
663785147603550208
663760653224685568
663757876729683968
663733074174320640
663732844691353601
663731494465179648
663576857707544576
663448588844953600
663089073741959169
662834434887041024
662833001563312128
662821636501041152
662821209852260352
662688150679109633
662687811779342336
662687067693019137
662686944929955840
662686718290735104
662336269410811904
662335665800134657
660912300841263104
660572013002629121
660140709228474368
660139613424623617
659766418687311872
659143372204961792
659025026595753984
659024215274733568
658982223312392192
658863911785992192
658366695141064705
658296087615172608
658295453289582592
658052738173956096
657716590289358848
657716235174481920
656950005731868672
656949604844486657
655837880879882240
655431183535374337
655063403594149888
655062833764433920
654683689117335564
654334050342170624
654146025280507905
654145513290231808
654130114763063297
654129690274328578
654129259661918208
654128796887576576
654128453755752449
654127827537821696
654127699817033728
654127348363739136
654121903330848768
654121339373096960
654120940243185664
654120211587682304
654119930028294145
654118645967253505
654118566111875072
654117864044142592
654117586725154820
654116799248773120
654115229329133573
654114616168087553
654113779995836417
654113469021724672
654113226570006528
654113011737755648
654112891398955009
654112564205457408
654112416016543748
654111770769031168
654110807740018688
654110670858883072
654110391400820736
654110232176627713
654109716956753920
654107810763026432
654107677547753473
654107440577945600
654107178333245440
654106863550758912
654106222992453632
654106003131244544
654105464226086913
654104750472986625
654103723497648128
654103625699065856
654102185450577920
654102058770038785
654101846248812544
654101480086065152
654100189536485376
654099367561953280
654096155958247425
654094925785640960
654093538221793280
654091168029016064
654091098500022273
654021277213134848
654020933531906050
653921621460283392
653418403189923840
652558874172637184
652558633134387201
652557322288537600
652163515218657283
651722262031298560
651580157581467648
651579234645868544
651577569456848896
651212137927340032
651211485373292544
650885002134200320
650884133921640449
650427094892183552
650426758118961153
650342414079684608
650342060571164673
649976093844238336
649975824007888896
649407755879624705
649294676680425472
648922541168402432
648557972092776448
648557742458806272
648557126038757376
647491530362634240
646759020322254849
646729672466767873
646368530510819328
646368279020351488
646368218056105985
646299208597807104
646138002314526725
645947279111770112
644952534889533440
644858962064637952
644604337612787712
644603452094611456
644493467989770241
644493069774114816
644492030597550080
644310204516073472
643945588376121344
643945440396865536
643476165991223296
643475795999129600
643403802230530048
642735356459266048
642734746196422656
642489497045868544
642328975050584064
641772815742468097
641770801788678146
641770418676723713
641349546174345216
641346964311830529
641344909052481536
640600435984846850
639961657347706880
639960056830672896
639266945276190724
639265449503494144
639170987569885184
639157834580672512
639127239041355777
639123074395283456
639121851776675841
639120100591841285
638708110316584960
638399964184449024
638063420764495872
638060144438460416
638058946520043520
638056913205379073
637714787070275584
637714491480915969
637637875530465280
636674731010191365
636673702260674562
636560868919115776
636348607269064704
636347946167091204
636347922540556288
636272126689984512
636269680622239748
636267885019725824
636179316775211008
635952859197100032
635294395588329472
635146557352882176
634556345950191616
634517047284772864
634516326736875521
634107384546197504
633405682155454465
633052694647844864
632913379447963649
632911259445391360
632001059989422080
631996876619915264
631879351563382784
631876598543839232
631268179285774336
631267952919212032
631267726489686016
630707687072886785
630543788163907584
630449333972955137
630447087747002368
630403419577184256
630403353248464897
630403066701959168
630401789972586496
630040003201118208
629747965847076865
629448658342277121
629448453442129920
629364448004866048
629364201769816064
629363791243907072
629091378606137344
629090972220022784
629090726060527616
628255529106829312
628254544376545280
628254011033042945
628253921576943616
628252608197722112
628252465624952833
628252117229268992
628084503660077056
627579744008208385
627578622094786560
627577433441632256
626805584763985920
626804626482954240
626802381569724421
626801182300766208
626799598414245890
626767967292903424
626215898572001280
626215440608559104
625883007581310976
625716919593795584
625714201907068928
625478951406800896
622863892172120064
622863618678353920
622819981437366272
622817876244844549
622816328936726528
622816034345603073
622815918700273664
622815830661836800
622815691817750528
622815670045163520
622815507536871424
622815200564129792
621882616464154624
621742960695201793
619249534368116736
619134195969990659
618947071098417152
618581459809472512
618575778628915200
618574346743885824
618533697894109188
618532839768911873
618136811139919872
618135125985988609
618132916795756544
618127836860293120
618065461285154816
616413234459975680
614559460242104320
614557681462943748
614548694784999424
614470371887173632
607716268708384768
607220874819850240
605447409146167298
605419952699547648
605410841400340481
605409915356749824
605408971076288512
605408546700836864
605407251935936513
605406788540895232
605404779444105216
601805052785913856
601804093594603520
601765300279910401
601758054397411328
601408264883015680
601407469563355136
600351437722406912
600335764921036803
600335224442986496
599208519133335553
599036885806153728
599036307139006464
598893465162747904
598892654743531521
598705332282527744
598704708442718208
597946014956322816
597073147523915776
596138555476434944
595990241871290368
595810631808393216
595357741897674753
595354423947300864
595350320038977536
595347820200259584
595346858257559552
595250514310336512
595249812418727936
594901720007835649
593439944007294976
592902804152397824
592902305911017472
591688224860438528
591664264303104000
591643730387423232
591415097173663744
591408327013310465
586936457790672897
585292541211316224
584768662306959361
584366622577664001
583998876547325952
583997397044305921
583664533283020800
579350400903614464
579310301931286528
578906676297891840
577846586849435649
577266216819138560
577265929714814976
577228241028673536
576854444593319936
576853472961830912
576778280264724482
576091543401959424
576090842978344960
575827215352487937
575826880261156866
574989455334989824
573968332883292160
573533806352809984
573533293318172672
573258724971835392
573258460793597953
572131173251608577
567019030729748480
562764393302458370
562762980203708419
562761390558302210
562324727814193152
562324090045104129
562321816098963456
560838402204250114
560837954097397760
555848675734614016
555848489570414593
551839458337644544
550311433506803712
550310252923465728
550309778828709888
550309569918820352
550112584649551873
549627233308913664
549627082234269697
549626123651260416
549590294342033409
547541637002694656
546792190765441024
546781694725214208
546533659268751361
546059029538426880
545608382426939392
545606944145559555
545604654735040513
545602118326177792
545596507735752705
545595564138983425
545592021151645696
543058533353533440
542715523965145088
542156318371745792
542155564307189760
542155452625453056
540255744726421505
539593908951728128
539253126742966273
539253076973355008
539253023667912704
538405095525089281
538405064457846784
538404970585141250
538404910963122176
538023138903093249
537388025022795776
537387867845455872
536178837986770944
536178188708507648
535889516582961152
535852829760847873
535423601986797568
533322217585930240
533321930909433856
533321849753858048
532377398290157568
532182492279996417
530712538573336576
529809839598624769
529808167962947585
529621510827556864
528249840783085569
528249042762227712
528248222280474624
528023956918665216
526830242137387010
526829978869325825
525691133041840128
525691063236055040
524697369603223552
524694885354700801
524694786528518144
522564859683405825
522564769975631872
522557875320020993
522557500936437762
522557177337511936
522554980918890496
521784123971473409
521784082930229248
521033251415392256
520627755940319232
520626510588542976
519236741304033280
519233570779324416
519233246249246721
519232775170187264
518451738701869056
517697716047347712
516391153919623168
516389734269341699
515338192007208962
515300377348943872
515299039881867264
515298976208134145
513062902363095040
513060071878955008
513058588307496961
513055320399413248
512799781777715200
512795250419433472
512683813344776192
512681165547782145
512677614075805696
512677466520186880
512677196151144448
507688909464416256
507686650718453760
507685628075835393
507681970122661889
506910989200404480
506910885605294081
506903108468084736
504466407606988800
504466275905859584
504465734832250880
501749809720852480
501748912437608448
501748023022465025
501747895868334081
501747795523829761
495339784160935937
495339637477769216
493791714843582464
489866020027256833
489425305350569985
489425195384332289
486902975793610752
485926641974394880
485059000351068160
484680660574298113
483701547562328064
482165855124332544
482164210433294336
481554037695729665
480542619223617536
479463607089246209
479463404152045569
479387097896214528
479385899201880064
477448154325852161
477446860311760897
477255851984437248
476827254207823873
476408434339086336
476100794333552641
476027164912254976
473867991596027904
468787608131469312
467367889977487361
467367845694046209
467366976609062912
467304567169122305
459697824423489536
459490810078040064
459489440973746176
459489372870815745
458757662189293568
458757567154761728
458400252589264896
457487581803184128
457483379639074816
456970184486830080
456969647053873152
456866117034586114
456866063989227520
455353333361172480
455352294528532480
455352182192480256
453010511937142785
452497642799775744
450100065580101632
450099109635293184
448518930181939200
444115491163213824
443357458757849088
441613987739095041
440192220142899200
440191165586227200
440190868948283392
439496387081031681
435899879530172418
435121036439609344
435065058440130560
434381076946227201
434379780905910272
434375212969099264
434371574662443008
434371453908054016
434370454628077569
433986826777272320
433983127325646848
431831037191421952
431830882790670336
431830601046704128
430793812769009665
430204884424867840
430178879714906112
430165492272087040
430155147583311872
430149223984537600
430148090289324032
429646498490380288
429642303171358720
429405139401965568
429035227663454208
429034560244817920
429033690534907905
425819832857001984
425790535912415232
423286187030114306
423285863448334336
423284605404581889
423225887157669888
423225544709533696
423225347824701440
423225284679462912
421682360719925248
421680749214183424
420558522028290049
418971434182922240
415544258188152832
415539108166238208
414086144402653184
414085138515914752
412712539106312193
411949329331404801
411570135020077056
411253155892953088
411249054698315776
411248269998555136
411247623509921792
411244705830027264
411243930739429376
411242019629965312
411240924304244736
411239136088317952
411143900036747264
411138849943732224
411136303565406208
410967331074871298
409117370439827456
408777740721324032
403595963740459008
402645478111997953
401178517150261249
398225072906711040
398223346913271808
398223076493500418
398220742044569600
396404183278292992
394282763806732288
394268075421216768
393727216166928384
391415617045409792
391408902593851392
391408854287650816
391406933803954176
391405748078407680
391401837682647040
391401394546417664
390145121125400576
387706455710654464
387705949483728896
387041597600186368
387018030238015490
385878091593031680
385568618022330368
385023484633436160
384747647342350336
383952291054628865
383949962918117376
383019212022636544
378156037846478850
377247667438366720
377213922626912256
372915591075467265
363430164387995648
358399880659603457
358366225497210882
358365427518279680
357328380036775936
357325296812310528
349621184305954816
349600835061288961
349600197334155264
349599738288541697
349597704109830144
349335675574824963
349319677912154113
349319642155712514
345536608004620288
344824971769561089
344216094136995840
342797262574993408
342796425412886528
342427468025712640
342415861203759104
337010106631864321
335407726832283648
335407058851602437
334556422664753152
334384218048184320
334360056990674944
332628241884012544
332309984195010561
330428132500852736
330425027159785473
329643787355815936
329054584913928193
327915745143029760
327188994234413056
326795741639090176
326794896654606339
326794826274185216
326378046611398656
326003142988820480
326002890168745986
326002505945333765
324888491962023937
324887843371618304
324721848040443904
324719444637138944
324719361917083648
322830938889388032
319204588236451840
319204334137122816
319160557771038720
316346326621253633
314369552446275584
312008648329150465
311290668767121408
309419297028075520
308117652272984064
304691921337581568
303596691263721474
302542733476757504
301857332042801152
301854788407144448
301854079259402240
301166680971812865
299684846580682752
298162081998438400
298160434647805952
298158699241943040
298157162008555520
295722988790231040
293540156626051073
292733179574497281
291940032267317248
289551428211593218
289549875497009152
288128749143207936
285817076973719552
284732438687649794
284334445069234176
281272699039412225
279976109485998080
279676811007365120
279675942044041216
278269718589222913
277070090346835968
277067516063399938
276844173510975488
276814603827150850
276106916688707584
276000391651553282
274907985740972032
273642116880678913
273448081473802241
272391205285933056
271036965820968962
271035380097245186
268073329070583808
268073265795321856
265656500767318016
265655035638214656
263066497314852864
263066438472957952
263064951659307008
261627772613566464
261627571874172928
261626437784723459
261625547942146048
261183770676322304
261183403137826816
259033004616331264
258336454852358146
258272344253018112
255334471115616258
254915178355896320
253646750332641280
252067008416460800
250984479064195072
244149801179041792
243828949233303552
239459651240984576
239458918428979200
239044036009287680
239043995731369984
239043584056242177
237289152285134848
237287080689029120
237223496852316160
232810336774938624
232809612007583744
231447606105079809
226313682353782784
226313346436173824
222882444360155136
222882168995717123
218180640808505345
218176356087902209
217428717838934016
214845799144759297
213478439141904384
211896020139909120
210169960343937024
210167536346603520
207639344352215040
207114835811508225
206849328214581248
206848308159852544
206521497827819520
206520118988120064
203192562671030272
203128577103888384
203118375054999553
202812797011234817
202223869401112577
201374882271993857
201372499605340160
200573268162392064
200047318869880832
199657256600604674
199656762528374784
199653180307542016
199651683029098497
196238812635082752
195966821252345856
194529208402317315
194522846821748736
193685299660992512
193685138327093248
191708415108714496
191525404677382145
190465679516893184
188710308766957568
188395026240389120
188392366875488256
187364594346496000
187352169157111808
187350523903614976
185788146456346624
185786699941560320
185781054630666240
185780458095783936
185780419248144385
185779986106552320
185779438967988224
184396329429114880
184123503426019328
182473584290185216
181892076290576384
180655104045752321
180445010347556864
180395671403233280
180381664453726208
179762530502180864
179597291068465154
179595733345910784
179594494172348416
179238158968434689
178138427483619329
177773754691239936
177758332415782913
177758190681853952
177612209290084354
176539545167331328
174961833130729472
174132691262906370
172868968946741250
172867038103085056
172866355966644224
170328869394591744
169283522023010305
169206843355316224
168752245574348800
167817527488032768
167815153637793792
167814277124718592
167811625183748096
167475034984681472
166977956147769345
166932307356295169
166932274233872385
162344151654998016
162338379000840193
162337772571590658
154738897874718723
153988796302622721
151880787581599744
150952644222009345
150290272905990144
148804768121360384
148571957934301185
144560426166923264
142450680517505024
142449881599062016
138798199166083072
138688872849747968
137677776487596032
137040382482587648
136282046841630720
136281780343939072
133783619377430528
133551281146052608
133364887580721152
133364643530944512
133223513283768320
132561182933524480
132291189872398337
131844582794207233
131527661485961216
131086259379646466
131075806335217664
129747609047932929
127496691313147904
127484865837924352
123506619442135040
123435936838205441
122133748283228160
120654369262804992
119831367780544512
119572214235414528
119564856243400705
119261600132771841
118865386119766016
118475170825502720
118475022598807552
116728362453569537
116724914349813760
116173621801664512
115907213809287168
115549303665209344
115548304959475713
114049420089233408
113403998907809792
113403205580365825
113054250178850817
111246232722223104
110850285458567169
109737687774277632
107478155803111424
107475630563663872
104013887673876480
103267689451106304
103266739256705024
101316891729072128
101302772154118144
100752841488072704
98731335207747584
97708163482128384
94933646779224064
94227442960576513
93723073492160512
93520603604197376
93518916906790913
92268778108366848
92090230403895296
92008627451338752
91664406093631488
91312733018013696
90873549044187136
88387198445035520
87574782262001664
87363336492167168
85924913470373888
85534358152294400
84665420640038913
84664364942110720
84663507253067776
84662772570394625
84662313101176832
84661996053737472
80091692371423233
79930473677193216
78462061604122624
77857788348477440
77540214674956288
77539016479744000
77538129321529344
77536895382458368
77535452495745024
73974481722413056
73216616703344640
73023005516759040
72313677507866624
71652464516018176
71581895950999553
71581798802526209
70190284515983360
70171158158389248
69860220498739200
69859733007376385
69859328437387264
69858723484536832
67997903620284417
67997425696120833
67996919233916928
67325076760035328
67241957713379328
66951864033349632
66916119209984000
66853538734686208
66531499247271937
65991126745759745
65990930334883840
65865250355949568
64877893448245248
64162176788729856
63790656392400896
63789021679190016
63788825276719104
63787524572725248
62288247094644736
61218149126778881
61218133729476608
60823055303323648
60821554145132544
60743365075021824
60490563086061568
60352962073067520
60350893475893248
60140890236256257
60070152825352192
60062084326621184
60060932046458880
60060493670391808
59649196210388992
59647167220027392
59643266534080512
59450318026571776
59385983916978176
59384634034749440
59374683220492288
59370602162692096
59368538116333568
59286075641827328
59284311811174400
58975539196731392
58970784466612224
