1330442105009815553
1330441995823636480
1330441787077365760
1330441466057986049
1330441399528005634
1330440993468870657
1330440821951369219
1330436334012354560
1330408992691036160
1330408922226692097
1330407854554181632
1330407188938911744
1330406968507428865
1330406850886512640
1330406770817208320
1330406181551091714
1330406126643523585
1330390238737424384
1330388870500847618
1330388237714673664
1330388092134502406
1330388000346279936
1330386808337784836
1330383734927994881
1330381923546525696
1330381834283151360
1330381645111812096
1330381580263710722
1330381224603381760
1330381005136531459
1330380901679710209
1330380803671519235
1330380263571009539
1330380173347225600
1330380158096740353
1330380065696223233
1330379249635659776
1330379145247801344
1330378804963930112
1330378590572191746
1330378480794550272
1330378384434597888
1330378222492479488
1330378094004162560
1330377894569209856
1330377811454922752
1330377775505690628
1330377065158168576
1330376682369380355
1330376392903520257
1330376175034613760
1330376072874106880
1330375768723996674
1330375621529063427
1330375594647969793
1330375498891923456
1330375424044462080
1330375194544799744
1330374211257430022
1330374123927826438
1330373498250805249
1330373185192091650
1330373114149089288
1330373047946149888
1330372813195259904
1330372712351543297
1330372622790651905
1330372535200878592
1330372306716172288
1330372005154066432
1330371657207341057
1330371487274991616
1330371376289603587
1330371285768134657
1330371201282281472
1330370568953102336
1330370428771110918
1330369960506486784
1330369483106562049
1330368636033253376
1330367897626050562
1330367596210708480
1330367508142952449
1330367347186569216
1330367294229233665
1330367034736185344
1330361187045937152
1330361125045555203
1330360990450524160
1330360940609425409
1330360734581018627
1330360544277241860
1330359776346161152
1330359445851926528
1330359169094979585
1330358995148812289
1330358878912061442
1330357239282995200
1330355471409143809
1330355439427530753
1330355146346409985
1330354932915073026
1330354617352400899
1330349591821230087
1330347670481764352
1330347265551056896
1330347098248671232
1330346052717867010
1330345506606772224
1330344823950364672
1330344764630249472
1330344617271717889
1330344512435064837
1330344451605147649
1330344402183618561
1330344318515572736
1330343764485939203
1330343594482413579
1330342963902201856
1330332945891160064
1330316186643533828
1330316015880839170
1330315771558457345
1330315699437391881
1330315359136706562
1330315294859022339
1330307465909592066
1330305449455968259
1330305287375482882
1330305091467948042
1330304931874660353
1330304884189638658
1330304847611105283
1330304736248074241
1330304111007428610
1330303659352133640
1330303247576420352
1330302948195307522
1330299926283251713
1330298817921552386
1330298264713826305
1330298087953272834
1330298045523783681
1330297919271022593
1330297835590443022
1330296169961054212
1330296037043482628
1330295607576113157
1330294710993346562
1330288494871269376
1330288284757602306
1330288209172049923
1330287848147267590
1330287701795463173
1330287668060704768
1330287646862610434
1330287505913024517
1330287347330637827
1330287213024849921
1330286975077724164
1330286929452167171
1330286870148821005
1330286772044042246
1330286690720751616
1330286507626815496
1330286158539087886
1330285662415761409
1330284277179801602
1330283953647984642
1330283870491717636
1330283513090805763
1330283195938566144
1330283130067034117
1330282990375727110
1330282473712971780
1330282355051945984
1330282283341934603
1330282194821124096
1330282045600378880
1330281888599117827
1330281785364770827
1330281621753376771
1330281574655463428
1330281474956939266
1330281279720460297
1330281213219774465
1330281042540978182
1330280890258305030
1330280693050511361
1330280597596549130
1330280535290212352
1330280488553099274
1330280444277960704
1330280413546369025
1330280357615333376
1330280320122429440
1330280273456541698
1330280227960991746
1330280202593775620
1330280098155687944
1330280034016366598
1330279996041080839
1330279919813881865
1330279825026772993
1330279735461556226
1330279676837761027
1330279526908239872
1330279302336745473
1330278987231354882
1330278590450180096
1330267633623633932
1330267403243167750
1330267097117691904
1330267068688723972
1330266985901461510
1330266811825315843
1330266782872035333
1330226597903937537
1330226483089039365
1330226099008270338
1330225898268880896
1330225753699594240
1330225449755160576
1330225349632856067
1330225284377939975
1330225160306176003
1330224911927963652
1329992558395543554
1329992432721616896
1329991941149192192
1329991825369698304
1329991764963311616
1329991734340718594
1329991707014823936
1329991504589332484
1329990991181352964
1329990837388775426
1329990484207407104
1329990344688037890
1329990056031920128
1329989597577637888
1329989149420642304
1329988986815746048
1329986857577267207
1329986717105881089
1329986633635045376
1329986332865687553
1329986293816692739
1329986061078958081
1329985926999601154
1329985335581765633
1329985245043593218
1329984741597036544
1329978434697658368
1329978356629082113
1329978109559336960
1329978067868024835
1329978023542628354
1329977819997249536
1329977631547170817
1329977449497542657
1329977396024360962
1329977251874553857
1329977020206333952
1329976997829767168
1329976957669281793
1329976918486048769
1329975680218460163
1329975196183236608
1329974902917500929
1329969641439911939
1329852818304364548
1329852735437500416
1329852596295589893
1329852441760710656
1329851775076032512
1329851053358030848
1329850949137887232
1329850841168154625
1329850348219973634
1329849939212451843
1329846821175189505
1329845834507141120
1329845533922344961
1329844390961975297
1329843862861357056
1329843465669144577
1329843111481147392
1329842514732335112
1329727961809838082
1329727153307480065
1329726328875073538
1329724852186484736
1329724427118931968
1329722723593981952
1329722357716373504
1329722160491884550
1329721130999898112
1329720777134931969
1329720679311130625
1329720449593339904
1329720347076161537
1329718622139285504
1329718215786721282
1329717930460778497
1329717452385644545
1329717019994771463
1329716867682897920
1329716628288802816
1329716450395779073
1329670454030737410
1329670336162328578
1329669428368142337
1329669273640321024
1329668911525031937
1329668581802405890
1329668475522977793
1329667979823390720
1329666756911120384
1329666652284231681
1329666344099319808
1329666003312119808
1329665747098902528
1329664948620824577
1329664372285706241
1329663938431127552
1329663791034875904
1329663588718448644
1329662178094239745
1329662028605059082
1329661861785075713
1329661294467641344
1329660980649807872
1329660597898682368
1329659222913556480
1329658455217430530
1329658252007591936
1329658173410533378
1329656975555137536
1329656483433201664
1329656055614214144
1329655740701634561
1329655519817023489
1329655274819383296
1329655065464881152
1329654600543027200
1329652671733587974
1329652507115618304
1329652027761197056
1329651826661097474
1329651464168296449
1329651273109409792
1329650980045000707
1329650864269578241
1329650732484624384
1329650509112721408
1329647821176258561
1329647621493846016
1329647484549795842
1329647143729041409
1329647021834133504
1329646929744052224
1329646164774322177
1329645935773638657
1329645626028486656
1329645442536144898
1329645396201590784
1329645333375197191
1329645243839389697
1329645060175011840
1329644966667194371
1329644875541741568
1329644521366327297
1329644424930856960
1329644197654134788
1329643777703567361
1329643609881133056
1329643401311002629
1329643391391436800
1329643355639189505
1329643289088204800
1329643007730098176
1329642922677977090
1329642561552564224
1329642509685833729
1329642413774704640
1329642382237655041
1329642347055878144
1329639981401268225
1329639659790503937
1329639153856704514
1329639053579284480
1329638949619286016
1329638860175724545
1329638812297818112
1329638461754597381
1329638315381772288
1329638217788735488
1329637928977383429
1329637746088964104
1329637126464368641
1329636976501215232
1329636932654022661
1329636854509887488
1329636327948574726
1329636194573959169
1329636089028513792
1329635245658783748
1329634998811467779
1329634576277258242
1329634298991763457
1329634203982385155
1329634105932214275
1329633987573104640
1329633906304245761
1329632649179058176
1329632530706747396
1329632321046151169
1329632309293711363
1329631414979969024
1329630712501211136
1329630516618817536
1329629987796729857
1329629400602607617
1329628264986411010
1329627738353790976
1329627610339549190
1329627290309804033
1329626634236772352
1329625633169674240
1329625481218408450
1329625084550553606
1329624856221028353
1329624468025528320
1329624191910375425
1329623535858270210
1329623089584295938
1329622343530934273
1329622177105076225
1329621549003882496
1329620459139153920
1329618561015320577
1329617518118408192
1329617467614760960
1329617154057015298
1329616877920739330
1329616794726719491
1329616669954568192
1329616483551350787
1329615928271650816
1329615867919757313
1329615052391944192
1329614970439356417
1329614788926742528
1329614736158121984
1329614708874178560
1329614009985732610
1329613720700370944
1329613590081404928
1329613475371384833
1329612927691735040
1329612619628441600
1329612437478203393
1329612387314327553
1329612360080707584
1329612085408329731
1329612040378335234
1329611937672425477
1329611908748431360
1329611857225609216
1329611792880857092
1329611613314326529
1329611441012310018
1329611221490933760
1329610634820943875
1329608842460549124
1329608742342594560
1329608501627289602
1329608469981188096
1329608415748841472
1329584105525112833
1329583623431811073
1329583396650061824
1329583351083122688
1329583114310434816
1329583007125045249
1329582874924699648
1329582730451906561
1329582620775043074
1329582400297259008
1329582233884139520
1329581975758245888
1329581933852934145
1329581835949461505
1329581704013438978
1329581549876961280
1329581225191739393
1329581171810869249
1329581052663271424
1329580996291817472
1329580703827124225
1329580595899375616
1329580566098808833
1329580450898014209
1329580423140179968
1329580143711457281
1329576228785852417
1329576114537205763
1329575817127493633
1329575669735428097
1329575539762360320
1329575490986811393
1329575403971702784
1329575344437792771
1329575261860347906
1329575187612790784
1329575161226412032
1329574701337780224
1329574586472558592
1329574215180115969
1329573559379738626
1329573309533495296
1329541307375644672
1329541144947032066
1329541084586754048
1329541038273228801
1329540776598982656
1329540427628724225
1329540249286963201
1329540114985275392
1329538568537001984
1329538427436449792
1329538334264156160
1329538048095252480
1329537895112183809
1329537744553484289
1329537654409465856
1329537366831206400
1329537224044544001
1329536709764149248
1329536572396507137
1329536546609844224
1329536308629291011
1329478103635091456
1329477139465265158
1329477085912473605
1329476766033797122
1329476725349117954
1329476378123591681
1329476203720232962
1329476062091231233
1329476034840858628
1329475823292694528
1329475682519248898
1329475573752635393
1329475418299088896
1329475176484900865
1329475092300980225
1329474585629138944
1329473521622237189
1329473332618481665
1329473218432831493
1329473151483273216
1329472703804305408
1329472379093803008
1329467673885851648
1329353978862202881
1329353669599367169
1329352882454286338
1329352764636286977
1329352664723779585
1329352551272071170
1329352472712757250
1329352339552051200
1329351667897155585
1329351430981832704
1329351205173170176
1329351046255112192
1329309716300795904
1329308655808745472
1329308621625118720
1329308567782912001
1329308461373427713
1329308379110543360
1329308231735250944
1329308011970527232
1329307906492178432
1329307880286158853
1329307409840369664
1329307237924229120
1329307212821348354
1329307158610026497
1329307128461312000
1329307003794046976
1329306634896564224
1329305656403263488
1329305623545094144
1329305238914797569
1329304762446057472
1329302754469191681
1329302503792340992
1329301977080053761
1329282541132554242
1329281968085688322
1329281779065184258
1329281715999707136
1329281358464598016
1329281177392353280
1329281005815906304
1329275044149698561
1329275016978989057
1329271792041484289
1329271545231855619
1329269772488327170
1329269624689500161
1329269271675895808
1329269231234424834
1329269196971130881
1329265990039871489
1329265905432313857
1329228720209477632
1329228685828784129
1329228621144150018
1329228528370339840
1329228405221462016
1329228296022761472
1329228256118071296
1329228111024590848
1329228083237318656
1329227205851762688
1329227129364484098
1329227018379030530
1329226978566696962
1329226736932798464
1329226558612008962
1329226470892269569
1329226126921666560
1329225322546356224
1329225029649723392
1329225002923638785
1329223838006083584
1329223711837233152
1329223673882894336
1329223643897892864
1329191980555878400
1329191754046742530
1329191709406752768
1329191532289687555
1329191340194680833
1329191071176294400
1329189393685331968
1329189314744479744
1329189213154131968
1329189097240313857
1329188300813266944
1329188083997163524
1329187823560257536
1329187591753646081
1329187541820399618
1329187260743356417
1329186567907205120
1329186532905816064
1329186370238050304
1329186271252475904
1329186229737246720
1329185890703294465
1329185794808893440
1329131681308020736
1329131631324512259
1329131514387304448
1329131252813766657
1329130655968493570
1329130108511088640
1329130024021102592
1329129729568358403
1329129284020047872
1329129080009101313
1329128970776821761
1329128773573242880
1329128639506485249
1329128590819037185
1329128557860118528
1329127192643608582
1329127154387279873
1329059749376114689
1329058442443571200
1329058086770733058
1329054459847004160
1329054272202313729
1329054219169501185
1329054057185480705
1329053671418601472
1329053366081581058
1328989491835518983
1328989304933076993
1328963640658104326
1328962940905680899
1328962633467310083
1328962466815078401
1328962346870575104
1328962197414932480
1328961570446184450
1328961346852057090
1328961077502205953
1328960997353279489
1328960929942409216
1328960117384077313
1328959967026622466
1328959933468041216
1328956851904458753
1328956772690833409
1328956653190975489
1328859703074406400
1328859009357529088
1328858298196496389
1328858272388923393
1328858191141081088
1328858029379387392
1328857825649410049
1328857764169281537
1328857677229817858
1328857187028930560
1328857084633378816
1328857008548704260
1328856301913325568
1328856027563888640
1328855940066512896
1328855472443592710
1328855146395095045
1328854938475065344
1328853326859968512
1328852873040384000
1328852556706054145
1328851945394556934
1328851858111139841
1328851636718956544
1328845147136659456
1328844740415025152
1328844677420777472
1328844558508060674
1328844450739625984
1328843747094720512
1328843576411705344
1328843298941726720
1328843229324734466
1328843154833883136
1328843097862590464
1328842995496488961
1328842884410294273
1328842792399900672
1328842756073029633
1328842377830703104
1328842215724969984
1328842106073346050
1328840935577272320
1328840654110089217
1328840577211764742
1328840550401798145
1328838897258745858
1328838826156953600
1328838770855067648
1328838519184232449
1328836860165013504
1328836357712539650
1328835764939984897
1328835681066467330
1328835564041240576
1328835386739625985
1328835314350112769
1328835279738683392
1328835168329555969
1328835026088304643
1328834905371942912
1328834755396132864
1328834604728414209
1328834500533501952
1328834447022583808
1328834378118512641
1328834300087730177
1328834263563657216
1328834115790008321
1328834077701537793
1328834015630036993
1328833972856516608
1328833823883227138
1328833612729384960
1328833578642227200
1328833347368349697
1328833299985227776
1328832894907805696
1328832656734179328
1328832587414925312
1328832492715929601
1328832373769732097
1328832282660982784
1328832118978342913
1328832038837751809
1328831802635501568
1328831789209513986
1328831436124692480
1328831183153631233
1328830719938895873
1328830671347798016
1328830374902808576
1328830250667544577
1328830069192548354
1328820885218754562
1328820555466694658
1328820347668492288
1328819968419397638
1328819637409120258
1328819596023922688
1328818850041761792
1328818665282699264
1328818101933142016
1328701418203541505
1328701340881620994
1328701274087325699
1328701041995436034
1328700504830984192
1328700354066714624
1328699481177563140
1328698306717880320
1328698097371738112
1328697871596625920
1328697803564978176
1328697678943797248
1328697130874068993
1328696718217539587
1328696633714827265
1328696339539103748
1328695967541956610
1328695472484020230
1328695150776762368
1328695077053505536
1328694724987736064
1328694636559310848
1328694506477080577
1328694351124262912
1328694302730379264
1328694071288741888
1328693915629670400
1328693703448301568
1328693216762232832
1328693139268198400
1328629205685342211
1328627007958073344
1328626482793435143
1328626029372424192
1328626002390515713
1328625314407215104
1328625088120307717
1328624958587604992
1328624827771457536
1328624324664729605
1328624264023478273
1328624205450022912
1328624079209779202
1328623667815669766
1328623599373021185
1328623569769689088
1328623441440698369
1328623213660708865
1328622794116980736
1328622757278478337
1328622698356883456
1328622576009035776
1328622204288860161
1328622017302601728
1328621487201292288
1328621430204874753
1328620616589578242
1328620356530171910
1328620303216349184
1328620121485524993
1328467356801110016
1328467257710637056
1328467164244758529
1328232063963545602
1328231738028347393
1328218199511339009
1328217661264654337
1328217365494915072
1328217233382785029
1328217116915298304
1328217020727394304
1328215039988252672
1328214916688347136
1328214809217703936
1328214711104540673
1328214536873156608
1328214169531817984
1328214053022404608
1328213892481249280
1328213827238805504
1328213733915598848
1328213671474958336
1328213492822798336
1328213125896683526
1328213091478237184
1328213041721212929
1328212291100188673
1328212228151996416
1328211988263051264
1328211942624792576
1328211849456672768
1328211835506413568
1328211664236290048
1328211616307974144
1328211193694101504
1328211021215875077
1328210842991562752
1328210797323980802
1328210636644384768
1328210124091998209
1328209301953941504
1328208842736340992
1328208763937964032
1328208623676182528
1328208573327839232
1328208426913021952
1328208325519962112
1328208173375778816
1328208119764140032
1328208036062588929
1328207954227593217
1328207853732052997
1328207490413039618
1328207354211364864
1328207122689970181
1328203817867907072
1328203729141522433
1328203576074588166
1328203116789985280
1328202998774865920
1328202913433337856
1328202817538981888
1328202608457043969
1328202352390619152
1328202206303068162
1328202068658589697
1328201924093460481
1328201762923134977
1328201648414412801
1328199382974439424
1328199350049140736
1328199207694450689
1328199179043127296
1328199152942018561
1328198903192186881
1328198667845607425
1328198592159313920
1328198224973160454
1328198161379119105
1328197854163206144
1328197628689932288
1328197206311014401
1328196765607108608
1328196518390628352
1328196438090661888
1328196350488371201
1328196236453703681
1328196139737247746
1328195983755288576
1328195941820637189
1328195838665916423
1328195348074905602
1328195250599333888
1328195209914552323
1328194586875883524
1328194497927233536
1328194307661074432
1328194229655400448
1328194028962103297
1328193891875516418
1328193861227745280
1328193656696623105
1328192923314229250
1328185465711722496
1328185334220292096
1328185170814373888
1328185127654944768
1328184740042555392
1328184286474686469
1328184259488534528
1328184059910971392
1328183361773289472
1328182737597988864
1328182663488761857
1328182453685534720
1328181699465777153
1328181278982561797
1328180776635035649
1328180721815494656
1328180615489884161
1328180482098429952
1328180428625199104
1328180322018631680
1328179831335337984
1328179787941044225
1328179734564401152
1328179381441765376
1328179265184034818
1328179100054241281
1328178610650267649
1328178553792335876
1328178139348881408
1328172889367998464
1328172614716571649
1328172376580755456
1328172286218620929
1328172252077035521
1328172188080377863
1328172077879181313
1328171699481677824
1328171550642630656
1328171356941271040
1328171256424718336
1328171031832367105
1328170976090099712
1328170850101518336
1328170770795642880
1328170735651708929
1328170706949992450
1328170633641922560
1328170166249693184
1328170088994729984
1328169988104933377
1328169778557509632
1328169673511235584
1328169616951001088
1328169492287954944
1328169347378941952
1328169076309442560
1328169026531442689
1328168998874140672
1328168831966081026
1328168767386308608
1328168252774617088
1328168089846890496
1328166916821708806
1328166867576311809
1328166835443822592
1328166737838174208
1328166597383491584
1328166550487007232
1328166041894043648
1328165701119426560
1328165658845057024
1328165596891144192
1328165508579880962
1328165053720190978
1328164970140291072
1328164749058707457
1328164559673204741
1328164529759350786
1328164433185554434
1328164263702142976
1328164195800498181
1328164106122059776
1328164018360512512
1328163933522333696
1328162677097517056
1328162495710724096
1328162225383567360
1328162165048504320
1328161730157940736
1328161480898842624
1328161248500801537
1328161029432303617
1328160971802562561
1328160902814732288
1328160827556339712
1328160761378611205
1328160590234148864
1328160245374283777
1328160166928269314
1328160046610403331
1328159984685772800
1328159932290527237
1328159904582955009
1328159611006816256
1328159504471474176
1328159476612878337
1328158808133177344
1328158599432921094
1328158511717466114
1328158405085724672
1328158174461890561
1328157916717666305
1328157875747708928
1328157147335589890
1328157076644712449
1328156515409174529
1328156408458539008
1328156300883107840
1328156218968272897
1328156180456251392
1328156007608901633
1328155897273536513
1328155767992508418
1328155312856068096
1328155242676899840
1328154884714102784
1328154775133638657
1328154666320887810
1328154635920576513
1328154349147549703
1328154210567737344
1328153301339172865
1328153200713625600
1328152808290336769
1328152596977106944
1328152435173380096
1328150877530587136
1328150817229008896
1328150769497899008
1328150663553974273
1328150636093861888
1328150428995842048
1328149935359868928
1328149632598228993
1328149306763669505
1328149046339330050
1328148986876764160
1328148901086466048
1328148315607732225
1328147871464452097
1328147301529882625
1328147048118452224
1328146415156035585
1328145767228293120
1328145739365502977
1328145410179751936
1328145382187036672
1328144407640477696
1328144268263755776
1328126497203187712
1328126443641999360
1328126106608701440
1328126066955673600
1328126009837723649
1328125972193787904
1328125927553867776
1328125797421367296
1328125694908350464
1328125584346542080
1328125556160749568
1328125516809785344
1328125467619061760
1328125143130902529
1328124829296312320
1328124590371917824
1328124520033488896
1328124485589864448
1328124282174533633
1328124239573000192
1328124101479710720
1328123995741274113
1328123875259944960
1328120763715629057
1328120666814484480
1328120627279007744
1328120476695109633
1328120341919531009
1328120291545948160
1328120238223749121
1328119834840768513
1328119738518491136
1328119610785234944
1328119459748319232
1328119380220133377
1328119310598893568
1328119111331811328
1328118977181073408
1328118897917132800
1328118639925489664
1328118446115024898
1328118012310765568
1328117536563425280
1328117198208921602
1328116955128102912
1328116757853204480
1328116710008713216
1328116617234972674
1328116282546216960
1328116065742667776
1328115944191758336
1328115845789147136
1328115802206134273
1328115653828431872
1328115540376731648
1328115442402037760
1328115407937368066
1328115286419992577
1328115185534468096
1328113941214420992
1328113764328108032
1328113507854782464
1328113361603547136
1328113305366523905
1328113236898529281
1328113154832830464
1328112883847204865
1328112855695015936
1328112618574266368
1328112251111280640
1328111859560378368
1328111639837609986
1328111574322593792
1328111153348677635
1328110928022315009
1328110893331202050
1328110585507037184
1328110541642952704
1328110264093265921
1328110003857752064
1328108614171594752
1328108392590708737
1328106660435398656
1328106398450810881
1328106355333292032
1328105900100337664
1328105831502495744
1328105784484397063
1328105700367581184
1328105610735304705
1328105558109429761
1328105098375954432
1328104914514374657
1328104260169437184
1328104213587451904
1328104178103685120
1328104019219214336
1328103944917114881
1328103325506519041
1328103226923692035
1328102904197050369
1328102790938329088
1328102472305426433
1328101937984593921
1328101849598070784
1328101233500975104
1328100877391937536
1328100694667141121
1328100571576889344
1328100343478042624
1328099997984845825
1328099685274320898
1328099286152663041
1328099045848485888
1328098977695236096
1328098748266758144
1328098705870766080
1328098645112102913
1328098600274911233
1328098258124562432
1328098125710454785
1328098083301859328
1328097289672429569
1328097262598189056
1328096925954895872
1328096879272292352
1328096766613352448
1328096668294647808
1328096646639411201
1328096587256537088
1328096543547695105
1328096495099289600
1328095870743506944
1328095764866744321
1328095513376301056
1328095064027844609
1328094989746769920
1328094911036420096
1328094013388324864
1328093935869202432
1328093877195051014
1328093782819041282
1328093607392206848
1328093524387012610
1328093304446197765
1328093209180790785
1328093004343640065
1328092865243725824
1328092281795092480
1328092037132926976
1328091946967961601
1328091804088950785
1328091722274856962
1328090080808816640
1328089999409967104
1328089939016249346
1328089868644143104
1328089813832978432
1328089678499594241
1328089404716421120
1328089179058696193
1328088911151726592
1328088731329331200
1328088645409009665
1328088459693617152
1328088085918224384
1328087889729634304
1328087801426894848
1328087710402105347
1328087670816325633
1328087630605533184
1328087375507906560
1328087188404273152
1328087044208226304
1328086745536098304
1328086411984060416
1328085056758312960
1328085020527927296
1328084994154143744
1328084940492210176
1328084813752897537
1328084775886675968
1328084741459906565
1328084615630790656
1328084489805852674
1328084390937722886
1328084327981191168
1328084296196792320
1328084263925817345
1328084222716768259
1328084190714241027
1328084139912773632
1328084076637552640
1328084026863730688
1328083976167198720
1328083836719091712
1328083752396832768
1328049785031462913
1328049601887145984
1328049489710465024
1328049350363123712
1328049235195883520
1328049144645054464
1328049047874093061
1328048861231734785
1328048589654802432
1328048522474582016
1328048061172510720
1328047512112877568
1328047308265590784
1328047096151171072
1328047066832986112
1328046777816154112
1328045835918004224
1328045597228625920
1328045360367878144
1328045242709282816
1328045141991456769
1328044478070886400
1328041817657380865
1327909458069004288
1327909194897399810
1327909121002127361
1327908899115003905
1327788692165935104
1327788497118236672
1327787465080332289
1327787419261779969
1327787345563697153
1327787289620090880
1327787168815742976
1327787107486638080
1327786989274374144
1327786912619274241
1327784539247181825
1327784182420946945
1327754964890906625
1327754547473747969
1327754409279799296
1327754308503310338
1327753880831098880
1327753687188398080
1327753562248544256
1327753446020116480
1327753402441297920
1327752372056068096
1327752011740180480
1327751551016869890
1327751503193415680
1327750943467663360
1327750794079207424
1327750682720366592
1327749942971039745
1327749488727916544
1327749472198115328
1327749221064138752
1327749031276122112
1327748926510796800
1327748807983996928
1327748653591609344
1327748625041002496
1327748380710166528
1327748156985995265
1327747333010960384
1327747240987803648
1327747013652332544
1327746928583475200
1327746862611238913
1327746649641271296
1327746579252428801
1327746136539418624
1327745668283133952
1327745386438479873
1327745185355161601
1327745081135140864
1327745026718277632
1327744967289159680
1327744877266759680
1327744685771636737
1327744082840481792
1327743463287185409
1327743156633313281
1327743053927333888
1327742923014696961
1327742806882877441
1327742192098525185
1327742131897724928
1327741493377843200
1327741420581519361
1327741374158893056
1327741216151072768
1327741090280050688
1327740977218392064
1327740924282105857
1327740642743578626
1327740562590498816
1327740534656360448
1327740292984815617
1327739896434356225
1327739277178859520
1327738897162334208
1327726296147795968
1327726079490945024
1327725906362650624
1327725746433900544
1327725645166571526
1327725420997873664
1327724886211477504
1327724817395552257
1327724744947363840
1327724576734806016
1327724464658804736
1327724286249893888
1327724104959496192
1327723845558497283
1327723695255678977
1327723628553674753
1327723584656089088
1327723495359270912
1327723380880121856
1327723029284024320
1327723002985811968
1327722641189310464
1327722574856372224
1327721875632316416
1327721237418676224
1327720989472419841
1327720895218024450
1327720768285786112
1327720476483801088
1327720260716220416
1327718962084253697
1327716322323484672
1327716294485893120
1327656420234256385
1327656356715716608
1327655534934167552
1327655369393328128
1327654512199225351
1327654424261451777
1327654204140240896
1327653803932336128
1327653586495410176
1327653488529207298
1327653373328326658
1327648537518112768
1327648360593932289
1327343803955433472
1327343662641004544
1327328023163486208
1327327634808655872
1327327416482623488
1327327315303354371
1327327218926698496
1327327153793298432
1327326938747207681
1327326745423343618
1327326686153564161
1327326635234795520
1327326537796894721
1327326282535735296
1327326193234759681
1327326112276312067
1327326079074197505
1327325989018370048
1327325895393116160
1327325864808177664
1327325837494870016
1327325748512768000
1327325674814676993
1327325615540690944
1327325533521121282
1327325475740389377
1327325442240483333
1327325332710440960
1327325091118546945
1327324994997633024
1327324889984823296
1327324820816609280
1327324745562353665
1327324668659785728
1327324618466619392
1327324507158183936
1327324339004350465
1327324278459559936
1327324239687344134
1327324013903839232
1327323761696141313
1327323446653587456
1327323239459164160
1327322933832736768
1327322858293321728
1327322773232861184
1327322719755534337
1327322668685684736
1327322542051262465
1327322420705857536
1327322393073782784
1327322142883516416
1327322082615599111
1327321988910567424
1327321930022600705
1327321867934261248
1327321716931002368
1327321516376092673
1327321423606550528
1327321330434207744
1327321235194167296
1327321007699333120
1327320891131248641
1327320725070381057
1327320555968610305
1327320324103315456
1327320041390436353
1327319913740988417
1327319779158310912
1327319571242500096
1327319168207659008
1327318341044690945
1327318239001526272
1327318147523723265
1327317982217834498
1327317809450213376
1327316378261487617
1327315869114847232
1327176009079083008
1327175872629993473
1327175559449743361
1327175121090428929
1327175049401438209
1327175008745967616
1327174880068993024
1327173821493743616
1327112008768970753
1327111814165929984
1327111374292414464
1327111342818357248
1327111115910701056
1327110961782693888
1327110434009149441
1327110093897252864
1327110065715757056
1327109303774240768
1327109213600923649
1327108859027095552
1327108810205323266
1327108737400619008
1327108548380086272
1327108352040603648
1327108043461382145
1327107951367135233
1327107854872895489
1327107824271249408
1327107348024811522
1327107259717939201
1327106447381995527
1327106129315328002
1327106108847132672
1327101529191419904
1327101502565957633
1327099692186910723
1327099528483196928
1327099457687539712
1327099342717546496
1327099280213958657
1327099250530947074
1327099231388110850
1327099201285627907
1327099154208722944
1327098882539483143
1327061928980582401
1327056345351155712
1327055954882428929
1327055837471199233
1327055700619497472
1327055556213760000
1327055375380615168
1327055203791642625
1327054567826096128
1327053484324134912
1327053190299152384
1327052975689273344
1327052890440036352
1327052333356785664
1327052148832538624
1327051644404568064
1327051367995691008
1327051215537020933
1327050709947191296
1327050262045810688
1327050217573605376
1327050047201046528
1327049928670015488
1327049866523025410
1327049718837329920
1327049649249681408
1327049381669793792
1327049270155829249
1327049211720790016
1327049064605597698
1327048830810873856
1327048757075054593
1327048420817661952
1327048124439822336
1327048014960095233
1327047823511076865
1327047714815713280
1327047022621331456
1327046954824519681
1327046814667743232
1327046695398428672
1327046636254556160
1327046434454081537
1327046085374738432
1327046029753999360
1327045709502136320
1327045518082465793
1327044878501441537
1327044667091738626
1327044450619539461
1327044216413831168
1327044095609430017
1327043807053975552
1327043713739067393
1327043597292560385
1327043547569160192
1327043391872409600
1327043050309226497
1327042966976827392
1327042578210988032
1327042391740538880
1327042168754561024
1327032716458557440
1327031299454824449
1327030834822406145
1327030790387945472
1327030718224945152
1327030231685689344
1327030180401987585
1327030063485710336
1327029808585273344
1327029518830223365
1327029502661148673
1327028923209633797
1327028873851125760
1327028646037504001
1327028298220670976
1327028213483073536
1327027350240854016
1327026941975613440
1327026600815169536
1327025812227256325
1327025064986906624
1327024951480578048
1327023778392461312
1327023722687959040
1327023389504983040
1327023358458744833
1327023216150265857
1327022537419550721
1327021990155194368
1327020685596655617
1327020576867713025
1327020470500093952
1327020424203436032
1327019930756153346
1327019786404970502
1327019695103361025
1327019612160987137
1327019542690729988
1327019508544913408
1327019437950521344
1327019126800273408
1327018787791532032
1327018753142312960
1327018661580660736
1327018549596934144
1327018478503510016
1327018324564140032
1327018245732265984
1327018163926536195
1327013120615747584
1327012965082488833
1327012910506283009
1327012824485302272
1327012523866918913
1327012488072753152
1327012293280841731
1327012257729921024
1327012025642303488
1327011854023942144
1327011743541854209
1327011642882756608
1327011307988557825
1327011251570950146
1327010993155706880
1327010795880730624
1327010709096460289
1327010667954536449
1327009522569736192
1327009468001918976
1327009306437242881
1327009236044300289
1327008632404287489
1327008545548636162
1327008373020061696
1327008225510776835
1327008146812928000
1327008066928218114
1327007944135700481
1327007786270507008
1327007393666928640
1327007214263967744
1327006903063306240
1327006864765198336
1327006286760669184
1327006048272609280
1327005529877614592
1327005370284433415
1327005343637925888
1327004167949279234
1327003947379298305
1327003831536734208
1327003731242618881
1327003642314903552
1327003493945671680
1327003379155968000
1327003335488983040
1327003087693758466
1327003006085185536
1327002920542355456
1327002765093085184
1327002517956280320
1327002424754597888
1327002230910664704
1327001971220385792
1327001875107835904
1327001426543800320
1327001218967773185
1327001139422773249
1327001096070471685
1327001023697678336
1327000409500569600
1327000076078653441
1327000020340490240
1326999926190981121
1326999747798831104
1326999532874317824
1326999413621833728
1326998907109269504
1326998668625408000
1326998426005880837
1326998323195088896
1326998241829785600
1326998037609103360
1326997886614130689
1326997724613394432
1326997671932882949
1326997132461494272
1326996920041017344
1326995391871594497
1326994899447803904
1326994706228719616
1326994632794845193
1326994005352206338
1326993966630309890
1326993936431321090
1326993409928810502
1326993383827664900
1326993350373859334
1326993209633992705
1326993163043659777
1326992884290248706
1326992841667702784
1326992401471336459
1326992047132332036
1326991769175805953
1326991737940750338
1326989897626882048
1326989404187987968
1326989245727170560
1326989059588198400
1326987895010291713
1326987834318729216
1326987491123970049
1326987462124564480
1326987375122116608
1326987203730264064
1326987176656084992
1326986973525897217
1326986725252423680
1326986234263031808
1326986151119310848
1326984845470261248
1326984766155997184
1326984708824035328
1326984382146465792
1326984304677642241
1326984260633288705
1326984183051268096
1326984031884308481
1326983995226132480
1326983915236573186
1326983683983609858
1326983564441731072
1326983433050976256
1326983260400836608
1326983089457795072
1326982873665048576
1326982249577766913
1326982214672760832
1326982091662241792
1326981999085563904
1326981866675580928
1326981751655133185
1326981695770226688
1326981606880395264
1326981468132765696
1326981420238036992
1326981244706406400
1326980834675417088
1326980766757105664
1326980674457235456
1326980648649646080
1326980564570632192
1326980516617154561
1326980488561475584
1326980373511720960
1326980341018472448
1326980281077616640
1326980255748247553
1326980214061068288
1326980179294502912
1326980026663768064
1326979819867758592
1326979532855775232
1326978961985822720
1326978813335486469
1326950096546586625
1326948924867792896
1326948813580378112
1326948288252190720
1326947968293900289
1326947553489743872
1326947311495245824
1326946955981828096
1326944937997316097
1326944771282145283
1326944542453452800
1326944403642966016
1326944329294729216
1326944184553467904
1326944073941360640
1326944010796060672
1326943509702561792
1326943149827059712
1326942831223611392
1326942763632398336
1326942612972998658
1326942210110054401
1326942168108343296
1326942094246572032
1326941975484932097
1326941898456526848
1326941808031510529
1326941700271452160
1326941684836438017
1326941416879054848
1326941149135695872
1326941035411369984
1326940901281689600
1326940777520361478
1326939152143720450
1326816745068224518
1326816539962568704
1326816356377845760
1326816247456047104
1326815884938104834
1326815771431895040
1326815184539709442
1326814963063689218
1326814860508758017
1326814720297365505
1326814540344946690
1326814459743010819
1326814407733600256
1326814295494045696
1326814232072003585
1326814131584786435
1326814028178415616
1326813892694040576
1326813805486112768
1326813759562674186
1326813680147685376
1326813622346031104
1326813483577470976
1326813471221063680
1326813219952988160
1326813040730238976
1326811872285188102
1326811462866661377
1326761994968502275
1326761940341960705
1326761302761549824
1326761096372490244
1326760121423310851
1326760047188320257
1326760010643288064
1326759918699950080
1326759889851572231
1326759614784942081
1326759392201543682
1326759364645036033
1326758957625593866
1326758886137753600
1326758809893707776
1326758732919795712
1326758684479746048
1326758535582113793
1326758134384381952
1326757346475831296
1326757313483468801
1326757168389918721
1326757037892628480
1326757010591813633
1326755494225207297
1326755422678605825
1326755270588968961
1326755176644964359
1326755138409619456
1326754959082156033
1326754929386532864
1326753574739603456
1326753507446194182
1326753426961657856
1326753375925411841
1326752454940090368
1326752321385082880
1326752234240049153
1326751960716906496
1326751882350456833
1326751730059522051
1326751626908983296
1326751128038514693
1326751076406628352
1326751023336099845
1326750736982532096
1326750652198916097
1326750589259112449
1326750080070680577
1326749010825076736
1326748409747759104
1326748382522585088
1326748184928940035
1326747404192788481
1326747253315284996
1326747226635268096
1326746805363564544
1326746531920179200
1326746504350978049
1326745732259311616
1326745678022733824
1326745110332104704
1326744259551064064
1326743968025960448
1326742555560615937
1326742165666451456
1326742025245323265
1326742005259538435
1326741762275041280
1326741646420045824
1326741305070743552
1326741164389658626
1326741038350823424
1326740898365861889
1326740673358258176
1326740619792846849
1326739592855212032
1326738551522816001
1326738257539788800
1326737974126538753
1326737934574260224
1326737560010256385
1326737347560366081
1326737250843979777
1326737144270893057
1326736991069773825
1326736478475415553
1326736284132413441
1326735989117648896
1326735965893750785
1326735764651012098
1326735624561332224
1326735297330118659
1326735125594349568
1326734929875492865
1326734854432518144
1326734601209831426
1326734546407075841
1326734394351030272
1326733680002265088
1326733315668279296
1326733269518311424
1326733199943163905
1326732901807841280
1326732803627626497
1326732646420946944
1326732566997577728
1326732487356162049
1326732007343190016
1326731861024890886
1326731785053507584
1326731622691999744
1326731143341768704
1326731015109242881
1326730791787753473
1326730503311876097
1326730455131987968
1326729926100201474
1326729284619153409
1326729217510236162
1326729121200664582
1326728387138785282
1326728310601048064
1326725508092977152
1326725445501415424
1326724793438068736
1326724684902096897
1326724598918914048
1326724546905346048
1326724068406521859
1326723910096756736
1326723818598109187
1326723439906881538
1326723332138389504
1326723270704467968
1326723142002200576
1326722968441950208
1326722938653962240
1326722869099835393
1326722524361629697
1326722174305013761
1326722067748642816
1326721949494509570
1326721830493679616
1326721121148833792
1326720971194068993
1326720915833454592
1326720877375836161
1326720728545128449
1326720643245641729
1326719555205439488
1326719439736205315
1326719352255574016
1326663214877175808
1326647082690568192
1326647023404154882
1326646547937849344
1326646201609936897
1326646095909277701
1326645944562057216
1326645897455755264
1326645785212022784
1326645699505647617
1326645643264229376
1326645477274628096
1326645177738387457
1326644988357218304
1326643866217242625
1326643749082988544
1326643667512119296
1326643593553997825
1326643454982565888
1326643407767302145
1326643305707311104
1326643027515908096
1326636717101625344
1326636511853309952
1326635904237121537
1326635569380614144
1326635417479733248
1326635389151444992
1326635084582060032
1326634603033944064
1326633959535464450
1326633810167951361
1326633151364440064
1326633124797673472
1326632841682198529
1326631468739670018
1326631351336882177
1326631204037091328
1326630987367804928
1326630794970816513
1326630745603895298
1326630638162620416
1326630525860106242
1326630399296983040
1326630301989134336
1326630186398277634
1326630088536854528
1326629493042114560
1326629396652777473
1326629350188277760
1326628906292539392
1326628836029599744
1326628739162148864
1326628675563913216
1326628638695960576
1326628575953342464
1326628525529473024
1326628498220355584
1326628251804991488
1326628006580776960
1326627700967055361
1326627482284433408
1326627080918900737
1326627034903162881
1326626951008718848
1326626793781014529
1326626692815749120
1326626623211204610
1326626509533011968
1326626441497251841
1326626157320572929
1326625704889380864
1326625380023767040
1326625004688039936
1326622260711485440
1326622176288518144
1326622130629324800
1326621135501369345
1326620708802236416
1326619151868203008
1326618456192544768
1326618029568897024
1326617916595265537
1326617548259909632
1326617391942438912
1326441894348427264
1326441705021734919
1326441644032360449
1326441202984525825
1326441077222469638
1326440977825886210
1326440054416273408
1326439993691136000
1326438481023832065
1326437999832264704
1326437511229419521
1326437481185636352
1326437421555183617
1326437306681618432
1326437130852130816
1326436888144617473
1326436860772511746
1326436391635488768
1326436334236430336
1326435516166778881
1326435447216566272
1326435225426042880
1326435197433339906
1326435082761101313
1326434862266527744
1326434412955897857
1326434127407624193
1326434031366512641
1326421975259078657
1326421921873993730
1326421756769341440
1326421644282355714
1326421457841360897
1326421390925422592
1326421189590454272
1326421157571080193
1326421096300687368
1326420841656184834
1326420744784449542
1326420636395298830
1326420485144539144
1326419972135022593
1326419685353660419
1326419546950037506
1326419396487737347
1326419303810408453
1326419235795578882
1326419105994432512
1326419009684770823
1326417413143994368
1326416966001811462
1326416615760605189
1326416515936219137
1326416414245269504
1326416249090347008
1326416136322297862
1326416061516886018
1326416017006981120
1326415666421903360
1326415117408493575
1326414725060702208
1326414673441337347
1326414495711977474
1326414420755566598
1326414116714663937
1326413924229652483
1326412803029299201
1326412732472713222
1326412411285479424
1326412228912877568
1326412099178860545
1326411694470467589
1326411480451911681
1326411322855215104
1326411273664393218
1326411219612430336
1326411045590740993
1326410972827963394
1326410811032657920
1326410730795642880
1326410563665195008
1326410241328762880
1326410202531442688
1326410110248300549
1326409866785792001
1326408653583290371
1326407994263867392
1326407633235042306
1326407343547031558
1326407311288651776
1326406949282476033
1326406554288091143
1326406471790309376
1326406444250488844
1326405567259283457
1326405315341004801
1326405090245304326
1326397344166924290
1326397296876150784
1326397133298266116
1326397094744223745
1326396322010771458
1326395504029274113
1326395425771954176
1326395181969641472
1326395108032475140
1326395036460855299
1326394006708899842
1326393813632487426
1326393766245228544
1326393697819299845
1326393597260951552
1326362450275389441
1326362272319434754
1326362088365719552
1326362076827144193
1326361825575804928
1326361633996775427
1326361527222349825
1326361139052097536
1326360921237671936
1326360868645269504
1326360691188461569
1326360367778312192
1326360029973237762
1326359939434962946
1326359821600219137
1326359318384369665
1326359067825065984
1326358847636738053
1326358771505852416
1326358606065799168
1326358490147770368
1326358391770419200
1326358319242518529
1326357879691997184
1326357800352534529
1326357690080063488
1326357440766468097
1326357385489784832
1326356973651070976
1326356780549484544
1326356489854885890
1326356341200314369
1326355847576838144
1326355522048598016
1326354848984436736
1326354789236527104
1326354749910781952
1326354568473571329
1326354496822235136
1326354360268324865
1326353772147191809
1326353744150188032
1326353596250693633
1326353118699741184
1326352108791066625
1326351598902149121
1326351305279893504
1326351166318374912
1326351139554488320
1326350380213567488
1326349860744781824
1326349310871523330
1326349237789945856
1326349187877761024
1326349092138614787
1326254186212728833
1326254086799290368
1326253583826735104
1326251098340880384
1326250876697153536
1326250838268866560
1326250693829668864
1326250211807617025
1326250151569092608
1326250094832754688
1326249710252797953
1326249638752481280
1326249460758798336
1326249418442502144
1326249390986600448
1326248268888616960
1326248189544914944
1326247934996877312
1326247759209394176
1326247593563705344
1326247564883107840
1326247303301066754
1326247213425586178
1326247119024345088
1326247051525435392
1326246935943000064
1326246483859890178
1326246086319566848
1326245864180871168
1326236265151258624
1326235799898124288
1326235693920604160
1326235658457812992
1326235461765849090
1326235386507481088
1326235174435086336
1326234786252288000
1326234639665516544
1326234452666667009
1326234424761962497
1326233421111197696
1326233368522973186
1326233220875128838
1326233191468818433
1326232820629434389
1326232763914055681
1326232674747346944
1326232440822620160
1326232094243127296
1326231977272340480
1326231918484992000
1326231630785212416
1326231475470036992
1326231245760593920
1326231060670132224
1326231025320558592
1326230541947949056
1326230497261834240
1326230352357064705
1326230151944839168
1326230083401478144
1326229735874023424
1326229271837175809
1326229193823117313
1326229051648847874
1326093424538214400
1326091081818124288
1326090960099450880
1326090833653714946
1326090583836827649
1326090550768852999
1326090477892849664
1326090438239907841
1326090306463297538
1326090257704624129
1326090201358245888
1326090107665829890
1326089963742527488
1326089702013759488
1326089564797067264
1326089198395293697
1326088947894644737
1326088535703609344
1326088053945819136
1326087198802800642
1326087067613290497
1326086996746334208
1326086980854181888
1326086320293208065
1326086060556738560
1326085979740860416
1326085464810401792
1326085333859987458
1326085139646984192
1326084972705296385
1326084740705783808
1326083921679773698
1326083880026165248
1326082985821569024
1326082954649497600
1326082855630368771
1326055302035243008
1326055245974175745
1326055051341701120
1326054837402791936
1326054603557801984
1326054111066771456
1326054086332960768
1326053849530920961
1326053714268844032
1326053128270012417
1326052995134451712
1326052705891086336
1326052638627041282
1326049538654703617
1326047934312378369
1326047696046624769
1326047598617059328
1326047552941117441
1326047446959415296
1326047321461682177
1326047230847979521
1326047178461114369
1326047141551222784
1326047066523541504
1326047012123369474
1326046960269156352
1326046932402278402
1326046017918099457
1326045132118872064
1326045002976251907
1326044944696422400
1326044860051173376
1326044743109758976
1326044648301686785
1326044513400336384
1326044413546516481
1326044101716836353
1326043927175065600
1326043694483402753
1326042751410995200
1326042374699511808
1326042042112208896
1326041113065451523
1326041019561828353
1326040923462008832
1326040846735609856
1326040807346900992
1326039912747950080
1326039801624027136
1326039609634025473
1326039521742389248
1326039383447752705
1326038736996499456
1326038670286020609
1326038632864468994
1326038480489644034
1326038394674192385
1326038341570080769
1326037857299951617
1326036363947380737
1326007112502185984
1325769152489947136
1325767986645401602
1325767496968794112
1325767250008178691
1325766882201198593
1325761849464299523
1325729664589918210
1325729518972149760
1325729225534398464
1325728816392593408
1325728680404938752
1325728324824436736
1325728275327447042
1325728205110607873
1325728059765391360
1325727981008924672
1325727824557207552
1325725138180976641
1325724437715431424
1325724299466952704
1325724190637395969
1325724139408158720
1325724063696781312
1325724040732925957
1325723815666593792
1325723738474606592
1325723545196924929
1325723285892427776
1325723132502536192
1325722990869241857
1325722776540336129
1325722496239194113
1325722416882937856
1325722235672223745
1325722145691848705
1325721804841779208
1325721741121916928
1325721269510176768
1325721233728565248
1325721193928773633
1325719431243165697
1325719321092395009
1325719240041615361
1325719160077180929
1325719006095974402
1325718785655889920
1325718713878814727
1325718683516166145
1325718588653662208
1325718548849729536
1325718491148640257
1325718334088732672
1325718232225869825
1325718189276164096
1325718091746041856
1325718064353087490
1325718013178359809
1325717941107585024
1325677951946387457
1325676040052641792
1325675890211106816
1325675098674585600
1325674749008121859
1325674673045086210
1325674542149169155
1325674465947054082
1325674348284272641
1325674024400162816
1325673263444287494
1325673017880444928
1325672959244001280
1325672268903587842
1325671849179504641
1325671461982367744
1325671421540888576
1325671162718793729
1325670867787898880
1325670549272473600
1325670465528999936
1325670391184982016
1325670312017494016
1325670194438496259
1325669962128662534
1325669757241024512
1325669517712904193
1325669200241680393
1325668706383405061
1325668629996658688
1325668331727200256
1325668101703102465
1325667940197261312
1325667779253465093
1325667226251194370
1325666831063904257
1325666751082717184
1325666720409817094
1325666609965359104
1325665978533867520
1325665906035318785
1325665842177011713
1325665815912308736
1325665585838002176
1325663538019364864
1325662805257719809
1325605025716994048
1325604952186576896
1325604888684888064
1325603446427246592
1325600459415977984
1325599557627998208
1325599436878221312
1325599114055225344
1325599029565169665
1325598992596566016
1325598871066537985
1325598835217895424
1325598693903400960
1325598454270230533
1325598333944000514
1325598206336512001
1325597250983092224
1325596978168778753
1325596752641101826
1325595800236224512
1325595730099097600
1325595545902014465
1325595447801507848
1325595426196611072
1325595383339249664
1325595269757505536
1325595181953937408
1325595107471491073
1325594970560999424
1325594929150656514
1325594895071899649
1325594811437469697
1325594672404656130
1325594491139469313
1325594348008873984
1325594283492036610
1325594211630997504
1325594162574499840
1325594093523759111
1325593870231465989
1325593835624308739
1325593404814753792
1325593252825739269
1325593123955769344
1325593093882605568
1325593043689336832
1325592957303496704
1325591808429051905
1325591183905665024
1325591075562508289
1325590780447092736
1325590663623180288
1325590575039488000
1325590510187159552
1325590402016014336
1325590364187553797
1325590181575970816
1325589915585802240
1325589884887683072
1325589598609707008
1325587782966812672
1325587105590910976
1325586956084891648
1325586832952762369
1325586759980253184
1325586678052872192
1325586603083931648
1325586119065391104
1325586062769483776
1325585862063616000
1325585772037107712
1325585753418551297
1325583584011280385
1325583259808378880
1325583170461331456
1325582996217327616
1325582909818859520
1325582848225505280
1325582713626112000
1325582650094936064
1325582606776242176
1325582494591188992
1325582243754991616
1325582136875786240
1325581927277981696
1325581697694363648
1325581520527003648
1325581333209387010
1325580431438176256
1325580199937810435
1325580137069383680
1325580030978584577
1325579853794484224
1325579780670988288
1325579205061435392
1325579159725244416
1325578231794167809
1325578141893451776
1325578016722808832
1325577743778504705
1325577459404660737
1325577315430985728
1325576661803307008
1325576162093883394
1325576106053783552
1325575890810535936
1325575305839353856
1325575133260443648
1325574904050192384
1325574260950134784
1325573566071402496
1325573353487302656
1325573173421596672
1325572715315556352
1325572679768829954
1325572628703191040
1325572516060884992
1325572471500673024
1325572390823157761
1325572231812952064
1325571813934465024
1325571765720899584
1325571562280398848
1325571533238984705
1325571428754731008
1325571275968835585
1325571150043250688
1325570974347976704
1325570868513173505
1325570810065559552
1325570723667091457
1325570640699510786
1325570531391758336
1325563101484257280
1325562959129571328
1325562923763159040
1325562781630787584
1325562465535496192
1325562216477650944
1325562027998277632
1325561912977846272
1325561748913442816
1325561355106021376
1325561261145255937
1325561138336051200
1325560532200419328
1325560386943291393
1325560276666601472
1325559884394328064
1325558918215421952
1325558799059447810
1325558722337234944
1325558515428024320
1325558497057013761
1325558394439098368
1325558245323255808
1325557956964884480
1325557929622163456
1325557759929020417
1325557710465556480
1325556372486811649
1325555367078604800
1325553645119631360
1325551506058215424
1325550447755554817
1325550376066576384
1325549794874580992
1325549713869844480
1325549656122642432
1325549578423185408
1325549448341065728
1325549295169277952
1325548818377527297
1325548730204839936
1325548693047554048
1325548513183236097
1325548437991874560
1325548200606887936
1325548137969115136
1325548026623000577
1325547788206174209
1325547415944851458
1325547353785290752
1325546537154301953
1325546269142474752
1325546153396502528
1325546025122111488
1325545952820690944
1325545758494355456
1325545624809345024
1325545461600587776
1325545252657065984
1325544900855701504
1325544819179937792
1325544646622113792
1325544619594018816
1325544152998715392
1325544090302246912
1325544067837489152
1325544035755335682
1325543737104068608
1325543663858974720
1325543336426446848
1325543273516068864
1325543240259395584
1325543147489775621
1325543058742472704
1325542841695662081
1325542170904858624
1325542066026283008
1325541978939957248
1325541842599882752
1325541632163213313
1325517758583382022
1325517533454036992
1325516369580838912
1325516335443423232
1325516295228420096
1325516223895924736
1325516129905750016
1325515641269317632
1325515552459087872
1325514909145206784
1325514776961675264
1325514351239786507
1325514295409479680
1325513562232479744
1325513330497261568
1325512928137654272
1325512869333491712
1325512794100256768
1325512284441960448
1325512088911974401
1325512045840621569
1325511918145036288
1325511827824930816
1325511646123446273
1325510988200701952
1325510706825891840
1325510626882383875
1325509995048308736
1325509474166034433
1325509252291600384
1325508173340368896
1325311434452987905
1325311302600830976
1325311211605381120
1325311162288726017
1325311072622948352
1325310962002395136
1325310809908498433
1325310797325639681
1325310540088930304
1325310326003261442
1325310202896244738
1325310017348620289
1325309534500319238
1325309382058405888
1325307788013170688
1325307759479255041
1325307327289831424
1325307075161812992
1325306850808459265
1325306768017125376
1325306727911231488
1325306638903861248
1325306380446621696
1325306286510993408
1325306193112227841
1325306014434914306
1325305651736662017
1325304364852936706
1325303289647308801
1325303270571601921
1325303252359917571
1325303075246989314
1325303012777099265
1325302791246499842
1325302727409233920
1325302479265820672
1325301561501786113
1325301253476409347
1325301180092674048
1325300957744259073
1325300812227117056
1325300592198131714
1325300518806188032
1325300477441925122
1325300221639733254
1325300160960753664
1325300000759316480
1325299905850535937
1325299722840465409
1325299608981970944
1325299388206313473
1325299167988641792
1325298997720879105
1325298930813341697
1325298709656076290
1325298653808922627
1325298505884131331
1325298474334609410
1325298335691894784
1325298213713178656
1325298143471169537
1325298102564057088
1325297130366332929
1325296987181256706
1325296960505487360
1325296598285312002
1325296550034071552
1325296450872377344
1325296375265832960
1325296328251904001
1325296186463461377
1325296095363178496
1325295756949901312
1325295629313044480
1325295574191538177
1325294851919732741
1325294530006970370
1325294355532312576
1325294328869122050
1325294274284412928
1325294185226797056
1325294092117368832
1325293930804518914
1325293905126981632
1325293694698758150
1325293478574583810
1325293315802083329
1325292649687916544
1325292619287572480
1325292136128892929
1325291933804060673
1325291881383690240
1325291782771412992
1325291678794620930
1325291121388318725
1325291041826598912
1325290730219208710
1325290421015117825
1325290379474726914
1325290009843306501
1325289831727992833
1325289628388110336
1325289532804116480
1325289443004018688
1325289350146318336
1325289274946711552
1325289187369574400
1325289150577168385
1325289017450012672
1325288922096701441
1325288211728404481
1325288173144977408
1325288111400656897
1325288054911758336
1325287959575240707
1325287832605220864
1325287750170415111
1325287604120477704
1325287524869136385
1325287480321400832
1325287390957633539
1325287351766065152
1325287222963171330
1325287157477462018
1325287022513201152
1325286999784189952
1325286542726737920
1325286163465138176
1325286068128604160
1325285773051011072
1325285705992433665
1325285625386336256
1325285592775630851
1325285525482168320
1325285367570862081
1325285220984090626
1325285182623027204
1325285109495263232
1325285060027670529
1325284841596751873
1325284784415809536
1325284665842786304
1325284599312736256
1325284117081026561
1325283993663623168
1325283545355411456
1325282770776567808
1325282673590325249
1325282630112219136
1325282219863101440
1325282051117903873
1325280923454107648
1325280827501027328
1325280711549448192
1325280610810621952
1325280522965184513
1325280366211473409
1325280326772350976
1325280067270832128
1325279946755825664
1325279813695758337
1325279568576438272
1325279486053507073
1325279261935038465
1325279182251700225
1325279133501333509
1325279060000296960
1325278592389951488
1325278558256680964
1325278328421404679
1325277869342224384
1325273502941806598
1325273072274829312
1325272826098577409
1325272783765430272
1325272749862838272
1325272617213808640
1325272202200055810
1325272139457462273
1325272019756179457
1325271979893518337
1325271854144090112
1325271817322340352
1325271712141725697
1325271659377405952
1325271632051499009
1325270942348533770
1325270622067290113
1325270562977927169
1325270104066519042
1325270062949806082
1325269925993144320
1325269896653987840
1325269652914667520
1325269353739083778
1325269231559061504
1325269189519503360
1325269085710503937
1325269049702457345
1325268853266395136
1325268833817391104
1325268795762438144
1325268749373509633
1325267579217215490
1325267450498174977
1325267334106279936
1325267247405805569
1325267218981023744
1325267103453097984
1325266844870041601
1325248192330440706
1325247632592105472
1325247585284546560
1325247046157103104
1325246307657674753
1325246243132432384
1325245844988153856
1325245546240512006
1325245410407976960
1325245285853876224
1325244889655697408
1325244856134823936
1325244806784675841
1325244484624420864
1325244388935495680
1325244245154824192
1325244166167654400
1325243899233775617
1325242059175780352
1325241974492819456
1325241553175023616
1325241417191497729
1325241373595889664
1325241259988979712
1325241227650822146
1325241162098122752
1325240946846441473
1325240752620777472
1325240658274127872
1325240560886505473
1325239503217287170
1325239400779796480
1325239234907631616
1325238370096750594
1325238328468275200
1325238269286641664
1325237888980717568
1325237776875315201
1325237695463870464
1325234604425408512
1325234432886759424
1325234368785231872
1325234266821701632
1325233915846516736
1325233805460869120
1325233407241019392
1325231239935127552
1325231011379126272
1325230905892368384
1325229682954940416
1325229402234343425
1325229067772178432
1325229011056779264
1325228924318576640
1325228827941896192
1325228785948504070
1325228480942936064
1325228429562662912
1325228351636697088
1325228329071382528
1325228099387097088
1325215663825190912
1325215427308392456
1325214808220684289
1325214765644353542
1325214220347084800
1325214042533720064
1325214003749036032
1325213622067326977
1325213266759446533
1325213150308786176
1325213083409682432
1325213035888144385
1325212887233699842
1325212775610683393
1325212647428517888
1325212515203117057
1325212074054610944
1325211880764268545
1325211774321225729
1325211440924385281
1325211361475915777
1325211065488007168
1325210932537032705
1325210654379110400
1325210579380789249
1325210042467979264
1325210006166204416
1325209211333079042
1325209175438159872
1325209063274151938
1325208521491689473
1325208193488744450
1325207299317592066
1325207029548371974
1325206604942249985
1325206279401336837
1325205609461903360
1325205492528902145
1325205341215236096
1325205164785954816
1325204898128961536
1325204772610220032
1325204410524336130
1325203628823437315
1325203202090754050
1325203106762616837
1325202869637668864
1325202719439646722
1325202681309270017
1325202463205412864
1325202251506360320
1325201739717378050
1325200629027860481
1325200554893602817
1325200503362318337
1325200401285607425
1325199919481724929
1325199815106387968
1325199729907572737
1325199623305089024
1325199584721838081
1325199536092950529
1325199403062231042
1325199049864015872
1325199025180569600
1325198945249763328
1325198757697265664
1325198644732047368
1325198186386874371
1325198106154037249
1325198082745643008
1325198036474064900
1325197922372263936
1325197862255255556
1325197807775412224
1325197731158061059
1325197609703600130
1325197343881244679
1325197010413133824
1325196621009702912
1325196306889936897
1325196159028060160
1325195881050636290
1325195812566048769
1325195717351149571
1325195685424103424
1325195437590994944
1325195380225576960
1325195257487663105
1325195224805601282
1325195051270467587
1325194726027358210
1325194607072702466
1325194524797202432
1325194503364308992
1325194465850613760
1325194089302691842
1325194017332621313
1325193875019894786
1325193679921803264
1325193549583851524
1325143401235320837
1325142989023240192
1325142695136751617
1325142096320188417
1325142016775237632
1325141959258693634
1325137468253876227
1325137150514323456
