1329904595661975553
1329223568987725825
1327338759856267269
1326627395110113285
1326327664802672641
1326220579192655873
1325931811604754434
1323827753171492870
1323750738074456064
1319779589900599298
1317220233539670017
1316414670010560514
1316044159212556290
1306734822027653131
1306656043016105984
1304547452251504642
1304182786136461320
1304166013190242305
1304112588310163457
1303765142962925571
1303467281939341312
1303439739165569028
1301636667720314886
1298278976805310473
1297944724393926658
1296572811847270400
1295792397054599168
1295403248220811267
1291429453504098309
1291402173717282817
1291391492703973378
1290845865800880130
1290796610872541185
1290792016159412227
1290760333984964621
1290434993546833926
1289013365717835777
1288921540566765568
1288921040752537600
1288901005975986177
1288580380069699584
1285360780968431619
1285359910092509184
1283814250046263296
1283801683793973250
1283539330041028609
1283497590349275147
1283201640191885312
1282827948417056770
1282786258574548996
1282674269642567681
1281265906736300032
1280676165661782018
1280656190062702592
1280647428975230976
1280550758203756546
1277788917215842305
1277742859068858370
1277646207670792192
1276661380167479296
1276253925587509248
1275819386465591296
1275802772584054786
1274020165517262848
1271473853584343045
1271462933252505601
1271125665589473280
1271101473062035457
1271083645550366720
1271082833960984578
1268968569913724928
1268896718927458306
1268609827535814657
1268609418297511938
1268595154568568833
1267832587893919744
1266496751923417088
1266385837920485377
1265784873555542016
1265312603494068224
1263884800454205442
1263203122182266880
1263168618705178624
1263167442337107968
1262530647429652481
1262523924430143490
1260985041309577216
1260680732361592834
1260635140637765633
1260281023742517250
1260270503773769729
1259851218035318786
1259850651577790474
1258863352283041793
1258863033864069124
1258862657790238721
1258859941005320192
1258854883941367808
1258175680791089153
1258147534389882887
1258131725802233864
1258083946858000389
1253799504740061186
1253015693001478145
1252744179622518790
1252705877758525440
1252646893756301318
1252229874925752321
1251965314402676736
1251960842557419520
1251892067912937473
1251891900451192833
1251267714095734784
1251195245531930627
1251193637398106112
1251146163887017988
1250939538748424197
1250872857740972032
1250844922426601472
1250844469106225164
1250559290273914880
1250558941144272898
1250556375542960129
1250099845077090305
1249827660135575552
1249813239459872769
1248704131205914624
1247718736838004736
1247710956588650497
1247674859829805056
1247529318231633924
1247301654048735232
1246511491207106566
1246192717572571142
1246096832297607172
1245844286358409218
1245842620091416577
1245714608351899648
1245704127981613056
1245703803766104066
1245539693065670659
1245493112224563204
1245475744270213122
1245371616487448580
1245351072022933504
1245152957001236486
1245152546534100992
1245151241224761354
1245151008734564352
1245150470072602630
1245148228183605249
1244957344909234176
1244718744561233922
1244718264854478849
1243510150713036800
1243347708972273664
1243234138716606464
1243169254918115328
1243150050580037633
1242919412061134853
1242835814272335877
1242510835668389888
1242510540171337728
1242490782063505413
1242228274824183813
1242190265592483842
1241140377966477312
1241134397065216002
1241132419719159808
1241119693919961090
1241115088330907649
1241048015105908736
1240764493619224583
1240391938806894597
1240347822425284608
1240333709880016896
1239960639931650048
1239939509107785730
1239916630106234886
1239916438346797059
1239707226908119040
1239662153151451139
1239636962954248192
1239551484707999745
1239550533125341185
1239549591311142912
1239339522019786761
1239335835838959618
1239327139780014081
1238234631125774338
1238224281336676352
1237855976738271238
1237802227894571014
1237780173078085633
1237745751603564544
1237492281017581569
1237473616574533633
1237428367491829763
1237428095877025792
1237408183326564353
1235995411506229250
1235723296949362688
1235673756577775616
1235655532851212294
1235655085398638593
1235654891344969728
1235320395303178240
1235018254172729344
1234972807005499392
1234904920769388544
1234631467520733184
1234595928914513921
1234587800529444865
1233503070916620289
1233489307849175041
1233466421864259587
1233460660673110017
1233196855653208065
1233144583896412170
1232784732590682113
1232478922521989120
1232435354755465217
1232425280880418816
1232415265599754240
1232391730529476610
1232383287068368897
1232117384841920512
1232094163748913152
1232043063704539138
1231996050296233989
1231956192341024768
1231955360656740352
1231631928152879105
1231383099780452352
1231373079919517696
1231361649824518144
1231228327584661504
1231197202342539265
1231024625246769152
1230870262335229952
1230679085786923008
1230663242663550978
1230661939505836032
1230627513061322757
1230509456020008961
1230339395191885824
1230283951429836801
1229915200305975297
1229910736815652864
1229893395478433794
1229779942738554882
1229574409050034176
1229574269887221761
1229572914317529090
1229553199234895877
1229553059493273600
1229500292820897792
1229490706319888386
1229489884244725760
1229469941340033027
1228451275794198529
1228440559213215744
1228403696150732800
1228106614651179008
1228103644173799427
1228101809841037312
1228075969308692481
1228073932122738691
1227650079508566016
1227633921405411329
1227251570850463744
1227251228301647875
1227010080333234177
1226950421488578560
1226927675949883394
1226877832166432768
1225933567563313152
1225932551711268864
1225924392762454017
1225907135646703623
1225815794220773377
1225797822936576002
1225577026796519424
1225537937380708353
1225536035318358016
1225528142623858688
1225526510326558732
1225517414714093575
1225478299327049733
1225473381040033793
1225442649475207169
1225218734090047488
1225163377162387456
1225163225714446336
1225147881474199554
1225142326152048643
1225116645657661443
1225115770709008384
1225094075789062144
1224845312822517761
1224839666362470401
1224834200420917249
1224770006384304130
1224769448084692994
1224760075924930562
1224481996971421702
1224466191252705282
1224456532269486081
1224444727216312320
1224417959751356417
1224400641365348352
1224394912852037633
1224393945347694593
1223435299306344448
1223408040751353856
1223402293787332610
1223400142650384386
1223397889285685248
1223377219063599107
1223346932828930048
1223311265826856961
1223303576732217346
1223029486733733891
1222965756817788930
1222925333332201473
1222638991608025088
1222589705738432513
1222351885568335873
1222205906424934401
1221956577483202561
1221943723061178370
1221933095584137216
1221879463924977664
1221818155120480256
1221818022563733504
1220808554891882498
1220788331652489225
1220487545588502528
1220474065611370496
1220460717628968960
1220448694773997581
1220068519833997312
1220062591290085377
1219818470386176000
1219777680750661632
1219688138559361025
1219687620957089792
1219632371143774208
1219435946128445442
1219425630141349888
1219383767854268416
1217594104705617925
1217578918435311616
1217502445980585985
1215770346525200384
1214718993707282433
1214716877160828930
1214698564158476290
1214697974909063168
1214638601121611776
1214638526513336320
1213238545177030657
1212782146143825922
1211728755636494337
1210309727843999744
1209518605181825025
1209261742469079042
1209156641314213889
1208054472334692352
1208039545117106178
1208038128373485568
1207821861519863808
1207793599036973062
1207779939480674305
1207766478197383168
1207707716543819776
1207399687134646272
1207394384129527810
1207097681987940354
1207067060188127233
1207060520622264321
1207049093328949248
1207048728118382593
1207048197517897728
1207047398351966208
1207046192422481920
1207045461619531776
1207015277281591297
1207011548734148608
1207008513760870402
1206748960578318343
1206737814601261057
1206626299390898176
1206625882829398018
1206624699100409858
1206591026749558784
1206020856134062080
1205612657841184768
1205573078090178560
1205264417753096193
1205183870947213312
1205172946555285504
1204858841520693248
1204845234477240320
1204838290777657344
1204827696045449216
1204827363558776832
1204796332562620422
1204790747309867008
1204790138175283200
1204788786938298368
1204784212613533697
1204776777471520768
1204496370826129408
1203096268869980163
1202385575615045632
1202258738616381440
1201917253064646656
1201877994626854915
1201668066683293696
1201659028763553792
1201658880251629568
1199763634244771841
1199339667583188992
1199339013636644866
1199009609035501568
1197975116686098433
1197945206936625153
1197936462014144514
1197230695636250624
1197210673916317696
1196915081482817536
1196489518850940928
1195755884552409088
1195537824851755009
1195510004645687298
1195473459297574914
1195472683011575808
1195469081530507265
1195463673508179969
1195457932386865154
1195382994829225984
1195382439738298368
1194750670726975488
1194628141492228098
1193966453617254401
1192938881102077952
1192818681354604551
1192140927667724288
1191812141445050369
1191800481867354113
1190371272938655744
1189564365764222977
1189291853763485696
1189249329007075329
1185902512706064387
1184579553286643714
1182444915931918338
1182016950681120768
1181986259448864768
1181986219544268801
1181680186003197952
1181636177704706048
1181281593970708480
1179807989643059205
1179071569378910208
1179037355132387329
1179037305673109509
1177735215739019269
1177680649580363782
1177612736714412032
1177582922204762112
1177314620727529472
1177262042333532160
1177001126195073024
1176995025315647488
1176902753710465026
1175086636637577216
1174820165965537281
1174740897952600067
1174711394194927617
1174474891623620608
1174418059592896514
1174377521950920704
1174360760601808898
1174352344286400514
1174123314840854528
1174090886654910464
1174058478744133632
1174050440649953280
1174047204685864960
1174036452537057280
1174035841976426496
1174031647194304512
1174025426462748673
1174020514366525440
1173704584604323840
1173638474513244160
1172562209295208448
1172300919171452929
1172292871258460162
1171923038717325313
1171852439559053312
1171846675943632896
1171830683502895104
1171829818805182465
1171828874151436290
1171825787437309953
1171823264739594240
1171797770866282497
1171796730364383233
1171792214055239685
1171605843931848710
1171537136333414400
1171470203005231104
1171459745498034178
1171457471543533569
1169755845242085377
1169745114576674817
1169719616882524162
1169657178329878529
1169656643086409733
1169655757085782017
1169632820412764162
1169616967759626240
1169613467172524032
1169007858261905409
1168999858373648385
1168969440383385600
1168945879199485958
1168941737496236032
1167576188623233025
1167532546445447168
1167530969332617216
1167182898736324613
1167117945404829698
1167110355820130304
1166844783710625792
1166738029777760256
1166473024314466305
1166114168283553794
1165041373365583873
1165000892996902918
1164999994916638722
1164961649146679297
1164570690055393280
1164570636632678405
1164219749032701952
1163965026417463296
1163937576786505729
1163933738251751425
1163872359511744513
1163872069668487168
1163864336265334784
1163599253375279104
1163589908793036800
1162032260792639488
1162022389313679363
1161794567949172736
1159925278656925696
1159853916173012993
1159515340805672960
1159173489301032961
1156705986012504069
1156341395231301637
1156341210522554373
1156290220184264707
1156289508725403652
1153808661501714439
1153413639057170433
1153405703475945473
1153320764332027904
1153293097033355264
1152334985103323136
1152218110616690694
1151967666380398596
1151936535329067008
1151924420170125312
1151903270807494656
1151892201053597696
1151879709887778818
1151858192868974592
1151845354842644483
1151840818312781826
1151838568458776577
1151837089295548416
1151835911975391233
1151826971527016453
1151826547264745472
1151824634657959936
1151584456404283392
1151514966417125377
1151491611844415488
1151490267477729282
1151487978532769792
1149431233644060677
1149405773434425344
1149376934494789634
1149375972426301440
1149344422422859776
1149325875965333509
1149314830156779520
1149284898248642560
1149071872698593280
1149049773506174976
1148958338123587584
1148957921922801665
1148657512171921408
1148639887316443138
1148563600010702848
1148362107441864705
1148360917123502080
1148350454063149056
1148311860351049734
1148305202539356161
1148265432777969664
1148264329701146629
1146860462278995968
1146815799392256000
1146813111078248448
1146617555735334912
1146418273308725248
1146415515394461696
1146207447801110529
1146200005004472324
1146197020639735809
1146192870409457664
1146157220226195456
1146133708027527168
1146093876182208512
1146088009000992768
1146085153896185863
1146074402787930112
1146064079099838464
1146056119351037956
1146052969172877312
1146052014859620353
1146046822659448832
1145861005735579648
1145855961552314368
1145840290697220097
1145835981096017926
1145774264748036099
1144779052806561793
1144752786598445056
1144717509347684353
1144651787577831424
1144651112382914560
1144346406171422727
1144277584542388226
1144270633301356545
1144249673990864896
1144242940870418432
1144241707195613185
1143968362470334464
1143953459676364800
1143662164235948032
1143661911176650752
1143657794152935424
1143583233466077186
1143568839474593797
1143188292453785602
1142198088200794112
1142197890435170304
1142195142734045185
1142155408804651009
1142154434069356544
1142138045975662592
1142123271313330178
1139647307060789248
1139242175139655686
1139220822567149569
1139192070999027712
1138990476390834177
1138987977047023617
1138987629473554432
1138943607237468160
1138908366783352833
1138905560840060928
1138905412714082305
1138888568678494208
1138852552940904449
1138849390196613120
1138827816844369921
1138805792868450305
1138804533876801536
1138583533830705153
1138552805113946112
1138550596125036545
1138547912382787586
1138508910426505218
1138483567443488769
1138123436868415488
1137136871304245249
1137048671273521154
1137027290666287104
1136797910052425730
1136636675273003008
1136396875467304960
1136396589600268288
1136314442889793537
1136272534993686529
1136271427202453506
1136020001641717760
1135958148752318464
1135956268189962240
1135941546082275329
1135695131229720576
1135695053580570624
1135590078766559238
1135576812568928258
1134643094597513216
1134629245563559937
1134603361750323200
1134570984969834497
1134524413301407744
1134497773905223680
1134202786604883968
1134195417674125315
1134121184818290688
1133864085139918848
1133844513548644358
1133738380250869761
1133508349545385990
1133508175007756289
1133436637596278784
1133433805040173056
1132055900137689093
1131978964019437568
1131961980120719362
1131954951339565059
1131926322173730816
1131925847386890242
1131919032838369282
1131917810467106817
1131916222012854273
1131700081147731973
1131699762284122113
1131698010088443904
1131697681691287554
1131688990464253952
1131624532949782528
1131234506499854336
1131219817984405505
1130958978895237122
1130862209238786054
1130834222036316160
1130595994180235264
1130543502289494016
1130513711544848385
1130474545968627713
1129080550742986753
1128838377099259904
1128771721878806529
1128712453481742336
1128659557398368261
1128369996265136128
1128369286442115072
1128352084208881666
1128319205768667136
1128074036741910530
1128070516349206528
1128060234134515712
1128030356123176960
1128009018796961797
1127996260169015304
1127761477622874112
1127267984236376065
1126995845809876993
1126990829036429314
1126933770148257792
1126899854914011136
1126871735247228928
1126866849705156608
1126859238939119622
1126854579000209408
1126853835404611586
1126853442046029824
1126852501280477185
1126850804680232960
1126841692814843904
1126691282040967168
1126638441607905281
1126627828928270338
1126616756963946496
1126594014873038848
1126325293587689472
1126323105150857216
1126239185256493063
1126219170008502272
1126211142253047808
1126206107595051008
1126205696721035264
1126198209972457474
1126184153437868032
1126183213813071872
1126177043845009408
1126173791858696194
1126118155930103814
1126117235884322816
1126109651513237506
1126109179079323648
1126106979594788865
1126098231786524672
1126096706842402817
1125953415236841472
1125949926507073536
1125949761784123392
1125949310393126913
1125918446787678208
1125911699662438400
1125907373841899521
1125905503241027584
1125903098747215873
1125898468931919873
1125894559312089089
1125878911664119811
1125877729851789313
1125832896537858048
1125802892877860865
1125774298118000642
1125763749996945410
1125760759512756226
1125759448855629824
1125751113108426753
1124489767847022592
1124121697496358912
1124085807017615360
1124083525790175234
1124071601996206090
1124048913911164928
1124048664463278080
1123729947456167936
1123689853802176512
1123639069261619200
1123597358900453378
1123315789333975044
1123246931063525376
1122903141165543425
1122902634099355648
1121826190728343553
1121797602075267072
1121562717394014208
1121473057963630594
1121447752565710849
1121445778541694976
1121246604638314496
1121191910515904512
1121190608465539072
1121169829732474880
1121123440235122688
1121110022774247424
1120829842591711232
1120816548124536833
1120789376945016833
1120777142613098496
1120771494236151808
1120758903850057734
1120751383379050496
1120746399639928832
1120744239623700480
1120726895715389440
1120717000718868480
1120706581841182720
1120450443753197571
1119384834613370881
1119373491739009025
1119367493724844038
1119343481590362112
1119326144010936320
1119322605532536832
1119322100836093952
1119318136573059074
1119315831945560064
1119315372010766336
1119311653584162818
1119310175150706688
1119300160301993989
1119287433206665216
1119055001215623168
1119053736146423808
1119022922805469185
1119016037587009541
1118989478683643905
1118984165460971525
1118977047420899333
1118871423852761088
1118332571866112001
1118301498323144712
1118299570507780096
1118274638394605573
1118219302224764929
1117917331017981952
1117865966912921603
1117864333080502275
1117853036360155136
1117819026355388417
1116463064952520704
1116459700818722816
1116458796933636096
1115393886871019520
1115387590872637441
1115384319038689280
1115369477330415621
1115369005043331077
1114310185068257280
1114280542286098437
1114278807484162049
1114268728152199169
1114231404521455617
1114231234408980482
1114231027164221443
1113943768061894656
1113940564481802241
1113499199750967296
1112899914273480705
1112875613231050752
1112845037501628417
1112820541516333056
1112735263917252608
1111681103218331648
1111669838517358593
1111463058692464640
1111462027791261696
1111461900519268352
1111394981208616961
1111379643326578688
1111315993987555328
1111307663126728704
1111303776919609349
1111303502326829056
1111301586431762432
1111299680103735301
1110734116360581120
1110733205311619073
1110732334809010176
1110596833296945157
1110326059399028740
1109113248002031617
1108839992938369026
1108824766369226753
1108824217745645568
1108773994042404864
1108748768369885184
1108431772843421697
1108400730661109760
1108393814299983878
1107737358462578688
1106690987726983168
1106677433267302401
1106656265126576128
1106286978390257664
1106219748487057409
1105903360371236864
1105902044509020162
1105860836713775104
1105623587040440321
1105538867212533762
1105262058856214529
1105213318795542530
1105202744569331713
1104185447582969857
1104094764692058112
1103802899585531904
1103358888940892160
1103351289189146627
1102991788648873985
1102635512425271296
1102618434028867584
1101177402506600454
1100449558310633472
1100185354714402816
1100180472590753792
1100078156889968641
1100077547658887168
1100077249024454658
1099081484424613888
1099081301624262656
1099035004561018880
1098982944021118976
1098689642210213888
1098255163742142464
1098005213842157569
1097982707450236928
1096575264195334145
1096456077279936514
1096202846272409605
1096190415399804928
1095815632975810561
1095793671616684032
1095747319281184769
1095746669579325445
1095477045809823745
1095476019086192641
1095471303056936960
1095090254049099778
1095078160394317825
1094975132752199682
1094618676651687937
1094618018389286922
1094617602653974530
1094437986358288384
1094434124893368320
1093995533247700993
1093990674280710149
1093954945102106624
1093928631464800256
1093925815035797505
1093674232960217088
1093667926803136512
1093637266017345536
1093279222867611648
1093256562066554886
1093215896787660803
1093206311444140033
1093165614548508672
1092949290815840256
1092937683448532995
1092907493263581184
1092856367478702081
1092845060503277568
1092839676199743493
1092798047300521984
1092797823349858305
1092794112800055296
1092543085765111808
1092502672652021760
1092467426183266304
1091429203361320961
1091156986412978176
1091156438867632129
1091145322741596162
1091132018480611334
1091130901180891136
1091112309555113984
1091060687013625856
1091033950984773632
1091033791664218112
1090998973261729792
1090990849729585154
1090987503056695296
1090983407452995584
1090802988921180160
1090796274268295169
1090774979925417985
1090755509576232961
1090659565400743936
1090492015417057281
1090388915587112961
1090324808905166853
1090322070532182016
1090266973869563907
1090066007572398080
1090054123045687297
1089944241198039041
1089938783620001793
1089929030344892416
1089645378226421760
1089188390610690049
1089163502252511232
1088957359630831617
1088874960712548352
1088673962937114624
1088592091813416961
1088590237662625792
1088566020577603584
1088517139944951808
1088482238558294018
1088265329405349888
1088264715308953600
1088235008962297857
1088134533642444800
1087868641712967680
1087779388043726848
1087767952257150976
1087766405171331072
1087497242943111168
1087484244283277312
1087478772838944768
1087478343560253440
1087431177068105728
1087412164531507200
1087335921656033280
1087189649187950594
1086457772864991232
1086436254626009088
1086436093677965314
1086389053061238784
1086354877868064769
1086354772259676161
1086354401760104448
1086079327408508929
1086023279150800897
1085999566393040898
1085974360618352646
1085619369483358210
1085574419844685826
1085561482283167744
1085390813243297795
1085305599938777088
1085297984882069504
1085225737852997632
1084887929602916353
1084256286693220352
1083935024662044673
1083895739124760577
1083889959956856832
1083847623960903681
1083847603266170880
1083815462281060355
1083773012783104007
1083524876693094401
1083517853440139265
1083516455705104385
1083396396735229953
1083134414236860423
1083127923635294209
1083106945500819456
1083105696944537600
1083063908427018240
1083063833260904449
1083048857766899712
1083015767988232192
1082808772400201729
1082763668683714561
1082483433220190209
1082482768523583488
1082431801694605313
1082431087010332673
1082429605011771392
1082412797164732416
1082412756865875968
1082342814090969088
1082342537942237184
1082331639307476993
1082327761509855232
1082327602143088642
1082327052714475525
1082327027515080704
1082310782291980288
1081653895653339136
1081348697869508608
1081343707343917056
1081343552922243072
1081318374251155457
1081313147011645445
1081279719579025410
1081277904158371840
1081266986603237376
1081247584746962949
1081234354649661442
1081234139699965958
1081222064395247616
1080954828065554433
1080625841254662144
1080619410870673408
1080601406845931520
1080600849066442754
1080589459584937984
1080543073250226176
1080493578529366017
1080315033962172417
1080204992605122560
1079889155038035970
1079829962989940737
1079822328148697088
1079821797649014784
1079595101796454400
1079118285159858176
1079118155203702785
1078737993828130817
1078732980506497026
1078699393954562049
1078658109780807685
1078409584509968386
1078407037153796096
1078363145461252096
1078319363847909376
1078307667532177408
1078300244935229442
1078299844421201920
1078296938485698560
1078140782425468929
1078029066786168832
1077687913704390657
1077682609038143488
1077673874664255488
1077612722970218496
1077611761241513985
1077330606776832001
1077286198606004224
1077282550471712768
1077281418122854400
1077281258781200386
1077055795714387968
1076913005122641920
1076910281907875841
1076707097838903296
1076701331346182144
1076663677263048710
1076639476527423488
1076638969398362112
1076600462613200896
1076585547299205121
1076320428258295808
1076277178982154240
1076267515209281536
1076267480333643777
1076266415122989058
1076215639377817600
1076203088753713152
1076147149023391744
1076124532128210944
1075822671265439744
1075757454942601217
1075520797861707776
1075496351809454080
1075482315298623488
1075441647402565633
1075239248465260544
1075227603798085632
1075227198259290112
1075166869001097216
1075166553841094656
1075075381567225859
1075075322679152640
1075052563542601728
1074804010522075137
1074803420396044288
1074800467744456704
1074799521438126080
1074799127794335744
1074751365354741760
1074508974924283905
1074473114099052544
1074466439845707776
1074424467806314496
1074423872865202176
1074383722676334592
1074139388404088833
1074136744147148800
1074114769139818497
1074106381131603968
1073730462995103744
1073728281671798785
1073663843770003457
1073663376235077632
1073660837926236166
1073659326844276736
1073363995481042944
1073324254245081088
1073323680535588864
1073273252733181953
1073266865760284677
1073072960234172416
1073016042711068678
1073001465277485056
1073001071155527682
1072943868960661504
1072935571998367747
1072933913964761088
1072899106366996482
1072602425155076097
1072529903575330822
1072190194915426305
1072190115060088832
1071123413673144320
1071121011804962816
1071094554269532161
1071071123259813888
1070821776719003648
1070813340518309893
1070809557755199490
1070800601464868865
1070764845010771968
1070757162136363008
1070730493614796805
1070729030075342851
1070728263666941952
1070723990497476609
1070701547921715205
1070422224673243136
1070421789321228288
1070412501945384960
1070394291044929536
1070350356780064768
1070063723362930688
1070063300719738880
1070062318489227265
1070062116764172288
1070061309679390720
1070034627878940672
1069988419085000710
1069643762694045701
1069640162022490114
1069639960310005762
1069636410594996226
1068656803565760513
1068630594437943296
1068620056165269515
1068608215376519168
1068558275858350080
1068557826132463617
1068557267623165953
1068555851441627138
1068555411232645121
1068544970305490944
1068538281871245312
1068531994840059905
1068363441218347008
1068290184238772224
1068289859427676160
1068242019384930304
1068239855069483008
1068224632560455682
1068202810704084993
1068200231832035329
1067980148467687424
1067664567902162946
1067579287392399362
1067511641854623744
1067444386064023553
1067221276694142977
1067220907616321536
1067219435776327680
1067178858103758848
1067095799123857409
1066839378956247040
1066838707309703169
1066723593449496578
1066372646231715840
1066168887874510849
1066128966661099520
1066071358231109632
1066006236305506304
1065450529722003456
1065441596924030977
1065440491141980162
1065439872805068800
1065356517803782145
1065352244869111810
1065311320130682880
1065031644111925248
1065015644435951616
1064961773579763717
1064936852212408321
1064928779292852224
1064901110987546624
1064894862141661184
1064705602411094016
1064674267458142208
1064609097696333827
1064590210271449088
1064587993619591170
1064586963913752583
1064586200764301312
1064577086776578048
1064562300848361473
1064275414057504768
1064238228700454912
1063866950303080449
1063866165783666689
1063865632863789057
1063798644241887233
1063592814062260225
1063525256147668993
1063476094081400833
1063240466462924802
1063229914537693184
1063187798965067777
1063161069173198848
1063127498714726405
1063110797784743936
1063060194417008640
1062867853240614913
1062826773610725376
1062814289814204417
1062804723592556551
1062486801070350337
1062483709759311874
1062480579227254785
1062456917463728129
1062428737378140160
1062424386605592578
1062411831401168896
1062394505024946178
1062174174989312000
1062167201208127488
1062166721367175168
1062165201947000832
1062085469029036033
1062053948884967424
1062000175512608768
1061451806750830592
1061451406677164032
1061445453265297408
1061312172083503105
1061011921032437760
1060957313312477184
1060910275816173572
1060735526804705285
1060721345485393921
1060693042682826752
1060687431568101376
1060670450198560770
1060642588905025537
1060610446867206146
1060579751428005888
1060543294344617984
1060530588493303808
1060394536092938240
1060391884789448704
1060391113427566592
1060390088889102336
1060388050608435200
1060331810993909761
1060325873390440448
1060325794126405633
1060295126344450048
1060291382764552194
1060287321969430529
1060283435359469568
1060282875197644801
1060266076825681920
1060265453006872578
1060261983105286147
1060242262695821312
1060239851998642177
1060239299289976833
1060238900508196864
1060232971763048448
1060218738811781120
1060211815790116865
1060080332723109888
1060078729458827264
1060077680710836225
1060067423569829889
1060047062878822400
1060039100672208896
1060030565439758336
1060029519980060677
1060026106982621184
1060003750688014337
1060002810174025729
1059984802823188480
1059971611212832769
1059970163712385025
1059968925981687808
1059953761576280064
1059839279784853504
1059581619500146694
1059580014537162752
1059579592615301121
1059552850156576768
1059523478724980736
1059493782792617990
1059293266741420032
1058578844670672898
1058475984566083585
1058475928181968896
1058475477566963712
1058471640269492224
1058452725174882304
1058435272613003264
1058409377676345344
1058121072388857856
1058067318197178368
1058067214052585478
1058049900821315585
1058043162160181248
1057752391431475202
1057751779692154881
1057710765933654016
1057702462373666816
1057384939321282560
1057343073129299968
1057340042174193664
1057339475771170816
1057321381602492416
1057102243365715970
1057048119110590464
1056964374525435905
1056948117231165440
1056939072642412544
1056934333208920064
1056752170987532289
1056598925853913088
1056544416268087298
1056365142256971777
1056292849702985728
1055900887850176513
1055900642953195520
1055896815990702081
1055896214514884610
1055294870900793344
1055283421780443136
1055133734297591809
1055125658739859461
1055123471322243073
1055102327311392769
1054879342491185152
1054879168838623232
1054806993389535232
1054762112067678209
1054730239216140288
1054496730773942279
1054451183539105794
1054435605613105154
1054203715559673856
1054172882647998464
1053746288020250625
1053432556551655424
1053432526327476227
1053383860258516992
1053345336490713090
1053062158806929409
1052652683138609157
1052630222791696384
1052610355589988352
1052597443278319621
1052332460955095040
1052329090433331201
1052328924728971266
1052267841888677889
1052222644433670144
1051876637032243202
1050819390567043074
1050818986764656640
1050482615348879360
1050432790431522819
1050388194464681985
1050388031830552576
1050385751114805251
1050382486985793536
1050158143668461568
1050085001549807619
1050083995864711172
1049689059155726342
1049320298854666240
1048329171452289025
1048328823903870976
1048327392941494272
1048230804101496832
1047882998547460096
1047615170015625216
1047521115801903105
1046198544615591936
1042422650805600257
1041808897911279616
1041786146404159491
1040726676492247043
1040723690437132289
1040701012112236545
1040377082814111744
1040344013033955329
1039990907494387712
1039656448983265281
1039546936859287552
1039546826293223424
1039174803910012928
1038195163582091264
1038184944235962368
1038123729568575488
1038099140260052992
1038099000975601665
1038098884155850752
1037833612203380736
1037771350629343240
1037771223353176064
1037761849796767746
1037761277400113152
1037760280355319808
1037751630068887552
1037675625916420096
1037392915641839618
1037392427835973632
1035674336022159366
1035605804060213248
1035605231248269312
1035550196778913792
1035226658842796032
1034869211200405504
1034827099058720769
1034510086503321603
1034467858640715776
1034467244804321285
1032772118059147264
1032601994916126721
1031978222240636929
1031978113788506113
1031953394393657344
1029851234809851904
1029835757433905153
1029776774346039298
1029522011431817216
1029466742135947265
1029463913031712769
1029150391534006273
1028693278432980993
1028056317167058945
1027676926067003396
1027216961120464896
1026902983332835328
1026852290789949440
1026851606954999809
1026851558816931840
1026851183632285697
1026531078788587521
1025499233980436482
1025480011288129536
1025446790756278278
1025439895563776000
1025388328881770497
1025180115477528576
1025179805841379329
1025090637299961856
1024991164275941378
1024801706989821952
1024746541288804352
1024714038373175298
1024678673507659777
1024676443089973249
1024413631075835904
1024371003600732160
1024329581833146369
1022141032295792640
1022140337840705538
1021862642984656896
1021539221901926402
1020334899717378048
1020333859743895552
1020331525802536960
1020016739709521921
1019685792438996992
1019622748312784898
1019605653067911169
1019266423431016448
1017114042471772160
1017092696287121408
1016436819746017281
1016423364125184000
1015434170732908544
1015371704556810242
1014977164603789317
1014967030489997313
1014947680060100609
1014937064486383616
1014294001338503168
1014247612051001346
1014165372457701376
1013173118326542336
1012850406240768002
1012849733432496128
1012847886663606275
1012842745600172033
1012730704717860864
1012729354961543168
1012481418700738560
1012453931665027072
1012448707625848833
1012433389956358145
1012359756332388354
1012087078597877761
1012085885897269254
1012071456816148481
1012070899502206977
1012003593489207297
1011792835358613505
1011754757000761346
1011739422075883521
1011731087322689541
1011669579901362177
1011656274776293376
1011381786805440512
1011366619518513152
1011343906913411072
1010959271205277701
1010896332272254976
1010717744822513664
1009969219331452928
1009949750743924737
1009933386717286400
1009800298276085761
1009798586165415937
1009797738580439042
1009788503452893184
1009562850052931584
1009554969521938432
1009524734831149056
1009523300127522816
1009522606398042112
1009522276067205120
1009520448126808065
1009483167634518016
1009464813200838656
1009201201685127169
1009133756614135810
1009132753126940672
1009101657110663168
1008727320805326848
1008725576037744641
1008480132770615296
1008142046480105473
1008141410535477248
1008136444106272768
1008131507951566849
1008052290291318789
1008050138797858816
1008017153117732864
1008016347542896640
1007663782208921601
1007657005069340673
1007388379061932032
1007372964503998464
1007372330962706433
1007046101122387970
1006667644710391810
1006667598354792448
1006307694523928582
1006219130058485761
1004980270586462208
1004878677585354755
1004845697051471872
1004825853962981379
1004561328395042816
1004560923804106752
1004560793256378368
1004486017561358336
1004403988219998209
1004153667119910913
1004059252204429313
1004029032609009664
1003698031231946752
1002615063558131714
1002561017157578752
1002328320929878016
1001971083610902530
1001940763901558784
1001934390879051777
1001875066408357889
1001864329334022144
1001844153569959936
1001561540330442754
1001472540529778689
1001472020914126848
1000139518215950339
1000137616216477698
1000129155105787904
1000126127992647681
1000125509945253890
999717804835332097
999384399048298496
999384360074862593
998695304777076737
992486474347003904
991797304737837056
991774547744624641
991770422453723136
991042432316866561
990566790244663296
989982131148468225
989974632219410432
989965552641863680
989899970185760768
989635712243859456
989549097379074048
989276945933393920
989210127474614273
989173340307894272
988876810195750912
988876212360671232
988815567724470274
988550904042475523
988484719976370177
988458600162058240
987430650083971074
987394689220431872
987324611615375360
987108598651195393
986752965301145601
986733461867237378
986309747342282752
986251733515948032
986012186945490944
985941839105622016
985941058348515328
985935961103241216
985912297179795457
985912214493286406
985902101267181568
984904136960430080
983468607383506944
983468567520796672
983456806071566339
982688263935737856
982410206805151744
982285909939732481
982276136775241728
982041438862135297
982041285748981760
981296910177914886
980782370813964288
979132070076211200
979000558408278017
979000500958912512
978774384583340037
978653229947944961
978341306673106945
978340975029444608
977665106287804416
977333503913152513
977312216478253058
976936158952337410
976843014873276418
976510199119994880
976509804398170113
976506355753373696
976251072703619078
976068667824734209
975852392834060289
975807947606503427
975202590463004673
975190194168057856
975189959131897857
975189595821240320
974708190498770944
974678073382703105
974647196829196288
974645214290706432
974424560530542593
974313275449016320
974091697465380864
974073178451533824
974059750257082368
974047793097728000
974034224230682625
974015966794407941
974015145834885122
974013446340665344
974013129649807360
973977616440012802
973956329839751168
973246484706725888
973246455820496898
973246374115512322
972464041363783682
972463999873835009
971532618054414338
971102192756232192
970746476195393537
970721990884642822
969765339679531008
969712558767837184
969332146384068609
969304426576994304
969030564798976000
969014103288184832
969012926861463552
969011993666572288
969009797600350209
969001796374056960
968961108722831361
968683287634833408
968681915782897664
968681857683353601
968681591525457921
968628733035909120
967238706506604544
967189415356456963
967106305042321409
967090119621664769
966815935549136898
966725763847335936
966506716035563520
966470301646237696
966400686274564096
966366676391550976
966366389756989446
966364437941817344
966084410889113602
966019206880866304
966004490968104961
965968814189023232
965730644088143872
965622478050611200
965592218361724928
965445663990280197
965443115900219392
965425199997792256
965423508770627584
965291560798531585
965217888389939200
965216086768500738
964977819263516673
964973003627929600
964940619993858048
964937325070331905
964937058815848448
964934606062432257
964922058055467008
964921258767925248
964920449682427904
964918101635510272
964890063837413377
964889699650162689
964878786859737089
964878110825971714
964631200777285632
964625513649238017
964624091746516992
964622980922753025
964602101606371329
964567290313347077
964544952238829568
964530697498079232
964317224356990976
964311780129427456
964310533691330560
964300270078431232
964271473442488320
964260790692995072
964257832303562755
964248898855489536
964246669842964484
964246508722884608
964245847893475328
964218920038289409
964192676403990528
964191804689207297
964191397367697408
964188264063217664
964161434463580162
964152554278895616
964152218390638592
963572115076038656
963512446672515072
963512373406441472
962483291629617152
962129164601044994
962127910474866689
962123716086894592
962123309361049600
962077943227961349
961762138116239362
961718796259151872
961718507552591872
961718277834788864
961619636730015744
961376149879377921
961268867912945664
960966367448109057
960945887211085824
960697545998573568
960358696269197312
960325205636759552
960321752227241984
960262708925841408
959909529751240705
959884766194487296
959561364426706944
959543571891347456
959502226178879489
959502184684584960
959502100601466880
959270791220142080
959143252439044096
959103667742879744
958820639778988033
958479846727876608
958111815937896449
958111768034734081
958111656680148992
958043901528436736
957809404912390144
957426141123420161
957425886164271105
957340419196469248
956918778939387904
956918480539996160
956913820663861248
956774239847120896
956773941548277761
956662522953781248
956656614303502336
956653074038353920
956605453475237889
956571133771485189
956532521960816640
956358095462023168
956354727557570560
956354261004173313
956350272439164928
956333797276028928
956332162592182273
956329787966050308
956329538312695810
956322421551845376
956322200717545474
956320556076404738
956319798669004800
956316870101086208
956314828385202176
956302670373031938
956302308945678336
956302130033451009
956289298776711168
956279631052713990
956216167433228288
956151576044843008
955950745341382657
955908177349943296
955907685634867200
955907404943712256
955879543625089024
955621184816599040
955621029551812608
955489011648385024
955187831634149376
955186292374949888
954850193165361152
954559331017441280
954553775456317440
954553428373458945
954552954425524225
954523988734173184
954519009625542656
954518941497479168
954516298989494272
954512896234532864
954512521381244928
954512079200903173
954511707719852032
954460620467785728
954460515681452032
954448811773984768
954440024975642624
954433000569212930
954429855784988672
954423864104312833
954417692894785536
954417260483022848
954417173136539648
954414328341438464
954372082049036288
954194583281258496
954187540046606336
954179264714190848
954178464566804482
954150426340921344
954143895172124672
954111770913918976
954107642435244036
954103224734281730
954097604182200320
954092533411323904
954088153777917952
954086613780520961
954079254899281921
954078762232176648
954078113666883585
954077012729221120
954074541306806272
954067519127638019
954065852445360128
954063857592434688
954062288532791296
954059400376999939
954057082994601984
954048618125721601
954045207430991883
953840880795901952
953816195131584512
953812574910365697
953795723795017731
953792923614793733
953787328677470209
953785313826091009
953781124479815680
953738965143736320
953738896860499970
953738289692987400
953738074705530880
953672865735430145
953617158746984448
953459495065153536
953459437133381632
953459106186084352
953459050833784833
953420614215356417
953417396160729088
953408493381406720
953404567777173504
953371422365069312
953371337115889664
953332234832044032
953332053310918657
953331668991008768
953330777999147010
953329334374330368
953282448732823552
953100408284577792
953099531209424896
953098501709115392
953098353750888448
953074569803264000
953069343247687680
953064720420007937
953052264159211520
953040790237990912
953034671377534976
953029530943356928
953016147754016770
953015653656559616
952992852228952064
952973243543154689
952971544430555136
952742237560950784
952700471013093376
952642062792273920
952042497915609089
951970573130792966
951963696963768320
951963035144523778
951947606049132544
951933660713897984
951918985703866368
951918685446291457
951911570115780608
951876130881097734
951869161675853824
951868441073463297
951868404973166594
951850051416051713
951832610925244417
951815396931248128
951619215718600705
951612905589485568
951611158842232832
951609423969050625
951588009236889600
951587942119636992
951576822214426625
951575821034147840
951575774871552000
951467969242005509
951301866553356288
951255014663745536
951233098200567810
951231868036374531
951229516424335367
951147344011104256
951133671217618945
951115162496323584
950933815207247872
950931708437659649
950931333789892608
950928178389794817
950927504025399296
950923161138184193
950923135934644225
950923002799009792
950922006697947136
950901705771712513
950898519166078981
950896072775303173
950895048387911680
950860736628215808
950852584780259328
950852419004649472
950814715659411457
950811906603913216
950809937579511808
950809212032049152
950804010042142721
950801924235898883
950795786182365185
950763290078179329
950566177620688896
950563641786384384
950563068383121408
950533333905223680
950528526431739904
950526190099542018
950513178022154253
950492533238444039
950436883028480003
949845842906591232
949845509547679745
949780955744489472
949745655152443392
949700666838011905
949699351072276480
949668346760388610
949667339963789312
949666446166056960
949652502907052032
949652059996880897
949651309853949952
949647336795389952
949647250006798336
949407650130821120
949405699645366272
949403685452484608
949386422024257536
949336424943439872
949335300098019328
949076651446558722
949069784787845120
949065938661466112
949054487871873025
949053697790799872
949052064058966018
949037036622753792
949035079283638272
949031103523950592
949030873206280192
948980533756821504
948980268815257600
948969145697259520
948911032935698432
948714745842032640
948700377301602304
948696144481267712
948677133857181697
948655238273093632
948643337191546880
948595274498396161
948595159331168256
948561861066178560
948561331925393409
948350610163879936
948350075759099910
948258149756268544
948207127264247813
948180143905783808
947935961878380545
946903438834716674
946900874881851392
946896946513444864
946896606267355137
946838280334487553
946831440213311491
946812762788941825
946788835295485952
946786296676212738
946781681264054273
946768278642241540
946762069717655554
946761468912873472
946760692446650369
946586020903976960
946531828042813442
946526138767171584
946525678538821634
946522112474435585
946520817222979585
946519693640327171
946518977609715713
946516516555710470
946513214078177284
946506256302428160
946463783400235008
946462986692169728
946445954928037888
946439282968887296
946421507026313217
946421287001436160
946419192345038848
946416481637732352
946369364860682240
946228042497536001
946169716653133826
946169419142660098
946138301395886080
946131348619534337
946127786439143424
946123446760620032
946114375223513092
946104499302780928
946104426133155841
946103935290527744
946074269087338500
946054183454691329
946051467005300736
946032250969362432
945865722042839040
945864513923948544
945861116181102592
945860535035162624
945854134791503872
945834902586507265
945811573825732608
945810966859669505
945810795983712256
945810051968765952
945806886607171584
945805969275195392
945805675891961856
945803793563901958
945800234424328192
945792464614510592
945786875083620352
945739398758494209
945727532808196096
945707957945360384
945697079615160320
945146622069030912
945088607005458432
945087824210018304
945085480885919745
945082534185938945
945082171139637248
944998023318212608
944919770461192193
944556287659876352
944556169829302272
944414137613926400
944414027945467904
944248752029753345
944239741419118592
944193496625192961
943983371260235776
943970518880915457
943911457749643264
943866582303891456
943831020104589312
943655013460652032
943627929635950592
943623258733187077
943601763961180161
943569101015961601
943560404730511361
943559732748541957
943553182373949441
943551604954935298
943541330143309824
943522235993722883
943513419596091392
943315749694709760
943312998965198848
943295574991953921
943293559180054530
943288312772612097
943243726121586688
943210860348170241
943195437309267971
943159254386728960
942983863768190976
942983742594826240
942944763719720960
942896177019850752
942864635648098304
942847554106077185
942846370578345984
942803706147430401
942770585481879552
942769432874463232
942768465005355008
942622862770298880
942604200906670080
942601704511455232
942600615993122816
942446751759269888
942433588414373888
942432643399815168
942431982889267201
942429836986822657
941900379901399042
941837337415188480
941820132065558529
941818828903739392
941810161349521408
941805696928108546
941803703820054528
941803244669587456
941802518589427717
941801651178037248
941800900561059841
941797807190626306
941797328196947968
941796493815701510
941779420460847104
941779343721803776
941720133768278021
941694015363149824
941692329366192128
941493091483004929
941451014560890880
941450802752819202
941439368203563008
941436987957014529
941394488018243587
941393118955532289
941391824266162176
941390076524859392
941363084215705600
941129218548797440
940933570637398018
940933496058519552
940932540503699457
940793092193611776
940790737792204800
940789460836298752
940729958858498048
940729768919498752
940729638740881408
940688448448380928
940416840282529792
940416353449607168
940315902330920960
940312706174697472
940312276120170498
940233906611281922
940233205780754434
940232883389784064
939642881953775616
939240776797626368
939240046527356928
939186939554656256
939186540458192896
938957897278427136
938957601089323009
938957267235258368
938946855798497280
938942330182217728
938927622519771137
938921425322340354
938920591519879182
938916748199415808
938915205362475008
938914270288506880
938913939001397248
938895599109332992
938893237351276549
938829921027346433
938811265455181824
938796915730235392
938472570998935552
938471449681190913
938398392488624130
938245437923917826
938245016589287424
938229014212239360
938195578399358976
938188821832896514
938185385372418048
938176852077584385
938139588559802368
938079991908241408
938061257201950720
938058995964592128
938057945828302848
937868928113549312
937853669336338432
937848470458781698
937847181662392326
937845219000815616
937791897740877824
937790850318286848
937785545651974144
937784839163469824
937766368656666624
937765625233137664
937762433267130368
937762153741930497
937699531759656961
936807957915885569
936803201625591809
936771701806792709
936760771240919040
936743694832631808
936730897793126400
936713955241848833
936669340191125504
936668792389808128
936664936935194624
936663179454763010
936661553813827584
936656552223703043
936654916164169730
936648097312182275
936647439544717312
936641675526623232
936641024449024000
936614424835637250
936614254479802369
936285020096024578
936077448969535488
936076708792254471
935927356451106817
935926201406902273
935925027735818241
935900420496437249
935701990398554112
935697257466290177
935696769719005184
935660374833188865
935659147995082752
935656402126819329
935653008733548544
935652912000389120
935642981067100160
935622659072815104
935616595958755328
935593207353806852
935565754199658497
935562365277495296
935560307308748801
935554235286028288
935370143588220929
935331956417372160
935331259944910848
935314305163186176
935299925948227584
935281205351714816
935280510640812032
934248190538235904
934247493998600192
934208739045003264
934197062316511232
934082997409550336
933878397763063808
933531508639350784
933462744501833729
933415899763224577
933374919081152512
933372722561929217
933155455177711616
933150205075173376
933147609631424512
933144362195832837
933140117459435520
933133414743425024
933127250886774785
933125612822257665
933113970587766784
933110751455268864
932798339464044544
932764652693590016
932755327266803714
932752971816931328
932653735276371969
932028600005435392
931669525401165829
931655452198428672
931643056805335040
931628121769459712
931607404239876096
931607102354796544
931605944928210945
931601270607089664
931598637498621952
931570676145811456
931274468999102464
931222772663103489
931217435591667712
931199448780279808
931198534250004482
930884250500517888
930611030643888128
930610559506173952
929436678426472448
928794519683858432
928787022306840576
928786528570142721
928786110850969600
928775183195877376
928773510591385600
928771644952326144
928742229233033223
928741780564205573
928740274217594880
928666673594454016
928398166290063360
928331527569723392
928269417145700353
927685002342608896
927684729192812549
927683708836040704
925847736368484352
925128323138818050
925127332666531840
924055446243201025
921131662188138496
921114938730573824
921114534240309249
920774848367988737
920684170443096065
920418504024711168
920407165734719495
918914737756393474
918871007884206080
918544252333953026
918175185324380160
917898812169052160
917510805423316995
916375045865340929
915964610469089280
915964572267433985
914904324886732800
913896908950851586
913438277809647616
913112068051673089
913069529676251136
912794016156143616
912397140344766465
911354376115118080
908471310749196289
908066495581835266
908005848177369093
908005413181947905
907720609102266369
903682398587641857
903388649785577473
903282127722217473
903023520262782977
903022990480244737
903021758671978497
903020587601334287
903019683548467221
903017646261768192
903016387702132737
903004605109473284
903004268680155139
897973378765787136
897955615309316096
897950856062140416
897935583850504192
897933621243371521
897933479647748096
897929522028449793
897881991596605440
897881642609647616
897880767937773568
897556565649182724
897553378536042500
897548531875028994
897548270003671040
897548045977403392
897523981288394753
897510130262167553
896124479746621441
895368915655823362
894618444360032256
890710449473433600
888528433587867648
888425380243275776
883357235627405313
883352388651954176
883344996430213121
883344556124721153
882018730833784837
882018320945471490
880202356176171008
880175730562408449
880150254691250177
879435640366092289
878021205399187456
869956100459835392
867894601746698240
863099202947215360
862360852535672837
861653002540724224
857370337926942720
857028991605022721
855189468206305280
853032569893466113
852622216147632130
851840206554759169
850020092612141057
849006615558856709
849006071821848579
849004928504868864
846781366087925761
839220643086417922
836641549563875329
836626993483481089
836626153314127873
830219656388608000
829457113466470405
821112263796985856
819261525739393026
819260951321071624
817527054514192384
812049870911639553
812049534956240896
808798200370970624
808724303588028416
806202745648717824
805891553092861953
799014376732852225
788442159838101504
788144794375557120
768233095468355584
753972952853393408
753721752153227264
748960189068500992
748959881881915392
747819131563614208
738481091271663617
735937718841004032
735582478669221889
732273751539122176
731197034158383104
723617651629629441
723535115066982401
715317101037285376
710237022179319809
710126628299378688
702203474507862016
702188386782732288
699734796499599360
699349669336522754
697893813029830656
694935123322671104
692401857772326912
692130204148469760
687105725336662016
687096456402972672
686640476045230080
685515852335026176
684805099567239168
682675180561289216
682269058247593984
679093733837676545
679089500870582274
676458165651771392
675498702031749120
675105528205451264
674991545435729920
671754477230276608
667019527725514756
666796975640158208
663831397224865792
662709946769870848
661618320819531777
661616043392110593
661249121668460544
659823705393090561
659781329928757248
659781259355402240
659780258745483266
659747604042014721
659063212525101056
657576823556042752
657574059270623232
656961823300808704
656960001811087360
656854722830315520
656162464447504384
654707419612770304
654332693216391168
653707298980909056
652266987326935041
652257165185544192
652217875382562816
652174641746866176
652148438734254080
651520499185549312
651096872627646464
651059634506178560
649972076305088513
649966923153809408
649626214794166272
647070317194674176
646810528212455428
646714316788473857
646095577109929984
645994448984375296
645987111976443905
644915233920782337
643834521268416512
643829887476858880
643487386148675585
643452556862226432
642033585134915584
638410468688855040
638409114293534722
638402083197177856
636922774498484224
636646841208172544
636644894271012864
634034374682537984
633411190450950144
633332172049510400
633330683952410624
632309137418911744
632274563095789568
631886444580208640
631884395662675968
631524954777882625
631164016669388800
630868547024080896
629704717770358784
629355670505160704
629148490438807552
629056864521748480
629048277716086784
629047322022948864
628957410959470593
627281349565485057
627231705280212993
627202142055571456
626865038960234496
626770453923627008
626156741349220352
626135959571017728
626134961008021504
626134603099607040
626066326910566401
624266906992664576
623905785962229760
623903683722506240
623890740721119233
623587573437452292
623586966655893505
623579608714231808
622087167368630272
621784375391334401
621379097168617472
621355031753818113
621052259179327488
620689412440104960
620646863872610304
620645099467374592
619674778031362048
619599196216295429
619278391603236864
616665242802724865
616289857342709760
615923074073001984
615603947550732288
615557532313067524
615556878228160512
613835840498855936
613835146974863361
613823686727069698
613820604291121152
613117464235405312
613065544707764224
612001648873992193
611915309214212096
611317619442843648
611189459845918720
610855864807890944
606236489895288832
606234357620178945
606117834595311616
606117250790088705
606116801534042112
605778067911368704
605440357426302976
605438851637592065
605422666917527553
603967398241292288
603347990544314368
603346631447191552
601505470260588544
601505057796968448
601440115789934594
601090673249492992
600758331360161794
600717136621862912
600361681554907136
600356992952213504
599261223956385792
599260993571692546
598533586346717184
598241007180840960
597839531547693056
597836443864674304
591717638788775936
591642620843192321
591620197779431424
591265218300354560
590966512208453632
590608487366926336
589181308791816193
589162816243924992
588740541795475457
588470594011844608
588468063588245504
588467804724068352
588467324497211392
588393364137123840
586670849207377921
586642284533407745
586229042493390848
586210846331838464
585870683952939009
585867350819393538
585856380831141888
585823666941886464
583114177406857217
582996484561334272
582994194723028993
582964185337823234
582669770706829313
582651764261961728
582604751772237824
581560309724422144
580865126015877120
580756019497840640
580428064561201152
580214690686451712
580124024988147712
580076093765525504
580075449214246912
578346042946547712
578317603371888640
577523763589324800
577522798660308992
577512903634513920
575687668748713984
575384552996233216
575361384508211201
574712333437657089
573600476119302144
573266875364315136
572553030937280512
572469736254152704
572469613935628288
572469563356536832
572469477964701697
572467893549580288
572467776914399232
572466916608094208
571341951846498304
571057573820043266
571014058448691200
570743541405589504
570693026995175424
570688342511230977
570377471587184640
569929775684444160
569899356788297728
568916149192282113
568571490309959681
567751447291625472
567488098045816833
567470966570496000
567420905757093888
566270378138677248
566021343507148801
565227504546639873
564852322715836417
564850552203640832
564848636568539136
563853733122301952
563448673716432896
562735052187246595
562669860812255232
562376254419394561
561627053485989888
561290981044019202
561289805196042240
561252527162015745
561196305268346881
559753871321735169
558396755159818240
558332028849258496
558008097453928449
556197343478185985
555888380664217600
555161653558661120
554739979227000832
552228489206964225
550323955094282241
549984903887327232
548590120585396224
547531444957241344
544917533430919168
543123787202711553
542740668573949953
542387311502036992
542027231628124162
542014009898463232
540313535306563584
539860869073879040
539538910003888128
539494331875594240
537736776261980160
537736196529459201
537682016419184640
537396220877348864
537396167358042112
537303626197532672
536535285270843393
535941333635317760
535574982525739008
535574278172057600
534466492394639361
534461604260511744
529691708313718784
527973437990371328
514182608545005568
509433748048580608
509428820882255872
505036704432934913
501791900999761920
499575318588293121
497474599370911744
450671267314552833
324575371771129857
277190010900455424
255757723898085377
254281158974656512
249196875696177152
217671490005499907
217313350546235392
216283113049948161
216226259091456002
216226102438408192
215579538992807936
215569802100613120
208667344992612353
206065162019549185
205341458453106688
200988163982893057
198179504961765376
195915939303260160
169129589258469376
144533621129220098
124953343905894401
124872930646700032
98792151789473793
84346857542778880
64018699836858368
