1330449093353758726
1330439455161905160
1330434895328534530
1330431170404823049
1330424447799582720
1330422798536372226
1330279654142464004
1330279632675991560
1330248372683476995
1330242136185462788
1330238295499042816
1330220084787294210
1330149893596471301
1330149883169419274
1330137355286667267
1330105565717143554
1330105475287887876
1330105031790653440
1330095426314375170
1330070354203713539
1330069087637172231
1329946293142171659
1329923132459716610
1329920271462113286
1329918628012101633
1329889564966723587
1329803469662904322
1329802424018669570
1329787933163974656
1329785594453643271
1329709483149418497
1329610809274667013
1329610771215642624
1329556310040465410
1329556088094650372
1329552828701007875
1329550355059904517
1329549004913381378
1329502910607220746
1329485207754379264
1329482658884296709
1329435776015360007
1329397076636147712
1329389708133228544
1329193442841333761
1329192286593425413
1329156294889058304
1329156069134917637
1329072475557097475
1329021083668930560
1328832217850793990
1328828418180440066
1328828182460588033
1328781304012402695
1328780773365862401
1328771277520314369
1328742389339607046
1328701405813739521
1328678685512232962
1328614837564346368
1328490868538568710
1328425243095035904
1328338657166635008
1328338627701641221
1328322814135382017
1328322519317827584
1328302435140575232
1328134148414910465
1328112350889701376
1328109789889630208
1328092576268906497
1328053529207037960
1328016407079120897
1327998462617669632
1327959980214022145
1327958376085659648
1327953380615069698
1327951409816416259
1327949260030140417
1327945599543619589
1327935901377433601
1327932103716204544
1327931185180381184
1327734702627844101
1327713704234917889
1327559703854010369
1327559472974340097
1327378189094686724
1327292964025020418
1327292276918415362
1327291373830217734
1327254329636610049
1327250256699019266
1327249826975768582
1327248028324007936
1327233613683974149
1327232626843918339
1327210902022664194
1327202239509913600
1327034874302230528
1327020567979913216
1327018877696561152
1327015155163607040
1327013028957708288
1326958220934582272
1326957456778555393
1326956661320380416
1326955678615924736
1326954959699632128
1326954645005197312
1326953592226521088
1326707939344781313
1326706309958422528
1326704143298392066
1326673060854951938
1326623170217070592
1326620807112626183
1326619923515322375
1326619136324227074
1326608026841845763
1326603862485164033
1326603817065078785
1326581224933122050
1326578221551382536
1326478548736086017
1326449946044796929
1326441202086973440
1326301086194552832
1326300428443783168
1326296756213194753
1326262850420150272
1326246871187288064
1326246411596423169
1326242655806894083
1326239952477294592
1326239846382309377
1326237069673377793
1326234659206918151
1326221007691141126
1326220338770964480
1326219679770304512
1326175036500287488
1326173968118800389
1326173773888884737
1326130999080652800
1325947386972299267
1325946532122779649
1325944971401326600
1325944149175115777
1325943402047868934
1325940096458174465
1325936318761869314
1325935162094456834
1325933639817949193
1325931101026652162
1325877102713966593
1325856783664091136
1325855311887003649
1325853583288492039
1325842685220020225
1325827733633576960
1325825723614027778
1325798585896734721
1325516310474858497
1325451020458143745
1325440407107493888
1325388069718134790
1325368618566242305
1325367687753723914
1325361560974450689
1325358092201160704
1325356933017186305
1325354581900062720
1325212491501236225
1325211889425510401
1325208044947402757
1325038433862086657
1325022312526196736
1325020423768117248
1325002398897758208
1324863805516550145
1324837460749201409
1324798763324575752
1324734634958217217
1324693713298378754
1324689592562425861
1324630914413060098
1324535606408597505
1324534698211745792
1324494283379003394
1324493325609717760
1324492103670521857
1324491995138719745
1324491833276289026
1324432076234493955
1324430705808625665
1324413652007636993
1324355565196316672
1324330443286732802
1324107153578348544
1324106750002372620
1324060187263729664
1323999048169304069
1323976596085157888
1323976037793976321
1323965096117284866
1323904168193630209
1323903894674690048
1323765084133433347
1323761055521230849
1323751576440360964
1323731164440440835
1323711779394981896
1323679358024908801
1323569371491553281
1323401364245012483
1323399844199866371
1323393545538076675
1323392545938956290
1323367552429531142
1323333827071193088
1323327668520132608
1323326595436863489
1323326466864648193
1323040465437007877
1322979625040007168
1322961768860295168
1322880901278294017
1322877947896864768
1322865711929315329
1322858532006436865
1322858462062301186
1322848536682258434
1322610996205260800
1322484244606787584
1322484206342201344
1322483518316957696
1322483329887776773
1322481097280757760
1322481019661012992
1322324942910853121
1322324752774635520
1322322661733736449
1322303373564092416
1322298243896823809
1322297236261273601
1322275822347145218
1322262486544977920
1322172676677505037
1322172001394565120
1322171298861191183
1322171136633937922
1322164389911371776
1322145498099257344
1322144446813786112
1322142620278263808
1322141731098341376
1322140960906686465
1322140206611484672
1322119487827681281
1322116490418597889
1322116384143400960
1321933510073065473
1321772474267258880
1321771814478094336
1321771162897125379
1321552455671422977
1321523301076897794
1321523082423664640
1321515492230762499
1321463231412654081
1321462652661542912
1321461875796836355
1321379160720375810
1321199526364012548
1321176732213411842
1321130613643055104
1321079662827741185
1321060981674594304
1321028572052672513
1320800109190352898
1320799149613350919
1320637427434868736
1320314318840336384
1320290798215331841
1320284794429886464
1320284762016256000
1320284482302300160
1320067501280067586
1320058277468774405
1320053064435441665
1319988437584326657
1319932111911092224
1319777056738152448
1319750040827678724
1319716432201003013
1319703193534799874
1319634697828421632
1319592847335673857
1319375797333954567
1319335959268331520
1318990375856517127
1318974940343898112
1318951922854957058
1318948201777532928
1318890587970469888
1318593176219865088
1318592838695866368
1318501715415617537
1318312603651870727
1318296020661436416
1318269047008624642
1318258130745217024
1318222771323871234
1318221737717387264
1318195525481566209
1318184117834555394
1317937462086426627
1317594193989193728
1317578964328763392
1317512613476052997
1317512149053378560
1317455789951492097
1317234130053140480
1317117622564118534
1317117405949235200
1317094747681574913
1317070758229794816
1317061822260912129
1316639725126590465
1316500247854620672
1316484612282081282
1316443301395001345
1316081554326683652
1316081490695000064
1316011615041458180
1316011277462896640
1316007918953656322
1316007849215098882
1316004845762031617
1315956039557185536
1315911962056945664
1315773548670091269
1315734597750136833
1315720267151351810
1315685643113107457
1315600148416942080
1315600014362718210
1315390325687570434
1315213357218226176
1315204089819664384
1315201232307466246
1315111780130136064
1315047860577198083
1315029469384650752
1315023717089660932
1314996100491808769
1314965928451485698
1314965669721628673
1314846041502625792
1314700785138241539
1314665403214331909
1314663566079930369
1314562582133563392
1314332769183555584
1314325769485783040
1314322514559066114
1314321637987282945
1314317855693901830
1314242476434231296
1314202197270249476
1314140851199713282
1314136200526139392
1314105198168727553
1313960925905420289
1313957449637023744
1313926181176176640
1313913994680438784
1313911949831352320
1313911017773117441
1313909779262312454
1313909696798097408
1313816881145491456
1313751692110856193
1313604590215081988
1313595249634222080
1313578432299708418
1313571155471749123
1313562685041147905
1313562442107097088
1313560757045530624
1313554583239700481
1313474751965339648
1313460964185051136
1313227313342042112
1313226789003591681
1313198076417511424
1313157529518702597
1313157303651180544
1313155714303623173
1313116161370927104
1313112265567199232
1313035374319611904
1312793367361859586
1312791805914738689
1312783105833472000
1312701753633189889
1312515926575575040
1312510351317987328
1312488811834695685
1312488670721499137
1312472379394723840
1312436382950809600
1312415726561525760
1312413606529699840
1312346607921266690
1312141657236594688
1312080914038611969
1311756961818521600
1311726186343563265
1311399485877166083
1311021766500913157
1311021613740101633
1310841460791574528
1310695022174654464
1310694278662848514
1310492471479197697
1310479312550866949
1310243448834981891
1310167628313436160
1310145329594073089
1310142246172454913
1310137792647884800
1309944849165058050
1309932255146541056
1309925298998308864
1309916132384608267
1309909066521681921
1309909058766409728
1309884095858704384
1309870876398157832
1309862148504514560
1309791955958878208
1309789401736773632
1309787870450929664
1309787295428628481
1309762363227340805
1309623418829123585
1309622736365465606
1309601839294357512
1309574421095604224
1309487020817944576
1309200503230861312
1309160603941048321
1309092084805181440
1309087512883847172
1309075255995117569
1309074874707726337
1309074796790063105
1308885801007304704
1308880375779860480
1308875409682042880
1308806855624462337
1308762482366992384
1308758768759513088
1308532068532531201
1308529765494784000
1308528167171305472
1308527476147187715
1308525697800056834
1308524461059170305
1308523969478299648
1308516408263876612
1308512928774193156
1308511478018961414
1308459424734945280
1308440622378946564
1308148829863186442
1308118388485566464
1308116044406501376
1308113406847864832
1308112292094111744
1308110348478607360
1308107313761472513
1308105955046023168
1308105064851144705
1308103454733348866
1308068115461419008
1308026232324452354
1308026079580426240
1308025685001351168
1307802674675548168
1307784651147227138
1307767138673930242
1307692100977393664
1307623196124942336
1307620130529083393
1307608726329851904
1307438929663209472
1307438651396194305
1307435918320640001
1307423882694008833
1307411141530988545
1307410714857033728
1307394723032772614
1307387324133765120
1307318144831193088
1307316932597764096
1307257211324952576
1307256712865472512
1307073601301106690
1307068358437859330
1307019509354692608
1306926077303025664
1306710765135630337
1306706229838970880
1306665150095785986
1306510299328065538
1306504373153992704
1306351982727364608
1306348357443620865
1306314233756430340
1306226463801212929
1306151572653604864
1305975379040047114
1305975251269046272
1305951385540853762
1305931379096551429
1305850637847064579
1305499608479600640
1305317642648137733
1305123671225368576
1305121806924349440
1305119018953707522
1305109729467944966
1305092968702005253
1304907314084958211
1304884242372009984
1304874316597727232
1304873988926177285
1304826244383617030
1304797458913005569
1304713108812955648
1304554552126046208
1304510077282508806
1304501529605529600
1304458800531988480
1304419005852192769
1304414173393301507
1304355808436793344
1304187400185405442
1304141351068602368
1304133719364640770
1304129912744357888
1304098456278007809
1304096318911057921
1304050854341890048
1304048681805656064
1303793538635890698
1303778204541480961
1303733491553763329
1303698193876742147
1303642253928300545
1303419082633609216
1303419057262206979
1303398808706052097
1303398796190248960
1303396647150460928
1303393849650405377
1303327470976933888
1303323102982660096
1303232677085155329
1303232209135034368
1303092697834696706
1303087854944497667
1303087358426968065
1303075949752340482
1303027615733886978
1302879052244701189
1302878377330855938
1302864206983770112
1302706245607067648
1302625315227930624
1302616264351846400
1302599968088260610
1302599198353895424
1302595125181284352
1302585695370911745
1302585336657252352
1302582149745344514
1302581746077138944
1302571210996408321
1302568509436841984
1302567765857972224
1302565562606858240
1302565191289393152
1302565063119630337
1302560400089780224
1302560371648192513
1302524294849798146
1302523520895848448
1302523439706763265
1302369115789758464
1302364483478786050
1302363955608907776
1302349611445575680
1302348238536814601
1302348005635502080
1302345456865996800
1302345295980879876
1302294393681051650
1302278634057748480
1302253432326283265
1302240766090194945
1302238652416831489
1302226634511126528
1302214240158265345
1302213830022443013
1302187743359893504
1302173824172032001
1302173403898695680
1302172098350190592
1302169945120309248
1302167773620121600
1302165686777573376
1302155259364556803
1302151789358190593
1302151109784428544
1302148885532430336
1302148394438348802
1302147733600444417
1302027186719916032
1302002670132252672
1301963191350681612
1301880830797778946
1301876252958224384
1301848650100944896
1301837155413774337
1301821057926598656
1301819311028404224
1301681523469451264
1301625046440517635
1301588110711586824
1301587954750631939
1301566323550498816
1301555014188625922
1301418933589770240
1301224168537628674
1301222973282623493
1301214092879949827
1301209984546594816
1301194511918526469
1301104301415243777
1301094943935672320
1301051170329440256
1301048627146772482
1301038131718893569
1300865980306989057
1300846994357968896
1300843612171886592
1300494637988225026
1300420242317996032
1300207703483191296
1300186192701468672
1300181482774855682
1300180383133241346
1300146881893462016
1300146397824548871
1300145582439358466
1300137117843161096
1300075814072000512
1300075105742135297
1300040655792676864
1300037817838444547
1300037132157882368
1300024187541696512
1300023744409239552
1300019389333475328
1300016061987917824
1300015871587479552
1300011765359620103
1299782102054047744
1299782026346799106
1299779219518631936
1299769134578835467
1299658767139774464
1299655493288427522
1299655093164400641
1299643718346190850
1299643263469707264
1299642172472426498
1299640119390015488
1299639571731406849
1299506671954341888
1299489339911614469
1299472808624492550
1299470385931579399
1299468884702044161
1299465735257890821
1299463911926792194
1299461188439494657
1299460643221917697
1299459962024984576
1299459485203869696
1299347218420445184
1299347141241065475
1299347037432041472
1299323369691713541
1299269495702409217
1299269018273095681
1299186400772976640
1299112114674597888
1299107050040045575
1298884301107404800
1298688343455211520
1298676507104153600
1298635419089764354
1298625765660033026
1298595651719241729
1298593858457088002
1298579466793320448
1298277705419456513
1298277440293351427
1298246896553734144
1298187031139557382
1298183690107916288
1298182946197852160
1298181873332609031
1298181503420112901
1298178987894743041
1298176823705112576
1297932803544317952
1297930497679601664
1297929770391556096
1297918533901389824
1297912966801752069
1297911948500180992
1297910980735836161
1297909451253481475
1297813172137713664
1297796222800068608
1297679958102482944
1297678547616661504
1297678304695197696
1297677527624962050
1297677412407418880
1297677312360697862
1297676960848588802
1297676619985948674
1297675738783666177
1297675394380894213
1297674787934830592
1297674361781067777
1297672759078723584
1297672550907031553
1297671593297170440
1297669769823498242
1297659161589817351
1297648070281375747
1297615920437891079
1297615170215317506
1297605688856846336
1297571796129112064
1297557683617312774
1297449382472822786
1297253207643693056
1297252630167781376
1297252584193957888
1297252374906626049
1297249441888505857
1297179418180431872
1297158535034404864
1297152867929923584
1297139229810663424
1297138090365132801
1297137607516786689
1297117246238728192
1297116977262141441
1297103616399089664
1297084568563064832
1297084266476642306
1296936021544902661
1296871470266712064
1296870786121293826
1296870134523531265
1296862254843998210
1296783257590267904
1296775262798000128
1296742914601648129
1296541751537172481
1296520982400729090
1296515091677024256
1296510861322997762
1296502877670780931
1296487255234805760
1296470824950603778
1296468241615917056
1296454918811848704
1296454748556660738
1296445603837349890
1296364139548377088
1296363345143111680
1296357760897097728
1296190640389332997
1296139638428635137
1296057523611500544
1296054551792037889
1296036752344453120
1296020148927762432
1296004350070923265
1296000652078964736
1295842925570646022
1295733014614421505
1295671471201751041
1295670918564450305
1295670158833455105
1295652151969091585
1295631909150773249
1295423173450706944
1295422450252034050
1295390086515904512
1295389875240394758
1295380672308301825
1295380397950414850
1295348749233991681
1295339325354385408
1295335296301768706
1295303074312007681
1295288669952184331
1294962970095747072
1294945109302288386
1294760528393441280
1294630887448096769
1294620862495195136
1294617181519597568
1294616606631497730
1294615125303930880
1294609899515785222
1294572537100341248
1294572456146079744
1294559807370911745
1294305727369170945
1294169660473081856
1294166719204855808
1294017485310701573
1293985265795715079
1293909207603744768
1293874648602509314
1293873603457560576
1293857127178612737
1293831556411396096
1293673529016287232
1293665759550492674
1293664554262593538
1293589172821864449
1293251269679812609
1293235166039748608
1293233934822711301
1293233923170992129
1293232549607747584
1293149424936538112
1293148381293010944
1293119820058234880
1293119757017853952
1293119694661181440
1293081057915547648
1292884166439206918
1292880785259864064
1292879170427654145
1292875001234956290
1292874915423694849
1292857091275857923
1292836697856790530
1292835899970068481
1292734495200808961
1292574328068939778
1292571313266139136
1292568239923503104
1292566682578362368
1292564456178933760
1292545698282577920
1292458665358905345
1292445656162893825
1292442945971523585
1292439452808339456
1292431905569345536
1292431073885016064
1292420927809101825
1292229548231229441
1292215175911821314
1292086536876576768
1292084484565864449
1292084177597280256
1292083747475660801
1292082597041000448
1292082117715820544
1292081649937768449
1292081182105112576
1292079147360100355
1292077008474734592
1292070093908774912
1292066504364756993
1292065716733202432
1292065629072240643
1292058382170562560
1292056657472749570
1292052701971451904
1292051662023139330
1292051363212468224
1292050706204102658
1292050359238746115
1292049440241573889
1292048539850362881
1292048119908245506
1292047390904647681
1292046739965452296
1292046191434371074
1292035698120327171
1292035287439335424
1292033377692979201
1291879236228317184
1291875205632204800
1291875186703245313
1291795760191856640
1291795701693915136
1291792387161890822
1291726110649200640
1291699145842085888
1291696707907072000
1291677110004854784
1291670615942987776
1291668546645352448
1291463812193964039
1291445026556444677
1291439214681260032
1291438101617926144
1291437281044238336
1291436712019791873
1291436168295391234
1291435927500455936
1291433367318269960
1291429521460211712
1291418280599617538
1291400515440517120
1291393894345781248
1291351930351095808
1291344343450750979
1291343644444827648
1291335152338116608
1290959782225031169
1290959289067220992
1290922797359751169
1290688757415510022
1290688687903256580
1290571680813809665
1290567056606330880
1290427976711110656
1290414253816655875
1290411820319158274
1290410258905673729
1290384073203036160
1290380527674032130
1290328817156984834
1290322669531955201
1290322410634387458
1290321840800436232
1290275497234948099
1290275012285476864
1290271530010566663
1290271395126153216
1290241065102880772
1290225072775471105
1290219494661599233
1290200377283862529
1290196029862637571
1290187516654448640
1290067371953213441
1289966381488717824
1289966039216922625
1289961731930771459
1289958964432519169
1289952319619002369
1289932516598509568
1289931744054063107
1289177081704718343
1289175524212785157
1289172685281402882
1289172645510971392
1289172162444587008
1289131018474213376
1289128661032087552
1288829530157862914
1288813792604946434
1288785983887024130
1288776015813251072
1288577881459904512
1288576760481800192
1288458399517233152
1288458353820262402
1288396117231755264
1288385304186028032
1288244167169249286
1288227657138806787
1288063720271355904
1287818462262448132
1287797617888505857
1287779613750460423
1287658073054748677
1287540451202007040
1287169049793789952
1287161235906138112
1287150332041207808
1287093506574553093
1286979573901676544
1286974975660953600
1286973542458896384
1286957901039403010
1286767213123383298
1286730482873503749
1286604631603392513
1286343716874211330
1286341184168894464
1286306141098717186
1286064808589131776
1286064488379228163
1286063953492221952
1286060445112111109
1286059594494574593
1286048008602374144
1286025374669967360
1285996806921478145
1285994190199980032
1285963634687057920
1285957845838684162
1285935084277768192
1285934608652140545
1285933544586518529
1285931951707348994
1285930543155228673
1285692726617559043
1285684673939738624
1285671207120117761
1285526343006986240
1285526185901010944
1285524790808399872
1285524725368868864
1285524371319267332
1285524344110755840
1285524267849994240
1285524237705412608
1285524181451526144
1285511222633336843
1285510945641508865
1285509665841917953
1285491763327709184
1285330910964068353
1285255173938569216
1285212211561074688
1285184514831126528
1285181042576560136
1285143265273171968
1285122101603708928
1284977311390085120
1284971492686561281
1284966227044114438
1284938931293827072
1284938670861164546
1284835055353974784
1284831580213653504
1284831544046161921
1284831519194992642
1284821595610140672
1284811184743604225
1284809718083530754
1284769542409990146
1284764507152289793
1284497431170818050
1284497124282052611
1284487264337301506
1284477004109295616
1284457938174840833
1284450655239835650
1284450299218886657
1284448938104442880
1284439588489039877
1284439332598808577
1284437327645999104
1284427363279937536
1284427210909265920
1284425401452953603
1284424464369942528
1284421490566475780
1284421349230993409
1284419833917067265
1284397275175964672
1284264604886093827
1284257780891885569
1284225183579017217
1284175355310415873
1284173471455547394
1284166682517417986
1283889156800774144
1283835793707094016
1283835062417526784
1283834841092546567
1283703590876585986
1283672211107328000
1283665365483036672
1283656302053515265
1283655414140358656
1283520692890337281
1283484374466535425
1283376411965882368
1283362705026494464
1283345575560327169
1283344729149669376
1283342696841707520
1283320400974356480
1283317063931527168
1283179590526042112
1283173674531663873
1283149438559584259
1283033687228067843
1283030589889798145
1282950307790684161
1282809391817920515
1282808753658699777
1282807723051098112
1282806047003025410
1282805789372092422
1282805142459473923
1282803847652679680
1282797424751378432
1282754588756631559
1282751586889093120
1282744268453445632
1282743561474248711
1282735739248181248
1282669603274067969
1282661583378882560
1282632097606311936
1282588918995734528
1282281662026600448
1282281063067332608
1282227173647056896
1282224514802290689
1282218897899388930
1282083387319234562
1282079004057624576
1282054977402343426
1282054379642785793
1282022985046597634
1282019868490039298
1282006562031251464
1281909695285014528
1281887108337197058
1281886091579195393
1281884134630195202
1281883137014935557
1281873297878257664
1281863448977190912
1281860842682818561
1281860330843443200
1281859758224531459
1281680763109478406
1281679261837950985
1281634342268219393
1281632525031559168
1281538664603017218
1281359343129178113
1281358738486509568
1281356579233767425
1281355551851655169
1281353106677170176
1281345280705736705
1281342943148879879
1281341922091708416
1281286982967140353
1281280565447200768
1281279883801513986
1281263340849893378
1281242319040249857
1281241101832159232
1281218919320088576
1281215226856255488
1280843683974258688
1280840598946304000
1280839201345490944
1280555931219234816
1280536715040559104
1280481455118876673
1280475895552188417
1280424530121498624
1280413686276993024
1280237723929006081
1280205671724732420
1280169857510715392
1280116323574599683
1280102296966148097
1280098449426452483
1280087739648573440
1279847758590103552
1279736354927149059
1279735992329605121
1279732308195651589
1279731939323371522
1279533907235520512
1279457102327681027
1279456888334307329
1279452158845485056
1279410028567560193
1279389297842556928
1279388172162666496
1279336481987928065
1279325198416777221
1279315898881490945
1279130764467200001
1279047062819135488
1279044745793339393
1279044361850892289
1279043051709763584
1278975816152559617
1278963045470031873
1278962988364582913
1278962354546528258
1278952978087661568
1278810109095948288
1278774264154460163
1278730702041878531
1278599839547305984
1278591620976386048
1278477234551087106
1278473745569665025
1278473243163230211
1278471453739036672
1278471085567152132
1278470686625931266
1278469051656949761
1278468429725433856
1278467218276265984
1278466802339778560
1278466249744408579
1278465669881872384
1278465111460646915
1278462813766385670
1278462468952596485
1278461440790269954
1278447933646659584
1278446662856425474
1278399400470089730
1278398206871732225
1278395810296848390
1278394805333229574
1278394091559149568
1278393619230195714
1278393544835764224
1278392523682168832
1278391791201521665
1278375360695078913
1278375255480860674
1278374175657377796
1278288931247849473
1278084867805384710
1278079421220622339
1278078431415226369
1278067810959327232
1278052800753291264
1278028881526693888
1277956145315864578
1277947642132209664
1277941612186927112
1277931764242092033
1277931449329614848
1277887279927898112
1277769658347773956
1277768656336957444
1277678982012469249
1277678390716379140
1277645353303621632
1277643829680758784
1277598503477354497
1277598047380307970
1277596690447507459
1277595860172488704
1277587513595568130
1277585884393754625
1277585354489581569
1277584122949636097
1277579704313294849
1277559871622316034
1277558476277940225
1277557167541891073
1277555927508533248
1277553799616507906
1277552890454970368
1277552712759025664
1277374463160573955
1277366018474680326
1277354863383523329
1277277091059453959
1277247832857206791
1277247605689507840
1277245829355655171
1277245244988370946
1277234958139035649
1277234756351115265
1277209778306113536
1277207128046960640
1277199810613952513
1277185119506366464
1277078208727441408
1276915649831469056
1276905087202463744
1276853499280703489
1276848842491809804
1276840429187747841
1276821637887918080
1276821395448778753
1276707251009523713
1276706757763530754
1276645894918746112
1276545023287443456
1276543873389641729
1276542320385687557
1276541551972401152
1276539241112260611
1276538905823719424
1276538649119805441
1276538184881655809
1276537805892616192
1276536757710991360
1276534335882104832
1276534195708407808
1276533777754439680
1276533572808126465
1276533211779215360
1276532678356017152
1276522781535088640
1276517717793738752
1276516002415742979
1276515910136803330
1276515396103942144
1276514875322269696
1276514634120470529
1276514247804157955
1276514077637062657
1276513856945348615
1276459139070406656
1276456537276342273
1276431840526688257
1276336488523972609
1276277390273101825
1276246999931723777
1276235531492495365
1276233408029622273
1276232517721436161
1276231840437809152
1276230451892490240
1276225996769951744
1276224714709532674
1276224457640751105
1276222655922941962
1276222541145812999
1276221860758290433
1276218155673714688
1276196478730547201
1276195378417762304
1276176564393213953
1276147392270807042
1276140731325919232
1276136984889765890
1276135659560976384
1276134552499609600
1276133995311398914
1276133703962570757
1276133355487203333
1276129882272141313
1276126402912440320
1276125340318994434
1276108710557945858
1276107733595566080
1276105531820826625
1276105059462496256
1276104662639431680
1276104327011225604
1276103208675479553
1276101832306241538
1276100399783706625
1276099389656674304
1276098819944525824
1276096800701775873
1276077584174977025
1276076139170185216
1276075320047788035
1276074203586924544
1276071787000971264
1276070708058230785
1276068950103732227
1275909966159843330
1275863627241852931
1275821380425187329
1275821164812808198
1275815110129434628
1275814730456862721
1275745785485852672
1275740343519137792
1275740323889713157
1275555406283182085
1275539416874958851
1275516037346275337
1275515330371227648
1275474495311151105
1275474416126906368
1275418600325742593
1275418540963758081
1275200993630859265
1275197899526352896
1275197743070359561
1275161849827397633
1275160947804471300
1275135548869541888
1275107663425257479
1275103323465678848
1275080551393669121
1275078849013772298
1275072396794294274
1275054977921232896
1274997810123943942
1274997726883831808
1274975504483966976
1274852037700866048
1274820870515707907
1274819668793065473
1274765375973076994
1274726617051430912
1274720487239794688
1274526780343410695
1274489244413841408
1274488707769405440
1274316792203300866
1274311846183555077
1274310849944051713
1274310565738020865
1274305951529566208
1274284053001371655
1274284010655690753
1274273744320638977
1274117029163925504
1274033661604700161
1274033004646666245
1274031043763417089
1274029779046580226
1274014507636064257
1274003459830923266
1273994708898000897
1273986674444337153
1273970729747349505
1273969978329509888
1273901022373720064
1273688165786714117
1273377928307449858
1273371587874631680
1273367146899410944
1273340938241351685
1273338032729530368
1273334360423444483
1273328754480287745
1273246412155899906
1273238580656320513
1273227893716418561
1273209492587626496
1273155170315251714
1273019526410637317
1272982101558808576
1272981866878992384
1272981484358586370
1272980968467574785
1272921368254971904
1272878185588408323
1272866701625999361
1272865698696568833
1272859244983967747
1272653491698388996
1272650327867736064
1272647826422607872
1272646509352419335
1272641160352161793
1272639897636126722
1272590637041430534
1272590141073371140
1272520675668918272
1272506898483499008
1272463546769686528
1272430115813818368
1272312020176703488
1272236291137167361
1272177325531111424
1272176938061266947
1272173678621581312
1272167966076002305
1272167450579271682
1272167023578099712
1272164955966582785
1272162930310643717
1272135842358837248
1272118734853939200
1272117807740829696
1272117157996965891
1272115882030960640
1272115312545193984
1272115014028218375
1272114469154553856
1272113097403138049
1272110768000032768
1271929162794708993
1271928508395278336
1271928174260215819
1271926347225542656
1271925794592428032
1271925343163764742
1271923927154151428
1271921900680339464
1271921755578343424
1271907446500589569
1271854568499040257
1271832616401088512
1271832140355973121
1271830407659610113
1271829651116167170
1271827417003409408
1271825233864019972
1271820719563948032
1271815998505734147
1271814774863605761
1271812514930741249
1271801145921622017
1271800606106288130
1271799886799949826
1271791507670994946
1271789282894794752
1271787773327020033
1271786606605860869
1271784835183521794
1271784031475118081
1271782082814054400
1271781646904299521
1271772435424182273
1271771590909452290
1271771065182806019
1271770760806371329
1271759520935657474
1271746264170991617
1271737847603757056
1271444731717918723
1271157964125212678
1271125839673987073
1271124603025399810
1271123100801929221
1271122426261356554
1271109845370970112
1271106124083867648
1271068822691368960
1270792261803167754
1270790618416021518
1270778337783361536
1270762402024493058
1270762308709515264
1270708565125275649
1270706252226744320
1270688104618299393
1270627348589809666
1270511101952905218
1270499214208966658
1270498481472487435
1270497898464239616
1270467778210914306
1270429994360193024
1270428283885232134
1269748351484022790
1269748089893593091
1269747796879564802
1269746166280978432
1269745691921956866
1269745089070448646
1269744701315350532
1269744431609020418
1269744007426514946
1269743930976894981
1269742521330081792
1269695614834663424
1269694556703993862
1269687355067248648
1269686741646049280
1269629951084544006
1269629413748023297
1269580429385924608
1269580069611229184
1269348860188557315
1269226120597118977
1269033774307835904
1268988754691264516
1268911586871332867
1268878880191819779
1268858776569995264
1268839076611928066
1268838922324500480
1268812239659728897
1268520089655140352
1268516376794316803
1268502023265271808
1268254507378642952
1268229110683271175
1268194482014609414
1268193886482169856
1268151080971653121
1268143550803386368
1268138835084546051
1267925224294690816
1267895110584471553
1267892544953819139
1267859063968235520
1267842129226760194
1267807728644182016
1267761608887066624
1267576924609658883
1267566216186597381
1267413559228674049
1267413549221138433
1267413540610211847
1267351475161890816
1267198727808303104
1267189935498502145
1267187865471115265
1267186903171969024
1267185143317487616
1267184136613216258
1267154157229801473
1267089424497676288
1267087210542772226
1267056658158665729
1267056363718524934
1267055637806145536
1266739709025243136
1266738537984122882
1266737565106872321
1266672908182736896
1266672300918702080
1266671650021486592
1266668707784294400
1266668612418494466
1266665565332144129
1266345684900483072
1266335052616646657
1266131128697729025
1266108588432515077
1266108490394861569
1266102869482180610
1265778633253302272
1265770659768078341
1265768946529157123
1265691637889597440
1265691440354639873
1265421773832622080
1265414451907432448
1265326092749025282
1265273357471227904
1265268331415814151
1265268136888147968
1265233841465233410
1265228155457060869
1265222429967880192
1265180718625325057
1265049108500406272
1265048829486862339
1265034000768344064
1265028489209622528
1265028406955200522
1265027643134615553
1264993001773895680
1264976510173265921
1264955866089877504
1264955807134822402
1264955632974782465
1264953329878269953
1264952052955918338
1264951704627425280
1264950039933222913
1264949337639079936
1264946518177570816
1264946172847960064
1264939291450445824
1264939234856755206
1264936211464011777
1264932113578635265
1264931152231575554
1264901639401603072
1264901408689655808
1264899563338555393
1264899499744473090
1264899486737932289
1264872962567659523
1264840536634150912
1264684053963452418
1264682782338547713
1264635111833776137
1264632500820881410
1264631258866425858
1264625698083307520
1264624653445795840
1264617341507289091
1264616480869625857
1264616369385017344
1264553627278102528
1264552066397151237
1264549511885664257
1264545124622766083
1264543963568132096
1264541442388746241
1264506681108697088
1264503925455179780
1264503864117661697
1264498966084947969
1264498225760931840
1264498109943595008
1264498092612739074
1264497913608261633
1264492832670265345
1264491588992020483
1264490550192939008
1264323396835434496
1264320099768512513
1264318663911452672
1264318656961536005
1264314475030732806
1264299854358069250
1264299137174036481
1264298067840425987
1264297979093155843
1264286695240994817
1264275302345330695
1264274950577434634
1264273991163879424
1264268506687836162
1264266325997780992
1264266303336001539
1264244973857357826
1264244912834445325
1264240828354043904
1264189377338581005
1264188472362967041
1264171212483096576
1264154191561461761
1264137557388013568
1263962657935298561
1263955396143841295
1263949591231299584
1263949012782194694
1263948914106957835
1263911103983235074
1263824882778988544
1263824414925361154
1263790038682304512
1263610081796653057
1263595689595953153
1263594342091943937
1263463985447350274
1263018575062761472
1262822717662932997
1262756795803504642
1262468024923238400
1262371416579682304
1262370525743058944
1262343179724099584
1262329887353909248
1262329120513458178
1262146655110995969
1262146070110441472
1262145254679089154
1262144244682231814
1262141712815751171
1262138868662501381
1262123785890693128
1262123139120746496
1262122274905341952
1262120977246433281
1262120198368301061
1262090536338554882
1262090132594790400
1262089607790936064
1262032094592671745
1261994145893228545
1261980258649214977
1261735624333197312
1261676878856884228
1261675230025650181
1261672917433270272
1261670844012670978
1261668493222707203
1261667815146299392
1261661738539286530
1261651947607789569
1261602556612050944
1261601341908160512
1261598925728989185
1261586821303205888
1261571546449141760
1261567596702416896
1261429679791017985
1261357864884604929
1261224560411762688
1261212386448543745
1261067117564215297
1261066123862106112
1261060111608557574
1261056262416056322
1261040678542376967
1261040144796221440
1261040056854347778
1261016595167657986
1261014493594877952
1261008226520350722
1260980569187520514
1260928858762604544
1260915412830687233
1260889993121353728
1260701382438518790
1260527083752742919
1260330462393835525
1260264751726288896
1259974825268912128
1259970366652452864
1259933893911818240
1259830194560471041
1259780520344539139
1259745582773608453
1259559404367732736
1259558874601918464
1259522256960737282
1259518350897668098
1259478743103541248
1259453459323068416
1259452939485224961
1259449383155838976
1259448981152768000
1259439119396110336
1259435320120147968
1259433627693338624
1259404294266257408
1259284742756859907
1259269089614344192
1259268801012645890
1259267117473509384
1259261819392331779
1259259913240526854
1259258175938875392
1259255750603522048
1259224906836869121
1259224252483600384
1259213144569905152
1259211175201472513
1259199329656614913
1259196583469555714
1259192425379246082
1259174288663425026
1259174074531614722
1259172923971166208
1259172664905740295
1259132002374225920
1259130952758046720
1259125146406793216
1259124057829773314
1259050013377921025
1258813996834095106
1258813384302170119
1258805506711465986
1258769443116777474
1258766476217024513
1258763740939456512
1258748788493242368
1258731590605254656
1258730798968115200
1258723238823239687
1258668115510153217
1258519728768692225
1258513155421990912
1258513116930793473
1258512949670363136
1258505814387523584
1258471172389421057
1258471075983343616
1258470403422466048
1258462212051607553
1258458807983845377
1258453104401379328
1258452931063566337
1258452692998987782
1258448146562191360
1258447762309492736
1258447363028520962
1258446129752145920
1258444475220799490
1258444286372098053
1258375309126258689
1258370542597480450
1258367525689180161
1258367448677564417
1258366776573911040
1258164466853703681
1258161533617614849
1258160259195158528
1258159917363585024
1258133298766925824
1258106068410019840
1258077820410044417
1257993851714916353
1257944084402130949
1257755886585556993
1257750402277220358
1257561661017333760
1257406777177636870
1257406535594106881
1257396859280162819
1257097457248468997
1257095303305592833
1257088772568690695
1257011232630099969
1257009709938343937
1257009440311705601
1257009207120924673
1257008172834963458
1257006299025457160
1257006108188819459
1257005168194879489
1257003937154117632
1257002127135838208
1257001037061373953
1257000832538750979
1256997757832871936
1256994075703685123
1256957779186769923
1256957217665888261
1256929038217682944
1256928097531805696
1256917379822518273
1256909073540362241
1256908913477328897
1256908470265229312
1256898202072219649
1256897852518871040
1256897379678240768
1256894552847396865
1256893645325840385
1256882909803405318
1256882419011145728
1256880508828553217
1256879717090762753
1256879273803202562
1256875220650070016
1256873682007449600
1256871913726652423
1256694824423559170
1256664315479941122
1256661145982849024
1256660205083013122
1256635382189494272
1256633578429067264
1256633262082002945
1256628279164964872
1256626371306143746
1256605496884281344
1256533968431742978
1256533263474196480
1256532765618720768
1256532380044668929
1256532020869693440
1256531608292798470
1256530998420025344
1256530402862346241
1256524968797626368
1256331180565164033
1256308384304754689
1256181324068597760
1255921507152379911
1255921372024504327
1255883906907332613
1255822835643277312
1255808825917136899
1255616516428648453
1255511973489500160
1255394993751064576
1255394221718110209
1255390314149412875
1255250345896394753
1255215097812844546
1255212637199220738
1255212547197882369
1255202807126335488
1255185791849988096
1255185253393719302
1255168901463375874
1255167536838180864
1255113876980588545
1255051131899830273
1255032373097439233
1254890936678703107
1254839993429823491
1254839529002991622
1254839104405221377
1254838769070505988
1254838202386583552
1254837803495624705
1254818936648073217
1254818601544101889
1254815700453031942
1254775079419834374
1254684734543855616
1254549899120705536
1254549887716376576
1254549873078255616
1254538796001042432
1254537515094155269
1254534743447818240
1254531143371755520
1254527161505067008
1254526077713743873
1254502592350126081
1254457133287997441
1254362086571945984
1254125167099490304
1254055546698838018
1254016902961278976
1254015293703237633
1254015010881355777
1254014404741476352
1254014360361598978
1254014220850601985
1254013341833576449
1254012062084272128
1254011721209065473
1254011334183829505
1253996609349865473
1253968814884126720
1253947081619910656
1253942689072132096
1253772804442513409
1253746072972918789
1253744666199109633
1253742642736836608
1253742387194728454
1253738108203544576
1253737476935606273
1253733842290122753
1253732890338304010
1253670736860008449
1253670183836831745
1253669520566292480
1253669096526413825
1253667906715557890
1253667344192241665
1253663963834986496
1253663634716229632
1253663333074558978
1253662829019873280
1253585871410024452
1253390312707325954
1253314132381626369
1253238655646404609
1252935412517081089
1252935214596325376
1252730966960934912
1252668310023483392
1252645679966584835
1252631233227632641
1252581867087429634
1252579022170730497
1252369813621452800
1252260655199145984
1252135394210205696
1251901121855213570
1251846141710344194
1251834934404296704
1251813632675131392
1251808701226397696
1251648158674944000
1251622949477658624
1251608904691302400
1251607255146991616
1251601861486039048
1251596283757899778
1251594832532955139
1251585743891415046
1251585334934228993
1251585175252762626
1251578994883002369
1251573772194373634
1251544015654313985
1251543102290120704
1251532512238723073
1251532005352845313
1251527223854673920
1251526459711250433
1251523462398689282
1251520488419057665
1251520446815764480
1251435919573430274
1251434371221008384
1251433419105611776
1251432345296650243
1251429612795711494
1251429131662827520
1251428241014960129
1251427898277482498
1251420963729784834
1251420411105026048
1251419900272312320
1251290785766662144
1251193329649410052
1251185160546136067
1251181069963014146
1251158274272923648
1251149448295542785
1251147205441753090
1251116409725255683
1251049391357677568
1250870389330370562
1250867028921114627
1250866503211253765
1250854198276689921
1250851008902766597
1250842596911525894
1250831687371706369
1250768915136942082
1250766646567997440
1250750993165418497
1250548834918424576
1250481215515344898
1250474939502788608
1250469920049111040
1250464882014765057
1250464756693155841
1250464105686880256
1250463586998259714
1250320478494834689
1250200187743678465
1250199925067001856
1250196443715026945
1250123027397971969
1250120492415156224
1250107912757940225
1250058680063725578
1250047311604056065
1250024639683756035
1250023517531312129
1250023105608798209
1249992600519692288
1249988653474086912
1249961081256247296
1249960337924919298
1249877184149413888
1249873341571313664
1249872301459464192
1249871159484506112
1249870566414266375
1249869899222016001
1249634589267689472
1249632900519256065
1249632345533091840
1249410935049117698
1249318939580039168
1249302697301495810
1249302528539463680
1249290245109096448
1249278242667847680
1249276909248184327
1249276145582911488
1249265128022966272
1249051511197483010
1249046420042272768
1249045788732329989
1249043249400070144
1249043053060460545
1249042116220764162
1249041288374222849
1249037623311597569
1249033806268555265
1249031476915683330
1249024762321481731
1249022952399667202
1249022239061807106
1249021894617071618
1249021541360324609
1249021339308036096
1248983351127662592
1248980776441479168
1248978510993149953
1248971555276759040
1248971551069868032
1248970553794400256
1248970088025395202
1248963622983929856
1248961137749655554
1248960621678387202
1248954165763678208
1248952097791500288
1248943680809025541
1248943317695545344
1248942285854834691
1248942192355311617
1248934419701866497
1248930007273091073
1248918785697906689
1248918405324976129
1248918228597948416
1248917357235449856
1248916502755106817
1248914664479752192
1248912756155219968
1248905251853414400
1248904439613853700
1248822742524313601
1248821849124978691
1248818009814302721
1248817318316118017
1248816490691858439
1248815764431409154
1248811040353247232
1248758924720955392
1248754242350874624
1248751246107910150
1248750299730280456
1248749328690286598
1248720717098766342
1248719055340605443
1248718030160515076
1248717817408610310
1248708929053429761
1248696768772046848
1248695576063086595
1248689108358254595
1248688545386168326
1248683773216120833
1248679115139538950
1248676940850040833
1248674249872736257
1248673134443724800
1248671839683055618
1248596510650052608
1248595175024328704
1248594808148557831
1248586202225278976
1248584989186428929
1248568228307140608
1248567992952258561
1248558210639945728
1248367676705079296
1248366199764922369
1248366051286450176
1248334957161975813
1248328554758184960
1248323360947347458
1248318280877641728
1248280099910270976
1248269215225831424
1248244148202684416
1248188083528482816
1248187462406549504
1248186925258866688
1248186381601574912
1248186317806219265
1248168060344819712
1248159212666064902
1248158273276174337
1248150799831781376
1248066443868061696
1248057589205815297
1248032397326778370
1248030513077633025
1248029366354927616
1248028768997969927
1248028418865860616
1248028324057800705
1248027164982861824
1248011842942730240
1248011370508902402
1248010389364699137
1248009486989574145
1248008997971439616
1248008815296909312
1248007387992051713
1248007386360475648
1248007384779218946
1248007381021122562
1248002698923966469
1247993589466124292
1247988359013728257
1247919531072389121
1247878871107526658
1247875533494464512
1247859012474937345
1247834056693370880
1247800722415996930
1247617974028111873
1247588885800124418
1247545357606817793
1247519695361544192
1247508996103208960
1247480807020810241
1247454271093735426
1247434155736141824
1247424441187012609
1247424315005566976
1247238674766606336
1247202656382222337
1247196352720834560
1247176784598138883
1247070188345995264
1246877834443923457
1246849100043243521
1246818900907622405
1246817634299019264
1246816677783896070
1246812865992036355
1246750316458119169
1246750212300865538
1246635435146780673
1246633784847609858
1246632745796800514
1246631915593105409
1246556357752500224
1246553193917681667
1246552321586233347
1246551106219540481
1246548282735616001
1246419379354566656
1246419230892986368
1246412610746146818
1246411510978678785
1246405551115960324
1246399066499670021
1246380366560198658
1246378830580899840
1246174079545196548
1245874812532264966
1245802674592854017
1245802657845043201
1245458378354307072
1245458366954176516
1245457906897649665
1245402322273959936
1245357785790980096
1245339949878202368
1245098450292813831
1245064345630932993
1245050337066704902
1244749244457725956
1244738465977286656
1244735251848585216
1244709340638056449
1244675644392423424
1244619129245650944
1244611680656658432
1244611523747741696
1244610874956021760
1244337222721187842
1244337188126576642
1244333678546780161
1244304951997870081
1244224732888739841
1244224507830841345
1244223302098472961
1244223095138893824
1244213476878417921
1244211166127235072
1244204790797799429
1244027437341708289
1244027249021550593
1244027060928032768
1243951708830674944
1243922066920951809
1243918285130825728
1243910362837254145
1243907454553018368
1243859295525093376
1243834165906341888
1243593078880993282
1243586961408917505
1243586942312333313
1243572562862510080
1243548754340458503
1243543419001192450
1243498021368803329
1243480504550281218
1243479369869377536
1243478783224578051
1243475005876375553
1243309467212660741
1243296734563971078
1243296091816308736
1243295309842845696
1243293494166388737
1243293102439305222
1243292391886532609
1243291754566160385
1243268091263496199
1243241466463506432
1243241451619745792
1243230415151865861
1243230274210725888
1243230216610287617
1243184721212911616
1243183168150216704
1243147586330075136
1243147572434423809
1242886408978804737
1242766990508507136
1242728042088275968
1242725867673006080
1242609191719702532
1242608759987417088
1242607144173789185
1242606606656864257
1242600793947213824
1242597925764694017
1242592605113847809
1242571164893024256
1242568747472257026
1242566673019875331
1242563212299710470
1242562010547654661
1242561331414302721
1242560120535625728
1242558702047068163
1242522165095866369
1242520372249067521
1242520214543183876
1242519659146027009
1242519140939726856
1242518449286512641
1242517943021375488
1242517522466963456
1242517269487521794
1242515159102492675
1242515063845642243
1242514375929454593
1242514039953031175
1242511817060110347
1242446437801172994
1242443377347629056
1242442166728826880
1242234039219687426
1242231100686155776
1242206784770707458
1242201106144509952
1242199303030018054
1242192982251655168
1242192075417944066
1242191679186141189
1242189540640673795
1242170724401512454
1242164292331454464
1242077589155598338
1242073944594821125
1242072217564962816
1241994693791092737
1241821254492934144
1241813262204878853
1241797054512365569
1241795654931922945
1241773887215538176
1241772949062942721
1241764451122130949
1241763042725179392
1241758363551178752
1241755729364684807
1241727595512725507
1241726932489773058
1241726222478032901
1241721347841163266
1241716246858653696
1241698523051065345
1241681575470944257
1241681297145298951
1241680450176921601
1241671576095019008
1241558684280520707
1241555488208236547
1241547753798406160
1241544167672741888
1241541663153164290
1241538284175659008
1241536587634221056
1241512958016081920
1241472962991214592
1241466119283781645
1241449147305267200
1241430521386807297
1241430415560359937
1241392066422284292
1241377250106277890
1241376118730559489
1241163820443357187
1241112979086721025
1241085788269547523
1241085118183284743
1241084361212125184
1241083308672339968
1241082321308090375
1241060577243549696
1241059757466714112
1241046787567292416
1241046666733596672
1241046665341124611
1241046663407566848
1241044232015659010
1241042083030466560
1241035563546882048
1241015967293063171
1241015312256024577
1241007472040648711
1241007027213807618
1241006670676967425
1241006578272276480
1241004158263660544
1240993315375517696
1240993097854660608
1240991190897561601
1240983325646471168
1240982961148825605
1240979080725618688
1240957719168856064
1240957619969363969
1240955730255130624
1240954341772734465
1240772212006817792
1240665111905394688
1240664884582518786
1240628447375962114
1240613527875981313
1240610234990723077
1240609789643763712
1240609500694020096
1240608061129134082
1240356200757297157
1240349234748108802
1240348180757254144
1240347370963054595
1240342792100098049
1240331389423280128
1240291743553159172
1240268301290405888
1240268068707807235
1240267919818477568
1240266817995714560
1240265108212928514
1240265026528849922
1240246917847752704
1240246272315084802
1240245386134126593
1240244876400365568
1240242415006515206
1240239412744720384
1240239316888059904
1240234908116750337
1240234765309091840
1240234736125202432
1240234690067468292
1240234380708253697
1240234010799898624
1240233334757888001
1240232647307255809
1240232127020630016
1240057713469644800
1240056889586733058
1240005969133940743
1239993273713938432
1239991688237649921
1239986197050601476
1239985365135523840
1239957964162768896
1239949593695174656
1239949209882824705
1239948046978482177
1239947939625254912
1239947133194772486
1239886669446352897
1239883309712379904
1239881524188717057
1239879414919421952
1239876298652205058
1239874654682169346
1239873763757391879
1239873051593977858
1239872448759312385
1239686459818479617
1239661959135604736
1239646743043674113
1239539766233911296
1239518155585785868
1239516291339358209
1239335386947751937
1239335367326793728
1239334341790089217
1239325813645938690
1239321686278844422
1239320753893449730
1239306148479741952
1239305692231675904
1239305538439204867
1239297022592782337
1239296360026906627
1239267893780545536
1239240063126560769
1239233886049181696
1239232170771787776
1239229809248567303
1239224328279011330
1239163242204868608
1239163236148264961
1239163224962011139
1239163214547628032
1239146741095686152
1239146665027796993
1238968385020493827
1238956112512253958
1238945246454730752
1238942686427701248
1238792964379459585
1238792959908331520
1238792922318987265
1238780304782917632
1238606521325498369
1238606498760200193
1238606322280607745
1238605445293637634
1238562562691784705
1238549236083499012
1238431974819344384
1238393360542584834
1238260803935047680
1238258717369475072
1238257759583338496
1238253348417044480
1238250427470274560
1238142842184314881
1238137374951059456
1238135691931860992
1238132788622168064
1238131136548782090
1238129858024222726
1238129461406638083
1238129177590628352
1238126421903577089
1238090316118396928
1238086685193371650
1238050136938418176
1238044716765233153
1238042946785677313
1237844505253969927
1237844503622324225
1237844500602482688
1237838579516276738
1237838526336528384
1237833404055420928
1237829479638142976
1237776137113276416
1237762224145543168
1237744672929439745
1237741337421676544
1237740806053801984
1237689710400737281
1237689479042936832
1237398178418307073
1237397478984433669
1237317664973950976
1237135656725463041
1237135626459324417
1237135340856623105
1236936470214164480
1236810150134132737
1236773277961519104
1236773149460647936
1236704277885788162
1236702398984392707
1236701141062295554
1236700164640956425
1236698743447134214
1236697993765621760
1236697902862524418
1236697772356767744
1236696466263019520
1236695015419711489
1236597840065028096
1236597561911320576
1236590753306075136
1236590521918918656
1236587925934088192
1236582035474526208
1236571213000040448
1236570563319078913
1236367160638951427
1236331072889262082
1236249817959018499
1236248917907517440
1236235620781080577
1236230962301874176
1236230472780468224
1236229136202575872
1236089024621797378
1236057868262092800
1235969684278820865
1235961401665114112
1235863933891706883
1235855585599348743
1235855078080167936
1235853379009531905
1235703230484688897
1235656571083866112
1235652392416358400
1235651496424935427
1235647664852631552
1235644724444348416
1235644561378009088
1235596474010013697
1235567010605445121
1235513647243431940
1235361816471113728
1235360227400261633
1235352210873241602
1235348642963361793
1235348346631524352
1235254627160993793
1235248390130339842
1234981859366326274
1234908830913437702
1234903870280798208
1234903509973204995
1234903347573948418
1234870762152042497
1234870541326147584
1234868335063506945
1234866375438544901
1234754324842020865
1234753737220149253
1234606637555445761
1234547112811036672
1234546480163250187
1234545010814656514
1234544980670238721
1234509134734733312
1234502998069567490
1234502702115229696
1234500385269846022
1234473721592766471
1234472672903516160
1234431875076239365
1234431334275338240
1234280306800287749
1234268214835777536
1234268204207398912
1234161991410909184
1234155251718029313
1234117645005443074
1234117604345810944
1234103109158342658
1234101976008450050
1234099465444831234
1234097501613035521
1234097431786262528
1234095770799833088
1234094559136747520
1234092650690752513
1234082301040087041
1234079874794631168
1234063932572217345
1233898236148142081
1233897250247626758
1233889663330537474
1233877123187777544
1233814800196567047
1233803681411280897
1233716231565447168
1233477988127248384
1233465601034792962
1233460483992309761
1233459526810075142
1233347707282042881
1233347414964174848
1233346935903473664
1233346213522616323
1233345825675317248
1233339834724384768
1233336541566599170
1233329218299277312
1232972867228372993
1232969941814562816
1232965434212831237
1232790888155353089
1232788656869593095
1232762278816239618
1232761512806277122
1232621792063295488
1232598407405096961
1232598397565259776
1232586812905984000
1232466803588096000
1232454169035821058
1232449775212978176
1232446484886388737
1232404363693309953
1232362287471742976
1232307726358843392
1232259582132658176
1231875115509592064
1231873908313378816
1231870842247794688
1231869347263479809
1231869310794117120
1231869176593166336
1231853455561633793
1231719017976602624
1231599884471541761
1231555015459950593
1231554832076562432
1231551339500646400
1231540621292310528
1231540615873277954
1231540572030210048
1231540549716451329
1231540540589723650
1231540530196238336
1231539504458145802
1231316729386717186
1231310349435129856
1231298152432590848
1231298125643550722
1231260984335118336
1231260913216479234
1231258378447572992
1231199857299382273
1231199845886693377
1231196703228932097
1231196701979029504
1231196700318060545
1231196699009462274
1231196697705025542
1231196696513843201
1231196695335186432
1231196694043381760
1231196691212181504
1231183238674161665
1231183195800035328
1231179505261305856
1231172724711710720
1230914570996404224
1230894989363773440
1230847272361091072
1230845080161914880
1230831296840159234
1230829075369005057
1230827115886542848
1230822467276546048
1230801840016646144
1230801131674181632
1230798512352309248
1230797989888872448
1230793845367070721
1230793833157451777
1230791127940435969
1230671883328249857
1230663220731490304
1230662659399389185
1230661877744721923
1230660785875144704
1230656780600053760
1230655997590560773
1230654907243429888
1230654322314285062
1230652961757462528
1230652081079492608
1230646319888375809
1230644863873495042
1230639763721478144
1230572920000434176
1230570366554210304
1230462901917540354
1230459932299972608
1230445842525540352
1230445652531961857
1230289311444193281
1230153794278821889
1230114365321420800
1230113969442033665
1230113548971409408
1230111617922273283
1230110472952741889
1230110090012844033
1230109446141071360
1230109140028141575
1230108616310624262
1230107858450165761
1230106966124638208
1230103641178152960
1230102948623110144
1230101807919247360
1230098901228834816
1230095185075458050
1230092787862863872
1230091429126529024
1230090361978179585
1230079305713176576
1230078697027309568
1230077456335372288
1230077088708939777
1230076509068648454
1230073950299926528
1230070589374771200
1230069912581951488
1229918365852078080
1229918124037877767
1229915654578491393
1229914816069996552
1229914582333952000
1229896246858481670
1229874727902158848
1229869469167734785
1229869058977386497
1229864797954596864
1229863737429020673
1229860766704119808
1229851679157293057
1229851479613329414
1229847428930686977
1229838389358317569
1229837692847972353
1229833826219839489
1229833728211529730
1229826496858148866
1229824222215667712
1229822227379605506
1229822032596078598
1229820370959699968
1229817112904032256
1229813259370450944
1229812651645177858
1229812300372156418
1229810854692085762
1229810125298380800
1229809696686645252
1229809118212448256
1229808593731379206
1229764432831578112
1229753302637858816
1229752811090513920
1229748824551383041
1229741493121953794
1229741472322400256
1229741446137368579
1229741433688641541
1229738895434297346
1229734120172982272
1229733830157881346
1229718249291554818
1229717118968586240
1229716016604864512
1229479496484622337
1229478935819358208
1229477548637261830
1229477077600088064
1229475730620395520
1229475350372999168
1229474982100598785
1229473684051681290
1229472094284656645
1229471650036486144
1229470751260102657
1229470657043402754
1229470151931826179
1229469945030901761
1229469713702510595
1229460394193948673
1229460015221813251
1229458845384216576
1229427271641051136
1229409255985381376
1229408730158129153
1229408437194371072
1229402588770115584
1229395819377418242
1229388565349642240
1229387893803753473
1229385535132721152
1229380969737719808
1229374007960621057
1229371550262079490
1229370893459230720
1229352950721646593
1229351316834734080
1229180533013405697
1229109684361211911
1229108034871398409
1229105910607491073
1229103567866339328
1229103513935982593
1229103161056616448
1229014455595474944
1229014375735971841
1229014244420706304
1229013314564427776
1229012850250862592
1228990099997806593
1228989652499083264
1228854991567360008
1228854369967394816
1228846643899981824
1228790749493420032
1228782726574215170
1228774311495979009
1228774038836781056
1228759021697585152
1228757921380622338
1228757748243935232
1228756380347248640
1228756169738641410
1228754770644602880
1228754479840997376
1228748213475254278
1228747970679656449
1228747185342353410
1228746128247738373
1228745922047283200
1228745538679562240
1228745140145094658
1228744660396511241
1228743683031404544
1228743098655703040
1228741590459523078
1228700404856303617
1228693895372066816
1228685605598613505
1228685533573996544
1228684282635411457
1228679565012238336
1228646293179969537
1228431019684089861
1228425858735624192
1228404715756621828
1228403326674403329
1228400435620388864
1228396409122164737
1228391987356803074
1228388132715933708
1228387883624599552
1228387166599995394
1228387061834670080
1228386505997115397
1228372879387090944
1228365608389087235
1228362675836661766
1228360951390404608
1228346123682820096
1228342956345765888
1228318779953815557
1228317837636272128
1228308984735633408
1228307972297809921
1228280466639331328
1228279882481897472
1228279130178883584
1228277907732205569
1228267536153808896
1228108604206723072
1228100427541106699
1228097431834955776
1228097246455050240
1228096333908709376
1227980264799862785
1227979144237142016
1227979139019419656
1227958405228322819
1227956974144409600
1227956780736688130
1227925152274493440
1227904689498460160
1227903993533341696
1227636778410168323
1227605942755364864
1227602819747926024
1227600856771710976
1227598436133982214
1227597010829742081
1227595972085272576
1227588664869388289
1227567688899231744
1227553711276339201
1227553459337035777
1227540046401720320
1227539032613310466
1227516670815678465
1227516540842659840
1227374758733451264
1227367300099080192
1227362517447561216
1227362294075666433
1227359105553178625
1227337789223702531
1227331162768625665
1227329428402921472
1227327103714123776
1227292730910552064
1227275763772219392
1227257472219590658
1227219185291407360
1227176042688917506
1227174560321146880
1227173034680836097
1227161952553705473
1227161868931936257
1227161283511902208
1227010850642374656
1227010168338161666
1227004303711391745
1227003613131821057
1226996031990247424
1226953106526785536
1226952847239020544
1226952706885144576
1226939296231428096
1226931728171896832
1226931255436070913
1226862030839259137
1226857795569553408
1226842642119561216
1226837566055419904
1226810817078865920
1226578138911707136
1226569090896146432
1226511984277049344
1226098696795967488
1226097703391809536
1226093412966948869
1225840467331493890
1225837039431622657
1225806472715603970
1225754419922378756
1225750454459564032
1225749183187079168
1225726064426672130
1225725716525912064
1225725031742922753
1225577932955013120
1225566139385860100
1225490713850392581
1225476071128272902
1225408566695165952
1225397128102629376
1225396696252866561
1225392460823695365
1225367809280049157
1225355517125677062
1225354673684647936
1225338356390879233
1225333998945218560
1225333612217847809
1225332638543699968
1225203812186644485
1225074190740545542
1225034236664713218
1225024725094670336
1225024002713903105
1225023738950955014
1225014007574212608
1225011070810632192
1224992878843383809
1224854788019556356
1224836748028628992
1224755690755018754
1224754946593165320
1224753994876276737
1224753875565137920
1224752984858427392
1224752544372658178
1224752270614679552
1224751449323819027
1224750255591346176
1224745934510227458
1224700912544948231
1224698601789706241
1224698440359272448
1224697192000184322
1224692991811518464
1224692849318514688
