1320146587281203200
1320144807969382406
1305122287146934272
1302684864580399116
1302684327931793408
1302348659967787010
1302348446079254528
1302344760011689986
1302341245830918144
1302340234470985728
1302338659060940800
1302323741280567301
1292231332882534400
1292230967332134912
1292230648212709376
1292225542297722881
1283151179996954624
1279118666227953666
1267173550034751490
1254419326699999232
1254416372639162368
1249039555623292928
1249033492131872769
1249032650712588290
1249030327118561281
1249027048909258753
1249026768490713089
1249026349991432193
1249025896813658112
1249018453106794496
1248236391315767296
1246993109151625218
1237857725347811328
1237405038651289601
1235307764722913283
1235020454378778624
1232889806671224837
1232741128111296514
1228364891721011201
1228153137724317696
1228152066784350209
1228151567486005249
1228151295288233985
1228146634552463362
1228145966617956352
1228145587666792448
1228145431647019009
1228145150439886852
1228002851831648257
1228002163177160711
1227777378392342528
1225634996431409152
1225634694370226184
1225615394901307392
1225615060057325572
1225613804546985985
1225613201905258496
1225612883716976646
1225612688350416899
1225612463036649472
1225611619809583105
1225611272424771585
1225610773814239232
1225123978693480451
1225123918123585541
1225122321461141504
1225121768811175937
1225121184343298049
1224481143845785600
1224480581221863424
1224472371748315136
1224472309030932481
1224472156521758720
1224471521365839873
1224470969378660355
1224470762352005120
1224470440552337409
1224470208674521089
1224469132197974016
1224468977327443968
1224468543137361921
1224468363038068737
1224468321791287296
1224467365364162560
1224466496644096000
1224466408962232322
1224465574220247042
1224464879035305985
1224464712282361863
1224464309608165383
1224463959367045120
1224463496248688642
1224463035235958784
1224435990556622852
1224432715467935744
1224432531002408967
1224432088012574723
1224430314019348480
1224430109064605696
1224429843649060864
1224429551914246144
1224423867344740352
1224422818261209088
1224420721176260608
1224420308360318982
1224419514970001409
1224419223826550790
1224419038048268292
1224417685481689090
1224414742229528576
1224414219254276096
1224413515940843521
1224413167817764864
1224412919724695554
1224412479989649411
1224412163093225480
1224409685438103552
1224408106173652994
1224407009363144705
1224405529616842754
1224405149067681792
1224404013543759872
1224403869108723716
1224403657422184454
1224403182253723653
1224402864409366535
1224390190011121668
1224390026907308034
1224060645584359425
1223843699563618304
1223843404255318017
1223842718453043203
1223842360443969536
1223841949439987712
1223841650142777344
1223841562997727232
1223836637626499072
1223836320704974848
1223835770953371648
1223835346946940930
1223835077475520512
1223830158735482880
1223754111218343936
1223753343387959296
1223753154350796802
1223752401548693504
1222666079299932161
1222665547621511178
1222663759983980544
1222663560947388418
1222663261566521344
1222663085363802113
1222662881826701312
1221952418046521349
1221951867934191616
1221949772074012672
1220933866392866817
1220566105565036545
1220565889168310273
1220565164799471617
1213085498429857794
1212907215880896514
1212906323391721474
1212805037208027138
1212766552195575809
1212530978956156928
1212530522183864322
1212528681240924160
1212071877193224192
1212071783232344065
1209583336957591557
1208946333001932801
1208945888904790016
1207849971980091392
1206465272573517824
1203847916588294144
1203825973776519170
1203825138875154432
1203429317503602695
1202357813172985856
1202068129758797824
1201741702425391104
1201588516364410881
1201438844723314689
1201438165950697472
1201322526447718401
1201320660942897153
1201319285165035520
1201318905668624390
1201284794476384257
1198709818514722817
1197729870907936768
1197729775353249793
1197727103220883456
1197664355766153216
1197636125109698566
1197635844552712193
1197635213263822853
1197634438965977090
1197271071457763329
1197263370124234752
1197262042941591553
1197261977879535625
1197261267427364865
1197213837952520193
1197213574994812930
1197212584635781120
1197212423331229696
1197212035756548100
1197211743874961409
1197211450286194689
1197211293360566279
1197018429267566592
1197017465349459968
1197016943498350592
1196495075238436865
1195812449406128130
1195812341914505216
1195812209584222208
1195770686469484544
1195769072543305728
1195767773676347396
1195766472246738945
1195763866539642880
1195763533356687360
1195763224941080577
1195762833272770566
1191537460213436416
1191536834628739072
1190908284825489409
1189754589052121094
1189754522639458304
1188995961000873985
1188987715603312640
1188987202807750656
1188986870472069121
1188984470604529665
1188984177305313280
1188983323571474432
1188982855931777024
1188982575320240128
1188981799109742592
1184289609758494720
1184288501396836358
1184288211138420736
1184287361259184128
1184286493881315328
1184282930652340224
1184282599918837761
1184282130005803010
1178154695677894656
1175486530443448320
1174932330781167617
1174931522886885376
1174930491201351680
1174890527122173952
1174888570529746944
1171269049319342081
1170074737642483713
1169756800721260544
1167224768287969282
1167219486015012869
1167219200970121218
1167218505466417152
1167218121259835392
1167217917345390593
