1326084539022635008
1326084297665572864
1326083390617968640
1325731909851205632
1325731420623446016
1325730668463058946
1325729666120867840
1325726664949522432
1325116234392723457
1324990666737291267
1324772565546487808
1324766419033100289
1324738620066988033
1324738125940224000
1324726038530682880
1324721748374290432
1324718244138156034
1324395493565165569
1324309843675471872
1324309682844962816
1324277447806758912
1324272982613659650
1324271041393221632
1324264873736368129
1324263540698480641
1323892605650755584
1266948482205548545
1266947676160970752
1265869242785599488
1261328982424686595
1257298126647382016
1233739459436269568
1233739151314259969
1233739151310127104
1232306652663037953
1220672927525265408
1220672434057048064
1220672370077159424
1220672332735238144
1220672318332002309
1220672241869840384
1220672058985607168
1220671165363978240
1220670797896810497
1220670088921042944
1220626907412271105
1220626824230834176
1217024967201579008
1217023697271156739
1217015433867350016
1217015290111807489
1217014903547936768
1217014552413405184
1217013983753846785
1217013430613200896
1216720605807988736
1216380443819270145
1215609535240364032
1215608821508259843
1215608730529587201
1214857078969208833
1214855436505010176
1214845414907662336
1214831774150217728
1214823905006800897
1211187011677126656
1211186990726537216
1211186846941663232
1210970369370345472
1210970307835695104
1210523338348679168
1210505554696835078
1206233760359825408
1206233390120235013
1206182925278031872
1206177606514688003
1206177225130815488
1206176956951285760
1206174820800585729
1206174742148976645
1160601543009193986
1160600087812165632
1159498487773351936
1158604489726681088
1158451399606169602
1120366265132916737
1120361956722872324
1120355649320210434
1120354185197711362
1120352390966730752
1116272474809950210
1106894429875511297
1106881997232848896
1106876640452329476
1106876310096355329
1100319733205950464
1098496064435322880
1098472241501634560
1098467362423037952
1098142139341451264
1060101551098802176
1058041012734570496
1058010619964604417
1058008737271562240
1058007706429083648
1058007638607155201
1058007617048469504
1058007563478884352
1058007498978803712
1057278902035496960
1055354721131626496
1055331500353236992
1054778836292980736
1054628911420649473
1054628550727294976
1052902620673662977
1052883233216425984
1052878028605337602
1052877920576856066
1052847168417980418
1052846989728043008
1052846974200737792
1052304687746179073
1052289525983141888
1052288429524967425
1052279883483807744
1052108606508810240
1052108297292181504
1052107980454400000
1052107705056415744
1052107082214858753
1052104855635017728
1052103605669548032
1052102387702386688
1051994581959626752
1051993965799583744
1051989185643630592
1051743600860680193
1051743002056712193
1050466288814809088
1050463306320756736
1050445353026080768
1050427820692791297
1050426364271022080
1050406016276344839
1050396576215195648
1050392283684724737
1049971482464571394
1049777785177280512
1049772367948451840
1049772238264827904
1049753129623916544
1049737893512646656
1036356521389694977
1035213237556572161
993695523738669056
904183495874023424
899315176259899392
899315112523309056
899250415786741760
899250214669881344
899156064121360384
899155455892738048
899154568071794688
899145403542765568
899144617094000640
899131205685317632
899096745853857792
899049596139208705
899037186280083456
898985438018490368
898971390455492608
898966653169434624
862194687460859904
862194276620419072
862191486867169280
862190042516606976
861817728457261058
861814629491589120
856921890429915136
837988333590478848
829260882513391616
829259709110743040
829257925122211841
829257339047968770
829255419931590657
829254096825831424
829253510415917056
827222646769086464
823937589933551616
823568535020400641
823559638113140741
823558773558022144
823439820995301376
822848482595590144
822502045433274368
822497725790830593
822497453651861505
819063063286411264
816180881538699265
815208847983812609
815206384539049984
815206318499733504
815204882495873028
810473226916728832
810388857904594944
808554173687992320
806913880488222721
806910324242726912
800985845696106496
800650323962400768
800566641134223360
799326146479333376
799225644353626117
798486771910615041
798256886839554048
798255449799737344
797792277754216449
796964855257235456
796961547658502144
796671663714734080
796324975367987201
796324193969111040
796273944114249728
796271617361874944
796268905589129216
796250857578774528
796244391266390016
796244231861866496
796230895887732737
796230879748050946
796215315046813697
796213562326810624
796213493011771392
796213036910518272
796212415272808450
796211992893812736
796211568665133057
796210692835725313
796208688310710274
796206461902843905
796190945515442180
796190934933221376
796190910866259968
796188368635764736
795947345615589377
795893278893715456
795183543118925824
794942965873418240
793854316452851713
793836071574392833
790823072534106112
789676277045362689
789457982765490177
789448561289080833
789448268065361920
789204183068975104
788348957005000704
788346055188328448
788244827972390912
788244075677790208
784464808485629952
782092071700041729
781753555560476676
781741954816172032
781741931655262210
781741890806898688
781741872607858692
781741845961375744
781741833953091584
781738615181287424
781729456939495424
778817969769943040
778813740154130432
777180044250624001
777179938759639040
777179295823257602
776759319165448192
776424867272851456
776424300123336705
776424236311203840
776424219072528384
776424171978969088
776424153456910336
776405551240523776
776046246054158337
776022871659257856
776001474736246784
775980348316409856
771937403737079808
771690253975511044
771314254062452736
771277778285162496
770818772735229952
770818248753442816
770676008563400704
770539390863077376
769854355897978880
769789144864260096
769083812244549632
769082381932367872
768776763631661057
768772645227757568
768770949370023936
768769448325021696
768761342886944768
768760053381857280
768759155918266368
768757902232477696
768757195664199680
768756860593856512
768755630249238528
768755134943944704
768754367436652544
768752696245489664
768751318701858816
768749457966063616
768726599453798400
768725381188841472
768694681735692288
768663671832731648
768421223617273857
766727766117064706
766682839760920576
766682775764213788
766677386993758213
766673138281246720
766659371090776064
766658634084413441
766658601318506496
766655742115999745
766654723021824000
766654159986814976
766653356853067776
766652698141810688
766650152283172864
766648408677486592
766646910073667584
766644269570490368
766644210191720448
766642630230933504
766642321513410560
766628917679489024
763760192517439488
763664004489314304
763654842506211328
763654771265925120
763654177981603840
763654057710018560
763649839162941444
763649504532979712
763649330695856128
763617553629474816
763591137521262593
763400532421664768
763305654371119104
763304484428709888
763293530567614464
763268177614831616
762990160002834432
762950327062659073
762902843439341568
761778247046750208
761777809987698689
761682282465808384
761666313710219264
761663763200090114
761654411105935360
761654387307454464
760933571347394561
760575447524663297
760083181353730048
760081899746385920
759112128175439876
757620735846281217
757427707345068032
755809693914767360
755808863849439234
755807530169798656
755806258075201536
755804780279296001
755460727494807553
754590033248747520
754580870015623168
754579916952330241
754579856143355904
754578697827520512
754347655183097857
754332320824455168
752735273960804352
752734231667826688
752689744811810816
752455873243516928
752455447328743424
752392829847101440
752391956865712128
752390872126386177
752384745129046016
752382897231978497
752381771371646977
752381074739724288
751833179313598465
751827948051828736
751803140635328513
751796439815163904
751789668547657729
751784528604237824
751783927719878656
751783912423260160
751775777155342336
751774997048360960
751773547186491392
751773474444734464
751773464814641157
751415453189365760
751396355650752512
751370796329730048
751368673370177537
751344588112162816
751334188230606848
750971076587429888
750959467630592000
750957672346836993
750955695172886529
750935539390504960
749929286895673345
747013127401840646
746970423770906625
746938696251899904
746936053399953408
746935553560551424
746906100662833152
746895926862745600
746769241060347904
746726413336621056
746699558852263936
746652941826822144
746622841400008705
746346849569742850
746341811011076096
746338683964522496
746317326652481536
746317024096296960
746316986574049281
746316949513183232
746316663520362496
746316065886638080
746313032377245696
746299735523397632
746266169611530240
746260728500391936
746245900876529664
746245824347250688
746245363724656640
746242853546897408
746242281691242496
745977336684765184
745971980436901888
744834595200327680
744225414134960128
743331397528477696
743155117524914176
743024946826379264
741992906991542273
739176498754682880
739175919106023424
738045965907689473
737988068054077440
737967302461796352
737942189871923200
736812562063462401
735763010560483328
735711632102285312
735389316281667584
734774411623030785
734766617058545664
734754295812399105
734591031551856644
734590588834697216
734590441862139904
734559928111771648
733224375818825729
730042422994960384
730036257821229057
729965410318221312
729962153390780416
729961450865893376
729961106010165248
729958607584923648
729958592917295104
729957895631163392
729256818946547712
728504355297611776
726778781810176000
722850905788260353
721338412029059072
720154975976976384
720137404363972609
720134898850394113
718092633004843012
717295682269220864
717286377000271872
708364335328972800
708364199966208004
705442778654883840
705442311132438528
705442103099310081
704366687915798528
704176410097807361
704162876920107008
704160049862713345
704159712326111232
704158599287799808
704131337029083141
704125897729839105
703708836746665986
703708500673822720
703372417805238272
703365042209689602
703352989667500032
703351948599271424
701195199414935552
689183971188588544
688992946595704832
688989748640268288
688987466674651136
688986228356677632
685327393813233664
685291861028700161
684634489566318592
680087971484282880
677517992230539264
675867570285764608
675374519314481152
675371381404528640
675334226917629952
675334122357788672
675334094012682240
675333719373316096
672826743833681921
672555211966291968
672551985674080256
672531750648680448
672530863540826112
672528681403838464
672527540754497536
671533095787601921
670716262935347200
670708701934825473
670706951274274816
670706055282892800
670704454606434304
663407748516855808
663392071022206976
663391016003739650
662863640488488960
661552582754705408
655519292390273024
655518942312681472
655491873360887808
655491861327417344
654881949270413313
654881544281063424
654709573270433792
654654518546661376
654130977346748418
654130313900068864
654128963220996096
654128922276159488
654128565248634880
654127480597409793
654127427199700992
654127316558188544
654127276037029888
654127031517483009
654126612821245952
654126374807040001
654126037777940480
654125856051347456
654125682121945088
654125424105160708
654125263178084352
654124979194363904
654124943467266048
654124739947048961
654124502050304000
654124430386405376
654124214354583552
654123961228333057
654123591689216000
654123538551578624
654123456922054656
654123199148486657
654123185345024000
654123057850765312
654122657974235140
654122198291058689
654120386494353410
654120332262031361
654120016963633152
654119172155310080
654119120812834816
654118509308477440
654118430749126656
654118299941347328
654117155148046336
654117094045392896
654116852487032832
654116171961237504
654116100481937413
654116083675320320
654115920890195968
654115802426249217
654115766242013184
654115619642736640
654114566322946048
654114475734401024
654114173367005186
654114077594263552
654114027979804672
654113917640306688
654113505768030208
654113483513065472
654113034596696064
654112922633928705
654112842921197568
654112724008443904
654112628697112576
654112533448683520
654112503610404864
654110950581227520
654110653611905024
654110633185689600
654110478436827136
654110412930183169
654110360459472897
654110324694614016
654110239000821760
654109629610348544
654109206887444480
654109126956593152
654108716506173441
654108292030025729
654108154876297216
654107032530890752
654106933302005760
654106422695854081
654102548823994368
654102443433656320
654102153057832960
654101127525367808
654099750606651392
654099087914987520
654098847329718272
652638307453681664
652628827194023936
649768026170982400
645798282724294656
645793613662814209
644320562463043584
644317480895270912
644316182682693632
644314441195065344
644313558579331072
644313547636404224
644311792827691008
644216248801345536
632510645498286080
630667599873847297
630660915675795461
630609954475347968
630609605836431360
629603262094639104
629360678135054337
627494372137811968
627044258885677056
626963278678265857
626706450677522432
626703941154123777
626695941483945985
626602799585845248
626395618341076995
626389522679336960
626385533334257664
626022584149151744
626014132676902912
625685961192550401
625611926173683713
625602099334610945
624911759518797824
624882505569562624
624866506883530752
623764121897439232
623464475165786114
623446145017053184
621972150782525440
621674405412732929
621306208691970048
621305215946395648
621275812126298112
621275116043812864
621274178772013056
621271533424521216
621270101635928064
621269713159454720
621269512302637056
621269146068594689
621268263838728192
621256089804210177
621254548590465024
621248010400346114
621247071752818688
621241074133020672
621229334334971904
621229004998115328
621225087316815872
621218492721659904
621218180011196416
620891613615624192
620539449999388672
620534709173420032
620533915254558720
620523985046900736
620519313103917057
620513441753665536
620511622444879872
620510403982811136
620509256119287808
620508593968693248
620507560441876480
620507025022128128
620506461639081987
620505282183979008
620503560699052032
619807333741232132
619194384857341952
619009558590001153
619007907456094208
618729679483047936
618711481949880320
618711036737097728
618710433159995392
618709727757799424
618708850942701568
618708185449263105
618707444621971456
618706709796655104
618680883176824833
618680712288337921
618435801928458240
618427904494440448
618419726029467648
618416792046710784
618416665630347264
618395241054212096
618394455494627328
618393161967075328
618377117491814400
618071379062079488
618069670239666177
618066387957723136
618053282896818176
618041746790813696
618041646576373760
618040013318549504
618023115965136896
618022495677853696
618021963546529792
618020175279882241
618019202331324416
618018225033359360
618004562687885312
618004203298926592
618000946090500096
617988706293579776
617988024106774528
617987692316397568
617987215663214592
617986267129614337
617983638999711744
617983058948427778
617982477286535169
617978941387636736
617955761117761536
616901165830115328
616901024544993280
616899743789133824
616899017427947520
616873896067756032
616873246240079872
616870693683138560
616629536688484352
616619880448593920
616618336302952448
616617910132342785
616581725850734592
616562177676177408
616561305428701184
616553036836548609
616551762686685184
616549463306321921
615874298884927490
615852356366807040
615833214507094017
615832230049374208
615780729834729472
615552520925003776
615532126599917568
615468398915366912
615451971529502720
615431206621024257
615430575172665344
615429919904903168
614778995658264577
614726169053630464
614720367798517761
614523880271560704
614441501976719360
614438829718507520
614438734851780610
614415296221175808
614336498192625664
614329869145497600
614319978016157697
614029189830721537
614026583343435777
614016047511764993
613978782479745028
613315530976460800
613292072741662720
613283897095254017
613282884288249856
613271641028608000
613269476964872192
613269001485979648
613265075793571840
613264044581978116
612994817992228864
612982005198798848
612979806477549569
612879968972869632
612208777425649665
612208526245519360
612206438161592320
612191048006111232
612189295885946880
611838387834589184
611815913596174340
611794806386225152
611791837590753280
611790858329821184
611532319824830464
611486032630972416
611485403737001984
611430386472607744
611430375273820160
611430308076859392
611200186002489344
611102348207730688
611102100026593280
611101288877522944
611094318774812672
611094246351769600
611093500856143872
610802499201576961
610802480671125504
610469604163387392
610469463570264065
610464199496470528
610448099136266241
610410981076766720
610402454803365888
610392572586950656
610382235162652672
610359623053262849
610306521935691777
610306431124832256
610305161458614272
610304622792577024
610158133286055936
610156857336840192
610151241855860736
610123869936967680
608618811260993537
608563541688213504
608534646972768257
608533824058724354
608524246290071552
608502204966707200
607863901087088640
604549996621393921
604544237112193025
604543599871533056
604217839927574528
604006903375482880
603523666207383552
600643605682888705
600155021183946752
599983665859276800
599290550433361920
599165361703890944
598594521652297728
598464396625514496
598025291601051648
598025243328843778
598024427331194880
596681747883892737
596252999544102912
595196725666533376
595142704062836736
595141300191567872
595107251175559168
594933228638633985
594516274224373760
594494153142063105
594220129367433216
594064628528783360
593987951681384448
593839861892718592
593766761222115329
593735508024397824
593735068247429122
593729612225454080
593729030467162112
593728421265473538
593727979194191872
593727851855155203
593723881732472832
593716509802770432
593714175630643200
593714015571816449
593713681151631360
593712783973167105
593712265741799425
593712132228718592
593323601744408576
593323369765863425
593009946112888833
592599952666136576
592589272747618305
591517082535075842
590922357255966720
590822527141679104
590471968098422784
590144666948935680
590112665764122624
589775845260038145
589409811273424896
588967781426593792
588959557696655360
588712405946892289
588711200185126912
588680280753328128
588679448272117761
588565400033492992
588564886126403584
587523474719031297
587145466854318081
587144433256148993
587144138937671681
587143931730604032
585028328135864320
585019817167454209
585019336693157888
584452919035957248
583899659006971904
583898660548640768
583897380610670593
583896991152766976
583894616174243840
583168157025579008
583144775815065600
583143149339471873
582552152779796480
582537260702142464
581066773279059968
581062915706359808
581062899264700418
581061703456022528
581053137747771392
581052787024220161
581052766220484608
581052753092304896
581052492919627776
581052471927160832
581052152874815488
581051545757745152
581048051105566720
581032554624499712
581032050204942337
581032032836280320
581027853237534720
581027224591069185
581027153698955265
581022711314456576
581018924998750208
581018354405679104
581009179210485762
581008670965653504
581005985965166592
581000824827949057
581000184898797568
580999782845407232
580999085169057792
580992352963022848
580992314882961408
580991655152484352
580988278049873921
580988203705843712
580988026832035840
580968635788713984
580928850151936002
580928788894068736
580635238562439168
580628832958451712
580624407401484289
580622659244961792
580612888680861696
580612568890376192
580612422802763776
580607374630748160
580602739597680640
580591554915635200
580309085909716992
580259904155316224
580255440874782720
580255311417585664
580255048980037632
580254924405002241
580249021555429376
580246588561326080
580244331438612481
580244141864398848
580241601089294337
580241566276546561
580241366178918400
580240741932212224
580240677742624769
579994707570262017
579968610019377152
579947256264028160
579726911305175040
578936087973785600
578925946759045122
578921475148673024
578896871214579712
578884722031353857
578835273569546240
578808081993220096
578216135495016448
578099667671482368
578096320210034688
578059389124259840
578058451210756096
578056504978223104
578056413836021760
578055967302021120
578051148499673088
578049382689304576
578046331295387648
577780337935134720
577748423287250945
576257087996444672
576248072851738625
575628450993545216
575546948167536640
575278411439996928
575204669087072256
575204353075601408
575200340548562944
575195384663797760
575193281216151552
575191749661884416
575179960844877824
575179923221970944
575179902476943360
575177859863445504
574286110773243904
572696869563834368
572679923581648896
572651549798756352
572650958808752128
572643147668299776
572379569094701058
572379121382125568
572375193521405952
572366474959929344
572284643812102144
572058925542977536
571934126976073728
571930344154251266
571926877889175552
571926863230070784
571633377373114368
571585419692777472
571585370644602881
571584962534764544
571584370441523201
571584287935315968
571584274270326784
571584199938854912
571259634620592128
571253602959798272
571248874389577728
571247006934376448
571233648403296256
571218955223695361
571217887706247168
571202883854561280
571202573652242432
571199002588246016
571188523321073664
570983719999184898
570978897552117760
570977629475512320
570977235106074624
570937792903061504
570515834717609986
570497332644421632
570495542708408321
570485402693292032
570477367375896576
570444470572838912
570437860358119425
570436830341959681
569402062292652033
569350805540577282
569350148687441922
568826463501185024
568716505224867840
568709667729207296
568704363973062656
568696491851661312
568695348455038976
568691074262114304
568688468278120448
568683559885484032
568648019471503360
568354925610016768
568336697538134016
568314299048787968
568301619521040385
568298066974871552
568273303682437120
568269940026789889
568267834402287617
567986697159335936
567941103338418178
567931470200700928
567387300099678209
567385579210305536
567384597323710465
567378569387462656
567337395528286209
567266939743920129
567196935539265537
567193849114554368
566850097485328384
566844203133460481
566835146892914689
566814362162049025
566682437099343873
566656253242261504
566205667124314112
566167420704800769
566120973242347521
566120920582860800
566095004360122368
565804379928674304
565122473251713024
565092188808167424
565092085984817152
564714169585250304
564651647700172800
564651638745358338
564651630457389058
564491453041102848
564491381452718080
564461136737615873
564456142508535810
564456117070077952
563345908985634817
562676322863165440
562671079932456960
561510382850674688
561438322434646019
561422180068499457
561096527427272707
561092749395382272
560657656902189056
560490649137336321
560391835353219074
560131895317377025
560034077609172994
559951922686210050
559596268117184512
559581557527035904
559432654882234368
558516504635781120
558513790178713600
558511482204221440
556012952117981184
555298396286640129
554506683410444288
554473409225449472
554305782167003136
553505946568105985
552720919425069056
544150488120164352
543326136835399680
542764955615776768
542568470651490305
537945832369029120
534404311279624192
532914298201194497
532908583675895809
532906279191056384
532905684107423744
530445117589815296
530021264568512512
529652214193598464
529599638966247424
529001227283988480
529001191452061696
528980095231209474
528835580533030913
527926323260305408
527393526074445824
527150429931458560
527149305488871424
527148886595342336
527098748816465920
527034788473892865
526348924982796291
526336942330228738
526321190424440832
526013166350630912
526012075697397761
526011630161641472
523393685359054848
522803902110904320
516429128153591809
507146012197023746
506402302085705728
495487643258339328
495486104041050113
495485646962561024
495470445416570881
495469540864565249
495468368925716480
495460691944300545
495460517679341569
495457696984739840
495456872086786048
495456446125858816
495455642300080129
494788007078031361
494787636251209728
494077448267366401
493017166661160960
491931382021488641
491164110470385664
490134004885368832
488999102420496384
488740825250033664
486839792554876928
484773621928558592
468127976002179072
468127745416134656
468124064570417152
467843547065241600
467810326827008001
467809710419484672
467442439209635840
467423062246580224
467421251884294145
467418769019928577
467418694814298113
467416517576237057
467416005434933248
467415740476567552
467415451921027073
467328430678495232
467327082352353280
467284188283281408
467283934435606529
467283369890701312
467282371554066432
467169866425040896
467168465816920064
467167983258075136
467167754655924224
467167653606727681
467167568248442881
467167332247568384
467167145424846849
467166001038360576
467165365597114368
467165194482106368
467164796065181696
467164660874350592
467164030566952960
467160471112810496
467160147086028800
467159309240266752
467159285286567936
467159264218583042
467159148862664704
467159089160945666
467154967204483072
467153827796635648
467153211003248640
467150410663624704
467150123064373248
467149216759152641
467148968729010176
467148621356740608
467148425734410240
467148359443427329
467148001757388800
467145764725342208
467145421480288257
467145209063964672
467144993761935361
467144947813335040
467142826447605760
467142794419920900
467136463159975936
467135703676379136
467131670349750272
467128842675838976
467124481895702528
467120401873899520
467119918862065664
466784312323764224
466783918411481089
466783689553088512
465348641528766464
463821118965436416
463350021321011202
463288555935391744
462905009173045248
462583095599058944
462464776913043456
462318012876345344
461915250451689472
461876443044409344
461772082146455552
461771704822272000
461765381322207232
461765146633711616
461764181482430464
461763625619701760
461530644678316032
461511488310497281
461511313433194496
461509945058267136
461509385684930561
461502479226503168
461478200128716800
461477837585670144
461476905166729216
461165978098106368
461074502248452096
461057109161832448
460819265054994432
460816555643633664
460816346402406400
460813492820267008
460778906086154241
460776982821625857
460775567084617728
460775539154776064
460775501309558784
460773508226629632
460769690696957954
460769347221192704
460413617817391104
460153845826334721
460153417705336832
460151911270719488
458976656351584256
458926912962719744
458573494968516608
458573444569767936
458573395278303232
457507730433925120
457434384354656257
457429294361227264
457428594185080832
457426662913626112
457426631905140736
457426510438080512
457425680007852033
457417321368145920
457144512171606016
457142154872115200
456745301458436096
456745288372199424
456745059447107585
456715950406897664
456709119219482624
456675792223600641
456675747193556992
456669457373339648
456393249863634945
456365055269818368
456363745153785856
456045911110459392
455980241618341888
455979916031311873
454924043682975745
454204626053509120
454204285773824000
454179757739876352
454179331099484160
454175677474820096
454173084199567360
454172782486487041
454171823152713729
453906832730255360
453905206435000321
453887392777138176
453873352923283456
453859847390253056
453859708915302400
453859177668960256
453855444826476544
452458450145267712
451637927374635009
451306490653986817
451263732245491712
451253290274025472
451252125184454656
451251369995816960
451249130979868672
451248910317531136
451244555229081601
451243985952985088
451030348818706432
451005506648174592
451005013670625281
450946750216290304
450652029069709312
450604759884394496
450561153299513344
449980459405963265
449819080157978624
448777742645878784
448711816902742016
448710824605921280
448502515617652736
448502040621117440
448469805092585472
447733237285412864
447637664590618624
447636519050702848
447635483321839616
447633943613820928
447618749621731328
447618175673171969
446996455228985344
446929740792745985
446615066234736640
446582608680325120
446582325128613889
446582307831283712
446581999218593792
441972952867672064
441921788620967936
441287660221390848
441200025360547840
439809512229593089
439732483148353537
439722052602183680
439670365204135936
439403185745047552
439350609842405376
438733725304504320
438594885541580802
438558403502166016
438310477693599744
437955621480972289
436149951702110209
436108349059248128
436036004219060225
434360392765407232
434359707302916096
434290756853837826
434253071154036736
433881074158956544
432862594487971840
431481753870807040
431480208500486145
431479405123477504
431361195795156992
431336785562464258
431061595989356544
430793991815053312
430715936086040576
430715183380459520
430713923675750400
430708611556184064
430708032670941184
430705668396298240
430676466947207168
430597914109304832
430597501247176704
430597185697087489
430366428529586176
430276400642129920
430261108503355392
429546168876826624
429353070783234048
429278603067813888
429185821560676352
429184967273242624
429102673972187136
428968262278582272
428455770946940928
428455156707893248
428451628157386752
428419012356087808
428211302348374017
427870708492816384
427792315235590144
427779616191692800
427772803832479744
427771152438546432
427734597263048704
427104176619786240
426394944144556033
426394718373572608
426311721804787712
426311023088267264
424619479755010048
423790102171504640
423789876404690944
423034908106182656
421664246112727040
421263830690181120
421009944725700608
420951547187453952
420950836789792768
420949050494439424
420949015102885889
420940479690072064
420853775285235712
420446762235490304
420446701980110848
420435021212573696
419890977000538112
419001465185636352
418819595219136512
418819477447249920
418815739886198784
418813767942537216
418812106960433152
418810675104727040
418807819521884161
418804415785467904
418803990919274497
418803365624020992
418802700550025216
418802675203837952
418796308090990592
418796245490999296
418784968362307589
418781166368325632
418776047098667008
418773655556849665
418010512744402944
417961614537535488
417946672291799041
417938764137132032
417928892012171264
416454242568650752
416282956294922240
415451149311827968
414998852999987200
414078955465879552
414076171664367616
414075818499768322
414075604955181056
414074638537220096
414074126827925504
414071090642575360
413975510515855360
413973433081282561
413940060229087232
413935761444982785
413927425764904961
413688913434144768
413688124137431040
413687506207383553
413545305636761600
413235782535483393
413227241049321472
413226945053093889
413226548099944448
412616229266800640
412612639206809600
412611831518097410
412611335344496640
412610834490089474
412580868780072960
412580480018432001
412577126634618881
412143851185250304
412138896462323712
411764397179015168
411763952083668992
411763739747041280
411763524021395456
411763158366167040
411762806166269952
411389557381152768
411001252755947521
410998473618518017
410694956940922880
410690510068527104
410690497418493952
410689620397924352
410686440834465792
410660267144388608
410345030616743936
409779505163554816
409776629800374272
409535864688349184
409201855059603456
408884805451780096
408255234545172480
408160686045278209
408105642209976320
408104231510368256
407903964978376704
407808147340787712
407793552622510081
407791523586011137
407688549811486720
407686080389849088
407522871552921600
407428200491282432
407191725560442880
406784931168124928
406780441559982081
406359165255172097
406356600434065408
406355644556382209
406036479480041472
406032394102120448
406027079730225154
406023705869832193
406022802949419008
406021622756167680
406021239229018112
406008669122228224
405662214184382464
405616838379196416
405591809444696065
405575664582922240
405573090949615616
405566110168129536
405564321939214336
405410367976644608
405403115320397824
405376760033714176
405344518217547777
405344305927028736
405344213824331776
405342878001414145
405342363473567745
405342267193323520
405341976037306368
405341499597930497
405340911858511874
405340667460587520
405336404286128128
405336238367842305
405335600456138752
405335549583429633
405322623074054144
405230230794936320
405229931686150144
405202551328362497
405054014867259392
405047631715377152
405044818532782080
405044601855029248
405042833888788481
405041245392613376
405040245793501185
405037469600456704
404984192452145153
404677093906067456
404166917063057408
404165384539893760
404164833982963712
404164266132918272
403998002047492096
403969128341327872
403969047080878080
403968588400173057
403541379084591104
403504760172449792
403504684150697984
403503070912323584
403492485227237376
403489291214393344
403488444778692608
403484501239554048
403483527930339328
403482698074697729
403482020765904896
403481448943861760
403478025993330688
403405577570619392
403259906385379328
403233913574678528
403233480651595776
403211445954809856
403211301687541760
403203870802735104
403198645438144512
403185721092997121
403179649594695682
403175294929862657
403146300129964033
403145449176981504
403140961401729025
403064158125436929
403058797146435584
403056969474252800
402840059751043072
402837028938584064
402834287809941504
402813016338493440
402533012824268800
402532883174154240
402530889759862786
402427701522214912
402425933182668801
402369627520368640
402347814740430848
402347586809380864
402346001567985664
402345698240126976
402345363190722560
402345113055006721
402294277901807616
402161211615088640
402160169670291456
402137988169089024
400707650209320960
400702012087488513
400701996228829184
400701979275427840
400696239265554432
400653696402341889
400653389740007424
400638459259265024
400293732890595328
399993793530703872
399973307912433664
399895481167253504
399894147164667905
399886689222406144
399886571148562433
399886095455776768
398785696162267136
398778149682421760
398773337754583040
398771655788343297
398766963851149315
398119430191714304
398024014427213824
398001326178582528
395847809938649088
395839175531839488
395633115483230208
395529198921457665
395242305675722753
395240279331979264
395238686289186816
395222350611767297
395222082121764864
395221459250847744
394868453753888768
394863951780921344
394737690517590016
394538683467960320
394216594731057153
394216375117307905
393794792376655872
393794179936964608
393778733934342144
393441870019174400
393341397647892480
393315136464633856
393302592102465536
393302427937423360
393041038429786112
393006231557648384
392982100166443008
392981537492189184
392961129732775936
392958789818658816
392955182230687744
392682169971138560
392681879955992576
392681857101209600
392681840697307136
392681802529124352
392681785353461760
392681765631836161
392681733784473600
392681714834604032
392681699844182016
392299853079773184
392266284248748032
392265926747250688
392265324860416000
392259584380772352
392010811146657792
392007168544612352
391887559594225664
391884103626141696
391301579837415424
391175236676096000
390845557435928578
390544924543688704
390518718968504320
390502954614005760
390501662864834561
390488532281602048
390487596964405248
390484372979085312
390470032678866946
390468325978808320
390460745407660033
390459973332791296
390404820906938368
390403334575620096
390165752130437120
390162568464969728
390162367503273984
390160124435644416
390128931669434368
390128237948321792
390126290642014208
390104864077774848
389779663637061632
389779341313179648
389778109307695105
389777588744237056
389139602348318720
389135438062960640
388766684330221568
388765107137691648
388764639661551616
388763808430161920
388761011492114432
388760757074010112
388760717098102784
388760493407477761
388760206370275328
388392820307791872
388331081600368640
388266132395655168
388265829109743616
388265490147061760
388264888281231360
388218940272279552
388188008211431424
388008266489274369
387995376591966208
387992263449513984
387991842530156544
387991588703440896
387990815605137408
387990535123632128
387950632713195520
387923924618465280
387923045286821889
387922987300569088
387921855249518593
387921702245519361
387921691629723649
387921495944474624
387921166775504897
387920894229635072
387920400291622914
387920356456935425
387620971592417281
387614710842945536
387610485245218816
387608859612692480
387601537062563840
387562875218178049
387264848469323777
387155077661609984
387148484031152128
386547653644808192
386249164146737152
386229335587180544
386203285159309312
385854592241504256
385768080103571456
385740822995431424
385731936028602368
385727012347731969
385432416438870017
385420534827057153
385376906041753600
385321055985729536
384713731373940736
384675888698126336
384655224708685825
384572973492862976
384389736829173760
383945298189381632
383286628459900928
383182776633397248
383163294598451200
383161087111094272
383160927756898304
383160159641407489
382782810928345088
382491284721508352
382444154438942720
382086634914607105
381885890181603328
381859205214265344
381858940754997249
381856401343008768
381852722200186880
381847653966807040
381832121238556673
381817623203164161
381816961765613568
381504970937217024
381163877855006720
380938436342845440
380937914558853120
380774707156377600
380772297197383680
380771686578016256
380767123900882944
380746170705793024
380745208649879552
380319483308408832
380046799718719488
380046228907511808
379998984455987200
379997870109122561
379993854444703744
379992457686945794
379989308410560513
379678964899274752
379676461646360576
379674509113978880
379671514842279936
379596296681558017
379595315910680578
379566123600990208
379565309041987584
379060400601321472
379039009085063168
378800410045075456
378786165689561088
378784390270054401
378783384610148353
378779798098550784
378778621407526912
378769700223590401
378607197371899904
378606836741443584
378605311914827776
378605240003469312
378600993463607296
378600116237520898
378598960220221440
378587293256142848
378571365890424832
377822565286154241
377719726337568768
377462006451695616
377460905631416320
377458073020821504
377457532832206848
377435677685583873
377415168604381184
377388320084344832
377092248170541056
377014477650006016
377013531226275841
376756681016741888
376662367037181953
376636173466083328
376369422358691840
376352937842192384
376348669399666688
375951863742353408
375950262680039425
375947894659903488
375899716640194560
375899169178664960
375898875636113408
375592790878461952
375577189254590464
375291057270816768
375212965173022720
375179685224652800
375179546535817216
375179280801464320
375178301704118272
374908326728843264
374908156846960641
374907441382576131
374404360710520832
374160227181920256
373440162405306368
372747848883769345
372746852170362881
372744480165593088
372741384551157760
372740937618690049
372740924318547968
372738698124599296
372685205695250432
372659564358807552
372601673794875392
372600129871564800
372598907760410624
372598658908188672
372598035139686400
372597812967383040
372597518808276992
372395605240193024
372350478488580097
372349546371612672
372349126488252416
372348776737816576
372331291758190593
372326990868512768
372311261964271616
372286602485063682
372281782776778754
372059874483396608
372059442302287872
372033918091804672
372021177658916864
372020316815781888
371684080850448384
371653225683759105
371350917620043776
370935270033457152
370921925142269952
370848122722734080
370485674215866368
370237653980938240
370235820860395520
370235761842348034
370235705714176000
370230536410632192
370229433430310912
370215795735142400
370173560255311873
370101453743853568
370100158618300416
370096699089231873
369836917283512320
369836419126018048
369835247791140866
369833930406391808
369830323699191809
369818966660636673
369392926121414656
368600326204452865
368308843987890176
367470561179746304
367468043473289216
367466530982072320
367352463801581568
367352402749296640
367259434809950209
367185562165190656
366648975232741376
365495396400762880
365162138358124544
365091090363187202
365090329713573888
365088867872808962
365087940994547712
364827542936489985
364680410321534978
364678839282040832
363945449306066946
363616349056020481
362949445022781440
362609712124010497
361929585891356673
361928009122447360
361927832219291648
361833409590464512
361832900804620290
361449191098171392
361441812960911361
361441169776975873
361395489779875840
360745561634258944
360707172662919169
360705931199266817
360705830796017664
360647481450692610
360510951595839488
360378506254888961
360377165449150466
360363986698506240
360363962648371201
360051443966812161
359937654348984321
359708588962353154
359199551132930048
358567120478547970
358565327967223808
358253119852920832
358252196204261376
357840827583696897
357839668894642177
357797130720657408
357797033475719169
357792311507300353
357525236301832193
357484750946054144
357433607251427328
357170332139917313
357146144205312001
356751750620917760
356751360013770753
356532701639081984
356530353260867585
356427888901373953
356422418627182593
356420820035313664
356305948031193088
356047904982581250
356025198161567746
356020457159409664
355629083847163904
355001779773124609
354898825195950080
354840065119223808
354662694529400832
354635387114758145
354607787680079873
354604240485875713
354595940314783744
354595897159581696
354595778993471488
354593755862536192
354592067101540352
354591547485978624
354590705919868928
354589996390420480
354589775719698436
354589626591232002
354587426515206144
354586422633701377
354582240149241859
354317802183725057
354269536352079872
354269479728988160
354265980026892290
354265841916846080
354265431332233217
354260372515061761
354242191545212929
354190412136714240
354168468674854912
354167717147852800
354166247665057792
354165741177683968
354164238408888320
354163538744451072
354163253032660992
354162924673179648
354162686222811137
354162246731038720
354162021450776576
354162005592121344
354161982208868352
354161970871676928
354161959941312513
354160133271588864
354159441064624130
354158704309964800
354157164866191360
353843782879412225
353209118015754240
353171903696998400
353098418069053441
353094204043440128
353093884441657344
353093223008309249
352353303956422657
352332412006572032
352325250983276544
352133498523500547
352133462670581763
352133367019479040
352025295601152000
352013026469220352
352012717114142720
352000195799687168
351999675571777536
351993753004802048
351978255194140672
351978162223198209
351965738795405312
351962767303000065
351962273138491392
351962032976834561
351962021299879936
351961311116144640
351933704295297025
351778741996896257
351692405747089408
351687653667778561
351685513192812545
351685214386405377
351634445767426048
351634105013764096
351633816206585856
351633526812196864
351632959993946112
351632130897477632
351631982926639104
351429280070254594
351428091236720640
351428030993936388
351318508480638977
350920155364208640
350905646834659328
350905231221080066
350899039170084864
350579295544025088
350323261676060675
350322746661670913
350223774160920577
350222648942395393
350221692997599232
350177009101586433
349955724551528450
349846041497042944
349825787140120576
349823072309747713
349822387786752002
349821350006894592
349812961784774656
349803550987137024
349803089647251457
349430537707986944
349286266002604032
349266449409376257
349265822415454213
349213863213940739
349213777176178689
349213632120356864
349213541980569602
349213343703244800
349210100520595457
348395910868385792
348133745464856576
348132431699771393
348124780974702593
347982704689688576
347981773357068288
347636972761792513
347621612268445696
347338749581078528
346182378433163265
345449507963674624
345163378379083776
344824214559264768
344824037018578945
344776680398807042
344397894360649728
344336394497449984
344201838503006209
344176014500454400
344112228288573440
344055311344230401
344004110477058048
343821440233127936
343775780028956673
343695504259031040
343358800402739201
343342404365066240
343341491797774337
343040556898861057
342937922972053505
342670429439270912
342632539107782656
342621715106512897
342621618729779200
342620156381503488
342618705215250432
342618111146590208
342617544999452673
342617436069167106
342616962851012608
342616895175929857
342613469868199937
342613378314956800
342613138807603200
342611566576934912
342610431174668288
342609158325030912
342608821123956736
342608776886632449
342306211020034048
342222127568662529
342198715668377600
342184310822019072
342184045163192320
342160014825369600
341887105707962369
341846352315170816
341846231431122944
341845632971075585
341811173022396416
341805903076536322
341803499312513024
341802516209606656
341625239547035648
341624967915520001
341499439590031360
341498856065867778
341498697860911104
340895272186032128
340835291059322880
340417428884443136
340407707859312641
340404079903789056
340397511896346624
340396604420935680
340370290020319233
340320667029368832
340046169235415041
340025023836340224
339816916824760321
339816079243218944
339756898565885952
339654826981994497
339644215279640576
339390398759849986
339330656003829760
339323112380313600
339322745684889600
339278189559951361
339268753982386176
339257133176586240
339016199784497153
338954899276570624
338954221284110336
338936508713152513
338936308099596288
338935662860443648
338934643560677376
338920941750984704
338920196561580035
338854530043219968
338282484032753665
338271560429342720
338271313347108865
338270949021466624
337964301350481920
337944666953621504
337944083827945473
337943032160722944
337942579205271552
337940076120129536
337906301675917313
337896362307878913
337896068689825792
337880773703122944
337856214614540288
337848540095193088
337848081208971264
337649411213631488
337646138788298752
337558776917929985
337557558288064512
337555016690827264
337542439252410370
337541862183297024
337286742153510912
337286171086442497
337285536060428288
337283587525201920
337279971536027648
337279330973519872
337173988516179968
337140355352915968
337134674784702465
337130137877368832
337125142700388352
337094200661258240
336901957782499329
336892932940513280
336892127986458625
336873102946467841
336858331400531968
336848205331447808
336844287293681664
336793971923771395
336788243653738496
336783756755075073
336410424012574720
336409733797933056
336407524997738496
336407307585982464
336405335306801152
336402825443696640
336374336921415681
336161281457389570
336135481127481345
336132899076202496
336037606171222016
335765171253432322
335763074306936833
335661787414401024
335659474230587394
335466872420061184
335465826423537664
335110202699440129
334991326305214464
334990101878800385
334988391332581378
334987925899067392
334986429623066624
334986219840757760
334752055908528128
334696772498755585
334593673952124928
334438147708559361
334384604830121984
334382465273700352
334380099656892419
334371446426071041
334304325591502848
334303839224201216
334280441731350528
334211883844399104
334028015023583233
334026523180924928
334025577512177665
334025072991948802
334024582744915968
334023232384540672
333929262098825217
333928996330934275
333927900661313538
333925271629606913
333923802272636928
333913150346907648
333907357732052993
333906880466386944
333897365738119168
333894995901812736
333597242755776512
333530787288842241
333526205158543360
333515638498816001
333343603587948544
333342146792931328
333341423644573697
333339094727925761
333228212182188033
333137110011871232
332828694068461568
332826979311165441
332773009142198272
332541007990235138
332456994428559361
332456536280530944
332456370756521986
332455132430221312
332454855434194945
332428176779247616
332199921480507392
332183175008755713
332182525357203456
332182056081698816
332158609465167872
332123869571858432
332110434922549249
332083943245504512
332056162981781504
331831659215323136
331752712209321984
331701077277818881
331700869097717760
331700529958895616
331681757176930304
331533665643425792
331512637215088640
331444690887000064
331349517179944960
331349444706578432
331311839747117056
330584713792221184
330408931396550658
330407818584793089
330404718067212288
330403656140742656
330401513765752832
330401037481549826
330216585442775041
330069388130656258
330038502710452224
329982458890178560
329924024668942336
329917487800008704
329881035649216512
329619859304501249
329523989942775808
329505396672835585
329495474484678656
329230647392608257
329194224832610304
329188615982821376
329129702130339841
329129517861961728
328946654562635777
328933445663330304
328925794703405057
328923511747911681
328792158977024000
328587091338477568
327757655781281792
327702069718958080
327510603583340545
327510552949694466
327510171481939968
327509814655721472
327463345340956672
327134034121601024
327133132195250181
326699227235356672
326610097927225344
326433740559618048
326398094570815490
326394497711886337
326387857633734656
326342267302445056
326287591068532736
326276713438916609
326276265453699072
326276189499035650
326253260954546177
325691038918397952
325661353324998656
325579563679772672
325579004058955776
325578356697481216
325577924042428417
324581437888143360
324533263190351872
324518637518086144
324509338158911489
324508775174262784
324222435366928384
324157931933270017
324123814436929536
324121255517237248
324119776874098688
324118861291089921
324118453898317825
324112915496062976
315911758323781634
315909077085609986
303900677409734657
299500484409053184
295566168922656769
295561113150554112
293021249611911168
293017232181714944
292636434991575040
292630861801725953
292627540915400704
292622577933893632
292240005286490112
288028450172846080
287661502188646400
287550100312567808
287549902991552512
287548581269868544
287547920163667968
287546510277754880
287545970202406913
286935878528540672
286926007926128642
286918173276663809
286492060436021248
286491216571416576
285731935345598464
285273704185868288
285256284905828352
285126458999967745
285056465511804931
284954596546342912
284950448086077440
284949766494887936
284601363881660416
284571408141541376
282156427240419329
280973211963912192
280964836433735680
279266343012937729
266016476543193089
266014756295569408
266014347791323138
266012702202294272
266012560510300160
266011298171609088
265838969445556224
250901342661509120
246716945615958017
246716606259011584
208456550556237824
205543881209683968
205538673477951488
190172725887762433
190172089255342083
190171700539822080
190171109478498304
190157721310478339
187203051206098944
187198857778700288
187193792355516416
186558720128454659
186349315139190785
185439267504398336
185349081944698880
185044502925414400
185014918779641857
184929176577519617
183972232123523073
183819143684947968
183789953162035200
183402426752184320
183400248624955393
183364075944820736
183282302770622464
183269979620261888
183268538910380032
183268193274560513
183267991159443456
183267332196544512
183267046384074752
183266582552776704
183265919546564609
183180812424986624
183164337630871552
183155254391615488
183152386045517824
183149000495595520
183135162144534528
183134130186358784
183130383347494912
183129422847684608
183129184829321216
183127997308616704
183078460837740546
183062975320567809
182803770860765184
182760300469161986
182182371158794240
182162320993169408
182132708326113280
182074285270122496
182016317359001601
180214506541154304
180201126593961985
180188961594019840
180188318598836225
179994166154104832
179993650959351808
179992472632565760
179926216579612672
179846953474068480
179198805940510721
179166733897170944
179115726651654145
178589504305774592
178589409841655808
178533154984964097
178532526233620480
178517744566804480
178517302583640066
178364799854452737
178070621383692288
178070218273337345
177401191133741056
177306475910283265
177304816060612608
177113973982904320
177017955115212800
176731515034669057
176655677031325696
176339970225737730
176339181952446464
176338656859127810
175777042510516224
175775516731781120
175774878752972800
175577949431533568
175577073975427072
175568848425205762
175510124801171456
175482430730407936
175456406747619328
175451546501398528
175416872307666944
175273542512934914
175272442317651969
175268253927608320
175266453338079236
175266341949943808
175265246003462144
175264612369956865
175263918715961347
175263103775277056
175195173922422784
175194101833150464
175194047554658304
175193862321602560
175193486738460672
175193342009819137
175115143892566016
175114651477094400
175098216314966016
175091603986321408
175091367305953280
175090840572661760
175090728375033857
175077799990800385
175052867391066114
175050041214500865
175049435020144641
174931467930054656
174903811951968257
174865976402259970
174861961727709184
174857557201006592
174797992992313344
174793954900979712
174793389026451456
174770221830250497
174769272541810689
174419245218795520
174410440598765569
174404755148390400
174404479888785408
174359636999282688
174186617093890049
174182243248521216
174173849129197568
174173595109572608
174144731725565952
173427736612831232
173423762346225666
173423450109644800
173422515048288257
173422134146768896
172961193005301760
172940437907181569
172926103109910528
172891272959365120
172882904551133184
172867417515634690
171921762278322176
171619973549142016
171600740274548736
171586698545868800
171552312865730560
171434522754301952
170769863705505792
170537529056034816
170534972669706241
170534671459950593
170532549867741184
170495457842315264
170420094453813248
170403806901841920
170403742284394496
170397108996812800
170396930776637440
170396451371884544
170369879894003712
170349284179443712
170219934318727169
170219663303770114
170194816842481666
170007039383322624
169841912017207296
169823612650520576
169822892928929792
169822641971150848
169810806660272128
169804991568162816
169803149773783041
169797353593769984
169796957282381825
169792408484196352
169774862557126657
169704312270884865
169701107935887360
169687151909412864
169681217602584576
169679930869821440
169679599620456448
169678981531058176
169411462136217600
169042031426011139
169026578066579456
169024975334948865
168582705347444736
168386199252254720
168385170586611713
168380017510858752
168379597413556225
168379030259769345
168377934837592064
167973884702892033
167928302433075200
167878067165995008
167875088341938176
167874730098044928
167874591765708801
167874059793739777
167666554832560128
167484029275357185
167482692546473984
167177650891276288
167110600986591233
167110465145679874
166871622735773698
166803389819269120
166794212241711104
166789705415925760
166770282881757184
166764973354258432
166597276402323458
166591716013510656
166588782412435457
166586714612170755
166581910619951104
166484108623622144
166469086035980288
166468675510087680
166468490318970881
166389802059579393
165360200818241536
165341347048460289
165337286618259458
165337029889101825
165036324749967360
165030092727263233
165030063048372224
165029747854819329
164948080901357568
164945028492439552
164753079361744896
164749034202988544
164668677969543168
164662383250391040
164661751135207424
164652113404768256
164646143815467008
164636151402086401
164634310371065856
164634051251150848
164631790223507456
164623893477343232
163907048382275584
163906249161850880
162775778134724609
162127890866110465
162125813385400320
162125773338189825
162066095753269248
161715969998323712
161332188015636480
161320858076459008
161319387863855104
161318694318915584
161306672910962688
160663821470531584
160617506485178368
160614025925894144
160612837323051008
160280841539436544
159234298698928128
158108714220519424
141254034744020992
136537402511601664
136148486306529280
135776955214737409
135776824620875776
135776634807656448
135776517828517888
134999026784415749
132476816597319680
132360772515934208
132360087825166336
132189970692706304
132170450615808000
132169968631549952
131434792221802496
129970237490724864
129963841231654913
129962589206753280
129962131989872641
129961574482972674
129960211027988482
129959250268139520
129958351877574657
129437190538280960
127756390948286464
126221254096191488
125248078818193408
124901979376979968
124883463420657665
124868971257278465
124868890068140032
124864833727373312
124553134189191168
124494332723077121
123229944502423552
122346063146393601
122345789740679168
122342534096756736
119232531198525440
119199695045267456
119196344652013568
119154550677577728
119144830273191937
119144661800583168
119144099243765760
116048332870266881
115930874423410689
115928950852694016
115928877724995585
103725512618287104
103725141258813440
103725056802299904
103724707051880449
101895983545335808
101359320163295232
101357063199920129
100801914786168832
100799916607152128
100717809985781760
100715770811645953
95375193970704384
95233944164896769
95226998930145280
95209635207852033
95209380156420096
95208505669201920
95064316486746112
94667620598550528
94667322580676609
94578421476237312
94550781059022848
94546428860440576
94545569661456384
94544221561827329
93588361725493249
91756058867015680
91754336643854336
88974803851165696
88974292167041024
87584234155413504
87584065926078464
86934343162937344
86934055098130432
86930528179204096
86912819878047744
86911249555800064
86909503731281922
86906384121212928
86906219519942656
72874653001064449
72428837044092929
72428676834279424
69647399768948736
69646684744982528
69646432088498176
68859446478127106
68859306317053952
68795569711218688
68795498819092480
68794478529495040
68531483568115712
67684580576075776
67402945532141569
67137419899711488
66992404556812288
66559968916144129
66358307027296257
66357374482522112
66357065114849280
66222111198416896
65665725976690690
65645703233409025
65644993913700352
65643397775503361
65641150047985664
65639604874780672
65638912747507713
65638162558496768
65615814845415424
65604300512034816
65603285364637696
65603157585170432
65591945279442944
65587375107088384
65585149135425537
65575621102800897
65575375136227328
65550659533012992
65549440299180032
65549273781112832
65547970103361536
65547148820881408
65545885328752641
65518102229692417
65106394394791936
65085601308872704
65084358796644354
64934258795483137
64934223882100736
64931410661740546
64930435163099136
64928855672107008
64928371255160832
64926088815591424
64925769473851392
64924388847403008
64924341577592832
64924093782302720
64923660967874560
64922937651773440
64922871453065216
64922614652608513
64921990959599617
64917043966779392
64916643813404672
64916458198671360
64914857044099072
64914781051691008
64912174052675584
64911392834195456
64910985378545664
64910923218956288
64910903438614528
64910875173191680
64910849810243584
64910146370945024
64909803444633600
64909663774310400
64907254935203840
64906969512808449
64905461052342272
64904939297710080
64904303898394625
64903675151269888
64901043212914688
64898823054561281
64897994067156994
64897806720172034
64897560606818305
64897393874845696
64897171471867904
64895720230096899
64895674587680768
64895170461704195
64894821990543360
64894684769689600
64894007465082880
64893917090426880
64893730229989376
64893175390683136
64892935866548226
64892843579277312
64892748238557184
64891956219744256
64889788418883584
64889697905807360
64889368271273984
64888866783506432
64888503074422784
64888364230389761
64888021710942208
64886358006693889
64886015000711168
64530784232546306
64046724670439424
64046572001959937
63831242239512576
63797642169290752
63783939533320192
63776775850831872
63776397398786048
63725667317071872
63694518695886848
63684786329362432
63644807884574720
63452817268023296
62426777238241280
62426594886692864
62426457992986624
62425951883112448
62321980208197632
62314565840551936
62314254967111680
62312781352943616
62293274555191296
62293201012264960
62293024033607680
62292922472726528
62065842078228481
62065266372255744
61959563372535808
61958935132897280
60983538815737856
60979481246052352
60942625783558145
60527302643163136
60527268690276353
60445145828556800
59857862217826304
59850731531931648
59850249585430528
59704296446500864
59688801559248896
59660963036672001
59490183963348993
59484444410654720
59484323891523584
59169163758944256
59168113236787200
59167764803362818
59167382047952896
59158703135404032
59063354265841664
58988186566799360
58966562538917888
58792089219112960
58791031373692929
58790349472153600
58789530043555840
58789406114455552
58779841830469632
58772869848641536
58767367869710336
58728637490409473
58725798902890496
58721510424186880
58721409458913280
58682047161565185
58679494143246336
58679338333249536
58592800278716416
58588923747762176
58409260916281344
