1303373581687103492
1278444222161575937
1273959400080883712
1167618827829612545
1167618013354500097
1141161692866514944
1133867489195122690
1126665970469175296
1126656749883281408
1126653415541682176
1126647840107892742
1126635723917070337
1126293481436143616
1123065476131672064
1120836836186828800
1118284651766800385
1118054795732869120
1117969750691237888
1108907093463957509
1108823809832804352
1106676063680299008
1103399665779716096
1101599180508684289
1100903679408988160
1100127122746691585
1098058726924259334
1097697883002994694
1094001839715115009
1093647014976475139
1091564437809422336
1090713798183251968
1079505711162421249
1079505706397642753
1068839321195692033
1065000737959288832
1064994302013640707
1064981219451068416
1064975873063993344
1064973709264543752
1064664035696746501
1064649357729787904
1053341548010790912
1051584195275894784
1050588719722520576
1050553641189482496
1050551060702646272
1049439732994691073
1049435447297015810
1047588586940379136
1047587993782026246
1047587981782122504
1047250061904699394
1045131407843102721
1045123632131760128
1045122160367423489
1045120748178862080
1045119185213423622
1044690469811179520
1044690023315116032
1044690021486391296
1044426895318704128
1044426723218083841
1044426722475741185
1044425075905069056
1044424815438962691
1044424790713544704
1044421262741659648
1044420977357193217
1044420965877387265
1044406986819784704
1044406411894181889
1044406410153525249
1044403104983113728
1044402894487908353
1044402893208645632
1042261301614075904
1042241471036973064
1042234709743493122
1037103897838534656
1037099662308724738
1035768123138428934
1035737131732357121
1035734249524142081
1035732084176896000
1030606657200566273
1030202352882438145
1028047007389077504
1027310630523613186
1027301342212251656
1026219910169600000
1026218397963448320
1024394831928340480
1023355100767694848
1022584107438465024
1022254412964749312
1020059476664123393
1019001444077170688
1017919216970706944
1017696517824512000
1017696119327821824
1016795061995163648
1016432918976065536
1015266158600019968
1014988539803529217
1014932190113628160
1012868892257992704
1011457497515753472
1007006020999135232
1004510027468554240
1002716127833702400
995941984861802501
993349699045285888
982406449618800641
977712116877606917
975462768462581760
975462731229753344
968679830374858752
968679741300596737
965671579266027524
960659885179461632
960659692400840705
959154963124498432
954079214466224128
951213431142715393
951212088252358656
951211729454710784
951211399652487168
950908091746455553
947640512206508032
944330514370039808
943944813056991232
943943187361607685
942974709183983616
941771369699831808
937846090203828224
932349339917213696
932346282441523200
931254625499410432
930886569682071552
930886167075028992
930523592319688705
927628092012609536
927262531181101056
926875998792151044
926611785846726656
926571246820630528
925740964228067328
925456508866895872
925447572361158656
925446625652129794
925161293840990208
924829450054914048
924731062038568960
924656572432900096
924342400658505728
924039666025742336
924039225489571840
923289148097744896
923285492610797569
923284880976502784
922831833204756480
921489106756042758
920748597011869696
920748064591134720
918219892557463552
918218731418816512
916434941281312769
916388010790330368
916373881824403457
915682129727467520
914223003977662464
913873558274576384
913793110911717376
913496326121209856
913495871940988928
913495046229344256
911991113585774594
911340919265230848
911286576847527936
911285885252939776
910976466011136000
910663513802022912
910523286961999872
909880052753383424
909879531120422912
908809794496032768
908358256497700866
905838578361622528
904466082454310912
902280609162182656
902279396056113152
902270677436137472
901868588167970816
901829919017234436
900468368473337856
899441950004322304
898580207627456513
898579974793216000
897953433482797056
897198709108219904
897198610231640064
896098509325082624
894151492122406912
893219628587126785
893219584353763328
892852550654771200
892571185275392001
892569827692363777
892569799552794624
892569696834289664
892542315834687488
892541609157570562
892431401185759232
891770762419294208
891075357285130240
891075331972575233
891074702956838912
890909585225199616
889951097040719872
889257772109381632
889257756951142401
888528645756682256
888142638095884288
887785823273271297
887611888145747969
887608771916288000
886631851619700737
886631521175691265
886047305190834181
886041611226021889
886037308398612480
884537825378525184
884262241452924930
884262049781399552
882351910656724993
880579190898270211
880113041504964608
878409506115522560
878405058349629440
877364395432493056
877361870704746497
876853028715872256
876853027973582849
876849437963829248
875743450171408384
875105600962609152
874736350024548352
874664665611198464
874568302160482304
874322605179666432
874013627023450112
872926971776253952
872571682522767360
872571156204724224
871304114659045377
870476716862582786
870215971147051008
869299973849882624
869022273377882115
869021926311821315
868029278096678913
866980203658129408
866760281531195392
866759735831166976
866759228416864258
866443876147572736
866433780663320577
866433337199648769
866432762030555136
866432449512972288
866399392848162817
866019032545320961
862146988120436736
862146064115277824
862142047117074433
862138841326637057
861689513252331520
859374097456922624
858292122759442432
856259132046880771
853775688234565633
851182534197075968
846568252163674112
846554427255345152
846554294010761216
844367056648785920
844364513298300929
844364441135337472
844362423553404928
844360818221350912
844071240285544448
844068975537504256
843217450342612992
842579233297891329
842578785946030080
839680832214224900
828965049033224193
825838931031650304
825713106634625024
824620252516544512
821326737531346944
783041796825763840
780944667005161472
777709203595026432
768643188135333888
751257218729684992
751242238798270464
747319813043691521
747233597069746177
740416267685859328
740413282230636544
701161514468675584
688843931925131264
659567108733272064
659460009143627777
658823589215399936
658809525206544384
638573027182030849
635129785161682944
634508384226705408
634465070647373824
632597404823359489
631260969558110208
631260726863093760
631221203890405376
631219955711803392
631218970171871232
631218830488895488
630569529177870336
630568883674484737
594290349901680640
594273307765047296
