1330063486878093312
1329806465541033984
1328400692961132545
1324436470594195456
1320369412550131712
1319387290779578369
1319385274594455552
1319384978858205184
1318543202807435265
1318543182716600320
1318543148159782919
1318541181484101633
1317438518931595264
1315580131054768128
1315308466538389504
1315205017985449984
1315200267990626304
1310960574977708040
1309148627114352640
1308765449237270528
1308765241736560640
1308765174925422594
1308443750943711233
1307978042246012930
1307339225629556746
1306208559961698310
1304121096166227974
1303928921885257729
1303928310838095872
1303926610400178176
1303628840326094848
1303612280815325184
1303276925113085958
1301220381760483328
1297478445757157378
1296150927024431104
1295591480392708098
1295358156659335168
1292110360393080833
1292109596232884224
1292109327604396032
1292109038038085632
1292108967590506496
1292108953485111296
1292108933180428288
1292108868651122688
1292108801500311553
1292108764347281408
1292067902301130752
1292067838698676224
1292067810496126981
1292067780112658434
1291280392511660034
1291280212437524480
1291280186466426882
1291279999232643072
1291279979519438848
1291279633053134848
1291279606498996230
1291279572932022272
1291222504267284487
1290976609734758401
1290976564276953088
1290976529996853248
1290976482479620096
1290976354695958528
1290976233522569216
1290976201494769664
1290932711306063873
1290873778486931456
1290873170652618753
1290872824760954880
1290613127206154243
1290612839980310528
1290612713752674304
1290612670509363200
1290612643061882881
1290612579702775808
1290612546030858240
1290612322906460161
1290612278203527170
1290612249820725251
1290612213443526656
1290612185907904515
1290612153196531712
1290607170300436480
1290206187934294024
1290206043117514752
1290205898531454981
1290205863131484163
1290162436914294785
1290162335970029568
1290162287341273088
1290162241304530944
1289582359419817984
1289582327849336834
1289582272606121985
1289582236199579650
1289582210572460032
1289582158005202944
1289582120747188224
1289582060265340930
1289570810600935424
1289570772902539264
1289570724751974400
1289570638500306945
1289570607688900608
1289570560779771905
1289570528336867328
1289570501333889028
1289570467188101120
1289280122734878720
1289237932201525253
1289237632417804289
1289237516776665090
1289237371381145600
1289237095551127552
1289236965372522497
1289236903657500675
1289236870581194754
1289236826310418433
1289236795733860353
1289135549169582080
1289135452188942337
1288871219916283904
1288871177675390977
1288871109727645697
1288871075372138496
1287987268095840258
1286902752136663040
1286902706582351873
1286902186396459009
1285906365844566016
1285898720270094337
1284141435294560262
1284141070104788993
1283654511119065088
1283298886883241985
1283076728915496960
1283076702705340416
1283076671680077824
1283076637601357824
1283076608627077121
1283076551899148293
1283076518340526080
1283076500086902785
1283076454440296448
1282699746893676550
1281677343585533953
1281677330461495296
1281677309699735552
1281677294805778433
1281677282361217024
1281677269430235137
1281677252489392128
1281677240896380928
1281677226501500929
1281677192942850048
1281676774875643904
1281676760778563585
1281676753254014981
1281676746132041730
1281676738653634560
1281676732550901760
1281628088355323905
1281524453462216704
1281507851119149056
1281507792713469954
1281505849744035845
1281501474363600896
1281499755177111552
1281499612700766208
1281498631464349697
1281498452430475265
1281496275519549441
1281496258746572801
1281496001123979264
1281468249243185158
1281468197909094408
1281468158159642624
1281468096654368770
1281468039435677697
1281468003763146752
1281309785011281920
1281309750051786752
1281309712802213888
1281309671089778689
1281309627586506752
1281309591700037632
1281309553628332033
1280857387239264262
1280856785742467072
1280767980071088128
1280767852035756032
1280766540237824002
1280765756389523457
1280765738626641920
1280765695920238592
1280741847921541121
1280741784063291394
1280741743311405057
1280741667126104064
1280741626814640129
1280741585244884992
1280741504147996673
1280741454760030208
1280600705007403008
1280600414514057217
1280600312219238400
1280600270947225600
1280599531344650241
1280578242638868481
1279433607921012736
1279381421006573569
1278988529532428289
1278937266610528257
1278936581475192833
1278936339254112256
1278935141155393536
1278772891312484352
1278771700142727169
1278409348767576064
1278348300538671105
1278347693836742656
1278347478534742021
1278347089081057284
1277227036570877955
1277227012663373824
1276881547862224896
1276881348406304769
1276860203275661312
1276181166182162432
1276081028755419136
1276078532486000640
1275861977848401921
1275479470787477506
1275479451640397826
1275479419948318722
1275409972835217408
1274009449318027266
1274009275539611648
1273828612081217536
1273543370430754816
1273542116199723008
1273515202303033344
1273497892389449733
1273497866976161792
1273497585450315780
1273219187347841024
1273218779506335750
1273193962732507137
1272785533144403968
1272772523789189120
1272772235208491008
1272548069788094466
1272543876847288321
1272177120005877761
1272097126856552448
1272097029980708865
1272039133633003521
1272039066536685569
1271837681417363456
1271045138605838338
1271044770488442880
1270925380355076096
1270925204282376196
1270761541437014016
1270647383211356163
1270647108350218241
1270622992960118784
1270622940736794624
1270622889872486401
1270622843219456001
1270622662491062273
1269903157599092736
1269839092268904449
1269833488620011520
1269828846955749377
1269827480510234631
1269533383278772229
1269533328845107202
1269510550767034374
1269498559507902465
1269498316095717377
1269477728593629184
1269228334551982081
1269176022748053505
1268945445604274182
1268937189628526592
1268934071834591232
1268932871311495175
1268931231296696320
1268538083206746113
1268538006782324738
1267770631887749120
1267766874722447362
1267766797396213762
1267766664583659521
1267766472778145792
1267766343409041413
1267766253084688385
1267488213746188289
1267488082204536835
1267411796446588930
1267411526668951553
1267384242855645184
1267358995087417344
1267342030151340032
1267318590664962048
1267317994918539265
1267317848566673409
1267106293317349376
1267095605932888065
1267094246517022721
1266695771987927040
1266624777957105664
1266372567251644416
1266372266872299523
1266372002098507777
1266371934813483008
1266371515844419585
1266371363096293376
1266371165414584320
1266370157955317764
1266368663696707585
1266368513968451589
1266245037580419073
1265903695939633152
1265597086768050176
1265596906844991490
1265489359329013760
1265372814116188160
1265319690429177857
1265317683026853893
1265317384635719681
1264917136943824896
1264569600487960577
1264569575250812928
1264505533664354304
1264228314891325440
1264069035362185216
1264068940923195392
1263761102283829250
1263760404179648512
1263750505345540096
1263750391533051904
1263750352618340356
1263750152591937537
1263749965219848198
1263120992945098752
1263117852569030664
1263112903705706497
1263112319145558016
1263112158818246658
1263111919910649859
1262749002115633155
1262748678063718401
1261346744232640512
1259804137824251905
1259713240201822209
1258783083005767682
1258087920306511873
1257565068025364480
1257564530844020738
1257564494777192448
1257564380541181953
1256997194357334021
1256976503260102657
1256859526202118144
1256858911749091330
1256858867646029831
1256858457317277696
1256858350979100673
1253353735448821769
1251188005601067009
1251187968057856000
1249221964201447426
1249002582749544448
1248855119107461125
1248828068833251330
1248634968202309634
1248255006374944771
1248136127883530241
1247994191835086848
1247569317702574083
1247569302213009409
1247544286876483586
1247543600763883521
1247543590848303107
1247492085755686912
1247481849103798272
1247475156491988992
1247446271171760129
1247413123054620672
1247412666257133568
1247412050218766336
1247410418269614080
1247410201151410176
1247408450004381701
1247405220792942592
1247399190210248705
1247183615919702017
1247181008245387264
1247180979053031424
1247179924739215360
1247179465517490177
1247178293150756864
1247050227573391361
1247048734585675778
1247048469455310851
1247048459577749504
1247048451780575232
1247048443375190017
1247048435615666176
1247048427818455040
1247048379164585985
1247048369433751552
1247048361200377856
1247048353231204353
1247048345895366656
1247048338379124741
1247029703594012673
1247029024741711874
1246842142661591041
1246841831121235968
1246770943017373696
1246723217676476416
1246722913476231170
1246698128939438081
1246539092361273344
1246453507609116674
1246452895077171202
1245703276240273408
1245358761234944000
1245212876375130114
1244977340200783873
1244909092616822786
1244908698360623105
1244908198869356545
1244905772493889537
1244905590746275841
1244905448567795714
1244903117658849280
1244893626452197376
1244178170288279552
1244178130379485185
1242378191622176768
1242378079256719361
1241601918742351872
1237740531049852929
1235139968818798595
1234737907048468480
1233987251681603585
1233771632654606336
1232368593989492736
1231205751055626240
1230872510251642882
1230855862006059008
1230855566890696707
1230855521978052609
1230765453280104450
1229828233840885764
1229767087502979073
1229763548240216065
1229763153258397698
1228586153407729664
1228584643017863168
1228584452193837056
1228582419957071872
1224965970558500866
1224965466377965570
1224965287717396480
1224965143185874944
1224965005986058241
1224964892924379136
1224964413754527744
1224643298540716032
1224216785257291776
1224197102231683073
1224197019876507648
1224180951284011009
1223912378577776640
1223853123711553537
1223144390245306368
1223144150477897728
1222099632878043137
1222065679387377664
1218938037624684546
1218754707880984577
1218754255051321344
1217485572551299072
1217485321438253062
1217365245598978049
1217328635813584897
1217328494016778242
1214160070826549250
1214068783876210688
1212701753868599296
1208793778187726848
1208726625476415494
1206871210199400448
1206871131275153408
1206205804115709953
1205878615591641088
1205754467368353792
1205754447319584768
1205734048527605760
1205704670028550145
1205702056855527430
1205701349188354048
1205701192501751808
1205028643371540481
1204753102156357633
1204734557062217728
1204699286916587520
1204392584631607296
1204298469910835200
1204052169395032066
1204052120728551424
1204052067523776513
1204052006106583040
1204051808831688704
1204041544036048897
1204039707371327490
1204039529876742144
1204039324213186562
1200139300601393152
1200139224005038080
1200139155558170629
1200139085014110208
1199326738431365120
1199220716777771008
1199220008951283712
1199219749869088769
1198868126995079168
1198867514203111424
1196799120284848130
1196798989984649221
1194535038404063232
1194534983836168195
1194534515999293440
1194533705621966848
1194300396316979200
1194300157942091777
1194207271170920448
1194205759942250496
1193199066630373377
1193198952574640129
1193198915396390914
1193198861537333248
1192702122761969665
1192668833313484800
1192667905491533826
1190228669366583296
1190226464064466947
1190226106072174592
1189535073596346370
1188129756656521217
1188129591895838722
1188129435695730689
1188128740829585408
1188128406044413952
1187686497522073600
1186611730673090560
1186166057217617920
1186163631790026752
1186163331880517632
1184326471541653504
1183987068168327168
1183678319696310274
1183639966926065664
1183639855026167808
1183639589740662784
1183639181160939523
1183639064768958465
1183317031619198977
1182969181966233600
1182564014032740353
1182563615443832832
1182563344365998080
1182563323063091200
1182563169589325824
1182563113729609728
1182543874801065984
1182170467160821761
1182170319424897024
1181661943481819136
1180381016973668352
1180379301943767040
1180379082002849792
1180378741463117824
1180375617407074304
1179800106951831552
1179671523537215490
1178912766368706560
1178908616700489728
1178673559096496128
1178673558026932224
1178673556965724160
1178673555912974336
1178673554390425600
1178673552620494848
1178673551345426432
1178673550221365249
1178673548317073413
1178673547008466945
1178673545410486273
1178673544156385280
1178673543036461056
1178673541799141376
1177943702137913345
1177943700690915328
1177943699399102465
1177943698140798976
1177943696031064067
1177943694604996608
1177943692990144515
1177943691811528710
1177943690351906816
1177943689026555905
1177943687642406914
1177943685767585792
1177611503647764480
1177611502439882753
1177611500925722624
1177611498786570240
1177611497209565190
1177611495913472000
1177611494667837440
1177229181723336706
1177229180406251522
1177229178925658112
1177229177428303877
1177229175826071554
1177229174232223748
1177229171866705920
1177229169874354176
1177229167844352002
1177136216732340224
1177136118875033600
1176610070429224960
1176504393644027905
1176504392129925120
1176504390565449729
1176504389168705547
1176504387461685249
1176504385603588096
1176504383695179777
1176504382323593216
1176502577799712768
1176499367538130950
1176489082102267905
1176147575898091520
1176147574098673664
1176147571837931521
1176147568776159235
1176147566846730243
1175399754110398465
1175057369069445120
1175057367341457410
1175057365516902402
1175057363927228423
1175057361540669440
1175057359074447364
1175057357367336960
1175057355542814723
1175057353995096065
1175057352501944320
1174694937390190593
1174694934240288768
1174694930847010819
1174332614716604417
1174332612883734529
1174332611508023296
1174332610035834880
1174332608509034508
1174332606755889153
1174332605170442243
1174332603442323456
1174332601630433280
1174332599973683206
1174332597998166016
1174332595393445888
1174006279481651200
1173951188531912709
1173949312360992768
1173949310389641217
1173949308745506817
1173949306677682177
1173949304903479297
1173949302516961280
1173947276680663041
1173941231635714054
1173578704909475841
1173578702728417280
1173576604955680775
1173576602690736128
1173576600706846721
1173576598613909504
1173576596277616641
1173188853131177984
1172493560752553985
1172435806687920133
1172433835008544770
1172355001504731136
1172173876417245187
1172173874546511872
1172173872642297856
1172173870587097090
1172173867663708161
1172173864685789184
1172061946922917888
1172001456007909377
1172001454225276928
1171790156480860161
1171790155042234368
1171790153293205506
1171759941457252361
1171699563356446721
1171676747307212806
1171676416884166656
1171674634267197440
1171608931187200000
1171608928444194816
1171457926466158592
1171427709664268288
1171397631609909255
1171397629999292417
1171397628350910464
1171397626656370694
1171397624819277824
1171367244431089664
1171367241495003137
1171337095929040896
1171317760950845440
1171315487751528449
1171125660661755904
1171095522112917504
1171095519936024576
1171095517817950210
1170947016169611265
1170705567662272512
1170703504152940546
1170677283478286339
1170677281423077379
1170675336155193347
1170675334913679360
1170675333584052233
1170675332195717120
1170675330668998657
1170675329096179712
1170675327628173312
1170604808044195840
1170552420260360192
1170552418893008897
1170552416984604672
1170532549183119360
1170532546599366656
1170532544519004160
1170532542128238593
1170530274746208257
1170530273408225280
1170359288717611008
1170357100998004736
1170357099060183042
1170357096921145344
1170355240660557824
1170355237829468162
1170324909987368961
1170324908146118659
1170324906669760512
1170324904534847489
1170322974219689984
1170278421726998528
1170259789697474560
1170259505772453888
1170259245041889280
1170259056310804482
1170259054918328321
1170259053127327744
1170240304278056962
1170230618522882049
1170165921031360512
1170149747174387712
1170092102765563904
1170081347295203328
1170067201463898113
1169964610276986880
1169895007219699712
1169894384285827073
1168415937273323520
1167723753070923776
1167719259847286784
1167717822136369152
1167331325084196864
1167330823101509634
1167330429482881025
1167330346444054529
1166930705680494592
1165901912740220929
1165284953459838976
1164944485312163840
1164943198881370112
1164104982221582336
1161663760274083840
1159709520374853633
1158846352698163200
1158773226228445185
1157606384554217472
1155736228400005120
1155734246268366848
1155034941022851073
1155034912249921537
1155033957030694912
1155032910941921281
1155032732595916801
1155031723945558016
1154672807864754176
1154672174394777601
1153893675543302145
1153893074583474177
1153684561471012865
1153556419548856321
1153556083723526144
1153556009811468288
1153536759734476800
1153238208265641985
1152497991942434816
1151765903387660288
1151764544106053632
1151764204061224961
1151732722785648640
1151732030859694080
1151730852163833856
1151047982965567488
1150660672331505664
1149923382969815047
1149922699331788802
1149922349988241408
1149922328723116033
1149922317100703745
1149922008618004481
1149517610892922880
1148296199641788427
1148295957521453057
1148295806530674688
1144157207627304960
1142412926566797312
1142401123875078150
1141815687892983808
1139837356788207616
1139066152858947584
1138533025556205568
1138532751856918528
1138532032303157248
1138531874651774976
1138531801683513344
1138530739161509888
1138528742286823424
1134361837192056832
1134326088979685376
1134325352262557696
1134126194650165251
1133962981690216448
1133600575675916288
1133241346909769728
1133238256588546048
1132877686970421248
1132876030039994368
1132515010662535169
1132513917610209280
1132156193517002752
1131899488833081344
1131790659793371136
1131788609235881984
1131688115565936642
1131426853862936576
1131076279569199104
1131063675840794629
1130858128982061056
1130854411733831682
1130701287807438849
1130556686241075201
1130338814902325249
1130337959411146752
1129977026218213377
1129975583100866560
1129818588624412672
1129616967512580096
1129613501205536768
1129426279298547712
1129410952309485569
1129380842084667392
1129255000440487936
1129251503728934912
1129055426664964096
1129019545291616256
1129019481785683968
1129016553465237504
1129015990510018561
1129015847630934017
1129015667854675969
1129014591453720576
1129012952034496512
1129012706789380097
1129010800285237248
1129010591056588800
1129010314215694336
1129009249558728704
1129009019392159744
1128995106768510977
1128889873862156289
1128889392066703361
1128528785354174465
1128527652535578625
1128164886477930496
1128164750976745472
1127922372282130432
1127804206348492800
1127616769093505024
1127439498227474434
1127077639984906242
1126793484533321728
1126548893188202496
1126518950811119617
1126402226044510208
1126355642665582592
1126353425938165760
1126254471976247296
1126027335977713664
1126027114988298240
1126026940765237248
1125990737211011072
1125989917232979968
1125795654373203968
1125640929719848960
1125627537005084673
1125303147101028352
1125275473108525063
1125266544647446528
1125002298491527168
1124906471374741509
1124579344322404352
1124562758572187650
1124562701806555136
1124562362080489472
1124561898865696768
1124561716501549056
1124561137423413248
1124560231483109376
1124560172670640128
1124551825103867906
1124540512285921280
1124190961146503168
1124178767302279170
1124051470939299840
1123825476710039557
1123816227187589120
1123625272836624386
1123625219711619072
1123592378252693505
1123327036372791298
1123279798632157184
1123103827425673216
1123091361694089216
1122741514239606784
1122730028029153280
1122724611467169792
1122556092821667840
1122373874719571968
1122367361665970176
1122057981045043201
1122057887977627649
1122057033254154240
1122005730616389632
1122004026831323137
1121714477706039296
1121714224240029698
1121653915240427521
1121641624461660160
1121474395808129024
1121469665753038850
1121331099085393920
1121330217304449024
1121291876819247104
1121068109454909440
1121068066626912258
1121050754679103488
1121050209247588363
1121043601759326211
1120919296304144384
1120916914384117760
1120897494903291904
1120585801836843008
1120585701433548800
1120567101595451392
1120554648342077440
1120194987340312576
1120192199390580739
1119921074546733056
1119920811064774656
1119920395266617347
1119892725585698816
1119892613358690304
1119891873215074304
1119872841145446400
1119872306774364160
1119872007221334016
1119871726597230592
1119871382685306880
1119871113511653376
1119871083488792576
1119870853091487744
1119870703245725697
1119837393748729856
1119829414739623936
1119579006590787585
1119575433027022848
1119575403641757696
1119574419171491841
1119572111092117505
1119571673257136129
1119564408185733121
1119563690959953920
1119468280773861376
1119467444668719104
1119460452843442176
1119460427870531585
1119446978327384064
1119437877589397504
1119437665504350208
1119432584595824641
1119430800884158465
1119430342950002688
1119430222560915461
1119198335242358784
1119197693568405505
1119197251539099648
1119197227358965761
1119197031728214016
1119197008059723776
1119196936777584647
1119196793676259329
1119105125656621057
1119105015585464323
1118967198490427394
1118957939690225666
1118876776699006976
1118868456626167809
1118744583419191296
1118403322724020225
1118381534086684672
1118380831138045955
1118118568418107393
1118022259753377793
1118018336045129728
1117815683033624576
1117659015524290560
1117655135923183617
1117300889469902849
1117292794555637760
1117054123998732293
1117053974463389696
1117053794171232266
1117053734763159552
1117053670846189574
1117053614512455680
1116959745909215233
1116954960359579649
1116947912708120576
1116947704888713216
1116947610680446977
1116943194527293440
1116930026778308608
1116729827866791936
1116728413585195014
1116728385244291072
1116728234698141696
1116596797147729921
1116596638980562944
1116568918963843074
1116568723983233025
1116449699786047488
1116347130614992907
1116346624974835712
1116346348758941697
1116345944880996352
1116345727666384896
1116345685668876288
1116345661278969856
1116345574930784258
1116028945386721280
1116028923593154560
1116028792311402496
1116027711619719168
1116027677041811457
1116027644900831232
1116027421612957696
1116027296521969664
1115846320177152000
1115482258079715328
1115297107101925376
1115297075992772608
1115296991683043328
1115119966938980353
1114887012421591041
1114886770569633797
1114886747010162688
1114886491354701826
1114885369449738241
1114885343008837633
1114885137311756289
1114885097012912131
1114885019409846274
1114884982185451522
1114758005499867136
1114756721539518464
1114587846550204416
1114469458343616513
1114394351587790848
1114394143495806977
1114390942939865088
1113851430346088463
1113669078244368384
1113668747955458049
1112943899230855170
1112764189230186496
1112698969992429568
1112693525756276736
1112582658528346117
1112220905315414016
1112219783745937408
1112039138608349184
1112034593606127618
1111899534043414528
1111858484264484864
1111857013133320192
1111645190165393409
1111645136268607490
1111575492442886144
1111557297090805762
1111497172980248576
1111495043536293888
1111325477992574977
1111132390682963969
1111131846694318080
1110772019111563264
1110771621122506753
1110408414088314880
1110408186912260096
1110269649432784900
1110057826418855936
1109683816426291200
1109461258770759680
1109323306723954688
1109321160708231168
1109113245024047106
1109113121657053185
1109113063771377664
1109113038106513409
1108959060005535746
1108957998775304193
1108796223744602112
1108792955387760647
1108454758304677888
1108322007878430720
1108321437373235200
1108321191113064448
1108319178451083266
1108319067696324609
1108233710803927041
1107871181678481408
1107663844552441857
1107663498132275206
1107511488728707072
1107508877699047424
1107255504982675456
1107146940884623360
1107145211686342656
1106783611771076608
1106579963807969282
1106450068440268801
1106420562644094976
1106398957289250817
1106265052338946050
1106240583817924613
1106240365483487232
1106059574648426496
1106059036015972353
1105842515809193985
1105842482573598720
1105723759778914304
1105723594183565312
1105697789219082240
1105697481604718599
1105336925664223233
1105335143118573573
1105161952379039744
1105101410264211461
1105083970180411393
1105018136506654721
1104972795350605829
1104972778057461760
1104655619750006784
1104649163185242112
1104625926023905280
1104386471631347718
1104351781864247296
1104315842601385984
1104264994416398336
1104263820443295745
1103990446647214080
1103990424551620610
1103900401898741762
1103899149404004353
1103898295884115969
1103754633611280384
1103709966391758849
1103538384826449920
1103311730682355718
1103235067231428608
1103222615869554690
1103175641330040832
1102970628200693763
1102892984272670720
1102813820697919488
1102812024436936704
1102620041361666048
1102450727623057408
1102449818335670272
1102429398936936450
1102429389541658624
1102429283014729728
1102303524732321792
1102300623498891267
1102089786553188352
1102087920805183488
1101847138093465601
1101840864307949569
1101734579633901568
1101725486751907840
1101560174265884672
1101552798204747776
1101552469597839360
1101375616589414401
1101362429752238080
1101354252956549120
1101294246236250112
1101190124753297408
1101176382187622400
1101137415283060737
1101053939720445953
1101046865343234049
1101039693930602502
1101032793101029376
1101019240792899584
1101017948951441408
1101001445418119168
1101001062281105408
1100784641353629697
1100771369137131520
1100668915724812288
1100641218927693824
1100407578230587394
1100393996231299072
1100275817882546176
1100112668227121153
1099988784156999680
1099982222138970112
1099980167051530240
1099979618344407040
1099979598522019840
1099913485012647936
1099687024292855808
1099551707439288320
1099247858690142208
1099247835818545152
1099247827081846784
1099247798539546625
1099247786149572609
1099247636039622661
1099237664413249537
1099237208383401985
1099188493924864000
1099188471351201793
1098979426375585792
1098976567160651778
1098931493957656577
1098931318694408194
1098921961885904896
1098829272653987841
1098621642157289479
1098493097254608896
1098465910392795136
1098463512068870146
1098308576831926272
1098252862478581765
1098238289432190977
1098175223285768193
1098174759513219072
1098152633632583681
1098152517769121793
1098149275836575744
1098104846983536640
1098101584150622208
1097796188169035777
1097794571868659712
1097794114622447617
1097788308501913601
1097741818203115521
1097740685539713024
1097738754339540992
1097455019127783424
1097409657080033280
1097408235357650944
1097396864893181958
1097382351099686912
1097377918798450689
1097377159893733376
1097197058518409217
1097186324031909891
1097185885265821698
1097185032001802242
1097179556333670400
1097025213018107904
1096742717697060864
1096740705353981952
1096740651796914177
1096739397330862082
1096739384735367175
1096739210436894720
1096737346106535936
1096737040006172672
1096736368271667200
1096736258087243776
1096735423705968640
1096732930196484096
1096652227031183361
1096651624779579392
1096651316896649216
1096552582221320192
1096485638734520322
1096444882258780160
1096414535404191745
1096292348156411904
1096291534230745089
1096137128361127936
1096111185693495298
1096111182002438144
1096103717726838784
1095993957207556096
1095932319498756096
1095927044909735936
1095724777241759745
1095565905399033856
1095564739252498432
1095399653628092416
1095248562022174721
1095202458882711552
1095040921073115137
1095006805976141824
1094996650496573443
1094995939465428993
1094993506748194816
1094993485071974400
1094993473004916736
1094954522143834113
1094876495489699840
1094870067060195328
1094869812675633152
1094842013768388609
1094839303287508993
1094702849865510913
1094477963679223808
1094476618691723264
1094118516758925312
1094116047442067456
1094083643406872576
1093936147426754565
1093933808238223360
1093932292857307136
1093894267536330752
1093754214453526528
1093752721054806017
1093599308895739905
1093537756553322497
1093390757430521856
1093390334925697024
1093353079565664256
1093229934921895948
1093031321801244673
1092762912383475713
1092667426393808896
1092665791974117376
1092665771107307521
1092646260077543424
1092646224677658624
1092646208919629824
1092645877405995009
1092644896324780032
1092643944624676870
1092642977711681536
1092642947273678851
1092642894970638336
1092642856026570752
1092642836699205633
1092642827102674945
1092641960303591424
1092641845329375234
1092641679004188672
1092641648255819776
1092640810200252418
1092460761895575552
1092304274741067777
1092141724112175106
1092139239238709248
1091959219463417856
1091942459612020736
1091941870022901765
1091674639577755649
1091674525278687237
1091673267587301377
1091380021665677314
1091342923898081283
1091296601467805696
1091216720990294016
1091216201638920192
1091194251768020992
1091193858120048640
1091192172966141953
1091192108688392192
1091192103294590976
1091173786701840384
1091044272177074176
1091042732343054336
1090876210278653952
1090875105792557056
1090853528426418176
1090847968620695553
1090832699160440833
1090760181141721089
1090709392012374016
1090651953263202306
1090595103125590016
1090594757959503878
1090592210188263425
1090592186389823490
1090493735308324864
1090490975951245312
1090226727446446088
1090215054757191680
1090214932514107392
1090167675915984896
1090166673737277440
1090129679695183872
1089948750506876928
1089948743674281984
1089948738372681728
1089948730550296576
1089933832361594881
1089766595218558976
1089766537198817280
1089723494974349313
1089517825369260033
1089437307210391552
1089405724877295616
1089404989229985793
1089397484248596480
1089231661626097664
1089215417250267136
1089215346190344192
1089043370008289282
1089042439699079168
1088881090390036483
1088817568993947649
1088749822868254720
1088749677967695872
1088681411257815040
1088680092887330816
1088515199253004288
1088505244558929920
1088500015478145024
1088499215670534145
1088319806590210048
1088317918356692992
1088181779801038850
1088142219570221056
1088011204960890880
1087956178343247872
1087955272654573569
1087784654122504193
1087724926809899009
1087724854734999553
1087724762170834947
1087724721284763649
1087660220564848640
1087592528940097541
1087591730101342208
1087553543505088512
1087382993453252610
1087375514489241600
1087230943360925696
1087229336799858688
1087227764288221185
1087076194019815424
1087075904252084224
1086867055960297472
1086866794944581633
1086861033933889536
1086549859987931136
1086507422070591488
1086504903772655616
1086144452677255169
1085982372330393601
1085980564698615808
1085978089518182400
1085948411956916224
1085781661487267842
1085547575820853248
1085539645390241792
1085469358976126976
1085445974984556544
1085420238492102656
1085058315573518336
1084913834324766720
1084434845051236352
1084366193333399552
1084331516178649088
1084124894365769729
1083970910959423490
1083968252060020737
1083669330812784641
1083669096829341698
1083669070392643584
1083669050280964096
1083610337310580737
1083605384387010561
1083486209639370752
1083411919199862784
1083411855844855809
1083411841865248768
1083411384719728641
1083410623436914688
1083407747448737792
1083246258872037376
1083244193672318976
1083229388597018624
1082952087300919296
1082881885238411271
1082881460690857992
1082631891214323712
1082625415380901888
1082545714117263360
1082545441097494528
1082544957619982341
1082544803613556739
1082544576441634816
1082544538319634436
1082520087687507969
1082489210236559360
1082357335027273728
1082291625416712193
1082285315757432833
1082195853240983557
1082161716803391488
1082157153044086784
1081960839064707074
1081922972682805248
1081795030740815872
1081777717136130048
1081777619232641024
1081433206451306496
1081433001718923265
1081279029955702784
1081147921465331713
1081070152970657792
1081069118965641217
1080840019810480128
1080813922461143040
1080738266456961024
1080710234291736576
1080707852124205056
1080381315348783106
1080380391419068416
1080347481995657216
1080344716896542720
1080084200462508033
1080084135887040512
1080084111862034432
1079983891333697536
1079982899372453889
1079671509373849601
1079619998023405568
1079461665505198081
1079443180532183040
1079259395878473729
1079256576161185797
1078961941404504065
1078933673687244800
1078933145083232258
1078933096467034112
1078898215972409344
1078895778595332096
1078725022259314688
1078688636189753344
1078683741730557953
1078683400637169664
1078625658409046016
1078532129661820928
1078531852443545600
1078332218144100352
1078173059658498053
1078170741110177794
1078028011813982210
1077811030154268672
1077808542474817536
1077637669385957376
1077567766767505409
1077552035770200065
1077551937338261504
1077517438948790272
1077517345587785728
1077447423214174208
1077445338175295488
1077119271992385537
1077119191340044288
1077083466339106816
1077083365457752064
1076840465113206785
1076770435155415040
1076770249372971009
1076770196818280448
1076766773809213440
1076720352326238208
1076486460763721728
1076361253386440704
1076308451897176065
1076307963285884928
1076307849578348544
1076307828271243264
1076307708045869058
1076226049443168256
1075998119274389504
1075996304629743616
1075995388312805376
1075832874849452033
1075830676954509313
1075793772363960320
1075782138400829440
1075714642142523394
1075703004450369536
1075634972147507200
1075633251815997440
1075617730353541122
1075613650931441664
1075613464452689921
1075613378163273728
1075612899614220288
1075612865023725568
1075612745553260544
1075489324014043136
1075489287410339840
1075488707757527040
1075385126513561600
1075385104761970688
1075385024822706176
1075384977129263105
1075377687764578305
1075292355253690368
1075270464493285376
1075270278031257601
1075025031695138816
1075022393012379648
1075012963344498688
1074909228459089920
1074908263509037056
1074721286423805953
1074548088981897216
1074547149277401088
1074337659496120320
1074215530666561536
1074212556770811904
1074185958155829248
1074184654356430848
1073864647923519488
1073862324883095553
1073822078816673792
1073820823272767488
1073813748966658050
1073460604281765888
1073458660649639936
1073449888338178048
1073445198720512000
1073441741754327040
1073289193042993153
1073097606505644032
1072736893979291649
1072377740383436800
1072010636723400704
1071791518355243008
1071649711206162432
1071287799091998720
1071284364472913920
1071042889248108544
1070945112866385921
1070924789454381057
1070921967191121925
1070727642285047810
1070721696305422341
1070582899206832128
1070582823226986496
1070582788846346241
1070582748480294912
1070582715999649792
1070582648291024898
1070565300544843776
1070564569658023941
1070564461285502976
1070563252722155520
1070373626178883584
1070199180604391424
1070023839562784771
1070010005821235202
1070007605643358213
1069975361163878400
1069836035650150400
1069634275656384513
1069561562736734208
1069561076537159680
1069560777898516481
1069560209989746688
1069560184001847301
1069560129547264000
1069522859763122176
1069513913044094976
1069510025482141696
1069509298424700928
1069485505803374592
1069469899943227392
1069130691634438144
1069112486278905856
1068895563133837313
1068895117644193792
1068760712976232449
1068747667885490176
1068388723174383617
1068386042053566464
1068208907812855809
1068035975832629248
1068026970548682755
1067812711940149249
1067737324568612864
1067666896651239424
1067666651481604097
1067666440608718848
1067666280788971525
1067666172068462594
1067664916826546176
1067662572759994368
1067605470830047232
1067361096800051200
1067339474672193536
1067300883048931328
1067299321731796993
1067157243806781447
1066996071346257920
1066995984826163200
1066995806736023552
1066969411406503937
1066936911007076354
1066936734133428225
1066936717788114945
1066935339908923392
1066702491591544832
1066576092692140033
1066573553276018693
1066490013553213440
1066387228409118720
1066227354899488770
1066211411544731649
1066066643745423362
1066051563754610689
1065953499991683074
1065851595332730880
1065849780935581698
1065819691128680448
1065706533114269696
1065636090772504576
1065609482066173953
1065489377760079873
1065487409519955969
1065131968923238401
1065125953708400641
1065123282834333696
1065032602090962949
1065003920353894400
1064877796726579201
1064877720277000192
1064820664920621062
1064761188586799104
1064761028838391808
1064573112036003842
1064538238461845505
1064537755743649792
1064438793711874049
1064438573838057472
1064438438110392320
1064412074619650048
1064399201784791040
1064235276086722562
1064226836232790016
1064049716541960192
1064039554460602369
1063795602755080193
1063742982652866561
1063687270081933312
1063675114385022977
1063324935031009280
1063312815472168960
1063072043816640517
1063070637705650176
1062962503766945792
1062949720157573121
1062799355399323653
1062587778498809857
1062414355483058176
1062237861724987393
1062226643689840641
1062225558610669568
1062225268935258113
1062224953037139968
1062224873848623109
1062224799533940736
1062224676246585345
1062224376882327552
1062224320552812545
1062222662473211905
1062222465181605888
1062222187082350592
1062222147022516224
1062178741479079936
1062018434073067522
1061887215867854848
1061887198415413248
1061863199430135808
1061512937062494208
1061499490484527104
1061278108249190400
1061174714754834432
1061172027523039233
1061172016114470912
1061172003581890560
1061171973886300160
1061171792356749312
1061171755111333889
1061171678103904261
1061171661326704640
1061171610370129920
1061171543689084928
1061171491528679424
1061170747807330306
1061170698943635456
1061170652458246144
1061170641938903045
1061170631557943301
1061170611240792064
1061170553661333504
1061170530827599872
1061170519628832768
1061170511034703872
1061170496832716800
1061170488116998145
1061170350355046401
1061170337432379393
1061170326871138304
1061170285926334464
1061150559825285120
1060871703985827840
1060835819450232833
1060788164661600256
1060776165856722944
1060531675640352768
1060425782760226816
1060156598671364096
1060063392516530177
1060050996007747584
1059815742571495424
1059807501099487233
1059701007385587712
1059687870716354561
1059483600209494016
1059483207035445250
1059407474514583553
1059369708489768960
1059338625551421440
1059325731577176065
1059322080162996225
1058961187851980800
1058741053220622336
1058707310371995649
1058704142833577984
1058703509661483019
1058703446533005312
1058703294606921728
1058703261195132928
1058703121524785152
1058703041585602560
1058702924509892610
1058702877168791552
1058702822093406208
1058702788534792192
1058702752933507072
1058702500025393152
1058598746479575041
1058586632302006278
1058248860714196992
1058248426184302593
1058248393783296000
1058248376850890752
1058248365232680960
1058248348350566400
1058248288313307136
1058248278708375552
1058248267941572609
1058248257229357056
1058248253236436992
1058248243648163841
1058248234785632256
1058248225562345474
1058248215286300672
1058248188434440193
1058248177923411969
1058247856614604800
1058247749764665344
1058246666745143306
1058246228746559488
1058245494403555329
1058236411093049346
1058228006718595077
1058035791593660416
1058028343617044482
1057963636394614785
1057959096379494400
1057873963655806976
1057863658099879936
1057705691656437766
1057657899126673408
1057500018033213441
1057494528695955458
1057225571489452033
1057136438096093184
1057060875293650949
1056915342109208576
1056914752297811969
1056914716218388481
1056914637734604807
1056914270519259136
1056909350155894786
1056905163095588866
1056898608199479297
1056778716704137217
1056770786692743168
1056770475961942021
1056756606484938754
1056594116820140032
1056593707368046593
1056592296240537600
1056592197460488193
1056587788852686849
1056587762483122176
1056587699652505600
1056587686159380480
1056587669491183617
1056587637480284161
1056563661404278785
1056531093766201344
1056501087992197121
1056470819101118464
1056470817368879104
1056470815733092353
1056470813623365632
1056470811744321538
1056470810074984448
1056470808175042560
1056440597182140416
1056380243630571522
1056380241348829184
1056229095447629825
1056198977673142276
1056198974783320070
1056198973298487296
1056198971679539202
1056198969804644353
1056198968198209536
1056198966520569857
1056198964893179904
1056198962774990850
1056198960686206979
1056062049107828736
1055836736801120257
1055836734292930560
1055836731914694656
1055836729167540225
1055836726986465281
1055836724084072448
1055836721995284480
1055836719805878272
1055836716018401280
1055715798273146881
1055699648252391424
1055687296597614592
1055534743893237761
1055511698151538688
1055511696477958144
1055511694175322113
1055511692514344961
1055511690723422208
1055511688705990656
1055337277872898048
1055119085917347840
1055119084197740546
1055119082545180673
1055119080808681474
1055119078866804737
1055119077335842816
1055119075809083392
1055119074257235968
1055119072495632384
1055119070780145664
1055119069131743233
1055119067349221378
1055119065449185282
1055119063637200896
1055058624702230528
1054965305041129473
1054937806693453829
1054756678963523584
1054756677151539201
1054756675738054656
1054756673829724160
1054756672189710336
1054756669740277760
1054756668083499014
1054756666573504512
1054756664807772161
1054756662765125633
1054756660462448640
1054756658268774401
1054726411221721088
1054726407685894145
1054696076828000256
1054612480897568769
1054600075232587777
1054593130438246401
1054593098335031296
1054403561017225218
1054373375148220422
1054373372811984896
1054373370601594880
1054373368659632131
1054373366994534401
1054373365400723457
1054373363710353408
1054373361176981504
1054373358329049088
1054337322282553344
1054337248437649408
1054276912736985088
1054275203281256448
1054275185413484544
1054275172973170688
1054275150256865280
1054274828969041920
1054274745649180672
1054274671867121664
1054274628489641984
1054237755507724289
1054222455059943424
1053980811245088768
1053980809416314881
1053980807843463169
1053980805394063360
1053980803678527488
1053980802025955328
1053980799094214656
1053980797387063296
1053980795621269509
1053980793230508032
1053980790411927552
1053980788725870593
1053980786775523328
1053980784921624577
1053980783071895552
1053980781331300352
1053980779485782016
1053980777980088320
1053980776453279745
1053980774830170112
1053950608955334656
1053950607105671168
1053950605306281984
1053950603716714496
1053950602194096128
1053950599832715264
1053950598167625728
1053950596334653440
1053950595034439680
1053950593306427392
1053890200529715200
1053876798285602821
1053876432001220608
1053859946557792256
1053823971756572672
1053799106450092033
1053702039023349761
1053678839795191808
1053678837857423360
1053678836339089408
1053678834778808320
1053678832639766528
1053618497975128064
1053618496259661825
1053618494368112641
1053618492342177792
1053618490198892544
1053618488714117120
1053618486919000064
1053618484976984065
1053618482959523840
1053618481286004737
1053618479482445825
1053618477586624512
1053618475615297538
1053618473748885504
1053588202571874304
1053511906860781568
1053350150981193728
1053319892294922240
1053302494208671744
1053302241728311296
1053293703429832705
1053293187819823109
1053292986312736774
1053289735559569408
1053289733357477888
1053289730744430593
1053289728664109058
1053289726671835141
1053289724503310336
1053289722376830978
1053289720053145600
1053289717876318208
1053289715624001537
1053289713384284161
1053289711874293761
1053289710154665984
1053289707617112064
1053289705570271232
1053289703183659008
1053229331550535680
1053229329893810177
1053229328291545089
1053229326618054657
1053229325166829569
1053229323665203200
1053229322176225281
1053229320674705408
1053229318887931904
1053229316669128705
1053199137641062400
1053151393740136448
1053138721485324288
1053138719266496512
1052999486543450112
1052975377092501504
1052964966368563206
1052957565217325056
1052957562260344832
1052957560167383040
1052957558108024834
1052927434985807872
1052927432607637505
1052927429499596800
1052927427285082113
1052927425041129472
1052927421467512833
1052927419357761537
1052927417378107398
1052927414354014209
1052911913888288769
1052897168879693824
1052861893663059969
1052788707844136960
1052787555882668034
1052776381539598336
1052613103215628288
1052595171924332546
1052595169256706049
1052595167172145154
1052595164718477312
1052595162793369600
1052595159937048577
1052595157219110912
1052565076773875717
1052565074609618945
1052565072587960321
1052565070851510272
1052565069106741248
1052565067147939840
1052565065327673344
1052565063444369408
1052565061443743746
1052565059623444480
1052565058125991937
1052565055978520576
1052534730221064198
1052513995800735744
1052504549527879682
1052444189349343232
1052444186933374976
1052425074169536513
1052413972572454912
1052256021647908864
1052256019630440448
1052256017835278336
1052256016002441217
1052256014219776000
1052256012139487233
1052256010147192833
1052256007563485185
1052256005600501766
1052256003239096330
1052255999908859906
1052255997291622400
1052255995030892544
1052255992732413952
1052255990614319105
1052255988097662976
1052255985216249859
1052237325231640576
1052225826215858177
1052225823669964801
1052225821488898049
1052225819521765377
1052225817584066566
1052225815621066757
1052225813469454337
1052225811342925824
1052225808314617858
1052225805848367104
1052225803520540673
1052225801255604226
1052225798709661703
1052225796830572544
1052225795010306053
1052225793324134400
1052225791059218433
1052225788106420224
1052225785858351104
1052225782402220032
1052099735664746497
1052067388529758208
1052062703945158656
1052044511621341184
1052044509553549312
1051893539431436290
1051876438238990340
1051863304950435840
1051863303386013696
1051863301578207232
1051863299632103424
1051863297824382977
1051833153227300864
1051833151654428672
1051833150098300929
1051833148680626176
1051833146419937280
1051833144436039680
1051833142556979200
1051833140673740800
1051833138702426114
1051833137049862146
1051833135401439232
1051833133694369792
1051833131668570115
1051833129990836225
1051833128300503040
1051833126715052035
1051833124911546368
1051833123057614849
1051833121094565890
1051827221529329664
1051712369901080576
1051700849410535425
1051682158300016640
1051682156311969792
1051682154017644544
1051682151559811072
1051461219205308416
1051347159939993601
1051319749102198786
1051281292866801665
1051047439296290816
1050988614631473154
1050988594226233344
1050987107961982976
1050956872537247744
1050775682635190272
1050775680403812354
1050775677237125120
1050715282531082241
1050680624564985856
1050680520311328768
1050680509708173314
1050678856879767559
1050626272735326208
1050613091526893570
1050611147345293312
1050611137945817088
1050611123651731458
1050611111903412225
1050610876888174594
1050594579240517633
1050594576510017536
1050594572852576259
1050486630593830912
1050443446337634306
1050417134009012224
1050413276285337601
1050367103511990272
1050366548521693184
1050353007123226624
1050353005407731713
1050232209934901249
1050232207871275011
1050232205497249792
1050050906962743296
1050050904983003137
1050050902982356993
1050050899647840257
1050050895751389184
1050002764699500545
1049991295127773184
1049971115328774144
1049969493043306496
1049961020989591552
1049889080832655362
1049870455639863302
1049870453232361473
1049731180625563655
1049689283475460103
1049689281638395905
1049689278899507200
1049689277012090880
1049689274864586752
1049689272461287424
1049689270343090176
1049628891265060864
1049622946849935361
1049539076414730241
1049535480344313857
1049330638787153920
1049326920746356736
1049326918519148544
1049326380658413569
1049304281273311232
1049294530451832832
1049293815100493824
1049292941452165123
1049242036296192001
1049176692277829632
1049176647121981440
1049145657519431680
1048953501529853954
1048904070046633985
1048904067983036417
1048904065927847936
1048904064141021184
1048904062379409408
1048895826620309505
1048865565937455104
1048814326604292096
1048563684145070080
1048563681943048192
1048563679770411008
1048563677409005569
1048563675626446848
1048563673495732224
1048563671453118465
1048563669615951877
1048563667896340480
1048563665887289345
1048563663735595008
1048503161185619968
1048442776449376256
1048442773744095232
1048441400885477376
1048314838706020352
1048255074068287488
1048234339048333316
1048231459868348416
1048231457397923840
1048231455120351235
1048231452381462528
1048231450292703232
1048231447952338945
1048170996900028416
1048140833319538689
1048122075058200582
1048089497236328448
1048082652308418560
1047943630466535424
1047869025680855040
1047869023394967552
1047854435626602497
1047846500548534272
1047841500162342912
1047838873424945153
1047838871302656001
1047838868916117504
1047838867020288001
1047838865002778625
1047838862721142784
1047838860305227776
1047838858279366661
1047838855955697665
1047792655290327040
1047727121433546752
1047727072779616256
1047701358013550592
1047701354767106048
1047520305009364992
1047520302652149760
1047520300395651072
1047520298390769665
1047520296293609474
1047520294313889792
1047520292082520065
1047520288727031808
1047520285090623490
1047482072170975232
1047429623276036101
1047352938677620736
1047352504558792704
1047157818640490496
1047157816593666048
1047157814962126848
1047157813187923968
1047157810646142976
1047157808502906880
1047157806397308929
1047157803935289344
1047157800617562114
1047127666787270656
1047127664572682240
1047127661896720385
1047097450950008832
1047097448882159616
1047097446772432898
1047097444771778560
1047097442733346816
1047097440439062529
1047097438350315520
1047097435355533312
1047097433199714304
1047097431014424576
1047097429017923585
1047097427126312965
1047097423930318848
1047097421610799104
1047067235213295616
1047067233137119233
1047067231190994946
1047067229144211457
1047067227093184512
1047067224631103490
1047037041387737093
1047037039487717376
1047022571768692738
1047022427757338631
1047006810132140032
1047006808034938882
1046997013722742784
1046991825842704384
1046976651375067138
1046976649219194880
1046946453808140288
1046946451677466625
1046795475603640322
1046795472139161601
1046765241319792640
1046630347235106816
1046627323976527872
1046600916491796480
1046449979546644480
1046416783329165312
1046399035416948737
1046389507946414081
1046389506159636480
1046389503987003394
1046389500736352256
1046329159910379521
1046329157481836544
1046329155200196609
1046329153329516545
1046329151496605696
1046329149479104512
1046329147373613056
1046329145393909763
1046329143368052741
1046329140771770368
1046298977744957440
1046272253627957248
1046268696740679681
1046265274700378112
1046238520610820096
1046238516802465792
1046238514663313408
1046087570608861185
1046087568754921472
1046087566632587264
1046087564338302976
1046087562018918400
1046057368893759488
1046057366687502336
1046057362707107847
1046057360312029184
1046057357141311489
1046027093702840322
1045906345705308160
1045906343255773190
1045902155297816576
1045694960958414849
1045694958638903299
1045694956432740352
1045694954402729990
1045694952192249856
1045694949726081025
1045616544020123650
1045554516735619074
1045539664441020416
1045518335595696128
1045518332747821057
1045367244757389312
1045339229142863874
1045337102618120193
1045337100722327552
1045337098776170502
1045337096406409217
1045337093709471744
1045337091511443456
1045337089108324352
1045337087212494848
1045337084997890048
1045337082242240518
1045337079838908416
1045337077385220096
1045337074373660673
1045337072100364289
1045337069822914562
1045337067209789441
1045337064403849218
1045337062554193926
1045337060113043458
1045337057730723846
1045190364808839168
1045177564459872256
1044974794532417536
1044944477079703552
1044821704156086272
1044821247866138624
1044820767324680192
1044820741307453442
1044820725146800129
1044820706729644032
1044820632901484545
1044820608868110336
1044817009534545921
1044815153924120576
1044793477966569474
1044793475814903808
1044793472178421760
1044793469317918722
1044673644914495490
1044612349955624960
1044612347418030081
1044612345199284225
1044582145933492230
1044582143014330369
1044582140954980352
1044582138878734340
1044582136559239170
1044582133904363520
1044461934727258112
1044461889973940224
1044461880578793473
1044461863122034688
1044461700055949312
1044461465967575040
1044461374435287041
1044461361525272576
1044461338670428160
1044461330764156928
1044461306823102464
1044454306882162689
1044453515773513728
1044453213326503936
1044453211116048384
1044423045681729536
1044423043869806592
1044423041663606785
1044423038610100224
1044423036244570112
1044220503475412997
1044211684594917377
1044211682208354304
1044102484615000064
1044100944261046272
1044100860316246017
1044098527356493825
1043865127257141248
1043865057292169216
1043861234934632448
1043849305822547968
1043849303633129472
1043849301473079296
1043849298625073158
1043849296511213568
1043800935510757376
1043800283116187648
1043768072924876801
1043767511097913344
1043767361122140161
1043759283815505920
1043739091018297344
1043738447284854784
1043738394310799360
1043730125383237632
1043728475499184128
1043728473246830592
1043728470440923136
1043486883840516097
1043486881382649856
1043456672256221184
1043456670343602181
1043456668372295680
1043456666526732288
1043456664408600577
1043456662571499522
1043456660512141312
1043456659060871168
1043456657462837253
1043426357638832128
1043422351524691968
1043367223836983297
1043328551175577600
1043147419716861953
1043147417032511488
1043147415396724736
1043147413509365760
1043147411428921344
1043147409642188801
1043147407704449025
1043147405473050631
1043147403392638976
1043147401668775936
1043147398871220224
1043087024083922944
1043087021508620288
1043007437727383552
1042996395353956353
1042985745349136386
1042983893798776832
1042927488970584064
1042833739980713986
1042795454872920064
1042785021961150477
1042785019738181632
1042785017653600256
1042785015615115265
1042785012628766722
1042785009990545408
1042785008124141568
1042785006089891841
1042785003799801856
1042785001711038464
1042784999701929987
1042784997034340352
1042703380395765760
1042694414693527552
1042686270256771072
1042683613475553282
1042683473058660353
1042683256468992000
1042681513811238913
1042681483482226689
1042681426053873665
1042681415903526912
1042681401605148672
1042681342675247104
1042681327919611904
1042681318406905856
1042681197871030272
1042681153986027525
1042681135023644672
1042681125464752133
1042681112575729665
1042681099829227521
1042681086369619969
1042681008523378688
1042668323018694657
1042668222728687616
1042668190696763392
1042641830280683523
1042640411662135298
1042452857629409280
1042452855188332545
1042452852977922049
1042452850784313344
1042452847265280002
1042452844916469760
1042452842722803715
1042452840378249216
1042452837727461378
1042452834661400576
1042452831926726656
1042422636750548994
1042400657750122496
1042400591991824385
1042356612818624512
1042356465565020160
1042283880806375424
1042283641647161344
1042283466539192320
1042283454065344512
1042283336926846977
1042279984851820544
1042071101189312512
1042071098874114048
1042071096588226561
1042071094033821696
1042071091596939264
1042071089294258177
1042071087398432768
1042071085292945408
1042071082478567425
1042071080209448961
1042071078141603841
1042071076103233537
1042071073213296640
1042071070805831681
1041999162647035904
1041950277534924800
1041917843732873216
1041916845572411392
1041769124207243264
1041769119211835392
1041769116900749314
1041769114824593408
1041769112500928513
1041769109963386882
1041769107597807616
1041769105311891456
1041769103143395329
1041769100861730816
1041769098718445570
1041769096390565888
1041769094335410176
1041769091613319169
1041769089058975744
1041769086546587650
1041769084164157440
1041769082201272320
1041769079621791749
1041769077402939392
1041738940611526656
1041738938677977088
1041738936907952128
1041738934697578498
1041738932436848641
1041738930859720704
1041738927886020609
1041738926019497985
1041738924253700096
1041738922110476288
1041738919249883136
1041738917110849537
1041738915118542848
1041708808769290241
1041708806827397120
1041708804835037184
1041708802108784641
1041708799910993921
1041708797981548544
1041708796131852289
1041708793959247874
1041708792084418560
1041708789936926721
1041708787986587650
1041708785461538817
1041708783477710853
1041708781397266432
1041708778960445440
1041708776779390976
1041708774887710721
1041708772778041344
1041708770747932672
1041618134615183360
1041618132589268992
1041618130844442624
1041618128986415104
1041618126968958976
1041618125219872768
1041618123491868672
1041618121273106433
1041618118920036353
1041618116504158209
1041618114566340610
1041618112632766464
1041618110195949568
1041618108111364096
1041618105993232384
1041618104240013312
1041618102042210304
1041618099873763328
1041618097432616960
1041618093884276736
1041555908441059328
1041553737561591809
1041527430765338627
1041376468713070593
1041285854692605952
1041285852364779521
1041257290341535744
1041257288059834370
1041257285903953920
1041257283915866112
1041257281743142913
1041257278421315584
1041194070817890304
1041193698812469248
1041108470106402816
1041030328872316934
1041015657544986624
1041015654759968768
1041015651626889216
1041015649122832385
1041015645935202305
1040955235072712704
1040955233302654976
1040955230484148224
1040955228638638080
1040955226684104704
1040955224926691328
1040955223022415873
1040955221235703812
1040955219503472641
1040955217460768768
1040955215309152256
1040955213522317313
1040955211181969408
1040955209378398208
1040955207386054656
1040955205171531776
1040955202839498752
1040955201086267392
1040955198833942528
1040955196334063616
1040894807995035648
1040864628107096065
1040834378346115072
1040831726153605120
1040829331268947970
1040804262052278272
1040804259506388993
1040653367977148416
1040623122519609344
1040623120565063686
1040623118270820352
1040623116047867904
1040623113883578368
1040623111480201216
1040592838629773312
1040592836461322240
1040592834171215872
1040592831457447937
1040592829427462146
1040592827045109760
1040592825073770498
1040592822620053505
1040532442300538881
1040469748860026880
1040466134338871296
1040331814148169730
1040260708271890432
1040260706006913024
1040260703859355648
1040260701820989440
1040260699761635328
1040260697232482304
1040260694489354241
1040260692190941189
1040121227787100160
1040112357769404417
1040112355454140416
1040105012737843201
1040079634942124032
1040051952648904704
1039901049455345664
1039901047416926208
1039901045160337408
1039901042920566784
1039901040462708736
1039901038386536448
1039901036461404161
1039901034003537921
1039894363260641281
1039894350874857472
1039894332944216064
1039894311007993856
1039894261297164288
1039894171836792832
1039894072326930433
1039894040320204800
1039894010918129664
1039876658642214913
1039870773853409282
1039870771194212352
1039747855802683397
1039747807127719938
1039747785774559234
1039747752836694016
1039747337491501056
1039743941321674753
1039741487813218304
1039719838296559616
1039719835868037126
1039719833720549379
1039538710839275520
1039538708721094657
1039538706548490240
1039538704220659712
1039538701930557442
1039538699720159234
1039538697463635968
1039538695169298438
1039538693420331009
1039538691318927364
1039538689225961472
1039538686747193345
1039538684968747010
1039538682770980864
1039538680170532868
1039538677335117825
1039524793857531906
1039508417608605696
1039478219488018434
1039387615819124736
1039387614057562112
1039382417310711809
1039381354792869890
1039176234134069248
1039176231969869824
1039176228723412993
1039176226349490176
1039176222570422272
1039145997878919168
1039145994456322048
1039090944539353089
1039077186970550273
1039076957583945728
1039076720056430593
1039036918032257024
1039036863523086336
1039016295663063040
1038793827249782784
1038656298202660865
1038654311247634437
1038431335671652363
1038431333167624194
1038427501561823233
1038427489243029504
1038427476127444992
1038391770235658240
1038338622427201536
1038292505618526210
1038291360049229824
1038127752644358144
1038127750350077955
1038068993020620801
1038068991087005696
1038068988692115460
1038068984774619137
1038035122283397120
1037959015031033856
1037950411569692673
1037949586407546881
1037949555256451072
1037930101546143745
1037929441127751680
1037747784806526976
1037747782482833409
1037747780331159552
1037730979144712192
1037730307246419968
1037730298400792576
1037730292759502848
1037730282399571969
1037730273759092736
1037730265131495425
1037730256776380416
1037730233862873089
1037730224719319046
1037730213394665473
1037730202879705089
1037730191995482117
1037730183845957632
1037730171187544066
1037730154506641408
1037730146818506752
1037730103130816512
1037730072877248515
1037730027541078016
1037729880065171458
1037604181513662464
1037602712907464704
1037415489771905024
1037399526863065088
1037385249909555200
1037370597645344768
1037358123269410819
1037355158752124929
1037355156839510017
1037355154784362499
1037355152427106304
1037355150267047939
1037355147184226307
1037355144835477509
1037355141328986117
1037355139282219012
1037355136979492865
1037355135020793856
1037355133045223425
1037355130327367680
1037355127563329537
1037355125453586432
1037355123532603392
1037355120248455169
1037355117878624258
1037355115169153025
1037355113109774341
1037289202973437952
1037234481919193089
1037207121652273152
1037205840372088832
1037205084248203264
1037204096661499904
1037173791900819456
1037022949461688325
1037022947058360321
1037022944583659531
1037022942146842624
1037022939676397568
1037022937205882881
1037022934605471744
1037022921078833152
1037022918260260866
1037022916263731200
1037022914284011520
1037022912618881025
1037022910395940864
1037022908189687809
1037022905819979777
1037022903718555654
1037022901365616641
1037022898588930048
1037011196614828033
1037011172749262848
1037011164385792000
1037011152583122945
1037011114045755393
1037011091878961152
1037011034505003008
1037011017262190593
1037010961859731456
1037010945371848704
1037010922915520512
1037010825242791936
1037010814182379520
1037010770620338177
1037010757546696704
1037010749728546816
1037010712143441922
1037010663430737920
1037010646443782145
1037010637010812935
1037010508535087104
1037010141340622849
1037009637592244224
1036992724967276544
1036992722358464514
1036992720064208896
1036992717824421889
1036992715949580289
1036992712820641792
1036992710752841733
1036992708315951110
1036992705560301568
1036992703643430912
1036992701445627906
1036992699650457600
1036992696026574848
1036992693749067777
1036992691589079040
1036992689403846656
1036992686929129473
1036992685121433600
1036992683166904320
1036992680646139905
1036905800713756674
1036883643401162754
1036871067434766337
1036842647372156929
1036688714766995461
1036668026811117568
1036642006364291072
1036611833392705536
1036611831505334277
1036611829534011393
1036611827462025217
1036611825385840640
1036482529241563136
1036481544800624641
1036430598011871232
1036361356646211584
1036304783705964545
1036304720602624000
1036304710670548993
1036304698980982784
1036304689413779456
1036304680018538496
1036304663111331840
1036304643607814144
1036304610758090753
1036304569624477697
1036249471716401152
1036249470013464576
1036249468008628224
1036249465781411840
1036249463453573120
1036249460966412289
1036240933002465281
1036134191556001794
1036120683745554432
1036117916889100288
1035917272425136128
1035917270311206913
1035917267874275328
1035917265819066371
1035917263772246017
1035887069296513025
1035887066838650881
1035887064871579654
1035887063051239424
1035887060756905985
1035877755554918402
1035856842432360448
1035771441273131008
1035771392992542720
1035771351431184384
1035771323354468353
1035771289607139328
1035771209621753856
1035771198091681794
1035761779198976000
1035759403679580161
1035758519784534017
1035757632496103425
1035757623516094464
1035757613110030336
1035757604981489664
1035757597003931649
1035757588669820928
1035757580646113280
1035757569023700992
1035757561859866624
1035757553727070208
1035757545795637248
1035757538308808704
1035757530398355456
1035757522466951168
1035757514044760065
1035757506947997696
1035757496894287872
1035757462505238530
1035733819964440577
1035733818207027200
1035632253563490309
1035582886760644609
1035559072982917120
1035553984868540418
1035552582150836224
1035552580070518784
1035552576643756034
1035552574475255808
1035552571476385792
1035546453207396352
1035522457023782913
1035522454347821057
1035522451734781952
1035522449297862656
1035492237579362304
1035492235150811136
1035492232663580674
1035462048925270016
1035462046815592448
1035462044890357760
1035462042961043462
1035431782802440192
1035431781091172353
