1330436421451194371
1330431389460783109
1330416280906719233
1330411243040083975
1330406218054184967
1330401174386839560
1330396159223980033
1330391123903320065
1330386085638246401
1330381062250373122
1330379245676359680
1330376022999576580
1330370996910612481
1330331218446065666
1330295494413852673
1330290444756979715
1330285411898445824
1330280397343690753
1330275362891325440
1330270315025469446
1330260265028423681
1330255224322322432
1330250187982458881
1330245359180931072
1330240116426743809
1330235100248813569
1330230063707590658
1330225026268884994
1330074647849803777
1330053896878911490
1330048856604733440
1330043827848175618
1330038806507102215
1330033763775098881
1330028724826349568
1330023901603237889
1330018673415819269
1330013621074718721
1329933106623746057
1329928061412909056
1329923297887326210
1329923045348298759
1329918010367356929
1329912958546292737
1329907946269126661
1329902892304773122
1329897866152775682
1329892830223994882
1329887795016560640
1329882764548710400
1329877746395262976
1329872709145276416
1329867873028874248
1329862639082741761
1329818735931219969
1329802253675483136
1329797195013435392
1329792162901483521
1329787155162521602
1329782108022329344
1329777070415736832
1329766998717378564
1329761982371729410
1329756942726819846
1329751896471564289
1329746882512433152
1329741844897542145
1329736800043196430
1329731782913167360
1329731587559350273
1329726734707683331
1329721708648030208
1329716672098398210
1329711643622830081
1329708373680459776
1329706618267738112
1329701570318045184
1329696538122186756
1329691498644971521
1329686470190305286
1329681445883875328
1329676399691649025
1329671371589373952
1329666343399026690
1329661310687203329
1329656281179762690
1329641438573944833
1329602684530405379
1329570920181227520
1329565681742983168
1329560643712786434
1329555607725203456
1329550585738170370
1329548309183275013
1329545544516112385
1329540503377993728
1329535478048100352
1329530446670073857
1329525424834158592
1329520382735429632
1329515380134567937
1329510314451349505
1329505284038008832
1329500253284937729
1329495223567839233
1329329126583447552
1329324091447373826
1329319051286474753
1329314025474306049
1329308989797134337
1329303967168335872
1329298927506628608
1329224189073625088
1329208327839113219
1329203289720807428
1329193220509675520
1329188200062087170
1329183150103285761
1329178123699621889
1329173089666666502
1329168056002768898
1329163035282378752
1329152952456667139
1329147925071589378
1329142891256672257
1329137909484703746
1329132836645953536
1329127788826255365
1328976807325003776
1328971798449369089
1328961690659065856
1328956679392808964
1328951641572339714
1328946607136657410
1328941585493602304
1328936526923882496
1328904328099360781
1328861551219052544
1328840901490315267
1328835877720776706
1328830834976169984
1328825811999354880
1328820767358918656
1328815734185713666
1328810695689957379
1328800650700853249
1328795604244451331
1328790589085782017
1328785538426548232
1328780502317273102
1328775478006718464
1328725135998717953
1328720100086722560
1328715082503753734
1328710050907643910
1328627505578840066
1328604350470631425
1328599310775291904
1328579182671097857
1328574147023282177
1328511737751105541
1328468454425432066
1328463426029576192
1328458398711558150
1328453345015713792
1328448326627454979
1328443309883318272
1328433212381687810
1328428179271405570
1328423153517858816
1328418111125598213
1328413082926927875
1328408060042366977
1328403013610971136
1328362762423119879
1328357723487019008
1328352708286439425
1328347644540964864
1328322589320765442
1328297324305666049
1328292307997761537
1328277694447017984
1328257066419576832
1328252032814362629
1328247013046177794
1328241955994734592
1328236919826894848
1328146596157157382
1328070823228346371
1328065797567164419
1328060770509316096
1328055724191199232
1328050700853669888
1328045666254417920
1328035610892906507
1328030573437325314
1328025528176168960
1328020500854005764
1328015459539705857
1328010435447185409
1327982242652631040
1327948012983816195
1327889625130659840
1327884615097454594
1327758767769997312
1327748706943328256
1327743674088910850
1327738635752534022
1327733614507945984
1327728571062882311
1327723544164372481
1327718503579856899
1327713483601932289
1327708439972294660
1327705672688029700
1327703440995315714
1327698378386530308
1327688306906292224
1327607783756361736
1327602745243742209
1327595695554121730
1327530975237197825
1327526362803007488
1327522220621639681
1327512145370734593
1327502084103606273
1327497047419867137
1327492022241030145
1327486990770708488
1327481956678897665
1327476917801512961
1327413257800282113
1327391349398786050
1327386325591465984
1327383815149465602
1327381296008622080
1327376252374835201
1327371220967452672
1327366192223367169
1327361159108943875
1327356141165277185
1327351096038346752
1327346051989254145
1327341023513743364
1327335978369945602
1327330951727353856
1327325934379261952
1327320892398071808
1327154790988734465
1327149754447515651
1327144744527466501
1327139693746642944
1327134656563732480
1327129622815903745
1327124587553972225
1327033992231743492
1327028971406585860
1327023924434055170
1327018905030844416
1327013867994705920
1327008826609065987
1327003789681954818
1326998761021771776
1326993736975355905
1326988704032940035
1326983660558544903
1326983408468320264
1326978625875349504
1326973607311011841
1326968770972278790
1326963546291367938
1326958501797761025
1326953458960900097
1326921269204443137
1326837699899248642
1326832677719322624
1326816586137735168
1326792611038900224
1326787374366535681
1326782330095230978
1326777299954503682
1326772275568373762
1326767232509227009
1326765942425137153
1326708603772932097
1326671607688011776
1326666566046523394
1326661541249380353
1326656517920190467
1326646452387504129
1326641406006472707
1326636375479898122
1326631394009812993
1326626319245979649
1326621274194513922
1326616242795503616
1326611206577266688
1326606187064864771
1326601148187504641
1326596106256605185
1326591069061079041
1326586043483746305
1326581212396351488
1326435591244967937
1326424977239838722
1326419954724442112
1326414918703263748
1326409878596952065
1326369880086548480
1326304178784903169
1326299176884445185
1326294114728546304
1326289082671112202
1326284061904674816
1326279032330137600
1326273983948484614
1326268959080013824
1326263926556925952
1326253879084933122
1326248824478822402
1326243795621605376
1326238759826939911
1326233729728212992
1326228683766558720
1326223659854389248
1326218627788529664
1326213593084403712
1326208569243471874
1326177872881520645
1326163278192648192
1326158231387992068
1326153201465389056
1326148168782929920
1326138093271982081
1326128036228501504
1326122986936602625
1326117956904947713
1326112935610028032
1326107891246489600
1326097832835682312
1326092792007942144
1326087771090538496
1326082731802058752
1326077692291190784
1326072733164318725
1326067636627714048
1326062800590999554
1326027374870343681
1326017306598764545
1326007225282777088
1325983824367464449
1325950368338079744
1325946827573784576
1325941794090213376
1325931740981047296
1325926701038231552
1325921676186497026
1325916625040764930
1325911593184595969
1325906566168653825
1325901542340370433
1325896504301805569
1325894252031848450
1325886434872610817
1325881396066471939
1325871328201732096
1325866309507305473
1325861266540404748
1325856231626596352
1325847180905598977
1325826038031659012
1325821005907042305
1325771191492218883
1325745503619964930
1325740470983647232
1325735433444188160
1325730422584709121
1325725392729239554
1325720341608542210
1325715301334396928
1325710311257681920
1325705239178211328
1325700210195042304
1325620179863220228
1325569348854026243
1325519025162555393
1325513991414829057
1325508953250418692
1325498924510175238
1325493842901131264
1325488811351171072
1325483779318816769
1325478746036506625
1325473716638199810
1325378094736281602
1325368024677879813
1325362984428974085
1325357957215870976
1325353124832440320
1325347927624216577
1325281211468615680
1325222056041050114
1325217019474530304
1325211994329247744
1325206961806139392
1325196899985580032
1325191856330772482
1325186820112461825
1325181804672847872
1325176752033783808
1325171733452759040
1325166700527054848
1325161651352399874
1325156629994729473
1325151587153580032
1325111334204305408
1325076092995112960
1325005635302404097
1325000598027182081
1324995566355566592
1324990542510497792
1324985526219370497
1324980471923683328
1324975435311177728
1324970402196709376
1324965369472290817
1324960323175129088
1324955292333977605
1324950264206462977
1324945239119974400
1324925601422176256
1324904717600829446
1324859675293134850
1324854638617776128
1324849610301579268
1324844571608731650
1324839543393181696
1324834514967891969
1324829472785371137
1324824435338186752
1324819411526701059
1324814366718468104
1324809332735856642
1324804314867617793
1324799263667298309
1324794243966210051
1324791468855336960
1324789232116879360
1324784165359931393
1324633172483649536
1324628150949654528
1324623119353524224
1324618077393375232
1324613046220763136
1324608029325692928
1324602980545531906
1324597941408092162
1324593675364683776
1324592918666117120
1324587879750946816
1324497275842953222
1324492244783632393
1324487221303455746
1324482179804651525
1324477156035055616
1324474884806873089
1324472116557860864
1324467087130169346
1324462040916905984
1324457013645029380
1324451985265991681
1324446956786241540
1324441924321878017
1324436884416811008
1324431851793076229
1324426813746094082
1324421996822876160
1324416747697569792
1324408459320795136
1324316098116886528
1324295956293160962
1324293194218090497
1324265752824864771
1324260766057259009
1324255689322233857
1324250666479591425
1324245625051975681
1324240596060512263
1324235554494566401
1324230520587325442
1324217956658745344
1324134895678115840
1324129865260535811
1324124824277495809
1324119810691747840
1324115021320826880
1324114762033147909
1324109718424588292
1324104695040847874
1324099663239270400
1324094676031471617
1324089599103291394
1324079527950245891
1324074506298789888
1324069462115495936
1324064435170922497
1324059388747894785
1324054362881142784
1324049324637118465
1324044294844485635
1323922499751522304
1323898433913184256
1323888268610588672
1323878200594862080
1323873166649925633
1323868136253362181
1323816049297469440
1323772515236368385
1323767471963332611
1323762435401142273
1323752375786627073
1323747333612441601
1323742315823960065
1323737272571842562
1323734262265368576
1323732254603042817
1323727202979139585
1323722177464684545
1323717144077500416
1323712113467138051
1323707081057280001
1323702041827573762
1323697006217494530
1323691973681827840
1323686950788861954
1323681916525174790
1323576222140506113
1323566156129730560
1323536001831153664
1323530912882167809
1323525878316331009
1323520873047957510
1323515822959112192
1323454167080488960
1323446875324821504
1323405088707219456
1323400067898871813
1323395026567790594
1323389982657097728
1323384964470181898
1323379912447795203
1323374887071846404
1323369851642105857
1323364814958329857
1323354755977093124
1323349727581249537
1323344677261725698
1323339666611965955
1323334619077464065
1323329891144765443
1323329587246485506
1323329077512708098
1323328616227360772
1323328435956207618
1323324557449662464
1323319523760623618
1323314482953752576
1323309503136342016
1323304428464648193
1323193702546841600
1323190469782917122
1323188665120673792
1323183618504728576
1323178796061773824
1323173559238381569
1323163490786463744
1323161527063584768
1323071647402860545
1323037669555884034
1323032636764246016
1323012500833685512
1323002649831231488
1322997389616128000
1322992369923403777
1322987341968003073
1322982301563789312
1322977260379475970
1322954597024018433
1322924179361071104
1322908588449431554
1322839512456876032
1322836347678347264
1322831313343254528
1322821238130180096
1322816195674984448
1322811196567883777
1322801107094196225
1322796077544841216
1322791035987238912
1322786015728279555
1322780964603514883
1322775930201378817
1322770907518128128
1322765874495934466
1322742733363204101
1322700901195390977
1322685347487272961
1322680311516483590
1322675278737481729
1322670243576193025
1322665202815508485
1322660191998017537
1322655141300965377
1322650109713305601
1322645067752972289
1322640036366635009
1322635020100603904
1322629996276572162
1322624944874967040
1322619917175279617
1322614878683746306
1322518669742788609
1322463891608211456
1322458857201897475
1322453812129353731
1322448828998524928
1322443742821912577
1322438711775272960
1322433688936845312
1322428650860519424
1322423620535230464
1322418578386259970
1322413550804082694
1322408524610183168
1322331772785467392
1322322959466483712
1322317924690964480
1322312880709111809
1322307860408184835
1322307104082898944
1322302817479102464
1322297787606831109
1322292765959610368
1322287725937070082
1322282708534468609
1322277663373971456
1322272622659461125
1322267583391911937
1322262563934162946
1322257513849491457
1322252480747610113
1322247449898082310
1322231851315040265
1322202152798982146
1322166928107077633
1322163855389265921
1322145784339570688
1322139800447627264
1322091437060722688
1322086394941104129
1322084635661291520
1322081372526256128
1322076328275910656
1322073020333199360
1322071304242188289
1322066272029388801
1322061230916460545
1322056191594450944
1322051161059397633
1322021722325999617
1321960572561301504
1321955543003680768
1321950502586884099
1321945461465427970
1321940433761685506
1321935401024671744
1321930373761273857
1321925342014164993
1321920294718738433
1321915272857636867
1321910241345347596
1321905202979590151
1321900175384842243
1321895135022559240
1321890094480056320
1321885078021197826
1321880030369193988
1321718972857942017
1321713948744450049
1321708913511813120
1321704076871172096
1321698832565129217
1321693803485515777
1321598381639290883
1321593147663802368
1321588112615706625
1321583087847956480
1321578043765334024
1321575032477331457
1321573045178454017
1321567969743437824
1321562951057289224
1321557906903470083
1321552878646034433
1321548052201689092
1321542808944214027
1321537781705904130
1321532748297871361
1321527715091152896
1321522692038819840
1321517851782619140
1321512617744191489
1321511860902989825
1321477380125478913
1321472357396107265
1321467313179267072
1321462287941701632
1321457245293584388
1321452215693955077
1321447187780456448
1321442154565324802
1321437113695539206
1321432075266936833
1321427056710852608
1321422039152914432
1321416993006886917
1321406927935594498
1321402893535191042
1321401889712443392
1321396849748643840
1321391819826077696
1321386783167467520
1321381761717252096
1321376724253351938
1321371693747765248
1321366647274409984
1321361617276329985
1321356583046184966
1321351544105820160
1321346519279276032
1321341480619905024
1321339932091260928
1321336458297462784
1321320093419229192
1321262480438472711
1321235801339011089
1321230761182318594
1321225728504041472
1321220700175245313
1321217176821551104
1321215655811710976
1321210629672308739
1321205590979477507
1321200562591944704
1321195531155234817
1321190487714390016
1321185465656135681
1321180441093832715
1321175384235384833
1321170360067334147
1321165343595892737
1321160300037623808
1321155265895501828
1321150240012029958
1321145189965139971
1320994207499198465
1320989161025921026
1320984127366115328
1320979104452251649
1320873408264101888
1320868362239565824
1320863335559188482
1320858307104485387
1320853264485752835
1320848239004975111
1320843205303259143
1320838169990934528
1320828106379304966
1320823067631824896
1320818048950013962
1320813011569954816
1320807963645403137
1320802960306278400
1320797915019956230
1320792870459183105
1320787841249673216
1320782796659564545
1320777767420612608
1320742579995029506
1320675448448319490
1320662215838601216
1320658747375669248
1320646915839692800
1320636856745283585
1320631814348808193
1320626781460799488
1320597335014023170
1320569652171411459
1320526109725831168
1320470742979534849
1320465711676928000
1320460690629529608
1320455663319994370
1320450614535561216
1320445593563680770
1320321951177625601
1320279497279668229
1320274469106102275
1320264392659947528
1320259364662509568
1320254324191203328
1320249283023691776
1320244259170246657
1320239218241769475
1320234185001476096
1320229364269748224
1320224131749711872
1320168773064810496
1320133520728182786
1320123455191306241
1320118431862169603
1320113393873899523
1320108364425236482
1320103337627353093
1320098293502889985
1320093283767537664
1320088237453574155
1320083197145862144
1320078174567469059
1320075205193158656
1320075078005121024
1320073334554492931
1320068092362448896
1320063075970699268
1319931444752416773
1319902001581445121
1319897016886067200
1319891943233671168
1319890669608030209
1319886915684925442
1319881859740913664
1319876830220963843
1319871802559074306
1319866777715748864
1319861729598332928
1319856707376381952
1319851673892904967
1319822230675705856
1319771351960473600
1319766103221063680
1319761068797943808
1319756044755738625
1319751006201282560
1319745985602617344
1319740945596809222
1319735904798449664
1319730876381626368
1319725845355909121
1319715779038818309
1319710741767852038
1319705712067547141
1319700685949145088
1319695639991750660
1319690369391616003
1319604788087095296
1319534586200793089
1319529548321591297
1319524525260836864
1319519476979818496
1319514460558675968
1319513903076954112
1319509415523946497
1319504377577639936
1319499361852805121
1319494306336485376
1319408758716551169
1319403716777213952
1319398692349202432
1319393658551095298
1319388614346891266
1319383578455773184
1319378825126477824
1319378555193655296
1319373720901779456
1319368699669864448
1319363451274264579
1319358623961829376
1319348354661449729
1319343314638876673
1319338293566328836
1319333265338224642
1319328231485472768
1319227562804105217
1319222530373201920
1319167371895050241
1319162128046133249
1319157084190015488
1319152069748686848
1319151892753272834
1319147035598200832
1319141988306923520
1319136971609038850
1319103244887621634
1319046354065412103
1319041333097529344
1319036296556404739
1319026238208544770
1319021208718004225
1319016166522785795
1319011139695661056
1319006094992310274
1319001057519980544
1318996039291064325
1318991003383193600
1318985967483654148
1318980939213688838
1318975905998450690
1318970865145532422
1318965842093244419
1318960799906467847
1318804974755860482
1318799729556410368
1318794706046865408
1318789669212033025
1318784637192294400
1318747404192108544
1318725255653920768
1318683978124189696
1318678936327520257
1318673938549977094
1318668881838379008
1318663852360347648
1318658819078131712
1318653776375484416
1318653283595096064
1318648748327768065
1318643721295024128
1318633653702885378
1318628615844777985
1318623579920044032
1318618542326075395
1318613527133913090
1318608484242497543
1318603441988603907
1318598404436615168
1318593385545031683
1318588349645529089
1318581304104046593
1318558152871333891
1318555386685816832
1318553126631362562
1318548078547304457
1318543041146327043
1318538015074111489
1318532974158204928
1318527946949300227
1318522925046206469
1318517875645304834
1318512851200495616
1318502772111773698
1318497756625932288
1318492719489142784
1318487681391861760
1318482640937324544
1318477617192894465
1318472578185527296
1318471340702244864
1318467548896264193
1318462514829676544
1318457494029688832
1318452447162081281
1318449390760099840
1318447411438768130
1318437359772454913
1318432316532850688
1318427291781914624
1318389324170338304
1318384244306173952
1318360802181656577
1318359524433121281
1318345234049355776
1318344949402865664
1318344836135702530
1318344223108796418
1318343380439601154
1318343046480777216
1318342057648398336
1318341602654507008
1318332664508710912
1318316560931557379
1318311528416878595
1318306488927084544
1318301460497637377
1318296441270534146
1318286361187831808
1318281324709466112
1318276300814143488
1318271252356792320
1318266221964439558
1318256155509088259
1318251144603455490
1318246085551325189
1318241263796293634
1318236019502829569
1318230993036247044
1318225959850565642
1318220956272308231
1318217913036378113
1318215891608309761
1318210853196435457
1318160119268593664
1318160104051572736
1318160093943373826
1318160048359694337
1318159974355423233
1318159957800505344
1318159941392343043
1318159922773872640
1318159901840080898
1318159862363262979
1318148704537354240
1318140390038528000
1318135371646050304
1318130333049651201
1318115252031135745
1318110204064575489
1318105165359206400
1318100127278600192
1318095108382797826
1318090065344679936
1318085066602446849
1318058617896128513
1318057540467494912
1318055151916273664
1318045529243267072
1318042837649338368
1318012776170852354
1317996553357955075
1317994308444823555
1317959194226642949
1317898792931295233
1317893779114909698
1317888730691194880
1317878664751730691
1317875500774207489
1317873672737165312
1317868606416392194
1317863569657126915
1317858533770203138
1317853496239181826
1317848465716764672
1317843433868922881
1317815739471007744
1317799791217311745
1317799450358710272
1317789995474821120
1317772970081853441
1317767937844019200
1317762901252472832
1317757871170461701
1317752854598254593
1317747799123988480
1317742774796623873
1317737761068244992
1317732717442760704
1317727710005874688
1317727680574488576
1317727676287885312
1317722684902592512
1317662530819547137
1317601352491696129
1317591780532113409
1317586766900170754
1317581723912331264
1317576679687114752
1317571654785093632
1317566606785024001
1317561590816845825
1317556582809481223
1317551525120643072
1317546479486193671
1317546236556283905
1317544408959623169
1317541455955722240
1317536426062417920
1317531378590883842
1317526355446239232
1317521306569551873
1317454362873110528
1317410596447551488
1317380448448892930
1317380434024681482
1317380421164945408
1317380402730893312
1317380388432580609
1317380382485024768
1317375360074469377
1317370317921226753
1317365283523354624
1317360297942880257
1317355218259107845
1317350193982021634
1317345160276156417
1317340125160968193
1317335084081532928
1317330056956489728
1317325025444245505
1317318739206033409
1317317650087890944
1317307402925101056
1317272913901506562
1317272480898256899
1317272212643119104
1317234429530722310
1317229390221266946
1317224355827417089
1317219325019815941
1317214286666752002
1317209257515896834
1317204223415767040
1317199196806631425
1317194168188440586
1317189135929610240
1317184094791454725
1317179059302993926
1317174036011618304
1317168993845784576
1317163958781038593
1317159132068253696
1317153884721262593
1317138799353266176
1317121941476659201
1317053055553200128
1317053044182425600
1317053037207310336
1317053015212384256
1317053005234057216
1317052988695904257
1317052977652400131
1317043165761802240
1317038139861573633
1317033102615678981
1317031358636711936
1317028061385248768
1317023041642266624
1317017994367819776
1317012962780061696
1317007939832524802
1317002907972153344
1316997920722440193
1316992843169357824
1316987809895501825
1316982767549284352
1316977741460393989
1316972705506381825
1316967667845287936
1316962636920180738
1316957606712410113
1316952581005070338
1316948044449984513
1316947544174415875
1316903256451330049
1316851895139479552
1316846879645278209
1316841846404976640
1316836805837230082
1316831765105979399
1316826748877668352
1316821704262508546
1316816667272413185
1316811649026854916
1316806598317223936
1316796534260994053
1316791517034549254
1316786482091298824
1316781450855882752
1316736136794996737
1316730055729598465
1316713933751943169
1316713676615933952
1316699868208025600
1316693042498285568
1316692993416593408
1316684273722720257
1316684015865344001
1316683895539200000
1316683337721958400
1316675750779645953
1316670718164316160
1316665682138988544
1316655605009055744
1316650808319016966
1316645537878286336
1316640520702251010
1316635475151671296
1316630646425559041
1316625404808114176
1316620371681050625
1316615336817504256
1316610314520100864
1316539344509861888
1316509645717090310
1316504607481364488
1316499595501993985
1316494545065041922
1316484474222370816
1316479447126736897
1316474421360635905
1316469398299869184
1316464350241193985
1316459316220755969
1316454284372959233
1316449257516347392
1316444217695260674
1316439189269905408
1316434147603353600
1316429326410223616
1316424076869722115
1316419051825045505
1316414020090503173
1316343567992881152
1316313353044799489
1316308331838009344
1316303306592079874
1316298265537765376
1316293222998700033
1316288186390319104
1316283151480692737
1316278120299859971
1316273159276986368
1316268064187600896
1316263029030432768
1316258192117108736
1316237866331234306
1316205156825018368
1316142221960323073
1316137201739145218
1316132152426336257
1316122104836829192
1316117071034540033
1316112035307028481
1316107003765436417
1316091950521634816
1316091896217907200
1316086859316031493
1316081828198002695
1316076796845207553
1316071772962381824
1316066738165948417
1316061709157662720
1316056655919022081
1316051628764561408
1316046644618711040
1316041571939299328
1316036522701991937
1315971851869396992
1315971096148140034
1315966072437313536
1315961024303030272
1315956001116426240
1315950963606384640
1315945926368866306
1315938645946363904
1315931040326791169
1315925809576714240
1315920768350466048
1315915739543539712
1315910712322129920
1315814824874586112
1315774813995139084
1315769768478113794
1315764739566436352
1315759705856380928
1315754680937590784
1315744617313251329
1315739582839824384
1315734539495505921
1315729520469651456
1315724482590502913
1315719432602374149
1315714405158526977
1315709376322310145
1315704336689901569
1315699333845655552
1315694275980677126
1315689250172678145
1315684217905467393
1315683054510313473
1315682585947844608
1315679167887929344
1315669136761118724
1315613742550392833
1315608712929783813
1315603675801358337
1315598646134571008
1315593625988935686
1315588579175862273
1315583546069786625
1315578515778088962
1315573488908992513
1315568444021133312
1315563411577745414
1315558373329375232
1315553345587703808
1315548364218478592
1315523396944433154
1315508042365054976
1315469298874359808
1315412429128568834
1315402357728071682
1315397310113869834
1315392283500568577
1315387243243208708
1315382219846963200
1315377191857905673
1315372149893410821
1315367126472036354
1315362079180763137
1315357062201847811
1315322552244473856
1315322494266548224
1315299929036857344
1315262607885041664
1315262330578644993
1315256394979909632
1315241291224154112
1315236469150117888
1315231231106256896
1315226188613210112
1315221168090157056
1315216135688683527
1315211093917212673
1315206066947448833
1315195991327477761
1315185961719025664
1315180892659253249
1315175868407349249
1315171049521192960
1315165794133708800
1315160768418066437
1315155723463135232
1315150689849536512
1315145661931819015
1315140632864792576
1315102876461654017
1315060093503909888
1315055072439676928
1315050052033937410
1315045004847599622
1315039972244815872
1315034935741370368
1315029901356011520
1315025074550964224
1315019836725047308
1315014791489105931
1315009771922169858
1315004741689241601
1314999694213500928
1314994666333450241
1314990902885130241
1314989638151532550
1314984593947332608
1314939505808494596
1314934273561047044
1314929230887686145
1314924198444371969
1314914141207957504
1314909093870604296
1314907600765550592
1314904077478899715
1314899046834806785
1314894012806037512
1314888961387622400
1314883938247233538
1314878910195269633
1314873865554755584
1314868851830599680
1314863805789282305
1314858764546322432
1314853739853996032
1314848708610207744
1314843663403548673
1314838637238980608
1314833609891737602
1314828563728793600
1314823534649147392
1314818504114270209
1314813467132669953
1314808447750361089
1314803407102849024
1314798381626273797
1314793342937583616
1314788309164527616
1314783265325297664
1314765670555545606
1314742013762437127
1314737980125450242
1314727903024893952
1314722871177089027
1314697719001251850
1314692673471746053
1314687635252707329
1314682610535235584
1314677580201693185
1314672541257129991
1314667520574578689
1314657437027315712
1314652428873207808
1314647380957048833
1314642348614320129
1314632288655814663
1314627250499846144
1314622222540189697
1314617179912970240
1314526589024186368
1314521547500130304
1314516508106723329
1314511488829227008
1314506455459004416
1314501420935262209
1314496380317163520
1314491340651196417
1314486519063810049
1314481280000692225
1314466187124895744
1314461180774084609
1314456110007554048
1314451086523146240
1314446050581766144
1314443794809606147
1314441010307530752
1314435997724217345
1314430956917403648
1314425931809935360
1314335320129892355
1314330299191431175
1314325259294834693
1314320215233253378
1314315188724695042
1314311170682236929
1314310153265651722
1314305128787255309
1314300090597675009
1314295058083065857
1314290017699799043
1314284981179617280
1314279983402094593
1314274927277740041
1314269891806081027
1314264868220960768
1314260029831360516
1314254788020887554
1314249753232891904
1314154127342133249
1314149104960839680
1314144064938422272
1314139238984757251
1314133996654166016
1314128964051492865
1314123920770039809
1314118901480009728
1314113870575931392
1314108836442144768
1314103797963161600
1314098861372252163
1314093726323666944
1314088694148718592
1314083665589215232
1314078629316493313
1314076125405024256
1314073600505401344
1314068827785830401
1314068563314061312
1313972929743421442
1313967901385338880
1313962863359389696
1313957841762476035
1313952793397522439
1313947764099747840
1313942745799589889
1313937711124938753
1313932662596399105
1313927646967984131
1313922608279191559
1313917565387919361
1313912535561666563
1313907514048737280
1313902475963969537
1313892400599904256
1313887375181967361
1313882336518443008
1313815149757825024
1313796782665674758
1313791748590764033
1313786706953461761
1313781705661198336
1313776639483015169
1313771611217162240
1313761539296579584
1313756518773293057
1313746449071570944
1313741405186072582
1313736460051320833
1313731348604096512
1313726307956645891
1313721267334385672
1313716238368075777
1313711205731782659
1313668679670824960
1313610552791400449
1313605510936043521
1313600477406408704
1313595446426771460
1313590410590253062
1313585374661312517
1313580349969096706
1313575320721731586
1313570284595806208
1313565239045218305
1313560210217357312
1313555174418452480
1313550158802583552
1313545115022036992
1313540093634924545
1313535049464242177
1313530014730776588
1313524987911966720
1313520153460645898
1313514914590359552
1313470888038346766
1313429343725588481
1313424325291245568
1313420295571681281
1313419334413418496
1313414260282798085
1313409214300196869
1313404183677227008
1313399162625458177
1313394115569123329
1313389099143884801
1313384052657926144
1313379016771022848
1313374012546875392
1313369158244069377
1313365429306429440
1313363928349581313
1313358896568958981
1313353864075251712
1313248164984631298
1313243124412579840
1313238091612684289
1313228034456027141
1313222994123202562
1313217954960596995
1313212923876118531
1313207895862005760
1313202854014988289
1313197829423325185
1313192807461515266
1313187768949002240
1313182740305637376
1313177723628589056
1313172659115560962
1313167621190230017
1313162602286125058
1313157570056597514
1313152524732555266
1313147541157019649
1313121568848052224
1313077023733100546
1313066974524694529
1313061930584739840
1313056897927450625
1313051873910370304
1313046840565215232
1313041802455285762
1313036758834126849
1313031723140222976
1313026705221718021
1313021658173788160
1313016628603424769
1313011650535010304
1312967068275310595
1312951200405430278
1312880738061221888
1312870665129783301
1312865643138609152
1312860671902703618
1312855576326672384
1312850536308322308
1312845510076764160
1312840683372392449
1312835430551879680
1312830399161266176
1312825372292063234
1312820337290215426
1312810280234123265
1312798782975864834
1312754683296002048
1312709604447576064
1312704576127225858
1312699545122418688
1312694504210735105
1312689483117146115
1312684447247077376
1312679421153771520
1312674377209720833
1312669339934392320
1312664325161725954
1312659271730057216
1312654246144335872
1312649227902824448
1312608955940691970
1312603912042618880
1312598884565291008
1312598643392868353
1312593852554006530
1312588825080852482
1312583775776374792
1312578745845329921
1312573725326422016
1312568691830198273
1312523376641019904
1312520109919858690
1312518350904279041
1312513317114580994
1312508281479262208
1312503250231259136
1312498263682027520
1312493187940847616
1312488161268785152
1312452674906775554
1312379691312066560
1312347229907189761
1312342198894166017
1312337156548034560
1312332140210782209
1312322049944285184
1312317021758132224
1312311993194483713
1312306948579172353
1312301938583707648
1312298913119035393
1312296887073026049
1312291854847815681
1312286908010188801
1312281788312686597
1312276757698019329
1312271726898810880
1312266915516211200
1312261655611482112
1312256625437298688
1312254369929330690
1312251592888979456
1312246553940299776
1312241529990283265
1312236491498754050
1312231458606645248
1312226434497339392
1312221385704562688
1312216355349946368
1312211330615533570
1312191950343208961
1312161005540057089
1312155965429485568
1312150933413875713
1312145893261406209
1312140861468098562
1312135819994439680
1312130798569492480
1312125767065591808
1312120723243061248
1312100610360049664
1311979797250215939
1311977952817577984
1311974764832063488
1311969747718811649
1311964703212609536
1311959663483781121
1311954641287090178
1311949597519089666
1311944575288827904
1311939529499082752
1311934512801214464
1311929470081740802
1311924445884317697
1311919394440740864
1311914367512915968
1311909327876358146
1311904307357405184
1311899290407784451
1311894237936594944
1311889410573643776
1311884162962423808
1311879140329615360
1311874102475583488
1311869067058458624
1311864300496211968
1311864041980268544
1311859016121884674
1311853979706576901
1311798605951500289
1311793576943194112
1311788543161913344
1311783497514782720
1311778468535971842
1311773448637739008
1311768406039891969
1311763383780245506
1311758340897345549
1311753317450735616
1311617407190994944
1311612390648287232
1311607352295120896
1311602524009492481
1311600809382117377
1311597278831013888
1311592255153676295
1311587214153969666
1311582183069569024
1311577139704193024
1311567075698188289
1311562063899242497
1311557012619251713
1311551991986950144
1311546955965890560
1311541907097563138
1311536887916617728
1311531850893012999
1311526817866698753
1311521790741680128
1311516756964528137
1311511716593836032
1311506689431044097
1311501641519190016
1311500144983060482
1311496626926751745
1311436221558730753
1311431183729909765
1311426145800335362
1311421112748830722
1311416087435784194
1311411271649157121
1311406016878252032
1311400984313237509
1311395963517521921
1311390922643570688
1311385897724764160
1311355700682121222
1311249992322088960
1311244968066002944
1311239919193522176
1311234895327440896
1311229887034912768
1311224823780179969
1311219802539806722
1311214767651119105
1311212749792464896
1311209730958917634
1311204686486294529
1311199667535982593
1311194634689880064
1311189596911349762
1311184569090146305
1311179535094874112
1311174496112574465
1311169457071566848
1311164420425420801
1311159640881852422
1311159400619540480
1311154363910492160
1311151839417638914
1311149335602749442
1311144304786763777
1311139270007181313
1311113356431024130
1311073839892303873
1311068791418355713
1311063790520348673
1311058728737812482
1311053708525015041
1311048657676926982
1311043625552433169
1311038593389989889
1311033567523282946
1311028527450464259
1311023510358286336
1311018457643835395
1310887610655608832
1310877535614504961
1310872505880645632
1310867463882539014
1310862437692956672
1310857412849565696
1310852394029330432
1310847342304727040
1310842311685869568
1310837272414228480
1310832229422190592
1310831240577245186
1310827197444354050
1310822176564621314
1310818141036072960
1310817133002190850
1310812106002960385
1310807073526099969
1310802040893964288
1310797001081139200
1310791968428101642
1310786938769674240
1310781915767635968
1310711448574799873
1310706416794165250
1310701405011873801
1310696349109813248
1310691318667137024
1310686287075184641
1310681253046358017
1310676217926950914
1310671186527956994
1310666149378564097
1310661107225423872
1310656092712689664
1310651056108515332
1310590658135154688
1310586880694644737
1310585613280833538
1310580592233394176
1310575539305041921
1310570516089122817
1310565481569378311
1310560459322535937
1310555412144558080
1310550386391080960
1310545344195944449
1310540316806656002
1310535286129127425
1310530240289087488
1310525211641622528
1310520180104200192
1310515151020478464
1310510115603259392
1310505085554876416
1310500059671334912
1310495021444075520
1310490001826811904
1310484949833834498
1310479928559837185
1310474885253169153
1310439650880892928
1310434612993314816
1310432363122511872
1310414483383291906
1310409448763150337
1310406186903240706
1310404422632177664
1310399377295507456
1310394352280236033
1310389328087068672
1310384309061275653
1310379245273743362
1310370188840390657
1310349056129093636
1310344026508406784
1310338990734798851
1310333951953833985
1310328926867251203
1310268520794656770
1310152765239365632
1310147725787303936
1310142703246757888
1310132635461705728
1310127586966634505
1310122568708427776
1310117520955801600
1310112619534188545
1310107470996664320
1310102426935066624
1310097398379745282
1310092363579129857
1310087334998798337
1310082310285516801
1310077255318753281
1310072222825033729
1310067195695828997
1310062168759562240
1310057127118098432
1310052111854571520
1310051854475243528
1310047072838717440
1310042025262297094
1310037010040713217
1310031956512509952
1310026934244569089
1310021900068884480
1309994720538628096
1309986664903856129
1309981635719450630
1309976607017369605
1309971574775312385
1309966531141545987
1309961505945931776
1309901615386832896
1309816055192268801
1309785342724182016
1309780315901222915
1309775266114342913
1309770240092495872
1309765210748719104
1309760180213739520
1309755139557863424
1309750160948428805
1309745078001336320
1309740038066974721
1309735002561708033
1309729982332141568
1309724937574285312
1309719917869105152
1309714887078219776
1309709841917673481
1309704808455176192
1309699782290661378
1309694748907712513
1309689713616355329
1309684682355769344
1309679666924527618
1309674603149766656
1309669584874737665
1309664550783004672
1309659561779965952
1309657744866148352
1309654227837476865
1309619240954138625
1309614211509760001
1309609171881525248
1309604152180432896
1309603650751418374
1309599119644786690
1309594077663551488
1309561349840744449
1309468258626568195
1309422951557746689
1309417914114637824
1309412893302173697
1309407849521516544
1309402823172526080
1309397996422025217
1309392748680818688
1309387736634318849
1309382694560817152
1309377660804567041
1309372631058182146
1309367586870775808
1309367215993556993
1309362554851000320
1309357528443236353
1309352483890835456
1309347450465824768
1309342419088015360
1309337398120255488
1309332365253238786
1309327328179232768
1309322300899176454
1309317247094136838
1309312220870971392
1309307185302769666
1309302158223904768
1309261900769828864
1309258071378665472
1309256850420965376
1309251833739776001
1309246795667603456
1309241763790548993
1309236723323469827
1309231689290395650
1309090768884248576
1309055555357544449
1309050491029028865
1309045462796840960
1309040444727332866
1309035394571345921
1309030369866510336
1309025380372807681
1309021308039163906
1309020305919299584
1309015259861090305
1309010241191841794
1309005197440675847
1309000174296068097
1308995141491994626
1308990107953790976
1308985066845089792
1308980034632404995
1308975011542323201
1308969960157466626
1308966453538951169
1308964945774743558
1308959912266027008
1308954861178892288
1308949846657818625
1308944802470338560
1308916363294056448
1308899508575666176
1308894475608109056
1308889445869875201
1308884417704865793
1308879364256403458
1308874348367839232
1308869300170772481
1308864267123404802
1308693140153470976
1308688110885142529
1308683122863747073
1308678043616059396
1308673006571524096
1308667973440241666
1308663026875273217
1308657906993201154
1308652889846558721
1308647837958365184
1308642819050012672
1308637769653248000
1308632754020593664
1308627702933598213
1308622672692215808
1308617655952330753
1308612617276096515
1308607591069745154
1308602541559762944
1308597516817108992
1308592490853920768
1308587446041554944
1308582421693161473
1308580918483976192
1308537122782093313
1308532073498542080
1308527040979664896
1308522017679986688
1308516987149127687
1308511953447460864
1308501889542225921
1308360951549366272
1308320690366545920
1308315668832555009
1308310618760458240
1308305585771671552
1308300638455959553
1308295570260258818
1308295530989064192
1308290485425967104
1308285475396837377
1308280419788357632
1308275404919144448
1308270357254729728
1308265335703953408
1308260283878645762
1308255250269306881
1308250222502477830
1308245185340608513
1308240160509829121
1308235125524697088
1308230101402898432
1308225066958753792
1308222795789340672
1308207706147258369
1308174724082675713
1308169687860154369
1308164667710279681
1308160902387167238
1308159636340707330
1308154589032652807
1308149577510522880
1308144521067270146
1308139491580956679
1308134462065172488
1308101754911948806
1308040600936214529
1307978447474622465
1307978396274655232
1307953277330391042
1307948236850843649
1307943206449971200
1307938162950504448
1307933142670602243
1307928101616222209
1307923068657037315
1307918034863116290
1307913010707599361
1307907971763048448
1307902934773047301
1307897913989828609
1307892874869174277
1307887848142581760
1307882806845083648
1307877767745351681
1307872745783525378
1307867698030948352
1307812350930583552
1307807313915412482
1307802276594176000
1307797237246947330
1307792215754911747
1307787173165518848
1307782131821826049
1307777107947335682
1307772828981383171
1307772082810486793
1307767042305437696
1307691547270565888
1307686515586347012
1307681478885679105
1307676439970492420
1307671418717511680
1307666373527638017
1307661353981808640
1307656307240038400
1307651275765567488
1307641217111535616
1307636192540872704
1307631140132487171
1307626109211729920
1307621070367797251
1307616041770643456
1307611007452409859
1307605970504372224
1307596117329182725
1307590871743959040
1307580808895496192
1307575787055448064
1307570755266162689
1307565707929022468
1307560673342296065
1307555647777656833
1307550612503093248
1307545583842975744
1307540550464221184
1307535515311394817
1307530474290663425
1307525462919446530
1307525457462599680
1307520426285953026
1307515393016295425
1307510352972742658
1307505307850027011
1307484695517630464
1307449963727802369
1307444917212512256
1307439890368466944
1307434845992366080
1307429826605789186
1307424812747325440
1307419752005021697
1307414715044429825
1307409689324466178
1307404662170177537
1307396098957475842
1307387370338242560
1307223459135660032
1307218420166012930
1307213497252696065
1307208357166669825
1307203552159375361
1307198299837992960
1307188224692019200
1307183201593556992
1307178153954209792
1307173332878610432
1307168088983470081
1307163061967630336
1307158038269353984
1307154269150294017
1307153005477756929
1307147961676304384
1307087575157542917
1307082522040336387
1307077505325686785
1307072465932255232
1307067431593160705
1307062393659445249
1307057360817528833
1307052333302505475
1307047308236853249
1307042262757638145
1307037232264630274
1307030233393106944
1306901342829645824
1306870649269424129
1306861073430204417
1306856037987872768
1306851115925942272
1306845973898039296
1306841145012563973
1306835907920703488
1306830877511634945
1306825841867980800
1306815784421855237
1306810740624576513
1306805722685075466
1306800670532567042
1306790616353902592
1306785565547864064
1306784834161958912
1306725186016870401
1306720142768906242
1306715107469266950
1306710072568012802
1306705041018019847
1306700030053675010
1306694986797330438
1306689943356481537
1306684912309805058
1306680081335619586
1306674835486105600
1306655967585730560
1306621255207002115
1306586415283621888
1306549021851504640
1306530653178130432
1306488640974008323
1306483594173591552
1306478545863094272
1306473509359693824
1306468490770079744
1306463455021498368
1306458411115122688
1306453388020920321
1306448345846566912
1306444335030980608
1306443325193555969
1306438287188471809
1306433249133158402
1306428213778960384
1306362797480120320
1306357757931663360
1306352742005460992
1306347684048101378
1306342648731533318
1306337624488108032
1306332794268901380
1306327566798782466
1306322521030098948
1306317492051210242
1306312450866896899
1306307417475624964
1306286284994940929
1306194989576323072
1306194286489341953
1306131266211852288
1306126256384155650
1306121190906515456
1306116158354067456
1306111125289869312
1306106090715836416
1306101067285921792
1306096262052286471
1306091013421895680
1306085961168809989
1306080921859297280
1306075891626381312
1306070860818788352
1306067087455137793
1306065854749126656
1306038439985414145
1306000409518116866
1305990333642280960
1305985300322226176
1305980271439863808
1305975239269126146
1305970210990690304
1305965168158007297
1305960143776079872
1305955112456720386
1305950060069425153
1305945067849420804
1305939994431938561
1305848758232592385
1305848734295699457
1305758809550393346
1305753778629619714
1305748738414125058
1305743703571664901
1305738678829019136
1305733645110513664
1305728616114917377
1305723574884478977
1305718566008877057
1305713502678593538
1305708472374358017
1305638014002044929
1305632973694406658
1305627956136550400
1305627190021754880
1305622908417511426
1305617880885624835
1305612847544709121
1305607820851765249
1305602771434041350
1305592724343709696
1305587689455063045
1305582657082925060
1305577624589217800
1305572582004060160
1305471926131924994
1305459834356146177
1305441929350582274
1305402226026975232
1305396421445771265
1305391385193967621
1305381319648698369
1305376292414652416
1305373530998149127
1305371258863980545
1305366230371463169
1305361184103772160
1305356156278317062
1305351112879419393
1305343075431133184
1305275625989603328
1305270587795931142
1305260523550842880
1305255499877806081
1305250468059324416
1305245423033102342
1305235363422760960
1305230322045464577
1305225286355767301
1305220253471977472
1305215217710829569
1305210202120220678
1305205153281249281
1305034031046823936
1305029008850128896
1305023960434835464
1305018931594354688
1305013908609077248
1305008874307678208
1305003833605713920
1304998799694331904
1304993759692836864
1304983195306332160
1304913231937507333
1304908201918373888
1304903183802740739
1304898136306061312
1304893115518652416
1304888067665387520
1304883028725035008
1304874739484241920
1304872982582624263
1304867937057210370
1304862904274096130
1304858083546595329
1304852847767498754
1304847803475275776
1304842787314184198
1304837745785876481
1304772311611043840
1304762455399292928
1304694121353875456
1304694041326637057
1304693458687463425
1304671640853327872
1304666610091917312
1304665356506673152
1304661590139195393
1304656536535433216
1304651520609259521
1304646479836057600
1304641458717286401
1304636406309048321
1304583069119246337
1304554377638809609
1304550858651303936
1304545809166458887
1304540776278491138
1304535757995073543
1304530718178136067
1304525689396355073
1304520654075629568
1304515614061596674
1304509075380633604
1304505556338651136
1304500720113266688
1304495478957056007
1304490442050936832
1304485428993626113
1304480390791532545
1304475351159123973
1304470315607764993
1304386918935867393
1304386898610315264
1304344177744977921
1304309263389667329
1304306239174848512
1304304222054350848
1304299207734558720
1304294167410024448
1304289135021248512
1304284081950281729
1304279069090091010
1304183439411892230
1304178392602992640
1304173363502485506
1304168336947900417
1304163290222858245
1304158271125819393
1304153233741447169
1304148202946519040
1304143154665402368
1304138126147956737
1304133113094733825
1304128062041321472
1304123033402175488
1304118004058333184
1304112957127880705
1304107940517998595
1304102908464697345
1304090317776445441
1304047525184319493
1304042490157305856
1304037474109460482
1304032424972693511
1304027422904537089
1304022368118091779
1304019115972141057
1304018981922189312
1304017344197521408
1304012325708595201
1304007272499212288
1304002229356105729
1303997199093825536
1303992172279214081
1303987131476570117
1303982099557478401
1303972032858775557
1303967011035328513
1303961973005209600
1303956928322777088
1303951911591305217
1303947073851711488
1303941845337112576
1303936794866716674
1303931766974152704
1303926748069933056
1303921446943678464
1303887473437798401
1303826084056707073
1303821040997593088
1303816004993155074
1303810980552605702
1303810223635865600
1303805945156337669
1303800906417405954
1303795878994550794
1303790844756058112
1303785821284204546
1303780766543998979
1303775737229574146
1303770765494562816
1303765682761469952
1303760653161836544
1303755626665869317
1303750576652640256
1303745554371969026
1303734475734556672
1303705271508897798
1303700260573925376
1303672048200355841
1303639855285645312
1303609652681244673
1303584484374183938
1303579457693900800
1303574417688203266
1303569391326552064
1303562336477876224
1303503948129742848
1303463694840541184
1303458654117560327
1303453625990209536
1303448593433493512
1303443555395022848
1303438530774011904
1303433489505812483
1303423429597593600
1303418388635701248
1303413348634161154
1303408317998551048
1303403282883280897
1303398256869859335
1303393224262922240
1303388196215160832
1303342891356622849
1303337864374243329
1303332831670738945
1303312689465298944
1303307655155511303
1303207000738795520
1303201963149062148
1303096270672850946
1303091237092818945
1303086203961565184
1303081169274261506
1303076125866946561
1303071105620611074
1303066068152446982
1303056009028603909
1303050959036264450
1303041104128991233
1303035868144373762
1303020261147586563
1302980503633571846
1302975482787508233
1302957615387947009
1302945279574970370
1302940235949658113
1302935204777152512
1302930372712452096
1302906270157078529
1302905012973187072
1302899974150270976
1302874809081135108
1302864860921966592
1302855002290114560
1302823475564949504
1302792272988311557
1302779171920384002
1302693604683636736
1302643276500041733
1302618109036171264
1302603015766056967
1302502306479583232
1302446977985196033
1302376515221491716
1302351348525084675
1302350603016904706
1302346526371479552
1302341294681985027
1302331239580479488
1302326186199183361
1302321167278264321
1302316121341779971
1302315889421955078
1302311094216724490
1302306064361234433
1302301035051053057
1302295988879724548
1302290980809445380
1302205398695505923
1302170974939426816
1302155090749534208
1302134929678127104
1302129901005410304
1302124866036994050
1302119837972529152
1302119832800952320
1302114797178232834
1302078561101242368
1302074540219133952
1302014146591023106
1302009092492451841
1301999042852016131
1301994001332137985
1301988976316821504
1301983934343938050
1301968844278431747
1301963804755013633
1301958771435016192
1301953937835253761
1301948703197073417
1301943683210711041
1301938635164585994
1301933613777330177
1301928590767009802
1301923540653035523
1301918514710810625
1301772535705591808
1301767718065049602
1301762478897016832
1301719705745580033
1301651751960014849
1301646703653720066
1301641675303981066
1301636646899679233
1301631605811838977
1301626615386996743
1301621554296557568
1301616511799484417
1301611474109034496
1301606449232084993
1301596387818246145
1301591346256453632
1301586305915256839
1301581281826873346
1301576242119008258
1301571211982516230
1301566238062190594
1301561149675261953
1301530955837050882
1301525922739351553
1301520909044416514
1301445397358022662
1301439299934736385
1301435530052349952
1301429334725595137
1301374932375539712
1301365616708907009
1301344719537139713
1301340692623626242
1301332388438593537
1301289359933681668
1301279308967800835
1301274258329534471
1301269222245502978
1301249121853075458
1301244057163902976
1301239032299630592
1301234010547539969
1301223922474647553
1301218887418236934
1301213862960812034
1301208832924954625
1301168571201073152
1301163535796445184
1301159011165839361
1301017575749545986
1301012528395415552
1301007509776478209
1301002672263303169
1300936031248809984
1300926971623411717
1300901811071655937
1300896779588820992
1300886729348575234
1300881670950858753
1300876635692990464
1300871599546159108
1300866583888363520
1300856499741380609
1300851466442362880
1300846440672100356
1300841399496126471
1300808199323496455
1300791072822616066
1300786033769013254
1300715578131443713
1300706528618577921
1300705523587862530
1300675326989795330
1300670275151974400
1300665257275334657
1300661216826871813
1300564585137790977
1300544456303706120
1300539416784572416
1300534387449180160
1300529358923272195
1300524318967959553
1300521556788023304
1300519292711075841
1300514258493546498
1300509219368701953
1300504195477450757
1300494120016896003
1300489088273911809
1300484044778549254
1300449143605940224
1300443789002256385
1300438752255500289
1300408565505626117
1300403530164039682
1300398495971635200
1300393450865668096
1300213415655469057
1300213249158402049
1300192638298185730
1300121662495612929
1300117350491062277
1300071335822012416
1300061264509534210
1300056231890112514
1300036103395827713
1300031076887408641
1299995844285001728
1299990829692530695
1299915312352067588
1299884566077939717
1299880071164039173
1299784433780822016
1299774370987020289
1299769350015119362
1299764304024084480
1299759276521664515
1299754249388163072
1299694852079333380
1299640753002614784
1299588140131397632
1299586645788852227
1299583124750446592
1299578079652786177
1299573048530677761
1299568013088260096
1299477428562268161
1299472398467637250
1299467348169158656
1299462328291909633
1299457296792268805
1299452245872869379
1299447226683592705
1299442186086424584
1299437170109943809
1299432130708201472
1299427085711179781
1299422049249697796
1299417011370561537
1299411979199811584
1299406955606409218
1299401926828793856
1299391923812208640
1299367699680722945
1299331449292718080
1299326420397838336
1299321389967642629
1299316404005502976
1299306290079039488
1299301269266485248
1299296218326224901
1299286182145200129
1299281116080361472
1299276097494962176
1299271095837749249
1299266024701865984
1299260985048551424
1299255991184306176
1299253717162745857
1299250923110367232
1299245906403958784
1299240922136424454
1299235818767294464
1299230785317343232
1299229203376877570
1299225759148576769
1299220723693744128
1299215702419820544
1299213690378555392
1299210672937541636
1299205841061634048
1299164862367633409
1299115043250987008
1299110006453919744
1299104985888837632
1299099934743056389
1299094896922578945
1299084839438647296
1299079810229075970
1299074768281444354
1299064692070113280
1299059690760998914
1299054628055724033
1299049601002078210
1299049503115354112
1299044582307528704
1299039540934594561
1299034498332491776
1299029490685931521
1299027455181836298
1298994251179552768
1298868404867215361
1298863374130962432
1298858345240162304
1298853303015616513
1298752644966682625
1298747601639149573
1298742574929321984
1298737549473714177
1298732516652834826
1298727475258839040
1298722437517910017
1298717403635830793
1298712369976074241
1298707344302526470
1298702307421544452
1298697274147647491
1298692237770076161
1298687223618035712
1298682208174120960
1298673637080391680
1298626812667404289
1298621783617175552
1298616741577347078
1298611717275111425
1298526146905157633
1298521111681019909
1298511064284495875
1298506647841771521
1298506224296693760
1298503516143706114
1298500980267458561
1298498231475863557
1298495949380231169
1298444613410263043
1298385215056949248
1298380186610737152
1298375155748659203
1298370117923987456
1298365099611168775
1298360070053548032
1298355240236965888
1298349998938247168
1298344961751109632
1298334898420424707
1298329867059109888
1298324827225444352
1298269461074423808
1298264468518916096
1298259447110754312
1298254364432162816
1298249325479419904
1298244292377542659
1298239265780969472
1298219134593925121
1298144672368525313
1298123505721016320
1298080719642689536
1298027869482999810
1298020291810033664
1298002706121064448
1297997665821757442
1297992627820863493
1297987606093979652
1297982793016803329
1297972515210485772
1297967462336659456
1297962439259107329
1297907072726597642
1297902241228247042
1297881899101310976
1297876870202101772
1297871838870220802
1297866813838065664
1297861782065893376
1297856747101708288
1297826539304824832
1297816475844173824
1297796342933270529
1297747772280655880
1297731164149633024
1297665484654092289
1297589978764054529
1297584958920437762
1297579939332534274
1297544694017253377
1297539653533343752
1297534619420626944
1297514485234708480
1297509455966482434
1297395452153942016
1297297567655636992
1297277924849209344
1297272883945902081
1297267866753019904
1297262821248577536
1297258000714018820
1297252765975154690
1297247719195578369
1297242696030072833
1297237663720902656
1297232636277075968
1297227598678970368
1297217532760399872
1297126953972105217
1297116370858057730
1297071569878097921
1297061497861033984
1297059233276493825
1297056462942994432
1297051436514267136
1297046404804874241
1297041371916836864
1297036337527296006
1297026515591364608
1297009165349658630
1296940713201094657
1296935669189586945
1296925602109325312
1296920569523429378
1296915537390440453
1296910515575431170
1296905471434149890
1296900441800937479
1296895404940898304
1296890363798589441
1296885347482312706
1296880298685235202
1296875283606392836
1296870246427525121
1296865215775203329
1296860165363437573
1296819902616043525
1296814872685154305
1296694085642784768
1296689042713726977
1296684023385858049
1296678989881368576
1296578312710631424
1296573285396893696
1296568265322332160
1296563237778071555
1296558179871010817
1296553154226671616
1296543080506695681
1296538078488793093
1296533009152249856
1296531769538248706
1296527981108760578
1296522965845258241
1296517923570360323
1296512895795302400
1296507869647568897
1296502817021140994
1296457521918554112
1296452495007453185
1296432375669370880
1296427322808164354
1296412985381060612
1296407192573284357
1296397125975257088
1296392094152642560
1296387088674324480
1296382022089310209
1296376993819361289
1296371963384999936
1296366931281403905
1296362387117936646
1296356857267867648
1296351827445850113
1296346994370383872
1296321615735791616
1296316600707166210
1296311570428039169
1296305021794091008
1296301506485014529
1296278850234658816
1296245635260264449
1296215939428622336
1296210897401188354
1296205868023906305
1296200839984447488
1296195802122067968
1296192222237544450
1296190763093635074
1296185725965291523
1296180690002862080
1296170620561117184
1296165600402837509
1296160594362597383
1296095139715338247
1296090095364251648
1296085097712627713
1296069964399611907
1296064926096805888
1296059914809479168
1296054880608583681
1295976100317794305
1295951696552747009
1295944131408285696
1295941868673474560
1295939108846669824
1295934082384375808
1295929032245157889
1295853546227851264
1295818307744993283
1295813284487213056
1295808235992121351
1295798180865613825
1295793152306163712
1295788115349692425
1295764200552366080
1295712606255284229
1295707580476645377
1295702558057680896
1295697523894607873
1295677406175526912
1295672344514564097
1295667321034493953
1295632093616234497
1295627048627691520
1295618239653916674
1295571681738727427
1295562128368308225
1295491153597542407
1295450934936588288
1295445846721527808
1295440828421287948
1295430746623156230
1295425732529856522
1295424225319190528
1295370366681047042
1295365335185534976
1295335123987116032
1295330107356319745
1295325059784089600
1295320020344602625
1295299906547187713
1295294865400569857
1295289820982411264
1295283280590315521
1295088508584054786
1295083467039014912
1295055275959910401
1295048240417693696
1295043248461938688
1295014508994404354
1295007976894468096
1295002932438609923
1294993769604042757
1294993432461664257
1294972743256023040
1294967744971124736
1294962660971339776
1294927431992774656
1294922418851586049
1294872587550457856
1294821988595269634
1294732649857257472
1294700952470073344
1294690884097900544
1294685838417309698
1294680814777753607
1294675770909040640
1294670752847998976
1294665712154431489
1294630479027736578
1294625446101946369
1294398958937284610
1294393937818529794
1294388896080560134
1294383863821721600
1294378830984032257
1294373792295395331
1294368749206876162
1294358681971302403
1294353657815801857
1294348619286446082
1294343601909047299
1294338560238256128
1294333565203775490
1294328501642891265
1294323450362855425
1294318426211659782
1294283198323732485
1294278162537426944
1294273134825213954
1294268100100141058
1294256267393929222
1294217762676584453
1294212733240582145
1294196890981076992
1294132212179152898
1294126676025188354
1294076886902018049
1294041594694443008
1294026501290176512
1294021459027865600
1294016444515201029
1294011409525874688
1294006367246790657
1294001350771179528
1293991267781795842
1293986247095078916
1293981216165765120
1293976173693853696
1293971144102547463
1293966103513837570
1293961077647081475
1293956041793773568
1293951010772340743
1293910762168053760
1293826437712158720
1293793401016594432
1293789933526831105
1293784905424482305
1293779872758759424
1293753461369184257
1293679215695601664
1293674185131253763
1293669138850881537
1293659076962983944
1293654052677582851
1293649021895155715
1293643973899280387
1293638943473377282
1293633926066573314
1293628880595623938
1293623874672832512
1293613790567845888
1293608757285605379
1293603709457399808
1293558409707556864
1293553382708453376
1293548359010189312
1293543322884112389
1293523183404974080
1293516651711913985
1293467820764913664
1293452724193964032
1293397354620637188
1293395858608852992
1293392325947858946
1293286635052904448
1293281603159023617
1293276570094796800
1293266506462236672
1293261478909349890
1293256425150521345
1293251395529957377
1293241335386902528
1293236290650021888
1293231257724346368
1293226234051166209
1293214500439678976
1293196036886925313
1293190987053846528
1293175900641660929
1293068446759038982
1293065163009142784
1293027431058673665
1292997973648060416
1292954433740054531
1292944371856400408
1292939333121581061
1292934301504417792
1292929267471462402
1292924232817684483
1292919216539144193
1292914176835432449
1292904113114624003
1292899082273464327
1292894035049418752
1292889009434361862
1292883983810822147
1292878938918789121
1292871386634035201
1292833844534575104
1292828620386447360
1292803434756935682
1292798403110473730
1292793388371185665
1292773234526621698
1292768205199605760
1292738003920707589
1292735741588627456
1292727956725432321
1292722914605793280
1292717903847006208
1292677373893259265
1292618724042833921
1292526623967911942
1292516558040956932
1292500764435394561
1292474280438042624
1292471252788051976
1292466234764787714
1292436029375479810
1292430985259364352
1292410852381986817
1292405819892432896
1292380660133507072
1292364814312972288
1292313728206147587
1292290058456895489
1292174297000300548
1292164233342398464
1292159202232864769
1292154174390632448
1292149142328836098
1292144149924401158
1292108864381431808
1292103838439223296
1292083769038577670
1292078676545286145
1292073635507777536
1292053155186868224
1292036899394260992
1292033377433014275
1291847134808084482
1291842359760695296
1291842118017781770
1291832054401978371
1291827013024710656
1291821984142295042
1291816940546273280
1291806884534640640
1291801841810972673
1291796836034981890
1291791778400677888
1291789273021255687
1291786947128692739
1291781720916865024
1291776682811101185
