1321452644095897600
1312130256610885633
1312130178957545473
1312129948182704129
1312129816318017536
1312129656221392896
1312129501522923522
1308626661097775105
1304495744783724544
1294021702616317952
1292751877784961024
1292749082109370370
1290768284862881792
1275140809260662791
1275138833491820544
1275137524462161920
1275134961004273666
1266556793599209472
1265684109965299714
1259045591520288768
1244035683989295105
1242774480256143360
1242393235307274240
1241973061190123520
1241972887160045575
1241972652702654464
1241798380306784257
1240725193422667782
1239130656954867712
1238850446837583872
1234129801956462592
1231587444610551810
1230564713580220416
1230361518824394753
1224927545419796480
1224923642552864768
1224921502170144769
1224921474743656451
1215953953344622593
1215953487600717824
1214899574894141440
1213688823227523078
1206958498103332865
1206958124004990976
1206957935051628546
1206944412275752961
1206944019596619776
1186518511415431168
1185603752235012096
1177887545985769472
1177626203886428160
1172229083167510528
1170021759061504000
1169212161735974912
1168834936691986432
1164475317282623488
1162688868770045953
1162421147721486336
1162420299834494976
1162417909425156096
1162415941340282882
1162398314849062915
1162398314823917569
1162390732730187777
1162378143086370821
1162368376246874117
1162325373008433153
1162323645148143616
1162312122073800705
1028353062837075974
924523167284162560
892624428487540737
890894756959707137
890869573435699201
890869152738684928
890836199673298944
889757779786969088
887035584392376320
885184271694036994
884469318783774720
884447342446997504
884425355561492480
884422216003321861
884419286747447296
