1330375303835824129
1330346677065101319
1330346669754494983
1330346660531220483
1330325034334887937
1330320497050050561
1330314898144944132
1330303086372466690
1330300376118079498
1330300206638915586
1330295722881724418
1330295375475974153
1330294842476392449
1330294671034249220
1330293594721308674
1330292983250481152
1330292487605411844
1330290732012335105
1330285404457758724
1330284769968611332
1330284410822909959
1330283086790189060
1330282726654697474
1330280714923806727
1330280268721229829
1330279804634095619
1330274482959880193
1330273291144224770
1330271417452081159
1330271136836440071
1330261559839481857
1330261379698266119
1330261061967220737
1330261019822858240
1330260174108577793
1330256806187331586
1330255960049414145
1330254465216237570
1330253472948686851
1330251101959020545
1330250487850037251
1330250412260200451
1330248450089373697
1330247772965113858
1330247511198601227
1330246672740454407
1330245304684318722
1330243348112793605
1330242323968651267
1330241075798306820
1330236173873254404
1330235636423544832
1330235432437751808
1330233397130764289
1330232901548568583
1330232181214613511
1330230661706358784
1330230515610361857
1330228844213772300
1330228330310885377
1330225839888281602
1330225051006885889
1330224893439438855
1330224231586652167
1330223708108099584
1330223311276609538
1330223052618158088
1330222601487196164
1330222034442473474
1330221861683204105
1330221323856048138
1330221134583828483
1330221054564986881
1330220504549089281
1330219992198115328
1330219392735567872
1330218734032740353
1330218500040912899
1330218084079198218
1330217365691396098
1330216890254422021
1330215786737246214
1330215446474354692
1330214283532259329
1330213792886763526
1330212217594241028
1330211697223667717
1330210461527248899
1330206110905667586
1330046978609307649
1330046874808627200
1330046025214660616
1330043752342315016
1330034253703376896
1330025136611856385
1330024650060025856
1330022029798543360
1330020940571422720
1329986586583445507
1329985565610160128
1329985430343856135
1329985040273510401
1329983565434658816
1329979351539085315
1329960925546295300
1329956256275189760
1329953613305810945
1329953457932001280
1329952925553135619
1329942869491265536
1329937168551321602
1329918538178555905
1329914651992346633
1329913872237682689
1329913787865067520
1329880878013616130
1329877693463220233
1329877565494980614
1329877291787227141
1329872773741731842
1329871638171701254
1329870944614166528
1329850152052514819
1329849556650037252
1329848895464222720
1329847838210203648
1329770556862976000
1329769200949334017
1329767770419044352
1329764142392221700
1329763812266930178
1329669067561725953
1329668597900197890
1329664727660847104
1329637193783111681
1329626438568390661
1329625736597082114
1329608698625466369
1329601899801276420
1329601080028766210
1329588013035360261
1329583570235613185
1329575470866829316
1329574397842235394
1329573096878198789
1329568126124630017
1329566379591266304
1329550259375263744
1329543959421595649
1329537303635763200
1329456562071547907
1329422715028123648
1329319595598032896
1329317476153368576
1329297520862912513
1329297428722425856
1329289087635890179
1329288334598955008
1329282388690657280
1329281556515598337
1329279179364458496
1329278955464036353
1329278415652917254
1329278163998937089
1329277640772030467
1329272779280101378
1329272109416271873
1329268904447840257
1329268194645831686
1329267729128448000
1329267696848998401
1329264467918675968
1329264252218183688
1329257553201606656
1329253765954809858
1329244904439111684
1329244611236278274
1329243040200990722
1329236236431740936
1329236142026346496
1329235865076371457
1329234895902822400
1329234620617994240
1329234159705972737
1329233696663203841
1329232693322715137
1329231888905609217
1329231675927261186
1329230124177305606
1329213328019906563
1329212960158396417
1329212128973238274
1329211642182295555
1329210996968345611
1329188284703059971
1329183756293451780
1329153895369732097
1329150354366357504
1329150139357859842
1329148433484025856
1329146246271995914
1329143377359736833
1329142746582540289
1329142110453444608
1329140536201138178
1329139531711442944
1329121633974489097
1329121492446162953
1329121335461679106
1329118167692685314
1329116742791131136
1329115706408005634
1329114700257382401
1329114151021670402
1329113605401440256
1329061660317937664
1329055810278797315
1329050671358861312
1328941856089108484
1328939818353569794
1328938446237429766
1328937925975871492
1328936076262649857
1328935301209874436
1328925023688679424
1328923553526321154
1328922545521913857
1328921055642214400
1328920841015451648
1328920615097610242
1328920128017281031
1328919410866855937
1328918600841826305
1328918327629058048
1328917577981161473
1328916080992133120
1328915075638419456
1328911517006311426
1328908900301737985
1328908389313818626
1328907658666106880
1328906803980152835
1328905686651187201
1328905576596779014
1328904982054187008
1328904967327985665
1328897539777716224
1328897187334545410
1328897175070380034
1328894093242617857
1328893354478858241
1328893024181628931
1328891886451515393
1328891164460789764
1328890977948475393
1328890538679021574
1328890235955126272
1328889553130811396
1328888393007329280
1328888074345066497
1328887496588005376
1328886892998385667
1328886329875308544
1328885697533661186
1328885489571667970
1328881958613606400
1328881196462452736
1328880992044654593
1328880087782055937
1328879819589906432
1328878995883110400
1328878675215921154
1328878437650542592
1328878340179193858
1328878071253000195
1328877987459182597
1328875636329484289
1328875277406113793
1328874245124988930
1328872728754057216
1328871332633833472
1328871152169721861
1328855699858857985
1328855254436376576
1328854302220312578
1328854197907959808
1328853902947733506
1328838163058618369
1328832006512316419
1328831800001564673
1328830025513242630
1328828256628387840
1328822227400323074
1328815023897063424
1328814316263518213
1328804399033044995
1328804334700781568
1328801843531706372
1328801014540083202
1328800947691286532
1328799926101422084
1328786179207143425
1328768750179540997
1328767605440733184
1328745610078527490
1328745553971322881
1328744374642020353
1328744016037507072
1328742783721594882
1328742505542803457
1328734452248350721
1328731068443324417
1328729892557565952
1328729135926173701
1328728430783963148
1328728319198703624
1328723566733438976
1328696743383404544
1328696444711268354
1328688027087106048
1328480333734539265
1328478997878108163
1328478515558232069
1328478403088052320
1328464842118881280
1328464332083093510
1328456067634900999
1328436332574756867
1328431670903627776
1328430460331024384
1328429757789331458
1328390341452566529
1328190119451484160
1328167115656978433
1328154491930206208
1328088016791998467
1328087500066353154
1328086274603933697
1328085514457636865
1328084482520453121
1328084224226844672
1328084149220028420
1328074116365234176
1328073670103887878
1328071589888397313
1328069401233551361
1328068481720471557
1328067902797455370
1328067670743396352
1328061592597127168
1328060640762736640
1328059784466231298
1328059665754808326
1328059263290368002
1328058805704331264
1328058486987612161
1328055778935271429
1328055748375568392
1328055728859455493
1328054984840253440
1328054930154942466
1328054599173943299
1328054445918269443
1328053816500121600
1328049239767846918
1328048494616129537
1328044379118968832
1328043194228027395
1328038299735367681
1328038266533244929
1328019242185265155
1328018033835724801
1328016271359795202
1327866616495955968
1327865870673121281
1327865860594278400
1327865849445830657
1327865840511881218
1327834433039327233
1327834177434161153
1327832502317305861
1327831188686467073
1327830283534610432
1327830047626031104
1327828935753797633
1327828890119778305
1327827852843159554
1327827744336605184
1327823982884696067
1327823347850375169
1327822054582874113
1327819284643508230
1327819267346214912
1327816927469821957
1327816616575430656
1327816461302296576
1327815497916755968
1327813360646299648
1327791539704229888
1327791371277770759
1327785633889316864
1327785255676198913
1327783866275336193
1327783582828519425
1327782516305108998
1327780917449023488
1327779650077069312
1327776948689498118
1327776736365441024
1327774858395127809
1327772368199159808
1327760187030204418
1327759947514449920
1327758316680962049
1327758160728363011
1327756921294688258
1327727221692379136
1327727169523621890
1327691169837576193
1327509280073936896
1327497551659081728
1327494969993678848
1327494823331368961
1327492993415254017
1327490389478170624
1327490180052299777
1327475655928377344
1327471302538637314
1327466386621423617
1327463630745595906
1327463579570810882
1327463532951187458
1327459460466487298
1327458725968359427
1327457697080504320
1327456576349868033
1327455521364996098
1327454149752008704
1327454000124481536
1327452116290514949
1327451677885075462
1327451089558523906
1327451043228217346
1327450776269168640
1327450352522850305
1327449737684004864
1327449321399259136
1327447361002614784
1327444951215575040
1327441577476825089
1327437822664511488
1327437366584369152
1327436710255407109
1327436290275635201
1327435644243677185
1327435392442912769
1327435309026566144
1327435074866999297
1327435010564104192
1327433077166137344
1327421763362447361
1327421048111902723
1327420635858014218
1327413540853002240
1327413440185577473
1327413067534233600
1327412949166809096
1327412721806094341
1327412381891301378
1327410685534408704
1327410260093652994
1327409699155828736
1327409432008003584
1327409083557797889
1327408825264168965
1327408743945003008
1327400700784087041
1327399509324951552
1327396272983175176
1327396161108529153
1327396049015730177
1327394236728303616
1327393660992966656
1327393411318550528
1327393310709837826
1327392741614112768
1327391977155997699
1327391906318471168
1327391788362047488
1327391733630595073
1327391369791475712
1327388876017717248
1327388594160406529
1327387357016940544
1327386941084602368
1327386841226555397
1327386149225193474
1327386089330454530
1327385658495799302
1327380522901917697
1327380256693563402
1327379705222352900
1327379210302857217
1327379080073932802
1327378813295136776
1327378655442563075
1327378064196644872
1327377706594541570
1327373694348431361
1327372767222755330
1327372520031444992
1327371248687517699
1327370570099515392
1327370322249736201
1327368713377550347
1327368515033198598
1327368380924506112
1327368062568423426
1327368043203334151
1327367709311512579
1327367169622020097
1327367062092705793
1327364271743840256
1327363815613345792
1327363273591754752
1327363120080310273
1327362366351282178
1327354419420258311
1327316578761912323
1327315696490057730
1327315617578414080
1327315327697514498
1327315316951691267
1327315037145468928
1327314594042425348
1327311457755787270
1327310977017241600
1327310771185987586
1327310229164453889
1327309763739344897
1327307206480584708
1327144633256861697
1327143798200291331
1327138122400993280
1327134884964470790
1327134505459740672
1327134119462137856
1327132952631910405
1327131123542089728
1327130088295501827
1327129943260749825
1327128508380942337
1327128195162906625
1327115551462846468
1327115173962846208
1327115016257101824
1327113302040834053
1327111373617295361
1327111184575819778
1327110948855885825
1327080538893668352
1327072988450140160
1327072965448622082
1327063970835034113
1327056221959024642
1327056033806770176
1327053794421714945
1327051208729780229
1327050994224668672
1327047095841394688
1327044895819829250
1327042231983894528
1327040321784602628
1327037726332489733
1327011608141369350
1326993288793088000
1326993178457731072
1326992727859470341
1326966905211670529
1326966769018425345
1326966483923185665
1326965302920409096
1326965088704737289
1326964467326996481
1326963690181173252
1326891268115476483
1326890519524483078
1326887663933288448
1326887384022126593
1326747563471605761
1326743480425648128
1326743260518375424
1326739237824290817
1326738086928265216
1326737286244032514
1326737045314822148
1326736719501275136
1326709619524251648
1326709607784452099
1326709596862504961
1326701072560353283
1326697394457751552
1326696073130348546
1326687297526435841
1326686146076794880
1326685954107650048
1326685008539561984
1326661700616065025
1326661066936475648
1326661016340619269
1326660945997860864
1326656283144019971
1326652613866164225
1326646348607856640
1326644825005887489
1326629575120416768
1326626835678027777
1326626501043904514
1326626470538715140
1326626339118526466
1326626273548972041
1326625727152852993
1326625164067545089
1326623631200440322
1326623301830123528
1326619930284990466
1326619480689094660
1326619118620041216
1326619026206961665
1326618970116542464
1326618814818168832
1326618542943440899
1326618263258796032
1326617501317230593
1326615701092782080
1326604035772780545
1326603804687671298
1326602882288857089
1326602282738348033
1326598739017027585
1326597570408419329
1326596938393931779
1326595301356924928
1326594581136371713
1326594267255595009
1326591802103787521
1326591554669121541
1326591410028556289
1326591369666842624
1326591315027644416
1326591044813787136
1326590956334944256
1326590890694029313
1326590806048825344
1326590599936487426
1326590495452258304
1326590394046492675
1326590314992316416
1326589493407789058
1326589289921204225
1326589177937399808
1326589122547478528
1326589062698950662
1326587591970463744
1326582345235902466
1326582267817373702
1326582121104859140
1326581863851372544
1326581600545628163
1326581538855727104
1326581378406871041
1326581111925911552
1326580941385555970
1326580888176562176
1326580827984175111
1326580755657617408
1326580668604755973
1326580569979883531
1326580502283890689
1326580313506648071
1326573113463681025
1326573032735969281
1326572923629481985
1326572841970642949
1326572707845197824
1326572496158658560
1326572227383472128
1326572074572394497
1326571127544684545
1326569990003306499
1326569840191135746
1326569724067590145
1326569515338051584
1326569445876264962
1326569259015802880
1326569032057761792
1326568911505141760
1326568740423667712
1326568683787915266
1326568628083433474
1326568571086974977
1326568481270222849
1326568210162913280
1326567953756794880
1326567836786053120
1326567786387267586
1326567739067133958
1326567612399095810
1326567512260096000
1326567428499845122
1326567350699749377
1326567282445836288
1326563772346064896
1326562698629423104
1326562624885153795
1326559512225083398
1326553974850289664
1326420093811748866
1326402107621191687
1326401588978733058
1326400375017140224
1326386763535880192
1326385599507533825
1326385154575699973
1326385039278542849
1326384574709030912
1326383992761888768
1326383966698565632
1326383086494478336
1326381828501073923
1326381547939880960
1326380239942021121
1326379488146567168
1326379157799006212
1326378917645725696
1326374495628779526
1326372597068656641
1326370465900793858
1326368638857834496
1326368028670504960
1326367923347349505
1326367519133806594
1326367204091236354
1326366895046615041
1326366624593702913
1326366261362757633
1326365699133083650
1326365170025852934
1326363732826607617
1326363084353572864
1326362033554665477
1326361663793139713
1326360622246862849
1326360120318701569
1326359917142401024
1326359809952780288
1326359643443048450
1326359091229257729
1326358407838912512
1326358151428444165
1326357922457268225
1326357353588006913
1326355539476017153
1326353928494211073
1326353436951126019
1326351940184322049
1326351320845070336
1326350865876267009
1326350571582984193
1326350329806458882
1326349213702250500
1326348935460483073
1326348563278946305
1326348033529966592
1326346938443329536
1326346500398592000
1326345602188402689
1326344369952198658
1326340113190817794
1326339561065242626
1326339456559886340
1326339092314017798
1326338091393691648
1326337678787420161
1326337462784897030
1326334442043039746
1326331788533387265
1326323718969241605
1326321026175807490
1326320401933344768
1326319531938238476
1326319506369732619
1326318376164225030
1326318033309196289
1326317521012711425
1326317326065672193
1326316421975052296
1326315008528183296
1326314463058927616
1326311037340147713
1326310785245736962
1326310630371061762
1326310323075346434
1326309681724350466
1326309282112024576
1326309103417876480
1326305727821049858
1326305433049587712
1326305200408236038
1326305015510798338
1326304399132651520
1326304286465273859
1326304237404491787
1326289327069032448
1326287606615855107
1326287400142823424
1326284641435848714
1326284535554846722
1326284386032087041
1326283493387743233
1326281685684678656
1326281250504577031
1326280132164800512
1326263127030304783
1326262686963949569
1326262192124145664
1326262009688694789
1326261449602322433
1326260307833073667
1326260095173480455
1326251331489763331
1326251288770785285
1326250832116015104
1326250480062910465
1326250232129216514
1326249933649928199
1326249900280074240
1326249451225280513
1326249095007268864
1326248434949615618
1326248173623533569
1326248030983639042
1326247858861903880
1326247410163716096
1326247090368999425
1326246906134224896
1326246027721138178
1326245674694946817
1326245449376919553
1326244980743163905
1326244416521179137
1326242812430606338
1326242543391158272
1326242141882953728
1326240710765514753
1326239416189399040
1326238947652104193
1326238889980342273
1326238706001383428
1326238621821759490
1326238304627531779
1326237995205324800
1326237782747045889
1326237543629787138
1326236474338119680
1326236266011254786
1326236048070938632
1326235509803388929
1326235323374952448
1326234490319097858
1326234008892694530
1326233737806438402
1326229217718231040
1326228637331443714
1326227391627341828
1326226728390438912
1326225902112559104
1326222450506539008
1326221691895296000
1326220567792455683
1326212352279240706
1326211703797927943
1326210149028159488
1326209361753083908
1326209132240760832
1326208692593827840
1326208253391417346
1326207972847087616
1326205548623179778
1326203769294639105
1326203265021865986
1326184204502245377
1326180441083285506
1326179957916176386
1326158473814544388
1325987100009902080
1325986480880312322
1325986315477848064
1325983393948053504
1325982090727485440
1325981616934707204
1325981066017042433
1325980990041419777
1325980752253767682
1325980693743235073
1325980226308988931
1325979980271116289
1325978354705715200
1325976943792099328
1325976439422902273
1325976003924123648
1325975547109924865
1325973545399296000
1325971986749812737
1325971380194643970
1325970988937465857
1325970377177239552
1325961613900460032
1325960952022523904
1325958761643696128
1325957883994009601
1325957668096405507
1325957495827947522
1325957053773438978
1325956910105964549
1325956760302194688
1325956493011804160
1325954928125349888
1325954715826479104
1325954512855699456
1325954122831568897
1325953712184041473
1325953407937638400
1325951634921431041
1325950624530358274
1325950365683113984
1325948959228112896
1325930987814088710
1325930703431868417
1325930072264552448
1325929824318345221
1325929459933978625
1325928409642446849
1325926172488847362
1325925729813602306
1325924982468341760
1325902615176220673
1325899462548611072
1325899360807350272
1325898872502280192
1325888969276612608
1325888466387922944
1325887359188078592
1325886772094627840
1325885653276631042
1325884113946075136
1325883637166968838
1325882848415453187
1325882156359540738
1325881481068245003
1325879905494716418
1325873251306893312
1325872592901824512
1325872393731108864
1325871806872494080
1325871056180158467
1325864234329182208
1325864001629270019
1325863313432064002
1325863034250817536
1325598193288171521
1325596231167598592
1325595975105261569
1325586640409145345
1325584767937634305
1325581094410981376
1325580554427830279
1325578017415057408
1325539539407024128
1325538687220932610
1325538162446381059
1325523691434872834
1325523027241689088
1325519612495208450
1325519482094301185
1325519255379599362
1325517661065928707
1325517058549878792
1325516711240622082
1325514881811042313
1325514815650091011
1325514179894194182
1325513378878676992
1325513032953442305
1325512880545017857
1325512438914166785
1325511858330198017
1325506653396078592
1325504920741670917
1325504684656881664
1325504199212281857
1325503829241106433
1325503461979529216
1325502816618762240
1325501872023678986
1325501196203909123
1325501160787243009
1325501101597216772
1325501018059251712
1325500800014180366
1325500791407464450
1325500529305415686
1325500503401394176
1325500219895779330
1325500188753076226
1325499663525564416
1325499523016364034
1325499414878842884
1325481530177835017
1325480715652370434
1325480666675425286
1325480052721594370
1325479527162781696
1325478549185245184
1325477303762214915
1325322942901792769
1325322812534509568
1325321364820152320
1325320621799186434
1325319469439258624
1325319306780024832
1325319003712196608
1325318459836821504
1325317668916916235
1325317461202362368
1325316961945980929
1325270590773751811
1325269804014575619
1325266787341099008
1325256244479791104
1325255679020593159
1325254477419589633
1325249101877964800
1325248842074296320
1325248722389917697
1325248485776625666
1325247923274309632
1325246925659058183
1325246055030665217
1325245171852783619
1325244440173289479
1325244122295390208
1325243600020582400
1325243509159456768
1325243379366715394
1325242269881028610
1325236399927341056
1325234867702009856
1325234627615842304
1325233060200275970
1325231604093038598
1325230559518404609
1325230255972421632
1325229941496156165
1325229088446029825
1325228810699223042
1325226733180755969
1325221120962916353
1325218656767406086
1325218489301393409
1325218341292810241
1325218029450485762
1325216900943638528
1325216880349519872
1325214730852700161
1325213757555929093
1325213481793179649
1325212403576033284
1325212052789604352
1325211176742031360
1325208822298767361
1325208314054025218
1325208101860102144
1325207914403913729
1325207573948194816
1325207304757776384
1325207264458838017
1325206874065670144
1325206094080249856
1325205834532413441
1325205523281530882
1325205264568446982
1325204846849388550
1325204766633365505
1325204448776478720
1325203492030603265
1325203085220847616
1325202465185165316
1325202224692211713
1325201823800713216
1325201152456187910
1325199029794295810
1325198708850393088
1325196743634415617
1325196530589069312
1325196519545430016
1325195039002124292
1325194900716064769
1325192307058987009
1325181456340164608
1325181262332633088
1325180894722682880
1325180094134984704
1325179618521804800
1325179097757093888
1325178377502908416
1325178034262073344
1325176816571707394
1325176756215681024
1325176608739766274
1325174434534055937
1325173601436381184
1325173050061410304
1325172551992049664
1325172068636262400
1325171616893034497
1325170171028402177
1325162963754504192
1325162035219410944
1325160251625234432
1325157104462700544
1325156433835470848
1325155489374756864
1325154923034472448
1325139441497767936
1325139047044542464
1325137991820455936
1325137599724457985
1325137310799843328
1325136836893667329
1325136357228994565
1325135879283699716
1325135231431680001
1325134664030302208
1325134149368180738
1325130166536970240
1325107324588060674
1325106542451036160
1325105968544423936
1324992979505975296
1324958172935753728
1324926335727362050
1324919269902094337
1324917732249366528
1324916555126345734
1324916419595743235
1324916314629152768
1324914989820485633
1324907926620954625
1324889479220486149
1324886029866823681
1324885913915240456
1324885383516200966
1324885066141589505
1324884762977296385
1324883701797429248
1324883433374572545
1324880971741671425
1324880905563934720
1324879757855559685
1324876939765673985
1324876011411017738
1324875874001412099
1324874952764510209
1324874113480069124
1324873749028626438
1324873608548716545
1324861801218134016
1324860408239435777
1324859774756859910
1324858515089993735
1324857318077501440
1324855670521450496
1324855239749607427
1324855041493266435
1324854814623358979
1324854700987031557
1324854292596088832
1324853675215507461
1324853073362194433
1324852713486733312
1324852067790446595
1324851807819079682
1324851215679840257
1324851035098222593
1324850891388788736
1324850618926845961
1324850245432451074
1324850110845640705
1324849921204408325
1324848970800259072
1324848606973710336
1324848381143994368
1324847951974457350
1324847813176557571
1324847430597304320
1324846815892672517
1324846074905923584
1324845954412019717
1324845047674736642
1324844669277261826
1324834081415245825
1324833735297110017
1324833180889817089
1324832856082960385
1324832544475488256
1324832237423071232
1324831676116160519
1324830604022730753
1324830028304125953
1324828796290301957
1324828617822638080
1324828291480625153
1324828054494076928
1324808501244370944
1324807810069266434
1324801139393613824
1324800672349511680
1324800541113896962
1324799911565627394
1324798638766391301
1324797210186448897
1324796755150540803
1324796144338292736
1324795371420344321
1324794538398011392
1324794399751110656
1324793825378897921
1324793352911527936
1324792939969712141
1324792813385637891
1324790674324180992
1324789027900399617
1324788497568456704
1324788418392543232
1324787042249805830
1324786824271794176
1324781912372764673
1324780841323663364
1324758461624844289
1324757910300348424
1324757831241879558
1324757366458535938
1324756728257404928
1324756147212083200
1324753107549650947
1324752807774343170
1324752000802803712
1324750012304248832
1324749896772104192
1324749231937277953
1324749099674050560
1324749005839020034
1324748544104955905
1324746089547894786
1324745973067862018
1324745868566761475
1324745700547190786
1324745550953091074
1324735489858043904
1324735316889079808
1324734984213667842
1324734683763138561
1324734113643978752
1324733510301720577
1324733216364896256
1324732185690210308
1324731321177001988
1324601722430464000
1324599381182599170
1324599246050516992
1324597785140887552
1324586681018785793
1324586097767337985
1324585975171993601
1324583192960114689
1324582463822319617
1324582267189186564
1324574292395307008
1324574074119573504
1324573505376133120
1324573015439515649
1324572670793601028
1324572541059502081
1324571773011140609
1324571240464556032
1324571042682200065
1324570818161102849
1324567734433230853
1324567391020437505
1324566788017979392
1324565699692474369
1324565518876057600
1324558212134305793
1324558070555545600
1324554759836209154
1324553476819615746
1324553178797453317
1324552648524242946
1324551566553206785
1324551543870394376
1324550988561293318
1324548692007936005
1324531577892864005
1324531421688586241
1324530657809321984
1324530630848319488
1324530373540327425
1324530147811299329
1324529896287330309
1324529888783683585
1324529879174553600
1324527980652220417
1324527756789583872
1324527308703698949
1324524594812854273
1324519552777072640
1324471269337817089
1324470576224833539
1324450248715079680
1324450134403567618
1324449982234185731
1324449407224471557
1324448873671282688
1324448653520609281
1324448498796908545
1324448269234307074
1324448036743991296
1324447214165463041
1324445656031911939
1324445115155423232
1324444413465141252
1324442964660310017
1324442331127439360
1324441663348133889
1324441552840773634
1324440195371048966
1324439630196989953
1324439034756739072
1324435631515324419
1324435221194878984
1324434555495981057
1324433033282375682
1324432168324616193
1324430887069634561
1324430739841175553
1324430019343560705
1324429352558350339
1324429201274011650
1324428342284722176
1324426563723632640
1324426377077100546
1324426010708922372
1324425394842439682
1324423759034568704
1324422440903127045
1324417682100359170
1324417597320925185
1324417482665402369
1324417351631228935
1324414946554318851
1324401565126582272
1324401402177867779
1324400225558167554
1324398168356900864
1324397911816491008
1324396669753053188
1324245392742096897
1324245063132712967
1324244904567054336
1324244376051191808
1324231856942944258
1324231478637666306
1324224370810781696
1324222204536639488
1324218797407064065
1324218108433862657
1324217606228893697
1324216390954459136
1324216141854711808
1324214405979082752
1324213525858844673
1324212790706507777
1324211884371906562
1324211709624619008
1324211519261954048
1324210868243095552
1324210810323931137
1324210522510733312
1324209505597575168
1324209348235698176
1324208847670726656
1324207389898428417
1324206013306777605
1324204990945206274
1324204813995958272
1324202152613523456
1324196023170904064
1324195188680597504
1324191042955071492
1324180756189630468
1324177516416872450
1324175365011636225
1324175302512254978
1324175066674987008
1324174518085160966
1324174141138882564
1324174035891138560
1324173673280999424
1324173425385082882
1324173358028722176
1324172999596134400
1324172854993342466
1324172158638166018
1324171364127956995
1324169717368565760
1324169276891213824
1324168039395430401
1324167441476444160
1324166957604753409
1324165276905197569
1324164637898801153
1324155782120808451
1324155209199792129
1324154885433139200
1324153981430620161
1324149853673455616
1324146987269238784
1324144639817994242
1324141563031769090
1324138779154829314
1324137409693523976
1324136103234985984
1324136011018997762
1324135004545425415
1324134507423977473
1324128825308024837
1324127495306792961
1324126829947637763
1324125042448519175
1324124677883703297
1324124651639967750
1324122212442525696
1324105977365409794
1324103303077257224
1324102081930735619
1324090225254141959
1324089045920731140
1324085922229559296
1324085430321664005
1324084269803839488
1324083679124164608
1324083458667405314
1324083111144132613
1324081089518968835
1324080864142249986
1324079792581414912
1324079057835876356
1324077408358719489
1324076853615841286
1324076354967654400
1324076217826496513
1324074684648988674
1324074440607604737
1324074172876787714
1324073466514051073
1324073150540374016
1324071083071463425
1324069201112424450
1324067402515161091
1324066475066478596
1324065907124117506
1324065612289712129
1324065063762841600
1324060756694962184
1324059937480286209
1324059378887151616
1324057705041039367
1324055488007491584
1324052838964744199
1324050008539357185
1324048881974431745
1324048599886548992
1324048002214961157
1324047853627596801
1324047700841631746
1324047069087207427
1324045843368976384
1324045613298819082
1324045315901661188
1324043717645402113
1324041390834262024
1324041349923020802
1324039607688855560
1324037529599959041
1324037264788389890
1324036512359567360
1324036204766109697
1324035826221780994
1324035487867297793
1324035091304189956
1324034793718358018
1324034775892504581
1324034495138451464
1324034248861458432
1324033461934559242
1324033376609800198
1324033347237142529
1324032637200203777
1324032409667592193
1324031849547575302
1324031506998841353
1324031324676644866
1324030307734036480
1324029630584655874
1324029616873525249
1324029266577793026
1324028287056826373
1324028111449694208
1324027823426818048
1324026758082056193
1324026711890165766
1324026163707158533
1324026107046350849
1324025746696900612
1324025648004911105
1324025564454334468
1324025407117688834
1324024420567076867
1324022596623605761
1324021807096254468
1324021713403826178
1324019909148508161
1324019640905932801
1324019192539000832
1324018205921320963
1324017558148829184
1324016726472884226
1324015632313143296
1324014931193323526
1324014835475091457
1324014732534317057
1324014201279565826
1324013876258680835
1324012092723240960
1324011746194051073
1324011436302077956
1324010937070854145
1324010570530594817
1324010524854681602
1324010187548774401
1324010018065309706
1324009264415936518
1324008122634113024
1324007728889663491
1323998573307056128
1323995755649081344
1323995676225785859
1323986471141937156
1323985630381178883
1323889200324874243
1323887795912511488
1323886247492943872
1323885663918444544
1323885481038434305
1323883942148296714
1323882894088146944
1323874215607545856
1323873364201639936
1323873026442551296
1323872699328987138
1323871093703270400
1323870793743425536
1323870258038558721
1323870014978609152
1323869176914710533
1323867191318663168
1323865481573507074
1323864544687628289
1323864380866469889
1323864156638949376
1323863195682021377
1323862886373089280
1323861882470600704
1323861459185602562
1323860962647150592
1323860408109834240
1323859984111861762
1323859850737180673
1323858375608803328
1323857213514043393
1323856832041988097
1323856467682906113
1323856100484124672
1323855677312348162
1323855263057743873
1323854069912526848
1323853861686300675
1323853538120916992
1323852978172973058
1323852579571380226
1323852516891779073
1323852221780578305
1323851844486135810
1323851356977958915
1323851177302364160
1323849785212895232
1323849052069527552
1323848891192717312
1323848877682941954
1323847316088958977
1323846768090632194
1323837644418260992
1323836541123387398
1323836273614901248
1323835992445489152
1323835813617111041
1323835670411071488
1323835620792410113
1323834296134750208
1323834232943398912
1323834087514263553
1323833701063626754
1323833389301063680
1323832891051253760
1323832517775003655
1323832358232096768
1323830903211249665
1323830458740858881
1323829559519809539
1323829333690097667
1323827701623541762
1323826833574535168
1323826061151449091
1323825627758239744
1323825498120720385
1323825338535870464
1323825035656761344
1323824364278734849
1323823734332030978
1323823618565038080
1323823109296762881
1323822850927697926
1323822700003995650
1323822398391623689
1323822176567480327
1323822058879569920
1323821794093051904
1323821439259185152
1323820287943737344
1323820090358419458
1323818925604409344
1323818822814568448
1323817906770186244
1323817824570216448
1323816696105390080
1323816485689659393
1323816427950903298
1323813234026098691
1323812989460500482
1323812779917074432
1323812531153084417
1323812116558712832
1323811436783673345
1323811233137569792
1323810968204414976
1323810737018572800
1323810061538439168
1323809448335446016
1323808944473690113
1323804691227172865
1323804643177254912
1323804331494301697
1323803328661303296
1323803125736755206
1323802790016241664
1323802416723173378
1323802275886862337
1323802047792226310
1323801856242552832
1323801741947789313
1323801530177302529
1323801433129537536
1323801352871596034
1323801308453916673
1323801077024759809
1323800850192617473
1323800602506416129
1323800222439530497
1323798727690199042
1323798458147504128
1323798371652558849
1323798073647243264
1323797648726478848
1323797540517650433
1323797433843896330
1323797222799089664
1323797050434179072
1323796756543537153
1323796461734285313
1323796338648223744
1323795666414522371
1323795290135109632
1323795120010022915
1323794863154958343
1323793872078725121
1323793493744037891
1323792908659687424
1323792773103996934
1323790211889930241
1323790078825684993
1323789074185003014
1323788829602570241
1323788334511128586
1323788086342520833
1323787094465089538
1323782198449811457
1323779401511784448
1323749999650496513
1323745042008281090
1323742803248193538
1323742111431335936
1323741753288085505
1323741524534956045
1323740917174554624
1323727736393879552
1323727558551154689
1323727061639462919
1323726848661114883
1323726716888559616
1323724708035125249
1323723092452118530
1323721957666398210
1323721651905855491
1323721500235620352
1323721218063847425
1323715635470344194
1323714274758373382
1323712117787267074
1323711546694995968
1323703018034995204
1323702325148528641
1323697033929199616
1323696212470583297
1323694188676960259
1323691224767844354
1323690946631008258
1323690866624679936
1323689699144278018
1323689115339100167
1323688585543983105
1323688277547823105
1323687950635466752
1323687630282711041
1323687430319411201
1323686331076300801
1323683266432565249
1323682356990038017
1323682143105622019
1323681960888356864
1323681680822030339
1323680820738035714
1323680807425363968
1323680430038593541
1323680319954997252
1323679831209451525
1323679538740682753
1323678763117432833
1323678747078385671
1323677783843885062
1323677670052450305
1323676292185804800
1323676079622627331
1323674836485492738
1323674780785102849
1323674099684724736
1323674030675795968
1323673842154414081
1323672696702513152
1323672560509353986
1323672185748267016
1323672088666845187
1323671909905633280
1323671731173732353
1323671654665461761
1323671433650855942
1323671320945692672
1323668269371400195
1323662434029113344
1323658371489288193
1323657295008509953
1323655787156221954
1323655562748452864
1323655388147961858
1323654145442783232
1323635657131102210
1323634036171022343
1323633386716602368
1323435319807627265
1323406417957687296
1323403003064393730
1323398539855233025
1323397249293058049
1323397235472769029
1323396911005577216
1323391141048422400
1323390641980772355
1323390199146160129
1323369112710598666
1323368930098974722
1323368683469709316
1323345843219517441
1323345153315217408
1323344839379984389
1323344559896776705
1323344228580282369
1323343930780504064
1323343875830915072
1323343794578853889
1323343391317512194
1323333127603998722
1323319376808972288
1323318908024168448
1323317852238155781
1323317701113249795
1323058994978717699
1323024955227971590
1323024033613549570
1323023637885132805
1323022848223490050
1323022223158972419
1323021185911840774
1323020325269942280
1323001014459469826
1323000196029100041
1322999688535117826
1322992664086777862
1322990928462811136
1322990773734940673
1322990599616815112
1322990554410606595
1322968564270321664
1322968256014098432
1322968007027658754
1322958469247442949
1322769609146175490
1322768748500144130
1322768148085526529
1322768091848335365
1322766319767429121
1322765228707336192
1322763338909143044
1322763295116398593
1322762656663699457
1322740952495235072
1322740817128263681
1322740172384047109
1322739970046631936
1322712908032258050
1322709456325615621
1322709319998181376
1322708426909253633
1322708183635447808
1322702440089767937
1322701119513133057
1322700842382827520
1322700672102469632
1322700606109290496
1322698510966394880
1322697082122231808
1322695253225361409
1322695169179791360
1322694999721594881
1322692222782001153
1322691993907200003
1322688636815630337
1322688206639386627
1322687838148829184
1322687702190465026
1322684609428135942
1322684377994792961
1322684144506327041
1322683593458679809
1322682691075088385
1322681431605334018
1322681064628883463
1322679866328797184
1322677844208685057
1322674905461198848
1322674724506394625
1322670961292906496
1322670837212848129
1322670404058624001
1322669327519256577
1322653472827781126
1322652942483230722
1322652802380898304
1322650571900440576
1322649774097616898
1322649331917348866
1322646187799957506
1322641102168641544
1322639830807941125
1322638210305036290
1322637813238681602
1322637190053187585
1322636735650648065
1322636100624678912
1322634748536229889
1322634499805630464
1322634448249171969
1322634329642749953
1322634264052178944
1322633997579702277
1322633852553203713
1322633618938826752
1322347631885066245
1322346694575558659
1322346098825068544
1322331575145607169
1322326230616727553
1322325454490116096
1322325372072067075
1322323281513533440
1322322907842912257
1322321438074900480
1322320915271745537
1322319866364350464
1322319456752775173
1322314521411756032
1322310832005500929
1322310242118631429
1322310077043429377
1322308957663334404
1322308763374727170
1322308083960422405
1322299750683725827
1322299623034261504
1322299471837995010
1322295221623918593
1322294619397365765
1322294342493626369
1322294156962762753
1322293846923972608
1322293740829089793
1322293030674747392
1322292953918906369
1322286583383556097
1322283654207447043
1322282083079852034
1322280675949629446
1322221982650404865
1322221639107514376
1322220046312157184
1322219884277805057
1322212021690081281
1322211627970777090
1322211068274446337
1322209788609048576
1322209511571132416
1322207591552995330
1322207239256637443
1322207141504180225
1322206352220037120
1322201174192304130
1322196367939407883
1322195668316901385
1322015126870986752
1322013128285147136
1322010148496412672
1322009630613118977
1322009031481982976
1322008768645922816
1322007855596228608
1322007728995344384
1322007298424872960
1322005413248774145
1322004592817831937
1322004237325316096
1321988160214237184
1321986154997186562
1321986142737256449
1321985593287598080
1321985474307784704
1321985457509511168
1321984334648193025
1321984116561235968
1321983162956849155
1321982857825394689
1321982779480023042
1321982663444566022
1321981383951220736
1321980496805535744
1321973170748985345
1321972787200872448
1321972490386767874
1321972262526980098
1321971457774288903
1321971344335097861
1321970802770804736
1321970205728407553
1321969972441219073
1321969511004819456
1321968943238729735
1321967004321009664
1321965623342227456
1321964907189968897
1321964827607261186
1321964669293203456
1321960120293740544
1321959772606877702
1321959565433458688
1321959337573683200
1321958185268322305
1321957539655897088
1321927898178199559
1321927603738038275
1321927493088088064
1321927247993966593
1321926668756410376
1321925780767649792
1321924785417428994
1321903481268150272
1321903375479427077
1321902776599851008
1321897079745204224
1321890126214189059
1321867438376521732
1321867085035823105
1321864679820529666
1321864418372820993
1321861272678420481
1321861163743907840
1321860086344654849
1321860075280048129
1321859525868195846
1321857447515095040
1321854703735656448
1321853214334066694
1321839251126890502
1321838769465679874
1321837928042139649
1321837402927828992
1321837142176399363
1321832639595225088
1321831516150898689
1321831348944932867
1321829897376014338
1321829282398769155
1321829106682630144
1321828235991224322
1321827037032697858
1321826674607083524
1321826444281073664
1321825726635659265
1321824468843536384
1321806415170777089
1321806153077149697
1321805286659809280
1321804199060004865
1321800748821368833
1321800353738821632
1321780265358938113
1321606519998369793
1321606035329744896
1321604943585906694
1321604617730433026
1321599885225922560
1321588563654443008
1321587168666656768
1321584175271546881
1321583047385427968
1321583028200759296
1321583013214519298
1321582842086903809
1321576774971596800
1321566998376206337
1321557377146040320
1321552194332741633
1321534160482217992
1321533644058611717
1321533371663716353
1321529812616421377
1321529302354153472
1321529084648820736
1321464142079864839
1321454266897338369
1321453807394562049
1321453694769106944
1321448333777534976
1321447632255000578
1321437944188669955
1321437334278180869
1321436515055116288
1321436346238541831
1321436103434448900
1321435241911853057
1321435225491197952
1321434114717814785
1321433448331071490
1321432406860156928
1321432384772997122
1321431523569053697
1321431392635572225
1321431363803877377
1321309649333833736
1321273146364829701
1321272859738710016
1321272580507082753
1321270999506190336
1321268847148752896
1321268125145452547
1321267924762546179
1321267501087543296
1321267109020794881
1321266144020496385
1321264720972840960
1321264106628882434
1321263732476071938
1321261493229359109
1321261235422269445
1321257388666662914
1321256816391630848
1321256239523860481
1321256066508824578
1321255795472957442
1321254841805582338
1321254691133706240
1321253240730750981
1321253010606067712
1321252705298452481
1321251465432862720
1321251338412576771
1321250946459029504
1321250633513619460
1321250519881523201
1321249867415670784
1321249108678594565
1321248805564616704
1321247921371779072
1321247554621886464
1321245904616235011
1321244724548804608
1321244526753861633
1321244308658335745
1321243470586126337
1321242512481308672
1321242179965231104
1321241750065811457
1321241543697682432
1321241173109985280
1321240539627507712
1321240165420044288
1321239552607035394
1321239229729394688
1321239212650307587
1321238901936312324
1321238580807741447
1321238287823130631
1321234085654732800
1321233996362194944
1321232484659548161
1321231712827936773
1321231698676326400
1321231369423474691
1321230956943073280
1321230583138291714
1321230569607450625
1321230062960709632
1321229968211324928
1321229924255125510
1321229912938844160
1321229529449439234
1321228888656224256
1321228679528222722
1321227358851006466
1321222628322017281
1321221953609441280
1321221687543816192
1321221316360474627
1321220908703469568
1321220828311281666
1321220757649805312
1321219553947492353
1321219145581666304
1321218425197334534
1321217948829233155
1321217251484327937
1321216479656841217
1321216066199212033
1321215983583977472
1321211292061978626
1321211052621762563
1321210834786394113
1321210583782510592
1321209988367437825
1321209799237902338
1321209466923208704
1321209105260924933
1321207579780022272
1321205304462364672
1321205212938440704
1321203492913139721
1321202116464136197
1321202097312964612
1321202082779717632
1321202069198589953
1321202059375448074
1321201533942419459
1321201207646498819
1321201014104420352
1321189845037912064
1321189693522890752
1321188983393705988
1321188683429675009
1321187158443597828
1321186915975049217
1321182673625370624
1321181737523830794
1321180805868244992
1321180662246842370
1321179932052066306
1321177854013526021
1321174587565088769
1321170383022792705
1321169468798754818
1321168569695150080
1321165887391600640
1321162187403087874
1321161887808180231
1321159278691057667
1321159040920096768
1321155883657777152
1321153523178971143
1321152585609453569
1321151758614364167
1321151417441263619
1321151187031347201
1321151124355846147
1321150638080856065
1321150446233374720
1321150277471424514
1321149986088853513
1321149665044238337
1321149344431722506
1321148514282385408
1321148004120862720
1321147300094398464
1321143594162528256
1321143468895469569
1321143283553284096
1321142742500724738
1321142600368328705
1321140891667619841
1321140870285041664
1321140201826242560
1321140078048124930
1321139710916464643
1321139362696962048
1321139122577248258
1321136616803569664
1321131026404564998
1321130864550567938
1321130205377892357
1321129701017030658
1321129412742598657
1321129278491238400
1321128944867909635
1321127976155648000
1321127583141007360
1321126875851345920
1321126770544906241
1321126396211724295
1321121528642240522
1321119915781296128
1321119119488548864
1321063022077579265
1321061699764604929
1321058983638085633
1321058703332790273
1321047690386563078
1321044559678328832
1321041477586292742
1321041191845154816
1320924555414822918
1320922780800569344
1320922534863380480
1320922007844827138
1320916401079623680
1320915389807820800
1320890506092707840
1320890489864884224
1320888680932921347
1320888122306109446
1320886033496592387
1320884230411456512
1320883729154400261
1320878851594067969
1320808849729867777
1320808344920248320
1320807610975748097
1320806080985866241
1320801285298335746
1320800871383502853
1320800494500122626
1320799844659798024
1320796273784639491
1320795818329255938
1320774169798283270
1320773408850890752
1320764704667635713
1320757541618462726
1320755566092963840
1320749001742929927
1320746027801083905
1320745819436470273
1320745002721550336
1320744385861033987
1320744117308149761
1320743380893184000
1320733907533369344
1320732084974047232
1320566331683590144
1320563699183194112
1320561415661518856
1320561175319453697
1320560268741672960
1320559496457052161
1320557894102863881
1320533954215202819
1320533113982849024
1320531692965298177
1320531683251281922
1320528790829912064
1320528265149403136
1320527408727003136
1320527392675405824
1320527219316396034
1320527039389204487
1320525933460246528
1320524630541672448
1320524589651419136
1320523685023940610
1320523462662901765
1320523314973024256
1320523273399160837
1320521433634799617
1320520656010752006
1320520194838700033
1320520035828441089
1320519961576689666
1320519785868890117
1320519305486831617
1320518939244437507
1320516780536877056
1320514499976269824
1320513833421672453
1320512534496108545
1320511483663601664
1320485099327180801
1320485067827957763
1320484985455988738
1320484918280028162
1320484299213328384
1320479870284140549
1320477349327024130
1320476225568165888
1320475674495299584
1320471779303952394
1320470385608085506
1320468627552960513
1320468337491673088
1320468113930989569
1320467294867304448
1320466958190563328
1320466731983343618
1320465528360734723
1320464937404239875
1320464694117830656
1320464564375461892
1320463644426162178
1320463629410553856
1320462791552192518
1320462529689243648
1320462110363688960
1320461760051187714
1320459743505383424
1320459047674535938
1320458256595255298
1320457938939596801
1320457063911272456
1320456770301710341
1320455692197810182
1320454895292526593
1320449179768991745
1320448352962621440
1320445610697363464
1320445099675967491
1320444578839859200
1320426464907530244
1320426071477702657
1320425999268458496
1320425927520751616
1320425443577810946
1320410835106304000
1320410446109790208
1320410351423377408
1320409782105362437
1320409679768539136
1320409553322840065
1320408375985901569
1320408331383676932
1320407987685629961
1320407492212510722
1320407476462866436
1320406764312010754
1320406616420876288
1320406238988013568
1320405718588100609
1320405576287948808
1320404952347516928
1320404805026762753
1320404679193485313
1320401768958799873
1320401245216165889
1320400808106692609
1320400285701898245
1320397901865025539
1320397743802777601
1320397461597335552
1320394660792176642
1320394565375959040
1320392719789948928
1320384200546144256
1320205902218203136
1320203139493015552
1320202806888976386
1320202446484942848
1320202319598931968
1320201391323971584
1320200950150254592
1320200510629203968
1320198393415766018
1320196751459049472
1320196602007592966
1320196496831205378
1320194812654571520
1320194697323814912
1320194619154550785
1320194447771140096
1320186199722627072
1320184832027250689
1320180734275977216
1320175425516113922
1320171923465228288
1320149940811726857
1320147590852247553
1320134152054865922
1320133824806817792
1320130241294204930
1320128222214893569
1320126505230471170
1320125566939529218
1320120607636422657
1320120387313815552
1320119626219532293
1320116597332336640
1320115452614422529
1320115389108572160
1320115375535804424
1320093524969271296
1320093224896286724
1320090827973165058
1320090096125739009
1320090084964765696
1320089888583225344
1320089450844770311
1320089258326134793
1320088546171146240
1320088105131671553
1320068778819047431
1320064304733880322
1320043850891730945
1320043643349196800
1320043581067976705
1320043562873114625
1320042909408907264
1320041951828336641
1320040063267442696
1320033082276302848
1320032065006555136
1320031560805081094
1320031440004960258
1320031117945294848
1320015582595514373
1319854826306621441
1319853214590767105
1319853173562015744
1319852896503160832
1319852824939855878
1319850614118121478
1319850201184718854
1319849754784825345
1319848865273647104
1319848163537264641
1319848075918266368
1319843590298882048
1319843405225222146
1319843326380703745
1319843176820125697
1319843102971015168
1319842923048017920
1319842762632691713
1319842692294234112
1319836426553393152
1319836287952707584
1319835667141173248
1319834948262572033
1319832875102064640
1319819687753121792
1319815303015137280
1319814051229216769
1319813913832206336
1319813631085891586
1319813401326084100
1319813220274753536
1319812826907758594
1319812373360803840
1319811848443695105
1319810088677396480
1319809070195494913
1319808615352590337
1319808321512235008
1319800112013582341
1319799641731366913
1319798625199902720
1319798397931487234
1319796543701090304
1319795069604532224
1319794803866034177
1319790149417553920
1319789187944665089
1319789084664074245
1319787281893523456
1319787185831354370
1319786945384505344
1319783368423329797
1319782376084525057
1319781829046620165
1319781586871767040
1319780517529649153
1319780427067019265
1319780298964557824
1319779887041945600
1319779711053139968
1319764637546590208
1319764538594570242
1319763393738346497
1319762766396379137
1319762606354272256
1319762445548879872
1319761500211470337
1319759768832061440
1319742552300539913
1319729581000196098
1319729377400311811
1319728807453011975
1319728313125003264
1319725263056490497
1319721426501406725
1319721146259001345
1319720832999084033
1319720756188749824
1319720144805965826
1319719500795813894
1319715994680594432
1319715027520245768
1319714428296757258
1319709690163613696
1319709482180612097
1319705950719180800
1319705501454766085
1319705195459301379
1319700678688804866
1319700592915288069
1319700570807193601
1319700529593917443
1319699618985365504
1319699094164692994
1319692177384013827
1319691581272838145
1319690782807363585
1319690371094511623
1319688916321132544
1319688175510487041
1319687909495218176
1319685780391034881
1319684745597419521
1319672321142104066
1319667069097512963
1319666734610132999
1319666036384423938
1319665666807500800
1319664970091712514
1319664838734434304
1319664248017031170
1319663247038029824
1319661830399295488
1319661472557957120
1319661173965492224
1319659337149808640
1319658763549351939
1319657702986047488
1319657207823323139
1319656259864461312
1319655740236271619
1319471555760586752
1319471070450155520
1319471025004941312
1319468155710951424
1319467586589986816
1319467288119181312
1319467222016888832
1319467161589612544
1319467130845319170
1319466974171234304
1319466919154634752
1319466862321782784
1319464806152364032
1319463937222561793
1319462780492197888
1319460006148833281
1319455385317740544
1319455154924589057
1319451593843027969
1319451488247308289
1319451355807875072
1319450839640133638
1319450479051657217
1319450299220873217
1319442296354590722
1319441898575200256
1319440545194848256
1319440327355359238
1319439777888862208
1319439601287761921
1319439190380118016
1319439058997813249
1319438772132630529
1319437832751058946
1319437673212317697
1319437579192815617
1319437571332726784
1319437548524109831
1319437331930251264
1319437323466117120
1319437191651655688
1319435499593977858
1319435117446782976
1319434931152560130
1319434816346071047
1319434745428623360
1319433790805233668
1319432759752953857
1319432592484143110
1319431935706468354
1319431077669310464
1319430760886140932
1319430540148264963
1319429917101166592
1319429802886090754
1319429646228869120
1319429412580958211
1319429201427128321
1319429052885774340
1319428803001810951
1319428090460839941
1319427701460131845
1319427617108480000
1319427602927489026
1319427540587597824
1319427176907812864
1319426515050823683
1319414751345127425
1319413133031710721
1319408010339454976
1319406889181057025
1319406154041131011
1319405899010682880
1319405258800615430
1319404561627566081
1319401346257354755
1319397403703808002
1319397308954562562
1319396827960061953
1319385492643872770
1319385432451371008
1319385275374669830
1319384748322639876
1319381364504989706
1319381240307503111
1319380998413553700
1319380879639302146
1319363005184880640
1319322582542389248
1319321635720253440
1319321360284397568
1319321207754395650
1319320538247008259
1319319722249342978
1319319357114228737
1319319221751279616
1319318579838394370
1319317979432210434
1319317116135329794
1319317098485682176
1319316909045809152
1319316711640883200
1319305951762067457
1319300828163919873
1319295059976749056
1319294505019822086
1319294034750287872
1319293753711013888
1319285446245896197
1319283537531469826
1319283289882910720
1319283175747538945
1319282432676253696
1319081767454769152
1319081143535362049
1319064456127721474
1319062937009639424
1319062531152007169
1319062155342319617
1319061961980641282
1319061901234626563
1319060291238453248
1319058697818116096
1319057637418426369
1319056204476329986
1319056062666985473
1319055637628833792
1319055237416685569
1319054670367760392
1319053056311480322
1319052817907277830
1319052617364930560
1319051797604990977
1319051124079550467
1319048173881577472
1319046779300683778
1319046416472461319
1319045952905281542
1319040493422956544
1319034985563758597
1319033933162479616
1319031318957654017
1319030654978457601
1319029192714080256
1319027529517236225
1319027054017380353
1319026647929151502
1319026362456395776
1319025970641330176
1319025860322746373
1319025433002782721
1319024214851158026
1319023957383708674
1319022869003776002
1319022420460711942
1319022368015122432
1319021469385564160
1319021312124346375
1319020827627704325
1319015284376731648
1319014897146040322
1318982157692448771
1318981107975655426
1318978252132712448
1318974394207772673
1318972043325472772
1318971686193139714
1318970121038274567
1318969929622786050
1318969400968577026
1318969212136718338
1318969194495565826
1318969150556016640
1318969066418245636
1318968382952230913
1318968314014683141
1318967706910138370
1318967249575809035
1318966944985382912
1318964434681954304
1318963844425928705
1318963477080379392
1318963344733253632
1318961961716142080
1318961930212618240
1318948232823738368
1318945990314020876
1318945554819371008
1318943576626204676
1318943001096441856
1318942928568549377
1318942612267651078
1318940273980964866
1318939244811948033
1318939215510601731
1318938966024925189
1318938875583188996
1318918787794690051
1318916052424790019
1318914561450409990
1318914524435591169
1318914156700061697
1318914117583896577
1318906333689749505
1318902428247445504
1318901121654661120
1318900711556599810
1318900155987492864
1318896855632236545
1318896823206109186
1318896729547210752
1318896084341673989
1318895823695056896
1318895797270794240
1318895030476673027
1318894802285592577
1318892175963422720
1318714721072275462
1318714551408406528
1318713368161751042
1318696152917807104
1318695744317104129
1318695018660495366
1318694835587612677
1318694699360714753
1318694347735519234
1318693847346675715
1318693506194563072
1318692958514851840
1318692852747128846
1318692394750124035
1318692265850789890
1318691910165368832
1318691807249764353
1318691764367183879
1318691495088619520
1318691343829553153
1318691106503200770
1318689575657738241
1318688869202776064
1318688668127809536
1318688362425974804
1318687812212953088
1318687722576424962
1318685936767717376
1318685876436783104
1318684686810480642
1318684563384770562
1318684297725837313
1318684275529711618
1318683976547041281
1318682438449700865
1318680246204456963
1318673835420418050
1318672856847364096
1318672843811491840
1318672812639506434
1318672792536178691
1318672276460609547
1318671748745879553
1318671547226333184
1318671493879005184
1318671486937333761
1318670062761529345
1318660420144685057
1318644300188712960
1318641421960839176
1318640403911004161
1318639810253365249
1318638975385522177
1318638297720172546
1318637916453785602
1318637469055811586
1318637152067080193
1318636435860299776
1318636037397164032
1318635488966856705
1318634981497982977
1318633984247681025
1318632501481492486
1318630492812574727
1318626412601970688
1318624507591098373
1318609953335201795
1318609283186044935
1318607432696954883
1318606106713903112
1318600067725537282
1318596917656489986
1318594277245636609
1318578553189969923
1318578545740873728
1318578468255354881
1318576807424200711
1318574894767112192
1318574707013308416
1318574304892694533
1318572103109574656
1318571275078565889
1318571115661434880
1318568346065973248
1318556463531462658
1318556003802238976
1318555283627671552
1318555006920949764
1318554783670820874
1318554609946951683
1318554546449375232
1318552583011782656
1318546520187219969
1318543641518944257
1318365209522786304
1318362662053515265
1318362355823218688
1318358717033840640
1318357628335099904
1318356957670133760
1318356488642043904
1318347057636249600
1318345337472454656
1318345118710177792
1318340639390650368
1318340239266615296
1318340193989033987
1318339504340717569
1318338832157298689
1318336516209389568
1318334297221308423
1318308497365340160
1318304102502354945
1318302409882542081
1318280787037442051
1318280040287768576
1318279968934318080
1318275255836737536
1318274901321670657
1318274514434904065
1318274487385792517
1318268169786658819
1318267780513304576
1318267512396648449
1318267443740086274
1318267078885937152
1318217664297394186
1318013384621740032
1318012573980250114
1318012565507760128
1318010907792953344
1318009454110085122
1318009086613573633
1318008891561725958
1318008773957517323
1318008609003982848
1318008495854260224
1317996905100681217
1317961211774992385
1317956380427517953
1317953468682948608
1317927006500233217
1317921938552033280
1317920917549469696
1317920863056965632
1317920694022320130
1317919847494410241
1317918381077598208
1317918261233799168
1317917854650585088
1317917842356973576
1317912298921500677
1317908668197883904
1317900110748094464
1317898186866987008
1317898025554030593
1317897672301383681
1317897590906720256
1317897136332328960
1317897076483776512
1317893926494392321
1317887252622680064
1317854280175521793
1317853781510529025
1317852824793997313
1317852795765248000
1317852646133407744
1317852576365318149
1317678254686457856
1317664777267744768
1317663895486595072
1317663182538899459
1317661089174376448
1317656915619577856
1317655490378215424
1317654672157659138
1317650151587172352
1317649645263269888
1317649572257292288
1317648925076193290
1317645023660429320
1317644458234621955
1317644059410894853
1317643966825811968
1317634005366411274
1317626605590728704
1317626594010320896
1317611181713068033
1317611140910895104
1317611051848970240
1317610249105321986
1317607784406450177
1317606672400080899
1317606174414557192
1317595981094014982
1317594555823292416
1317588974270033920
1317588830116057089
1317587387044777989
1317586710990065665
1317556498436939776
1317554677563666432
1317554258573668357
1317553080393662465
1317552806849634304
1317551501548654592
1317550869903249408
1317550815511543811
1317549310301642754
1317535916244803584
1317534703746994176
1317492586773348352
1317492522554478592
1317489712781791232
1317489499300089856
1317489119015165952
1317489078502293506
1317488601412894720
1317487294899769346
1317487237676912640
1317486277734912001
1317486175033196546
1317486147606630400
1317486024159887361
1317485893763158016
1317485791975792640
1317485718873190402
1317485369449979906
1317479065637605378
1317478984616169474
1317478603685322753
1317317861711499265
1317316684189999105
1317314544016949253
1317311458364035072
1317311204705161216
1317310557079339013
1317244659899551745
1317242241799389184
1317241971669389312
1317240747091988482
1317240722039427072
1317240299597516806
1317239953999466502
1317232482908016640
1317231717804085253
1317230817383534593
1317230095690596353
1317229477764751360
1317229249955352578
1317228691433361410
1317228232572342272
1317227892959567872
1317227044095262720
1317226858040168448
1317226512693821440
1317226002934845446
1317225859137273862
1317225312296574976
1317223086610092036
1317222407539752961
1317221163194634241
1317193411544424449
1317192949244067848
1317192612844048388
1317192010378477575
1317191235409424384
1317190941535539200
1317190799105363969
1317190355301924873
1317189826177884161
1317188671326519297
1317187742078554112
1317187104720510976
1317186908326449154
1317174861119295489
1317174317986316290
1317145927698796545
1317143671029010434
1317139055444971522
1317118455120842758
1317118342902222848
1317118227693117440
1317118166011662336
1317115777070342149
1317114372251111424
1317114325786570752
1317114019325640704
1317105279113285638
1317104971414970369
1317082566449659906
1317082327701426176
1316976493155811329
1316966470266572800
1316944144011583489
1316935823544168453
1316931947910881282
1316931750879203328
1316931144420556800
1316930648234446849
1316930119823491072
1316929079187329024
1316928886551289861
1316928000227725313
1316927643418300416
1316925752315699201
1316925372898959360
1316925215922884609
1316925113997103104
1316924546738511877
1316924281884991488
1316924268383436806
1316923681336078339
1316922597041426437
1316921434573279237
1316918856510734336
1316918748641710083
1316918448459517952
1316918185782902790
1316918025468207104
1316917948154511361
1316917223865417728
1316916626248302592
1316916592895270912
1316916560687206402
1316916549287116800
1316916532505677828
1316911211829743621
1316911140178436099
1316911065977028609
1316906248441417734
1316904637186887680
1316904222189867010
1316901711571787777
1316901148725547009
1316900639411154945
1316899987939315712
1316899604655460357
1316899163284570120
1316897843962064897
1316895267434733568
1316894191486701570
1316888776359235584
1316826225558654976
1316802642476228615
1316802196143575041
1316801866643144704
1316801786443956225
1316801729216872450
1316801683234664448
1316801656114368512
1316801537100914688
1316799982519955456
1316799828190429190
1316799393178189824
1316798518720450560
1316797966670233600
1316794789401104389
1316794211107311618
1316793753592565763
1316793242340524034
1316793125319385088
1316792831474892804
1316792650977153024
1316792354054049796
1316791910523174917
1316791763546275844
1316791663227002882
1316791620461907968
1316791568578367490
