1330530173045907466
1329877886896103433
1329877032419926023
1329862899368603656
1329861891418624006
1329860856054771714
1329802867218247696
1329515641053859851
1329466715290427392
1328820658948739075
1328459683808620546
1328406347872956419
1328371765983252485
1328057746193780736
1327982274336485376
1327873332843307008
1327333369559003139
1326582434788470785
1326239606904385537
1325804928296685568
1325499975619534848
1325443214761996289
1324422887621775369
1324397210847612929
1324221196121112578
1324064640909934592
1321898112890359809
1321159851964334082
1320823671733342208
1320408544890540032
1320050645337100288
1318271450231418880
1318267237745061888
1317886596683890690
1317821989600530432
1317570458389270535
1317569755071631361
1317459592448802824
1317351500209938432
1317226437611462656
1317226381810556928
1316086877754195974
1316085632133935112
1316079962613600256
1316078865312251913
1316068983267885057
1316068834206519296
1316066946186649600
1316066685523197954
1316040454509596677
1315398919145181184
1315398339316375552
1315292774053314567
1315012432885157888
1314984510321307648
1314838049877041152
1313942888406036480
1313932039712841731
1313929193307222025
1313910550603104257
1313552009367375872
1312718485714132992
1312507714417823745
1312131588801486848
1312130174020841473
1311423560104189958
1311058647548559365
1311031463983427587
1310691991072706571
1310690922510901249
1309912730586017792
1309594894382567425
1309591029272793089
1308848698739359747
1308846179216744454
1308832075542417410
1308545453131264000
1308543924567519232
1308132028626489348
1308116751914348545
1307757103730360325
1307720731590119429
1307620177903865856
1307610345100513280
1307610177483550722
1307608261269565441
1307599716771926017
1307408653671170048
1306333297807634432
1306318270144880640
1306303262338019329
1305936754139115521
1305933101269422081
1305930699279663105
1305923536666660864
1305915243575619590
1305911137247154179
1305578957325119489
1305330203951063040
1305251997961146368
1305240902273822725
1305240518574645248
1304737512624193536
1302687309926739971
1302687265492271104
1302687214380478466
1302644917487927296
1302509078888022017
1301947522924060672
1301648661466800129
1301605451931570177
1301188753105575939
1301048323525226496
1300869771211288576
1300869657671413764
1300869510828896258
1300856224980893703
1300852933689520128
1300518040677867527
1300160892894687232
1300160263698763777
1300159552667746312
1300158822464532482
1300158818547052545
1300157599694958593
1300078890963161088
1300011552016338944
1299801831690862593
1299799618058948610
1299799375904940033
1299685105796079617
1299684735229276160
1299455697260818433
1299454782982311936
1299064494463877120
1299059633622056960
1299038901722664961
1299038847028912129
1299037675777908742
1298963271312121856
1298679198236712961
1298674583034384384
1297993046815117323
1297990185792294912
1297988646822449152
1297986899743735808
1297985138106793984
1297973628169003012
1297328425124999169
1297259909273333762
1297083515847282690
1296930809950212096
1296911727402123268
1296904952992890881
1296882607830048768
1296882131373883401
1296365420312756227
1295967628192882688
1295967389255905280
1295351730880880642
1295351654716506118
1294983207255969793
1294870652638441472
1294573902379790338
1292729836897742848
1292213384935546880
1292213223056388096
1292212900380266496
1292212857149493248
1292211989536821249
1292211482604777473
1292210131174916096
1292209904577650689
1292208741476163587
1291123648045219842
1290756429050241024
1290748281329528833
1290733911409033218
1290673610508709889
1290308818002415616
1290196745813544961
1290021247808466946
1289522237272240129
1289430281225555968
1288944677086003200
1288557338648027139
1288534103223087105
1288201113372696583
1287515792985161733
1287465614391508994
1287338486048198657
1287310200916135937
1286760863790256131
1286760794986872832
1286543331691057154
1286404909009707011
1286404654075654145
1286357324169388032
1286357089233895424
1286356115236716544
1286010686062112769
1285570352639291393
1285207841998086151
1284728833686503425
1284711216380878848
1283865363101491201
1283842923008790528
1283512039357460486
1283488318039240704
1283485607759683590
1283483274996744195
1283483032708677633
1283135843608256514
1283119653108305920
1283119222781095938
1283119106523312129
1282422949543391241
1282045496459243520
1282045257853603841
1281670110588162050
1281628498076073987
1280951220828549122
1280951154101321731
1280280622783700992
1280267303171567618
1278771156401770500
1278769771731914754
1278434570799628288
1278335893955379202
1277828558681972736
1277164971865014273
1276155381673230336
1274815157110214663
1274804974384537601
1274778620221947910
1274768913847529472
1274700527264243712
1274338500502908928
1274080721234276352
1273724047667408903
1273723324917563403
1273722481954754562
1273722166677319682
1273675559344766978
1273370455085285383
1273349760540434433
1273166992288120835
1273166892186861569
1273121625165176833
1272969547277127680
1272968572994818048
1272911448457588738
1272657876801269763
1272653962093699073
1272639524632477697
1272626921118085121
1272626843116548098
1272625864228900866
1272602697011736578
1272600128541597698
1272598606839721985
1272594030812160002
1272270845130481665
1272227938742796288
1272217262674644995
1272120954760712192
1271902660212523011
1271900201603805184
1271891472183418880
1271760776185942022
1271759427843035136
1271734811292585984
1271524291096559616
1271523298682290185
1271522971283324928
1271519323291562000
1271518670754381825
1270799005287690241
1270797365822345217
1270786567540523008
1270786110910861318
1270473126460170241
1270356488977035264
1270060909776551937
1270009313591992320
1269988484175060992
1269730363015933952
1269730240219295745
1269682811436519424
1269674094590595084
1269654421224468481
1269628645380952069
1269597472957050882
1269485583912574976
1269350829858963457
1269350075140104201
1269348418218008584
1269339720082956293
1269339263004553223
1269334734221574145
1269330558246584322
1269328972480905216
1269307125605507074
1269009998862061569
1268952030258835456
1268618196312973314
1268221201752772609
1267922288457940992
1267910347568091139
1267910050200379396
1267909721505370114
1267898512131469312
1267897958097395713
1267897574771605505
1267885477648089090
1267885242813202434
1267883804187860995
1267883193715261446
1267881685774934017
1267719659895349249
1267569126693834754
1267547283035430915
1267536850815721474
1267220435072159745
1267198052642828289
1267192950502588420
1267170947066466305
1267114507224207362
1267097105304297473
1267095737084661760
1267079928652193792
1267078969611911169
1267078605307248642
1267077051930066945
1267074709717385217
1267074016264716288
1267073764723957761
1267072048939089921
1267071289212178434
1267070956385820672
1267070801238466563
1267041659969290240
1266843726762119175
1266828134894178307
1266814547060547585
1266806015405756424
1266520173344948227
1266497922692190208
1266484671531147265
1266007901581250560
1265802641185136640
1265799180389429249
1265793721515282434
1265792653083512832
1265791855221977091
1265769925714591746
1265769018310393856
1265759093937123331
1265755521086361603
1265754785506037760
1265720694555455492
1265701040223117313
1265700540991840256
1265692061522710529
1265690846348918786
1265689566041735170
1265685313764065280
1265611507225763841
1265610575322787840
1265582311812325376
1265564934492106753
1265564787745992711
1265560557287071746
1265383793248161801
1265258092633165825
1264943298172649474
1264932102178562052
1264926842986860546
1264681185357303810
1264569100493299718
1264550806809952256
1264499983937667074
1264439043728846849
1264436466303807491
1264246526018310153
1264245629594804224
1264245274421182467
1264244195822391296
1264201356832903169
1264156174859014148
1264155740102635520
1264155681558614021
1264135337493827585
1263974594106572802
1263973446763061250
1263950787429924865
1263950591308509185
1263949999680950278
1263949136862289921
1263839758737911810
1263819825287135232
1263749199205670912
1263573882419785729
1263568870520041476
1263219256327573504
1263215475670081536
1262531005304508417
1262530481909833733
1262513142623592453
1262512045536301058
1262510319676596224
1262434485829844995
1262160823973228545
1261996063524900872
1261995972495921154
1261414826519064576
1261303918174363649
1261101897236316165
1261089143079264256
1261078747178024961
1261059419464503296
1261058209986600962
1261032774250704896
1261032612044460039
1261032566506864647
1261029051579404288
1260374118374965249
1260367878953537536
1260367670819663873
1260318016711114754
1260266656846221312
1260257247835365377
1260253057180459008
1259625651885281286
1259623796090298368
1259562945882853382
1259491181890727938
1259267886067208200
1259263336111276035
1259262034979500038
1259261155920486400
1258933322899755008
1258902851381854208
1258545640075755520
1258513792524140544
1258384315173556231
1258046995966631938
1257813747491627008
1257805123943874561
1257779707996758016
1257776219015262215
1257766396764860416
1257763088109056001
1257758280392343554
1257727572990988289
1257440480033492994
1257404555639300097
1257361198699479051
1257093430188085248
1257074740956672003
1256707759283810306
1256702420782112768
1256252028633956352
1256239266700693504
1256233625475055616
1255652128988766210
1255648155955351552
1255628658066292737
1255627053967249413
1255626450629210113
1255383328280248321
1254917206292430848
1254843374818992128
1254560395152498689
1254559527162253316
1254500979329961985
1254064822318182411
1253733002288521219
1253420481371234304
1253391558516396039
1252919572346347523
1252706401555755008
1252693090948780041
1252334957495758855
1252300434968137734
1251847638032568321
1251832589146619904
1251697772736241664
1250920080671674369
1250848317258506241
1250520384673386496
1250144394306555906
1250143831896608768
1250113322495676416
1249023229794168835
1249008847110504448
1248703566950400000
1248703162636271616
1247961191017844737
1247961164652388352
1247914174711246853
1247638723531022337
1247600264049315841
1247552987221934081
1246933185264582657
1246588795329351680
1246547103100346368
1246546530917650434
1246524112719228928
1246465344564342787
1246465093115588608
1246461157378048000
1246158613011464198
1245794555619938310
1245709988028448769
1245380728264822784
1245304124708659200
1245147603832094721
1245071156954173442
1245045686191742978
1245017836482953217
1245013818662694912
1244983367583453186
1244911832311255040
1244774927460380674
1244654064715083776
1244592994952589313
1244363410231504896
1244360457982525441
1244354543808393217
1244236332681113601
1244231897636618241
1244046379019886593
1244045275095805959
1243983976555065344
1243879449885638656
1243878843045249024
1243706622486163457
1243706112706252801
1243541568142925824
1243508244082982912
1243444185514074113
1243295816418197506
1243239007376547840
1243238006179463169
1243236974107951104
1243132537762955264
1243110349144014854
1243102394185064448
1243093462284750851
1243059248311013377
1242904134426267650
1242768743723347968
1242629774733905920
1242596330129719297
1242533558230663169
1242529198079647744
1242525532622917632
1242517955310759936
1242500060635713543
1242499150731784197
1242461035002572806
1242455238197547008
1242424481236336640
1242389976425340929
1242225106904023040
1242199426657062918
1242197831957598210
1242109239876890624
1242056230853586945
1242054528221970437
1241997940916436992
1241987821243699203
1241861096278982660
1241853792200601602
1241852718362382336
1241850783332741121
1241825112292294668
1241824190262583296
1241818804285575169
1241695898062802944
1241695074616053761
1241695002729865216
1241690784660848640
1241643331844784130
1241604970547421184
1241503331899629568
1241503238190444544
1241501275507875842
1241487164581519360
1241476758051917824
1241389741142089733
1241374854533840898
1241370497859883014
1241174714376171521
1241067131132940290
1241055820848267265
1240926507574362112
1240723786581905408
1240717852602179593
1240696399349473280
1240656859729666053
1240404288532250624
1240374048749752321
1240358765368664064
1240344186777460739
1240295755384082439
1239984519266131968
1239982675630469140
1239982644823232514
1239646186497290240
1239087426037002240
1238934658823458823
1238872856005672962
1238870230648094723
1238842027078569989
1238808313825034240
1238805623992651779
1238752524280172544
1238749840097579008
1238733304108638208
1238560015608418312
1238559860406525952
1238559372189544448
1238558953967104005
1238546922597736450
1238211207708004353
1238193637516873729
1238073255560429569
1237861605011943428
1237849784758628352
1237840182050607105
1237833352507543555
1237833273704775680
1237464493434834944
1237460316679811077
1237459174507905025
1237457825057648641
1237457406151413761
1237405885166690305
1237370375572512768
1237370079265914881
1237327458313142273
1237100862335582209
1236661683772362752
1236607482023292928
1236606887027789824
1236437372239306759
1236400382177349634
1236386921011646471
1236287926314717185
1236251955552489472
1236015887846604801
1236000250659209218
1235913263432556546
1235604496534900738
1235293905710657539
1235290877981052929
1235287874679058435
1235286847473045506
1235281418529447937
1235279290096390145
1234961916981805059
1234931268422455296
1234930661531824129
1234924331341316099
1234912582345031681
1234909368841318401
1234902551876730889
1234575851833974785
1234573379845459969
1234556705838641153
1234555880278044676
1234547215269580800
1234545768721195009
1234543982417469440
1234532579996557313
1234511333686751234
1234508757037699072
1234506798226399234
1234215080302120962
1234214933711200256
1234211785399586819
1234205042611236864
1234203490798514176
1234129856448913408
1234120751961247745
1234115895099887616
1234055387822751746
1233839345158803457
1233504704551890947
1233488077647159298
1233485758226407424
1233438503796641793
1233095246696849409
1232776878580207616
1232764618013052936
1232764294804144137
1232754635582189570
1232753683361935360
1232738828873555968
1232720790438776832
1232720706854621184
1232121070490136576
1232032225144778752
1232026852715376640
1232026671366262784
1232026277315522560
1232006555299696643
1232001235294838785
1231835512450797570
1231738069809876992
1231687211101380608
1231615581868216320
1231572328653430784
1231563395129839619
1231542024463056896
1231540228202127362
1231322951892570114
1231313988681715713
1231307569215483914
1230576406641414148
1230555126558904320
1230532249801588738
1230521922611445766
1230520073443561477
1230516979938840576
1229877824019890178
1229876790614724610
1229792341957005313
1229688480067915776
1229532006737960966
1229152531550474241
1229147570322182144
1229141896552947712
1229129346918572033
1229120532446089217
1229086259039129600
1229085243262558208
1229060874045984771
1229058220733411328
1229057246044344322
1229057060299558914
1228988260195717121
1228979858098839552
1228977296549261314
1228785916203982849
1228767441020506114
1228761872465305600
1228759527119638530
1228758316530139136
1228702045030494209
1228395856082198534
1228386744640430080
1228378030873153537
1228375902788182017
1228039935883718656
1228026190709039104
1228025815868289026
1228018342939811842
1227693304692781057
1227685914941542403
1227607924874317830
1227336561467035648
1227323383605538816
1227313966344527873
1226866470128410625
1226865683251814400
1224451558185697284
1224038578717646850
1224024646321872897
1223692227962200065
1222179706826579974
1221531541152653313
1221529048456876032
1221366441179521025
1221337496732295168
1220810049263677446
1220744497467940864
1220477960622411779
1220433661293748224
1220408922365997058
1220199352674799616
1219730690109005826
1219671153154744321
1219319420461383681
1218961097996296192
1218949308868894720
1218547019322732544
1218100170518417408
1217912086195580928
1217687648409616384
1217685640323661824
1217534444141252608
1217533688579313666
1217531498305347585
1217415129127624709
1217169690595876865
1216452021244612610
1215718126551281666
1215703355789459456
1215007671616778243
1215001771720019968
1215001491154624512
1214629847802302465
1214625541216722944
1214625185602641923
1214568949125439488
1214256891523674114
1213790978496172032
1213555997299617794
1213026534086328322
1213017173079269376
1212835447631745029
1212833428829282305
1212832407952465922
1212737352575180805
1212480035153678336
1212448201380380674
1212376029026824192
1212373037988958209
1211728456226156544
1211383029018562562
1211372913988952064
1211038992323502080
1211013224985976832
1210685364706385920
1210660303786168320
1210660064698261511
1210657570454671366
1210655998769291264
1210653045513752577
1210647967121715205
1210647403814096897
1210597354103029760
1210578917049929729
1210571547389415429
1210571389146718209
1210465062303010823
1210321520041627649
1210266151680446465
1209923286135705601
1209922747402461185
1209850462306021387
1209837000318181376
1209814256067194880
1209810296145137666
1209809558551572480
1209730520973791233
1209600195601846277
1209517505359859715
1209210675911892993
1209209524692885510
1209209145716609025
1208853944082018305
1208852375617884160
1208702338250280960
1208696509191086080
1208695602919329792
1208624687149912065
1208619444798406657
1208495756056891397
1208495152580505600
1208492972553179136
1208369147043860480
1208149762626768902
1208128650866044928
1208112240026628103
1208102553214443526
1208092534276284416
1207974818924105728
1207740384761319424
1207739784799686658
1207699981626466308
1207681504329027588
1207671219308417031
1207669875449180160
1207656647398764544
1207519180460888065
1207518944866779136
1207390907609337856
1207385672304222214
1207178966987096064
1207011347214544898
1206996114228031489
1206981132446785542
1206981108388257792
1206839369732182017
1206837741247447040
1206696243436675072
1206632648589922305
1206601445019181058
1206403037675298821
1206396785935159296
1206274530693599232
1206274176920752130
1206272194369728512
1206272069262086150
1206146711250440192
1206146524914356224
1206133314110869504
1206110888714997760
1206107403617525761
1205953607830511623
1205949806264360960
1205907460516700165
1205759244877864962
1205754040434470914
1205751384852840448
1205748950592098306
1205487216023261191
1205201536885907456
1205198246668382210
1205197799484280833
1204841997095329792
1204781947651801089
1204767920536137730
1204767389562355712
1204758369694826496
1204758343711109120
1204751263256236034
1204487826986938371
1204485981291864064
1204481175487762434
1204147899128565765
1204143401089851392
1204140569502605312
1204067058444623875
1203772207622696961
1203765245979828226
1203656195879448576
1203654410242531328
1203621277350674432
1203046976314589185
1203030766701174789
1203028828181975042
1203012126882848769
1203011804366028801
1202978766177353728
1202866013131411456
1202685959533400065
1202683935009972224
1202682215135678464
1202681706563735553
1202672951784562691
1202665286018699264
1202662973988319232
1202653185380429824
1202594343741280256
1202343778671050752
1202335724521099267
1202323912543100929
1202292782938951681
1202292167546482690
1202292078459473921
1202123236701540352
1202122656637689856
1201956282435080192
1201955696650203136
1201953772068585472
1201931127386263552
1201602697205559298
1201599124304465920
1201506799066726402
1201217909512646656
1201211585475358723
1201209311894093825
1201206518634483713
1201169167984009217
1201162825839923200
1200876856666468352
1200875389108793344
1200874206768041986
1200821381572808710
1200782477901664256
1200772646662811648
1200725751613538304
1200724477459517440
1200695662536536064
1200692545891770368
1200658780373028864
1200504148732653568
1200497271835631617
1200496867878035457
1200486876974596096
1200460337423814661
1200456386569740294
1200454437715746818
1200147111687467019
1200138366924275712
1200138105342349313
1200108849753153536
1199751198821244928
1199750165403521029
1199748071820845056
1199677136895979522
1199672409713971207
1199671945954045953
1199665745921220608
1199661432213819394
1199647063165808641
1199537146815827968
1199536742094823424
1199411639767961600
1199186799500943361
1199070688704892929
1199070614675447818
1199069676313161731
1199057293050105857
1199054088597655564
1199043305771810817
1199033638794518529
1198975730396336128
1198947587467939840
1198857824748687360
1198719842758602753
1198706315993976834
1198695367413555201
1198692488489439232
1198672526823567360
1198661333065125889
1198631510871556101
1198627442505736192
1198609759794061313
1198565772739719171
1198564937930625024
1198336714508513280
1198333844639899648
1198329010075381762
1198326989830197249
1198163739704545280
1197982472044187649
1197961507046383618
1197960699881967617
1197947954340016129
1197799884872654854
1197585211028062211
1197583859187142656
1197579159217803264
1197542812994166784
1197533968519835648
1197385174637535232
1197301622835204097
1197288667817168898
1197251377350762498
1197193691385008138
1197193543246327811
1197191432752250881
1197190386659340288
1197188834322255872
1197059719342559232
1197034610582065152
1197034559986159616
1196986712653778945
1196981741061320704
1196977724725907456
1196964967565672449
1196857792323297282
1196510420858802178
1196510354538414080
1196510332593815554
1196510313098698752
1196484928910835717
1196464541586071552
1196126379886161920
1196087361186209798
1196081311427026944
1195985193829621763
1195830448485732354
1195586177732136960
1195430637718712320
1195095080803151872
1195069432797810688
1195031130778537985
1195003460166541313
1195003242922553348
1194684693704314881
1194678340495560706
1194490614286635009
1194372426571878400
1194363673755693056
1194350169665556481
1194189618591207424
1193996052136955905
1193980550240985088
1193758781475307520
1193612988307181569
1193565482936406016
1193548676125331456
1193544735178346496
1193543938122092548
1193527612813062144
1193270193419640832
1193267404404600832
1193263499734081543
1193262987160825857
1193259507943534592
1193256182041006080
1193254209438789632
1193246684949692416
1193243693198782465
1192906949106524162
1192906027924107269
1192904420675268609
1192897257194033152
1192890608706293762
1192847019158786048
1192630636705660929
1192550834862804992
1192547865136173057
1192547343079550992
1192189028369653760
1192181728045142018
1192145079584141312
1191809066944860163
1191806617962139648
1191806412118220802
1191781088009609216
1191445479600611330
1191429791326572544
1191422775816314881
1191421255183929345
1190976344596926464
1190967849176748032
1190936013587308544
1190913126142754817
1190910210900140032
1190886405129539584
1190733439592488960
1190717182990331904
1190706160879521793
1190637930508955653
1190338836011929602
1190332982785183744
1190330556761985024
1189995068180062208
1189993467440701440
1189987585411686400
1189960333135372289
1189797069076279296
1189793530539073536
1189638517040828417
1189631682766426113
1189620253514436613
1189619653041164290
1189611123739373570
1189250187966988291
1189249928213815301
1188943135239524355
1188922528825315328
1188922115019419653
1188904874047688704
1188903116567187458
1188902365451214848
1188896717455986689
1188887767780134912
1188827759872741376
1188719063310262274
1188609901075058693
1188572927547052033
1188566085479608321
1188460562386243584
1188457726386540545
1188446949181140992
1188393809031389184
1188375509522145281
1188372094012276736
1188371243084517378
1188362940988252161
1188358987923755010
1188355344906342400
1188347132337709058
1188283554263900160
1188189851876810755
1188145420796600320
1187862330987679747
1187792281090379776
1187638782734012417
1187638683681349632
1187594731418722305
1187472430651961344
1187472427405627394
1187239816607518722
1187087351908126720
1186809886992162816
1186739192551878656
1186737952304570369
1186732001069535233
1186716569172348928
1186698973970608129
1186427045175275520
1186381564634193922
1186334097670627331
1186333939658579970
1185998503169986560
1185998431006973958
1185992071297019905
1185991464758722560
1185990195151298568
1185983603504832512
1185983077690019840
1185929978644520960
1185921691597377536
1185920582426251265
1185889443158335488
1185889406986661888
1185886775153221632
1185773829035057152
1185654258668113920
1185648187207573504
1185619061725712385
1185611588868423685
1185471725485592576
1185454449734631424
1185450695148953600
1185450539288596482
1185438119199494144
1185273433095102464
1185265376705351680
1185260494325780480
1184917704660148224
1184895188554207232
1184894435252936705
1184893697973985280
1184892127240736771
1184841631159246855
1184679025899376640
1184585263617630210
1184583276020879360
1184579754801979392
1184570175414296576
1184564831917105159
1184554317581303811
1184550691177713664
1184545506132987904
1184545334602715136
1184497297381642245
1184491275225108481
1184491129972101121
1184489759588208640
1184270154924003328
1184267592929816577
1184209681788612610
1184209388543893505
1184208788649336840
1184208377024581635
1184207527678005249
1184203016154615809
1184201844333142022
1184183495897292803
1184180987359617026
1184158623389442049
1184082285387276288
1183983332012580864
1183910427115307008
1183909214030311424
1183580703763632128
1183580024399712256
1183464886287896576
1183442903969996800
1183267935890149377
1183180577266114567
1182962213243510784
1182866613302976514
1182866248104906752
1182679308244062210
1182397555185012737
1182388139622633475
1182334987099627520
1182319098245632000
1182298146417893378
1182237158364590080
1182236942311841792
1182059838098100224
1182053513565802501
1182047576289398784
1182025809948811266
1181693605511094273
1181632768545083392
1181603634339106819
1181597001659682818
1181589117928431618
1181577232239779840
1181577148575993858
1181474790730846208
1181334099073671168
1181332303336882176
1181330831324979200
1181330470606397451
1181319200066981888
1181297767873953793
1181297453691260928
1181293337338355712
1181280255505551362
1181279273774129153
1181276312729800704
1181273517377105925
1181273171493871616
1181271843065466880
1181253423326470149
1181252965761523712
1181242935712595968
1180972689827225600
1180971582514225152
1180963929079590912
1180929218332495873
1180927957315010561
1180913276441546752
1180912477502132224
1180905600059924482
1180905271473983489
1180904200357781506
1180896874972225536
1180895733299470336
1180813763877974016
1180813526216200192
1180752080329494528
1180749849538506753
1180595770841370624
1180592786690596864
1180580776317837312
1180580050673864704
1180577399718604801
1180570313505030145
1180567369162399744
1180563773263884288
1180498567485628416
1180452870736502786
1180441878254297089
1180435254429016064
1180424043503263744
1180419463625297920
1180364972645404673
1180346333993066497
1180338039085776898
1180186462869958659
1180180032033083393
1180177862256709633
1180172920636821509
1180161774622035968
1180123570061619201
1179993088888049665
1179861589245267978
1179849223858262017
1179848582544969733
1179793574151544832
1179643034209792000
1179142144487038976
1179123663657996289
1179123645282750464
1179123255195701254
1179118714446327814
1179118300955136000
1179110588020150274
1179108838840193024
1179107088724832257
1179106439220154368
1179104814304780288
1179098240316317698
1179096804715048960
1179091715250102273
1179050097235111937
1178773116966903809
1178772032055586816
1178764588533391360
1178754153570541568
1178735026294403072
1178729228185026561
1178711996533035008
1178709962115207169
1178692874587791366
1178690978141614080
1178687642839502848
1178679638425559042
1178667566144905216
1178667311634370561
1178571480558440448
1178456714183663616
1178285110195625985
1178261246912671746
1178230859809349632
1178229007059423232
1178170050244677632
1178167315709476865
1177960459602931712
1177960090407784453
1177940884039639040
1177914944421011456
1177881340114550784
1177865372713865217
1177809570250575873
1177807842792873984
1177757407981776896
1177657139696951296
1177650037578485761
1177649430415249408
1177648843120418816
1177644292543832064
1177639978521808898
1177636906760314880
1177634638887563265
1177634141984174080
1177623999213428738
1177605693978882049
1177600101902147584
1177596787626000384
1177594744832217088
1177592500502110208
1177592129285165057
1177389546113249280
1177388310735577088
1177322276703866892
1177318380090593283
1177313717798735873
1177313149202194439
1177306977233494017
1177299482687483905
1177298973117362177
1177291905857708032
1177288578809913345
1177282677818494984
1177252493044211712
1177089682179547137
1177089475450679296
1176957669539745792
1176854822924038145
1176611981664673792
1176599689443123204
1176584126046060547
1176578587476013058
1176578530051862534
1176575726675550209
1176572649125875712
1176570140785348608
1176562359646769152
1176546222229872640
1176207736876470272
1176196268596576261
1176195076126629889
1176193342746611719
1175895802616713216
1175865550385418240
1175855366053212162
1175854028477128708
1175849980239785984
1175843840898605056
1175839634590523392
1175824856866316289
1175822808460533763
1175819705493442560
1175819580956188672
1175803628831031296
1175796476716490752
1175794434841165824
1175759504237039616
1175758820695519232
1175758711836553217
1175702225798213632
1175633669643538432
1175586839127834625
1175586438802546688
1175510532587233286
1175510093074509826
1175505947726401538
1175504405145296902
1175504346580230144
1175503396209602572
1175490721362665472
1175490118901280772
1175488040707547139
1175478903483379712
1175470663718658052
1175467775038500864
1175466831026544644
1175410106168676354
1175206520428085250
1175204681469059072
1175204118668988418
1175135637193797632
1175133068912484353
1175106962427731968
1175103354353192962
1175090886373494784
1174879354456875008
1174854481399504898
1174764065236946946
1174496412370911236
1174392203470352392
1174391040360550401
1174385154552410113
1174384692814106625
1174384044471148545
1174371166938681344
1174042362613571586
1174036338431135747
1174035946972598273
1174034020562194432
1174032081531351042
1174030307781218306
1174027459953602563
1174027227819905024
1174025060199350272
1174021415097569280
1174020588765143044
1174017831031181315
1174008528513708033
1173688882967273474
1173681449532366850
1173667291034259457
1173663252787683328
1173661950347304962
1173300436360683520
1173300222279278592
1173121655608156161
1173105448121245696
1173103246740774913
1173101713236078593
1172978123132063749
1172763062983639040
1172756853979328512
1172610599651565569
1172604271457685504
1172601556782526464
1172591267718553602
1172590864184614913
1172586099748810752
1172585543592546306
1172571407533953025
1172567317269635075
1172355690855370752
1172246333551456257
1172244023853166593
1172236761038315526
1172203723831074816
1172196413473808384
1172196343185649664
1172196256745164802
1172191907763642368
1172185924832309250
1172182565140279297
1171879875210371073
1171878061098328064
1171877627667374085
1171876393506037761
1171872124455325697
1171855105949425666
1171847654122369025
1171847086565994497
1171839145779564544
1171813447429963776
1171811096145092608
1171530390399373313
1171527964510449664
1171520796109373440
1171494508942389252
1171494086785716224
1171493401834819589
1171492601142210562
1171488694131314692
1171487777541636098
1171487092980899841
1171485660038844417
1171484139465297920
1171483268803248128
1171481152294539276
1171476444263772163
1171475646502957056
1171475539661471746
1171475290406547457
1171474474257903618
1171474211635810306
1171473996853854208
1171472503484534786
1171453589622906880
1171449636894072832
1171432779013210114
1171382847090962432
1171381999984140288
1171378746806472707
1171377947934113795
1171376841443164161
1171362736388919296
1171359538039197696
1171358760440410112
1171355004734754817
1171353322512683008
1171349110399668224
1171347343175757825
1171322777414131712
1171316821405917184
1171176600127311875
1171166071891660807
1171164542929448960
1171161381053378562
1171138206617735170
1171124937735725056
1171120538397421569
1171120335216926725
1171118263172046848
1171115674057486337
1171078092275798017
1170802254175227905
1170754312257118210
1170708067291467777
1170674465107259397
1170653247524233216
1170651206949244928
1170636472602517504
1170626072553168896
1170618966961786880
1170602035361853440
1170602017716428800
1170598439006146560
1170422802954039299
1170418009715990529
1170416405768019973
1170413612990717953
1170412861518221312
1170409090243334146
1170400635059081218
1170338880463261701
1170128790825119745
1170128198505586688
1170053720907886592
1170053005103775746
1170050591562915840
1169733865486934017
1169689937744158720
1169654184263802881
1169355713682006019
1169333225262632960
1169313516014264321
1169312990165962753
1169048862994120705
1168987953877716992
1168945086853537794
1168943360519868416
1168901162650808322
1168797006225117184
1168727184258809858
1168719177332514816
1168715889094647808
1168714578844442624
1168602509964959746
1168587199656411137
1168581104334454785
1168580983853133824
1168579292969734145
1168578291751632896
1168577697418829825
1168575648442593281
1168566695767826433
1168563089152909313
1168563028847157248
1168550460925644800
1168409882573361153
1168237760727199746
1168235846253842433
1168228405462126592
1168225798098227200
1168220398691000323
1168220022898077698
1168218666002989058
1168203419309547520
1168198010578362368
1168187899218714624
1168174247577038851
1168174034099552257
1168159339363872771
1168158173343223811
1168156624197996545
1168148806636101634
1168122088630161408
1168121907033649153
1168079519674183680
1168013403958300675
1167879271710216193
1167833308761395201
1167832602839007232
1167826211227217920
1167824886162702336
1167822631485288448
1167531125859848194
1167513301263278081
1167509562074783744
1167506001479852032
1167500181853626369
1167466069025538048
1167400018057338882
1167399580528447489
1167349030256545792
1167324834604273664
1167324406143569922
1167264722917437441
1167167456252747782
1167165570661388288
1167144267325853697
1167137200313720833
1167088926265356288
1166997086795120640
1166950455123042304
1166787279614021633
1166785682485985282
1166784165276278785
1166780656711544832
1166776359068340225
1166758469065687043
1166662452580429824
1166644682354515969
1166441834224214016
1166441573204336640
1166392895550689280
1166371933438521347
1166340328330280960
1166111721888657415
1166109492360155137
1166107347200217089
1166086067965124616
1166083978060881920
1166083787970764800
1165895740633309184
1165696117708906496
1165691618202198024
1165654263458086918
1165374517587382274
1165373065892696065
1165360654598967301
1165335962743951360
1164921209575940096
1164832750483849217
1164777761518415872
1164668462603669504
1164514406790811648
1164446094736142336
1164185573541781504
1163850621272973313
1163540952788742144
1163538509837295617
1163532169945460737
1163520056246095872
1163518643638083586
1163515549558681606
1163514318467620869
1163514093539594244
1163476999911936000
1163192438292459520
1163192291756040192
1163192275620511744
1163191103778119690
1163152496694628352
1163101517660020736
1161397290432684032
1161242834743304192
1161242776945811458
1161177176034697216
1161160778587750400
1161017094340784128
1161008226969800706
1160857477635870726
1160854984449302534
1160812353694380032
1160777074883420161
1160775262008696832
1160765266617409537
1160756528120549381
1160752299561693184
1160752264262377474
1160660107061071872
1160658286364057600
1160650209510252544
1160643236043591682
1160642967381643264
1160639842373591040
1160635663764602881
1160634087184523265
1160630131188281345
1160629778703106048
1160628308096237573
1160628173094162435
1160610817487904768
1160601801747509249
1160597944204222464
1160539828200624128
1160538024985399302
1160538006731853828
1160536777620414464
1160535793653485569
1160534487006138368
1160534052425883648
1160532201605349376
1160296589170229248
1160294234961907714
1160292003550248962
1160288472156033026
1160265628227387392
1160195354572275713
1159941075827605506
1159864271297290242
1159811597516378112
1159808646810951680
1159657105013563398
1159656416250138625
1159568009083666432
1159562030560555019
1159560294458384384
1159559198906159105
1159557971095015425
1159556742482661376
1159555591888674816
1159553089441021952
1159547805536587777
1159537501683499013
1159530938600173570
1159528172184100871
1159514536581500928
1159445587730870272
1159320333314400257
1159318541910364162
1159318294375129088
1159317326447173633
1159313861448744960
1159313136811499522
1159312016202510337
1159308282961391616
1159234067159629824
1159188210557313032
1159180658222227458
1159178917317619719
1159178406820532224
1159000351716102144
1158999863020916736
1158995020847992832
1158992622066835456
1158992567612182528
1158986961522216960
1158857425744793601
1158849727024287744
1158849641368248320
1158848658131103749
1158845857548181506
1158840243501621251
1158719352482541568
1158647179034185728
1158646555542478848
1158638022499479553
1158636930722074624
1158489332140990464
1158486622519869442
1158483486082252801
1158482970174509056
1158476074596151297
1158452741628448768
1158447113061244929
1158445757978021889
1158438606085730305
1158421179163697154
1158418032693321728
1158355917202698240
1158262406264623104
1158143506759770119
1158134681168162817
1158133719376572417
1158132387873771521
1158131407874641922
1158122469498204160
1158120626739122177
1158073387228520448
1158073031253798915
1158072682157629441
1158069497372250113
1158064487351627777
1158063714043617281
1158048959648190464
1158046025057259520
1158028398654107649
1158022878270545925
1158022777720463360
1158010423402205184
1158000460311257088
1157951073044389888
1157947909985460224
1157940626459168769
1157757169493823493
1157751143952539649
1157726578966716417
1157724526249238531
1157724436499501057
1157586410989346816
1157556301339287552
1157554873161920512
1157550197985173504
1157421462699032582
1157396116977135617
1157393489996525568
1157392810619867136
1157388096947859457
1157380683247083521
1157375910007517185
1157375599662510080
1157374923263885318
1157374204540522508
1157371672502112256
1157362860479172608
1157197736883773441
1157196945959608320
1157057809386807296
1157042142268874779
1157040343893848065
1157030126670024704
1157016513947275266
1157014756580122625
1157014073529249793
1157013730187784197
1157012297405095942
1157007925979877377
1157006256713928706
1157001630501539840
1156980654946623488
1156974943608946688
1156956822630273024
1156956079038914561
1156819888842956801
1156679746429886465
1156678192427671552
1156614377325416449
1156602657748004870
1156589916471615489
1156588800958746624
1156584884531601409
1156519328013008896
1156484350843789313
1156321998005579776
1156275980543102977
1156275935102099458
1156271612418768896
1156270576757071873
1156270441012649984
1156256255696089088
1156253693693636613
1156174493754318848
1156174460480888833
1156125476089421824
1156123905632931840
1156122400469278721
1156120572595757056
1156119715753988098
1156086531834220545
1156080131540160512
1155958254410715136
1155956689595596802
1155947729618522112
1155947114251206656
1155945809524875265
1155933371622498304
1155923592246366209
1155923274448146432
1155922552373620736
1155899151453962241
1155896839373242368
1155888821655035906
1155884667184267274
1155861099847307264
1155861058399199237
1155858928355434496
1155855893453529090
1155853827796549633
1155852685322727429
1155850895462191107
1155850547188162560
1155849578920513536
1155846467560628224
1155836793692020736
1155831233437470720
1155828878780354562
1155828538248978432
1155828372938919938
1155818250976026624
1155816993624399873
1155814480426819586
1155805285983903744
1155804588978704384
1155801109107224576
1155793488908341249
1155788773508206594
1155760019469680641
1155759890801074176
1155755092391485440
1155754077042683906
1155752318551416832
1155739792128258048
1155739705780125697
1155739154950623232
1155737693994795008
1155736691593940993
1155722601995673600
1155717250101514240
1155597168092340227
1155594900009836544
1155582205525209088
1155581740880203776
1155581683686621185
1155581227782541312
1155580490478424070
1155546560429735936
1155527211325231104
1155525522249662466
1155499919282716676
1155454309372440578
1155444349322301440
1155441325879246854
1155375114277588992
1155236925822910465
1155214401034760193
1155206869599830016
1155132689101537280
1154988994557546501
1154871346247155715
1154850166417108998
1154849843430535169
1154845723294347266
1154841289596309505
1154840110166347777
1154832764623097856
1154818126175002631
1154817941055188992
1154817478251466753
1154799363127947264
1154794353451311115
1154527180744871936
1154526688371515392
1154503222469386240
1154499948269883392
1154497678140563457
1154496582244433920
1154494676906520578
1154492892548935680
1154490130486321152
1154488710018162690
1154464981699706880
1154464043727372288
1154461719126659072
1154437846641577985
1154437760108892160
1154370899983982597
1154278098399059968
1154164609588301825
1154157443229859840
1154154850684477440
1154152367169986560
1154075457274490880
1154075414970667010
1154057963797135361
1154057510946562049
1154056554410389506
1154056376810954752
1154056272217550850
1154055614588264449
1154052378703695873
1154050661937340416
1154033687526137857
1153754356380028930
1153754301896044546
1153739034977587200
1153736452817264640
1153636896553259010
1153617877632802818
1153563929156698113
1153420152995799040
1153415063430225920
1153413079692193797
1153409998074077184
1153409200267104257
1153408099883069441
1153405867607363586
1153404815336194050
1153404449739759616
1153377692521246722
1153374787621785600
1153352562625699845
1153237129843159041
1153063662376161280
1152967711108075521
1152960968047112193
1152948403304841216
1152948330961494016
1152926739796041728
1152923030529748995
1152912802845286401
1152912673878749184
1152907082879967232
1152848227915509761
1152847444822188032
1152705587278467073
1152703174156926976
1152700853578547202
1152699578199740428
1152671170841534464
1152586315306807296
1152583144605986816
1152582339886759937
1152547844257124352
1152491868854411265
1152491168430809088
1152462090004828162
1152322674720460800
1152321152016113665
1152316783518527489
1152311613480931331
1152311564646723584
1152274166952988678
1152271575481298946
1152128657680453632
1152109390859767808
1152050717441634304
1152049053401792512
1152043202939117568
1151960725440618504
1151945441283596288
1151942678118092805
1151939443521130497
1151936828938866693
1151936767957831686
1151931963143589888
1151929406396477442
1151915521161519104
1151914976333979648
1151914647739654144
1151882910003322881
1151882370900996098
1151875578108239872
1151874846177026048
1151842583531982848
1151840548984111104
1151840222923173888
1151840005188411393
1151831122529177601
1151821081696755712
1151820839547002880
1151798996488400897
1151761983831707648
1151743473927766019
1151741434371948544
1151740149602013184
1151617101033066496
1151615919287930880
1151603589695062016
1151602493958295552
1151601960262524928
1151600810649968640
1151595834577969152
1151595762532388869
1151589641788821504
1151567552943939584
1151515623224221698
1151514812788158465
1151509603047419904
1151508969057411072
1151481641979785218
1151266562109820929
1151266043370921984
1151213572099321858
1151180136416448513
1151162451683139584
1151154811779375104
1151049125762412544
1150969902968320000
1150882536891015168
1150857119165493248
1150854982385774593
1150853423069351936
1150680812674846720
1150508354051149825
1150503668099223558
1150491960077168646
1150484678962532358
1150479877533052928
1150476326723346435
1150461934787055616
1150458742712016896
1150452681506512897
1150418759720558594
1150392516778373122
1150391611186208768
1150391415849066499
1150366080587767808
1150364788532436992
1150364046081822720
1150358542785949696
1150355585105321984
1150354290965471235
1150350108443197440
1150344511387836416
1150339668531142656
1150339543515750401
1150338540355670016
1150337852594634755
1150189026680496128
1150148006659973120
1150138553973837824
1150138414928449540
1150137095664652288
1150136235870101504
1150136097533505536
1150129056136028161
1150058942271283200
1150022494604136448
1150015732043960320
1150009260882968576
1150009073930264576
1150005305385857025
1150004852929507328
1149995074467635200
1149994994993893378
1149942895081918464
1149923197384630273
1149785027217170432
1149784318195175424
1149579600621527041
1149412133584691200
1149342502077337601
1149329682229268480
1149328263963205632
1149328059583094785
1149040160086069253
1149038656180621312
1149028242642395142
1148973528689061888
1148960486144270336
1148959886165925888
1148938556108398592
1148898487943225345
1148863390674227200
1148852638886141952
1148707077772255237
1148703579731050496
1148582640989216770
1148582454833426432
1148310874706337797
1148301220894916608
1148240219180871680
1147977260647047170
1147968993405415425
1147968439690113024
1147967308536717315
1147912696769187840
1147911872546529280
1147860264773148674
1147791059621175296
1147791014284972032
1147785507113492481
1147643684164444160
1147636131795746816
1147601233156423681
1147600619039088640
1147250235988725762
1147079560997089280
1147049664946085888
1147048585441292293
1146896765079236608
1146893779414278154
1146818147623886849
1146817960134291457
1146756417803685889
1146755476203479041
1146503709733601282
1146485313679908865
1146154318590095360
1146081640508198912
1146081509629149185
1146079707978489856
1145816947495448576
1145816364264972289
1145812357836398595
1145797201089761281
1145796376133079046
1145769814704754689
1145769652955615232
1145768557655068678
1145752010555371525
1145720702865158145
1145720417526697986
1145712254463201280
1145685879987593218
1145420350081110017
1145410504392941568
1145409249838850055
1145408192630988800
1145387805826322432
1145379537682915329
1145371591167086592
1145357299340460032
1145356119575060482
1145354425810243585
1145344446399242241
1145069987092189184
1145031386274963457
1145013406455468033
1145013027789582336
1145011350055399424
1145010744070721537
1145010604937273345
1145010379262713856
1145009759172644869
1145008830461423617
1145000729817550849
1144998244327526401
1144997657687072770
1144993086176714752
1144990957546463234
1144988993278369792
1144988536761966597
1144980134409179138
1144970304395128832
1144966755586121729
1144964529039826945
1144963476181458952
1144963279162400769
1144962958688231424
1144962466109165568
1144953549299900416
1144943466373439488
1144943283224940545
1144929336790835200
1144875151651155969
1144643026704371713
1144632855538163717
1144315174691753984
1144313182565097473
1144309478885601286
1144154215654350848
1144127028129611781
1144120351141613568
1144110649519366144
1143978816848703488
1143973232715927552
1143972804213260294
1143957990892085249
1143955105831706626
1143954862083923969
1143953585115455488
1143950228741079040
1143947907550392321
1143946821129199616
1143921371912777735
1143918434369134593
1143913622491533312
1143907497377501184
1143875092885266432
1143758236279083008
1143398961455255553
1143348317058928640
1143268393656737794
1143267898422714371
1143259924828491777
1143258549231001600
1143252391669719043
1143243186204303361
1143232772020023303
1143228904250970114
1143226982869741574
1143226620888702978
1143225811492835329
1143224860740636673
1143223542508482560
1143222071528513536
1143050405804462080
1142839793623162880
1142835517261778946
1142807064693137408
1142799674904109059
1142794092847538177
1142779557176664065
1142777249940348928
1142513782423478273
1142511774845079553
1142511340298350599
1142483661398446080
1142423717269659649
1142155586257248258
1142139272675377153
1142096486047637504
1141964276497887232
1141960343335374848
1141742319101759489
1141599457143939073
1141449108802211840
1141435770047291392
1141410108741771264
1141409152612425728
1141407457345978368
1141373931489812482
1141365770577948673
1141318620489891840
1140926943459729410
1140797726256521216
1140730973153366016
1140706463792467968
1140701509321220096
1140699457669009408
1140655506991828992
1140494976431939585
1140493208922787843
1140488895781572608
1140387978528903168
1140387889446051840
1140382761217331201
1140382490017878017
1140379792312864773
1140376174499180545
1140371096442720257
1140357726247313414
1140321869180092418
1140290420632670208
1140290275585286145
1140239277890187264
1140239024667467778
1140238752046075904
1140223488957059072
1140222659088801793
1140220692522254336
1140209458435567617
1140197080390078465
1140189129059291136
1140188722639581185
1140177432877719552
1139291996852563968
1139286830799605760
1139251006863224849
1139112952764796928
1139095026657583105
1139092918768164865
1139092334195466241
1139092254440792065
1139079381014462464
1138927852588396544
1138926087113707521
1138925928732667911
1138897393548767232
1138826933146402816
1138819981473394688
1138819467025235970
1138793401091088385
1138542556252377094
1138526767180853248
1138525332670226433
1138525305738600449
1138427876238385153
1138404780240449537
1138204034085597184
1138203775557152768
1138185964143161345
1138174289344118787
1138166843921895425
1138125338393960448
1138075285180551168
1138062774771310594
1137847344244908032
1137830929492324352
1137806090446544901
1137802548742643712
1137802314625032192
1137793985043423244
1137695525837398021
1137466856128811009
1137356335715094528
1137185955071299584
1137158970756476928
1137156888045522951
1137147425980866561
1137129698855653376
1137125144198037505
1137060689254780929
1137055461432279040
1137049281913864192
1137031391944814597
1137009040565919747
1136971413422825472
1136941608186843141
1136773140984541184
1136743578892476432
1136617256358744067
1136600841299943425
1136585241815109632
1136569380882538496
1136457167521878016
1136457079366082560
1136158575598931969
1136097567136264192
1136046501006839808
1135887113461874688
1135871300541530118
1135855179474112512
1135855022758141953
1135847036220321792
1135740568120827905
1135739110335930369
1135731147810283521
1135702986292944930
1135688241582084098
1135685254709219328
1135660775941509121
1135615092018622465
1135601700373499904
1135601059836178432
1135352435185266688
1135348490433904640
1135343338083758081
1135341292773421056
1135292741825499137
1135287245341102087
1135285140404482048
1135093611224293377
1134974966896701446
1134914558294974465
1134914075979390976
1134844008864407552
1134843900328390658
1134843745206177792
1134834793504542721
1134788340677562369
1134615887942754304
1134615517271121920
1134495074266570753
1134494984579833857
1134441212151259136
1134311007197716481
1134240262174195714
1134238962330066945
1134075405550444549
1133889749104635911
1133852952093970438
1133844584457539584
1133610644207484928
1133486807881068544
1133468294286106624
1133453779762929670
1133401167826948096
1133157365749047299
1133115680268718081
1133027817875230720
1132987583221391360
1132916418280861696
1132784043941072896
1132730595216371713
1132683946104381440
1132612712138203136
1132612666487443456
1132341518054887424
1132267166651375616
1132216169996406785
1132053892987072525
1132029221491097601
1132027459560456197
1132022320695062529
1131880817381269504
1131879070357233664
1131878071106187264
1131821889712787457
1131817861306044417
1131709519308869633
1131708317770948608
1131683349729353728
1131655026970157056
1131628779267350528
1131617881211494401
1131541715662311424
1131534889436745729
1131458305329647621
1131450360030216192
1131321726346960902
1131244845220139008
1131234669146587136
1131233655416860674
1131232006526951424
1131193119750463489
1131192911092166662
1131192848412553216
1131192804934340609
1131192688383070213
1131157745435066368
1131156581339602944
1131141471078428672
1131139270658396160
1131130633789616130
1131127345052553216
1131123717550088192
1130965132543254529
1130810798396329985
1130738397411270656
1130718401742217216
1130541617331548160
1130259627390722049
1130238549549375493
1130091018991427585
1129910376471117824
1129908310952620032
1129900681454923778
1129703647502307328
1129535326056267776
1129525541042888704
1129337576446464001
1129296893455028224
1129296186794565632
1129282948493172736
1129280627734458368
1129178015294984192
1129177718761971712
1129176361745211392
1129168904566317057
1129148195500679168
1129145660513619968
1129138833788952577
1129138626867138561
1129104726946197504
1129085215970926593
1128936086833643522
1128891387242516481
1128816751897120768
1128813031838945280
1128811834126012416
1128751353575215107
1128749965675831296
1128702348287602688
1128686484649861120
1128686235936014336
1128526311381663744
1128526255442333696
1128412159338270720
1128411661315059712
1128411617534849025
1128395908591378443
1128375211588349952
1128091274052030465
1128044873649664001
1128034705033629698
1128029246432083968
1128026094421118977
1128026059201499137
1127718526213664776
1127695228192854017
1127687773530546181
1127666271150067712
1127658886847242241
1127526492651573250
1127492259421859840
1127488753893818368
1127360681748193280
1127355511995805697
1127352647953129473
1126992811033808896
1126899709556207617
1126898078022287361
1126897860757336065
1126888525423685632
1126780042242088961
1126247125392744449
1125917965529112576
1125917491971149825
1125915976158072833
1125866973693403136
1125858433201315842
1125857894539440134
1125809996128817154
1125549845274660864
1125487347691339778
1125480117021683714
1125479829309198342
1125448522634027010
1125411619436101632
1125115333193412608
1125113499909275648
1125113436004847616
1124942573221687296
1124414753244364801
1124414702250074114
1124242156623994881
1124213588292403200
1124066222419656704
1124015103215534082
1123682911142719489
1123534272558768129
1123369026858684416
1123361138660581376
1123355150184325126
1123353682702213120
1123347473630683136
1123239130668896256
1123190821086429187
1123190811267616768
1123127105439633408
1123065105078472704
1122892306397433856
1122890073308127232
1122600183748026375
1122598866388492291
1122556471290597378
1122428944446308357
1122086687067262976
1122077407547133953
1121852007994863618
1121433516607143936
1121368091668168705
1121157015622049793
1121020362974736385
1121019565683675136
1120792006505181186
1120788022952431621
1120784967250993160
1120781094469668865
1120781002153058304
1120780092261720065
1120772870702022666
1120771554793656322
1120769845245747201
1120768897949556738
1120644368195567616
1120634898409295874
1120444549887877121
1120422514822402049
1119590393765597185
1119561027321044998
1119556093942882304
1119365291144810496
1119306557785890817
1119232570728775680
1119175790263001088
1119151183598276609
1119121856085155840
1119121701013348353
1118968656132808704
1118965033319452672
1118963864597598208
1118963470479831042
1118962624513871872
1118913304452378624
1118907242688983040
1118607507398721543
1118595397998514179
1118585792602038272
1118577273911808002
1118577054558183425
1118426867072208896
1118407661970690049
1118406803996516352
1118406446973108224
1118313627407278080
1118310679663058944
1118309532797685760
1118078128126087168
1118051974900006913
1117906783215869952
1117896184822059008
1117840698592702470
1117747869950382080
1117733402915037184
1117527917066637315
1117527626514616325
1117522541315276801
1117522450034700289
1117518856367616006
1117384431562633216
1117379531021725696
1117209444964761605
1117196672029872128
1117196028556525568
1117194968735649792
1117184654572961792
1117183211199660034
1116764377611419648
1116499140920389634
1116355470212648960
1116096380127383552
1116096120911007744
1115959582868869121
1115730044914159616
1115370134615535616
1115361452301406212
1115357609626873857
1115026847874654208
1114803415236907008
1114651131517526017
1114646416390000647
1114637536905826305
1114608311096303616
1114604533844516866
1114572514913587206
1114447951223455744
1114443576027512832
1114426724731764736
1114069375269703682
1113926402821316612
1113919013686521861
1113909604822470656
1113891325013893120
1113890649261182976
1113868963912540161
1113859762607804418
1113831011970895877
1113721145797292032
1113565925767286784
1113565858226495489
1113554200301047809
1113539714575994882
1113539037271343109
1113537110752071681
1113522729750278146
1113128374250205184
1113083158671626241
1113040187859394560
1112693552142827520
1112692309752193026
1112607641547751425
1112602436810797059
1112327810260062208
1112319294032039936
1112300623305818112
1112283785528266752
1112135827897966594
1111961029578293251
1111741627582824449
1111732203950620673
1111731914078121990
1111724049686818816
1111724032087470087
1111721296826634241
1111691903089737730
1111352407856955393
1111000565893554178
1110999138060169218
1110979621099573248
1110975993395793920
1110926829194543106
1110683571780575232
1110620883541000192
1110269967306502151
1110266487305064450
1110265417627590656
1110242315535347712
1110198571062738944
1109945683992367104
1109938293049823233
1109917522000789504
1109917431080931329
1109910464220332032
1109903164239683584
1109852153156374528
1109846406511165440
1109833607286272005
1109721687665319936
1109674912577404928
1109672857628491776
1109530452367425536
1109508901664419845
1109505083065225216
1108897352448987136
1108793434813267968
1108793349606117378
1108789765648932864
1108781776820932613
1108306090700259328
1108258822748033024
1108020460917121024
1108019945714008069
1107994480437874688
1107947337912066048
1107909914561781760
1107909427766718464
1107906633269694464
1107536200766771200
1107526068569866240
1107380134779207682
1107198634888757248
1107037859310174209
1107037567009079297
1106980662073016320
1106899918478893060
1106877561651511296
1106769751907409920
1106681010731786242
1106674132752699398
1106673468194598913
1106663700281348096
1106663408655626242
1106646076612923392
1106590655818752001
1106564022000930816
1106494002189271041
1106493668242931712
1106323970712846336
1106298619005751297
1105954229594869760
1105952617354678274
1105950939071033346
1105948420437610496
1105932307070967810
1105931760897089536
1105931612234149891
1105929797283315712
1105922231023161344
1105905629280043015
1105871157868281858
1105791583100850178
1105218215163191297
1105217168310964224
1105200806029115393
1105198901123076102
1105197449835175936
1104982088812498945
1104979812995788800
1104829054862221313
1104826594756100096
1104802555568291841
1104802311816265728
1104801692598575104
1104801296304013313
1104801106452983815
1104800564691562498
1104799805069500416
1104780581974478853
1104778758324662273
1104700974097154048
1104683736187191296
1104448661419896834
1104446983710957568
1104383538307182593
1104314030041296896
1104313201943080960
1104305604733091840
1104300448251564032
1104296772816568321
1104124612781195265
1104078479585349633
1104077386667171840
1104077049562578944
1104073710678536192
1104029767605673984
1103996343398420485
1103989830227234816
1103977389628055552
1103768990701285376
1103745006773379073
1103737208924786688
1103724727221342208
1103715437014122497
1103698120574152705
1103692042176249857
1103687827735363584
1103687818096857088
1103687808831631360
1103687769128357888
1103583897693184002
1103404048257089536
1103403708879171585
1103396343610044427
1103394450984890374
1103384654445453312
1103354934098046977
1103352578690240513
1103267607996706816
1103022864763101185
1103022843439341569
1103014298161463298
1102968815426723840
1102946132571893760
1102921979445813248
1102920340802625536
1102683606084931585
1102682997239808001
1102681807361851393
1102679714316120080
1102674520324874241
1102672018246373377
1102625261961576449
1102602657112309762
1102594536885362689
1102593724243169280
1102590622991495169
1102533094941298689
1102532700961943552
1102417328048885760
1102319883180826627
1102315684942483458
1102315089334554625
1102313051691405313
1102311872546701318
1102307599704305670
1102301521373511680
1102299448179388417
1102295258480689162
1102282074449428480
1102281382901043200
1102279321295773698
1102192469410750471
1102173244940001282
1102115832031784961
1101955452177391618
1101932587826712582
1101932366954680327
1101928031269068801
1101927535963717632
1101801950520242177
1101793710331842562
1101758912422920192
1101741809770876930
1101734274691158016
1101592266668474368
1101584372317253634
1101562519515217920
1101457825463787521
1101446502285787137
1101443784196456448
1101436848671465474
1101128404613648385
1101035366646202368
1101035234513035266
1101000920412884993
1100851750142164992
1100850949449498624
1100848077580222464
1100847028396019715
1100839837211463683
1100836707879059457
1100835500473176066
1100833505104314370
1100772218726989824
1100772026355253249
1100763435091009537
1100746280396038147
1100734942332502017
1100703235642478594
1100698435710259200
1100697279135141888
1100679204167974912
1100673394973003781
1100672638681264128
1100651380145090560
1100643202724450305
1100638357124730881
1100505588440674307
1100505109698625536
1100504645397561344
1100495901376815104
1100491548523937792
1100489665721913353
1100489034281951232
1100488058837893121
1100486183338106881
1100472464256192512
1100455819605430272
1100453926430752768
1100451683421831171
1100450921241341959
1100414504674836483
1100330415427080192
1100146458475544576
1100142779278282752
1100140371458379776
1100140017970757633
1100138113446350848
1100122686381002752
1100121604045135875
1100083385127579649
1099393401248800769
1099290365402722304
1099068695995994112
1098936221143834624
1098701224549990400
1098700164993335296
1098691631128170497
1098635994692308992
1098340750591442946
1098268843842125824
1098165671005949952
1098165512750665728
1098089569759752193
1097966859738103811
1097964037307019269
1097962770375561216
1097960744010870784
1097956499798802432
1097936826571083776
1097932972467146752
1097596114113646594
1097592550569975808
1097546092303003649
1097460186275549184
1097229412263710721
1097227075033944069
1097226995044364288
1097226259837390848
1097222531994529792
1097041789431754752
1096898870490083329
1096898396307238913
1096898008292179976
1096896989646778368
1096889479896412160
1096888926495748096
1096517153849790464
1096499359099826176
1096430055776022528
1096386404307910659
1096369776081948672
1096340499642925056
1096156733586710528
1096108206068252672
1095950720573030403
1095933851090776065
1095792162476867584
1095790554963734529
1095780131052929029
1095779252904095745
1095778884665176064
1095581835621552128
1095581447933624320
1095241452072910848
1095241177396273153
1094636939175702539
1094518101117452288
1094364625653694464
1094349665078820866
1094156531237556225
1094155790150258688
1094152391337881600
1094139932426362880
1094139733834432513
1093597958279450624
1093564786355458048
1093553676550131718
1093259268252413952
1093254431423062016
1093254336115814400
1093220492360597505
1093209085334425601
1093182652386082816
1093128138798891009
1092898811213697024
1092802823912337408
1092700540432207873
1092696739474223105
1092694889786195969
1092530507773104128
1092499354311626753
1092499200112320514
1092499182475198466
1092499024484147200
1092498899368058880
1092490676510617600
1092489711342505985
1092482663649292288
1092480072806731777
1092475348216885248
1092473688207839233
1092446852518162434
1092318761825243136
1092293562954383360
1092172991021137921
1092168733613846528
1092164626878550017
1092152157481168897
1092147033052467201
1092144094078533632
1092133837541380097
1092133405402238977
1092099621558595585
1092091392183148544
1092091252412174346
1092086252134977537
1092050998405795840
1092029272603222016
1092025344968847360
1092002491263344641
1091783274610020352
1091771688767889408
1091769674344419334
1091764682128584704
1091753508909535232
1091742787014397952
1091742008102801408
1091739006256250886
1091640377940082693
1091638930716401665
1091636912044036097
1091634869388697600
1091634759720206336
1091624420349825029
1091575185117982720
