1060395465773121537
1060390113535029248
1060384261432320000
1060307302157352960
1060235044806123521
1060234932327464962
1060229027452071937
1060228059494862851
1060201338578046976
1060194005789618177
1060189066673770496
1060186439340773379
1060159313560457217
1059979848813289476
1059936107213791237
1059935633362337793
1059925712881246210
1059918410845470720
1059916463090384899
1059915695717343232
1059914332455292928
1059913736914386950
1059907292852899840
1059906579829534722
1059905846463905798
1059879554616119298
1059665753299996672
1059664725984903168
1059663736913514497
1059663118194884608
1059661848361033728
1059658535095676928
1059657843392028672
1059656665409249281
1059656308528504832
1059644330082734080
1059614089352224768
1059602850601410562
1059601357013950464
1059600782360764416
1059600173456867328
1059590459402674177
1059556501973598209
1059489980727377922
1059489616552755200
1059477803115184128
1059468743691116544
1059423430192361472
1059417881954471936
1059417127235522561
1059416412828168192
1059280979330768897
1059262772616327168
1059261331403141120
1059260262480519169
1059259977104322561
1059259183596519424
1059258338171609088
1059083544327262208
1059060346760151040
1059057403134652418
1059055033453604865
1058924999099236354
1058856481066491904
1058855311933628416
1058832246302564352
1058831793166733313
1058794007025852416
1058793218203140099
1058779496118210565
1058779251187597314
1058767803979874304
1058764683224760320
1058751865079390211
1058750575368695809
1058732393346023424
1058732045260808193
1058731963585126400
1058724650669273088
1058722343583932416
1058722247182086147
1058710661608472576
1058709185876111362
1058707866788524032
1058704405984354309
1058702659354529798
1058699700734476293
1058550553272336387
1058471505431007234
1058440103469690881
1058429656490262534
1058428253772439552
1058415694495313920
1058415509534846976
1058411112599875584
1058407487555166208
1058404184712732673
1058402267685154817
1058399818723270656
1058399399066419200
1058371688801464320
1058206778394112000
1058199783486050304
1058099476445966338
1058097983802302464
1058077107568418817
1058076427298451456
1058074285892399105
1058061859406966784
1058060072394342402
1058057172112809985
1058054282216464389
1058053631038107648
1058045145105477637
1058041618140413953
1058035057301114881
1058033390149140480
1058030726946406400
1057982986073882632
1057968424498933766
1057967361662300160
1057819029417746433
1057804894667710464
1057803205667622913
1057795673880444928
1057793886792413185
1057793612774342656
1057744613165936640
1057710090961199104
1057705025902993415
1057704740556021762
1057703480742293505
1057702371508346880
1057701439424921600
1057700961211293696
1057700758739673088
1057683088694747141
1057672913267113985
1057672156417548289
1057667960872095744
1057667663395258369
1057657363648430081
1057639945635065856
1057639269450375168
1057637352170897411
1057621872718893058
1057619785343733766
1057593335513268224
1057591598526144512
1057587371611320321
1057468071726776320
1057457473030942720
1057456055108755456
1057454458077134848
1057454182586900480
1057452142955511808
1057451952274112512
1057451526719975425
1057450868558192640
1057449358382297094
1057437605787324421
1057433538159624194
1057426767454068737
1057425377092624384
1057406156543614976
1057405928805449730
1057346348327071749
1057340116702769157
1057339216928141312
1057337987170734080
1057335527467376642
1057334495148417025
1057306422487191553
1057305973386289152
1057303923306958848
1057293299390779392
1057289580037185536
1057288365656154112
1057283336996089857
1057283094594633733
1057282923341189121
1057281630551838721
1057280160897089536
1057280002448936960
1057279277090119680
1057267264855121920
1057135227993292802
1057119294344097792
1057118429730271237
1057113417968951298
1057112810285645829
1057112310899183616
1057111646617944064
1057111126473916421
1057109334134611968
1057109182271442944
1057108391334690818
1057107860679782400
1057106541579517952
1057105919417442304
1057104289171152896
1057103844960858112
1057102763912499201
1057101953791115266
1057100868296810496
1057095738746961920
1057092254165356544
1057091340754923522
1057090201489731584
1057088907437842433
1057087456368037888
1057070017244790784
1057069691628371968
1057066508977868800
1057064400383852545
1057063327401164802
1057062621034233856
1057042135986380806
1057026628109418496
1057025014132887553
1056980162242404352
1056932152057716736
1056931905860526080
1056930316747718656
1056929301638144001
1056927545042583552
1056910918913802240
1056910255030976516
1056909524160929794
1056758748297998336
1056727812412002304
1056726213266472965
1056716710856847360
1056705274474651648
1056693232636170240
1056688859948429317
1056688544171941888
1056686267415621633
1056651891558506497
1056597772923793408
1056589164781731841
1056498894761287686
1056494758430998534
1056387993689341952
1056384287514284038
1056379251455344640
1056376913252499456
1056288891324514309
1056283532652371968
1056282427612676096
1056282397812113408
1056280227582746627
1056279980701814784
1056279555965702146
1056279301044219905
1056251756563304450
1056251599469854721
1056250752681852928
1056249853867626497
1056248924355391488
1056230826810228736
1056193818935128066
1056193734365323266
1056193357385555969
1056192130048315393
1056186966658727936
1056186793492729858
1056173950315782144
1056173553249406977
1056173464032305152
1056173406197035008
1056173219596636162
1056173155184713728
1056172129740341249
1056170413120765952
1056164506479591424
1056163777450835968
1056162745987543040
1056162595235905536
1056161885819678720
1056161716734693376
1056161307093884928
1056160971872522242
1056156841514860544
1056155652148641792
1056155612403429376
1056155381075005440
1056155316084183042
1056155152644820994
1056154904862056449
1056154828320194560
1056154435804688384
1056154074339594240
1056154026117599234
1056152003267780608
1056151429780520960
1056149179691663361
1056022620397846529
1056021740327976960
1056021236877312000
1056021120204369921
1056017974400872448
1056017175473991680
1056016512476155904
1056016007771443201
1056014812923215873
1056014725866250240
1056014560761692162
1056013802964164608
1056013782571474946
1056007662276669440
1055999395882303488
1055999362441117701
1055998670678712320
1055998558577586176
1055998210802704384
1055997642021527552
1055969143797755904
1055968981448904705
1055965107673595904
1055965062433853440
1055964863934226432
1055963868269305856
1055963311886557185
1055959076964917248
1055959014633291778
1055956595228717056
1055885489071362050
1055882728820953089
1055882693689442304
1055881955022159872
1055880261685202944
1055880236066373633
1055868590686171136
1055868499464196096
1055868160040189954
1055866818097831937
1055866459358969858
1055866124544434176
1055864436299325440
1055864049815166978
1055862753179643905
1055862314166030336
1055861656352382976
1055861306769707008
1055860642643697665
1055859381173174272
1055835014213091329
1055828946502205441
1055828475901284353
1055826392213020673
1055825789105696768
1055820930914627584
1055820174711025664
1055819712154755074
1055818931393490944
1055818397370458113
1055818223365562368
1055816846514053121
1055814880056561666
1055813717961646080
1055813326897332225
1055804160451448832
1055804124682485760
1055802251233689600
1055797893947449345
1055797207360790528
1055792961890476032
1055791928049045504
1055790863694086144
1055790318900129792
1055790204571865088
1055790011902246912
1055789742724386816
1055789451732025345
1055788060582072322
1055787841945505792
1055783011533365249
1055782378872995840
1055782238493777921
1055782114732490752
1055781523759288321
1055781162700955653
1055637050945355777
1055636755326664704
1055636273136889856
1055636146447941633
1055636113833029633
1055635625955737601
1055635318685208576
1055634252157673472
1055623363828334594
1055622895148376065
1055622357186953216
1055621807934443522
1055621458846736385
1055620932264493057
1055620477912313858
1055620238685941762
1055620124957380609
1055619513855733760
1055618510125236225
1055618479590662144
1055618192989663233
1055617995467382786
1055617904102834176
1055617558898982917
1055617401457426447
1055617358696509442
1055616628958904321
1055616276733853696
1055615877587046408
1055611454299299841
1055611084894363648
1055600034430050304
1055599632582107138
1055598292254502912
1055598017577959429
1055596286710374401
1055595628858957825
1055595175559548929
1055594680946167808
1055594577543991296
1055594332772802561
1055594275260559361
1055593589600854016
1055593551063642114
1055593534257065986
1055592378113933313
1055592341002731520
1055591121890566145
1055589490465619970
1055588518301499393
1055584699236737025
1055583489276428288
1055582944901955585
1055582646842126336
1055581577814646785
1055581065463717895
1055580762932690945
1055580454793945089
1055580002786467840
1055579365688401920
1055578437098840064
1055578136644149248
1055577864266022912
1055577743667146752
1055577684594565127
1055577611336892418
1055577392851378176
1055577356658765825
1055576571627610115
1055576095750262784
1055575647731499014
1055575592807079936
1055575062173179913
1055574589038886912
1055573944361762821
1055573355615666177
1055573332916080640
1055573043345530880
1055572775400804352
1055572240761262081
1055571507437621248
1055570970583416834
1055570439597146112
1055568948744384512
1055568605088305157
1055567713513496576
1055567490456174594
1055567234964353024
1055566988389560320
1055566304571219968
1055566047024177152
1055565784699801600
1055565162206380034
1055565001090580482
1055564832211120128
1055564666678730752
1055564269423677440
1055563457561575425
1055561690916495362
1055561002950017025
1055560723391225858
1055559067643666433
1055557342270492674
1055553950961885184
1055552151861293057
1055551853709217793
1055551416255873024
1055531209047097356
1055527406080012288
1055521005668569089
1055520594723254272
1055519229619945477
1055518816451616770
1055511563405279232
1055510083424149506
1055509885083893760
1055509774496944132
1055509297981988864
1055508272009150464
1055505951514656774
1055503460450361345
1055501981723312129
1055500839463383041
1055500823269138432
1055500465021038592
1055500291150360576
1055498980812046337
1055496556923813888
1055493412407910400
1055493207071567872
1055492360442916864
1055483596348276736
1055483117899792386
1055482783727079425
1055482354603646978
1055482325914521600
1055476093732483072
1055475714210840576
1055475660397953026
1055475586309783558
1055424848636375041
1055283926082699264
1055283064786636800
1055281784831778818
1055281383692738560
1055281351354658817
1055280122574585856
1055279303422812160
1055279228466458625
1055279016742129666
1055278960093945863
1055276464864722944
1055276176242024448
1055276090644676608
1055276046747140096
1055269342164738048
1055238504605802497
1055208270418403331
1055208226264940544
1055207376830324745
1055176605373513730
1055175977410723840
1055174197650046977
1055173656899411969
1055169277353963521
1055169133959147521
1055151554431516672
1055150580975448065
1055150386758238208
1055145036076199936
1055144510206984192
1055144165560979456
1055143100165828614
1055142938068635649
1055142485545152512
1055142231324221440
1055141286657908736
1055138574742548480
1055138545768284160
1055078648523513863
1055039115899686913
1055031806758735873
1054947804714557440
1054946184350130177
1054945749321039875
1054945479337959424
1054944950478102528
1054943932415688704
1054943808809590785
1054942996372824064
1054942347589533696
1054942162004131840
1054942031305412609
1054941621735829504
1054940858947194880
1054940553526288384
1054939515004051456
1054930166135353344
1054927515406475266
1054926548791373825
1054920221578924032
1054918845968867328
1054915166985437184
1054915055391834112
1054915007375441925
1054874533004492806
1054874240372146178
1054861979578441729
1054860772243849218
1054858584813694976
1054854273492758529
1054825511829102594
1054775794524962817
1054773965871374342
1054773147956854784
1054772236715024385
1054769946528546816
1054769863061921792
1054768285974233088
1054760586645565441
1054757912575442946
1054754931717095424
1054746802556145664
1054746735027908614
1054558325688406017
1054553849703342080
1054547169959731200
1054534548090994689
1054529225028501506
1054517195529691137
1054516653088796672
1054514299220254722
1054507670957367297
1054507295797886977
1054506649812123648
1054504771980271618
1054503584774131712
1054501533784686593
1054501234282061829
1054500897546493953
1054500198460866560
1054500112557395968
1054482034020749317
1054476308175040514
1054458487009357824
1054455500325249025
1054454705412280321
1054417650334490624
1054417563701129219
1054415520408178688
1054415310340718592
1054415151821152256
1054414850443657217
1054413491040382977
1054391405752262656
1054390061234569216
1054388169381154816
1054386899673141248
1054376492996665345
1054350568070754304
1054350346250797056
1054350282900074496
1054350161156157441
1054348445379674112
1054348326596952064
1054348290291101696
1054347371256205312
1054347299516768256
1054347082339942400
1054346298957152256
1054345491499180033
1054344892393185281
1054344576532692992
1054344157404250113
1054343099412107265
1054339897744674816
1054339668748189696
1054337309187940356
1054336991922393089
1054336951183122432
1054336883491307525
1054195113646272518
1054143819808194561
1054143331226345472
1054142809073168384
1054142595155312641
1054099213259362304
1054040491354927104
1054033833824260096
1054033042770145282
1054012576294756352
1054012475648163840
1054012411517247488
1054012338951602176
1054012199990190080
1053999793985544192
1053997206011854849
1053991153970933760
1053990566059536389
1053990458291093505
1053989939602485249
1053989594956472321
1053989037114048512
1053988946210889728
1053988249356718085
1053988183791288320
1053988086487617536
1053987959416881152
1053987361233780736
1053986765445435398
1053986409319686144
1053985964094304256
1053984353003429888
1053983321787691008
1053982171214557184
1053982040830423040
1053981857866571776
1053981736659496960
1053980234612199424
1053977158417346561
1053976426351861761
1053976331606728704
1053975782660415488
1053975379814350848
1053975353188892679
1053974617721892865
1053970644000534531
1053970439653994497
1053969786357604352
1053968812524093441
1053968803082788864
1053785455232274432
1053769449495584768
1053746901701574656
1053742735776198658
1053741975508279297
1053741889105604608
1053737469622059009
1053736637241409537
1053736492667940865
1053736212681445376
1053735980904144897
1053735805422895104
1053735679862157313
1053735485867212800
1053734164124581888
1053733805746458624
1053733162361241600
1053618246484660227
1053618215467782144
1053618055790628864
1053611328869408770
1053453484866134016
1053394258714116096
1053393894531043329
1053386834972213248
1053386701475930112
1053386616595775488
1053385639058698240
1053384030597595137
1053383925807149056
1053354747179290624
1053339994612551680
1053333924108218370
1053332573898842112
1053328027189436417
1053300343679971329
1053276023624732672
1053262148720308225
1053262012694839298
1053253091762622465
1053228194776735744
1053141048325742593
1053139808493674496
1052969591431995392
1052967921788555264
1052947486388772864
1052895963277381634
1052891937034915840
1052889512114888704
1052644941577490434
1052644050808053761
1052581369178669056
1052578210809085952
1052569023450365953
1052566280212017154
1052566147671961601
1052565077805723654
1052538483653394433
1052531911397138437
1052531888865378305
1052530439804657665
1052529262694199298
1052528148187926529
1052413391950815235
1052402557484716033
1052394364859756545
1052385329074905093
1052385112724295680
1052384716102529024
1052382334861922305
1052382186798755840
1052381114235539456
1052378992664342528
1052330100929298432
1052329898063192064
1052292025251495937
1052289614654951424
1052277389638717447
1052193625914916864
1052192655830990851
1052035926346661888
1052035860428926976
1052035605977358336
1052035372505591809
1052030811447447553
1052029014024605697
1052028745350094853
1052024742604140545
1052024657551929345
1052024496285253632
1052024239849639936
1052021710898257920
1051994811933360128
1051949526897094656
1051940122009264130
1051940062370426881
1051846668130357248
1051845786315706369
1051845710419845120
1051845613934047232
1051836868088741888
1051836487795429376
1051836290428223488
1051835501735501825
1051835365496147971
1051832947916066817
1051828052513185792
1051823453051981825
1051823305613893632
1051696280404221953
1051670790062690305
1051621584354648064
1051621560547729409
1051616702700634113
1051614964514021376
1051614950236581888
1051600182100537345
1051598494572646400
1051597189728952321
1051596839592648708
1051596802351353856
1051594084681428994
1051567549232631808
1051562331853996032
1051560428399157248
1051557903935647744
1051556002032685057
1051554454137389058
1051553924359053313
1051545277679759361
1051543662365220866
1051541207929769984
1051538854593921025
1051538582421278720
1051535469698314242
1051535117754269702
1051535091707600901
1051515612030296065
1051515461815476227
1051514324689346560
1051514046107803650
1051511733016285184
1051485896317517824
1051485013450088448
1051484426549514241
1051484099372883968
1051476590792720384
1051471320599457792
1051318114632253440
1051317808389341184
1051317721403744256
1051317454767570945
1051316774325706752
1051315792153903104
1051315674381991936
1051315272680902656
1051315102039908352
1051314550396608512
1051314391982006277
1051312931395252225
1051298216505954304
1051297138586648576
1051296674033864705
1051295521233653760
1051295151837106176
1051292627411320832
1051237873129795584
1051236286726582272
1051224243344732160
1051223153589055488
1051220793538031623
1051220758419136514
1051215036251803648
1051213182864449536
1051213061019844608
1051212550992551936
1051212025207115776
1051209948871446529
1051208887569997824
1051208420366450688
1051208210374365189
1051201634993414149
1051201324921102336
1051196954967969793
1051196194100264961
1051186954333765639
1051185249240186882
1051183796442284033
1051183521803509761
1051182529615732737
1051182423613030401
1051182272978853889
1051180120403259392
1051176708320231424
1051176388592586753
1051175821359177729
1051171285131255808
1051167381425455105
1051165741897146368
1051163125041520641
1051162421619056641
1051162393529729025
1051153627446956033
1051149815709614080
1051146636192305152
1051145038024101889
1051144385923039232
1051144354541260801
1051142834894581760
1051137401916153856
1051120671550595072
1050923295531565056
1050922287585738752
1050921987516891139
1050920738306310144
1050919851735359490
1050919614358671360
1050919582159069185
1050918408001343488
1050916948647833600
1050914820395069441
1050882935715483648
1050882832648863744
1050875042182123521
1050865858585784320
1050840207409471490
1050828013582061568
1050827123840167938
1050826688169476097
1050825892652568577
1050823990745403392
1050814895690850308
1050758656348835840
1050746149093683200
1050744638099861504
1050744013224075264
1050743379586375680
1050743257163026432
1050742725631447047
1050742216501710848
1050741296095264768
1050741176352104449
1050733815277203456
1050733561345712128
1050731445638090753
1050723700046262273
1050722354459004928
1050722286167355392
1050722065458835457
1050708528061661185
1050708414026928130
1050707662466371584
1050706718999621633
1050706615589117953
1050706494772133888
1050706367504367616
1050698544749969408
1050698432304824326
1050604930170404864
1050604793754836994
1050604640012648448
1050603813667713024
1050603246526447617
1050602049400782850
1050597376954523651
1050593980839211008
1050593918763425792
1050592960696344576
1050592241788497921
1050592218405208064
1050591608700170241
1050591541729714176
1050590950060449792
1050590799623270400
1050590185728237568
1050589898565136384
1050589645103357952
1050589355037872128
1050585462627323905
1050583096217784322
1050582226826665984
1050581410111721473
1050581158935834624
1050581038701969408
1050580474815496192
1050579030037151744
1050576152845307905
1050572401568882688
1050572375895478272
1050568479538077696
1050566151238033408
1050533453865861120
1050532482280505346
1050524082276581376
1050523719523799046
1050523504943226881
1050523367831465986
1050523064767848448
1050522464286101505
1050521827318083585
1050512276967567362
1050512237532733440
1050469357959213056
1050469212462956544
1050468933139075073
1050468397534912512
1050447091468767232
1050430815665045504
1050412493967945728
1050397148087537665
1050396616455278593
1050362664264888320
1050362648892723200
1050356077722783744
1050232051834781696
1050231491865862146
1050204198887981056
1050203955140149248
1050203726529683462
1050203436900335616
1050203258827010048
1050202878810497025
1050202575067381765
1050198272206356485
1050198247577477121
1050197089207181312
1050192518544064513
1050191305853325312
1050189565779202049
1050189267815809025
1050188345106665472
1050188301150416897
1050187889030688769
1050186290191306752
1050182509638668290
1050179619670945793
1050179222629703681
1050178195209773056
1050177302229905409
1050176749751930881
1050176179553079298
1050175882420195328
1050175766254809089
1050171104516554753
1050170898551058432
1050170513606287360
1050170025439621120
1050168405863669761
1050168317057650688
1050166775722270721
1050165046184210432
1050164935941083136
1050163275143499781
1050161959281283073
1050161850967568384
1050161656666427394
1050161363392364544
1050154413195702274
1050153128073551877
1050141528704909312
1050124716617424896
1050124473586860038
1050123465074851840
1050122465874272257
1050122145676873728
1050121903636185089
1050121167992967168
1050120261515792384
1050120105839874049
1050119418720780288
1050118620662108160
1049878419876585472
1049863838491992065
1049863707646406656
1049863660414349312
1049861398447214592
1049861218599653376
1049860462710534147
1049848200700538880
1049847967967076352
1049846990270545921
1049845005148442625
1049844963045982208
1049844390259232769
1049842632518721536
1049842554106204160
1049842186324533249
1049838962150277120
1049838286364135424
1049808459661754372
1049807681953943553
1049807458850533377
1049806868946804736
1049806191445053440
1049802705957519361
1049801351184683009
1049801035689185280
1049788053152251905
1049787082808410112
1049776966398865408
1049770863623622656
1049769378047291393
1049764002191020032
1049763734900609025
1049763603845435392
1049763073635037184
1049753968539312129
1049741825186123778
1049741698165817344
1049741676770729987
1049741099705741319
1049739012540428288
1049735487588618245
1049733135146016768
1049728636562169856
1049728291844870150
1049718586904850432
1049717299534594048
1049716185456099328
1049715489495273483
1049712882143952902
1049712427598790656
1049710820987494401
1049709659194576896
1049709337097240576
1049706917428375552
1049690427312496644
1049690315202981889
1049688504668688384
1049687762549596161
1049686100799840256
1049684340416962561
1049681836857798657
1049681369398435842
1049680459603554304
1049654153021149189
1049654093692715009
1049653946824966144
1049653674413314048
1049653348549451777
1049653175211438080
1049652557545709576
1049652172294623233
1049652124018233344
1049537288374538240
1049535760884539393
1049534583744663553
1049513576845778944
1049513244895928321
1049512961826586627
1049512895527219201
1049512620766744576
1049512477397045248
1049511946914021376
1049511769419460608
1049511196314009600
1049511087505330177
1049510537611145216
1049509696992894976
1049509308101214208
1049508129451462658
1049507847149670400
1049503432812494848
1049503326516195328
1049502544890908672
1049502502872342529
1049502128329375745
1049481445163626498
1049481390490824704
1049481368315551744
1049480742848344064
1049474239949139973
1049474161956048896
1049465552551448576
1049465233041965056
1049464920553779200
1049464842569043968
1049464765775515648
1049464695227338752
1049464591397412864
1049462434849845250
1049460881552265216
1049460383331835904
1049409484848852992
1049394795544764416
1049394688703295489
1049393524960100369
1049391310132645893
1049387247995416578
1049384711708127233
1049357416452841473
1049354751350071296
1049353305204436993
1049353229430149126
1049338836952764416
1049330561783943169
1049329597370847243
1049322198467534849
1049320658688196609
1049319960835772417
1049319895878590466
1049314673798127617
1049314399092137985
1049310839503802373
1049252381928706048
1049252076755308544
1049251914834219011
1049251814993022977
1049251700866002944
1049250570949804032
1049250000486748160
1049249612236771328
1049248502096830465
1049247832438394880
1049247719221616642
1049247491441483776
1049247411477118976
1049247293440970752
1049246277043671040
1049246165747818496
1049245949426634753
1049245689652400128
1049244541184823296
1049244003210854401
1049156473182404608
1049156176510943232
1049155993249177600
1049155888865533952
1049155788399431680
1049155659604942849
1049155579703382017
1049154184346525696
1049153886391619584
1049153765952159744
1049152147961643008
1049151650487783424
1049107770061017089
1049107342053269505
1049095180870197250
1049093780622790657
1049093422307528704
1049093203432017920
1049091881131491328
1049055990224699392
1049051098596696070
1049043948965175298
1049042853131894787
1049042593911361537
1049023240230895617
1049021964113924096
1049021568402280448
1049021131959783424
1049020902900477953
1049020836903116800
1049020402251517957
1049019726054219777
1049019700179599361
1049018496812822528
1049017886570893312
1049016994580901893
1049016963568209924
1049016589524369408
1049016402294788096
1049016182274179074
1049015590902554625
1049015405644304384
1049014950356766720
1049014931167870976
1049014024837496833
1049012567040053248
1049012358495031297
1049010985648971776
1049010246771990529
1049009027752087553
1048970165885566977
1048970030493388800
1048968420912504832
1048966088384544768
1048965074122100738
1048963187566100482
1048963061506363394
1048962755754184705
1048962260331376641
1048961675976687616
1048959998326464513
1048959470208991232
1048958322165075968
1048951674021335040
1048947402407915520
1048929912483192832
1048926467265101825
1048925479300943874
1048924772212649984
1048924638867312640
1048924258519457792
1048903208175853568
1048903037895495681
1048816648461975553
1048816580149354497
1048812785793155072
1048812156089765888
1048811773380374528
1048811129277960193
1048810792899031041
1048809912476819457
1048809377644404736
1048775416717201412
1048774611998007296
1048762604334792705
1048752516966612992
1048749482584821760
1048747667923382273
1048743943830208513
1048743881326641154
1048735096033951745
1048734394486280192
1048733425052667904
1048732675291402242
1048732409171206146
1048731060861898752
1048729460286128128
1048725225863610368
1048718149598806017
1048718008477253637
1048717219830669313
1048715903997829120
1048702175306829824
1048678594849988608
1048678516122898432
1048677383790837761
1048677270544687105
1048676332111056897
1048676007807516672
1048669336884400134
1048667826372972544
1048665492871962625
1048655758114607104
1048635126228439040
1048634792760238080
1048634323186974720
1048633290792558592
1048632432017199105
1048632249510498305
1048631068709019649
1048630682359123968
1048630292750258176
1048624944387690497
1048624122857758720
1048609029256368128
1048607466005704705
1048607172123348993
1048598469055844353
1048597619440869377
1048597489153183749
1048597296408154118
1048597184080478208
1048596937870639105
1048595892620681216
1048593658482712579
1048593257616293889
1048586024413290496
1048585222659493889
1048582424878350337
1048582355508781056
1048458698321014784
1048456864017657857
1048456669552922624
1048407486502526976
1048327076175126529
1048307195954302981
1048303809074790400
1048303669601554432
1048303442945593350
1048303214821617671
1048298517121445888
1048220376814309376
1048220278533345281
1048220211302858752
1048219104874778625
1048211933768429569
1048190887900192768
1048169892623646721
1048169714361520128
1048169702428762112
1048164623755694082
1048051181380096001
1048051090674135040
1048049006922936320
1048046536129699841
1048045001580728320
1048044442421268480
1048043657218215936
1048043511692627968
1048043438703345664
1048042843397345280
1048042403070967809
1048042026648965121
1048042001810296832
1048041312619036672
1048037106533257218
1048031422903140352
1048024587726999553
1048024351948333056
1048023034609770496
1047990343982096385
1047988656693268480
1047987914951610369
1047987803764785152
1047985906869837824
1047984226774208513
1047983759272943616
1047982914812751872
1047982526726328325
1047982002987831298
1047981819440840704
1047979792061145088
1047979750432690178
1047979377332576256
1047978944136400896
1047977579691626497
1047977043948986368
1047968985961181184
1047968132625780736
1047967355442253826
1047965065209663488
1047964651873599488
1047963807300182017
1047963297230856197
1047945865825067009
1047945795775987713
1047945734295867392
1047944660935737345
1047944014232739840
1047917213490040833
1047915927017312256
1047915857689624576
1047915298266013696
1047913071371542528
1047904419692601344
1047901949717352450
1047901671593062400
1047900811362258946
1047899546729304066
1047899484133445635
1047895632575381505
1047895368560791554
1047891639325347842
1047889647827898368
1047888968031850498
1047888742860693504
1047884586678722562
1047884313319153665
1047883985282584576
1047880029110239232
1047879618735341568
1047879040059822080
1047857284511162368
1047829251129528320
1047828811058991104
1047808566088884225
1047684009474449408
1047683775235346432
1047681353893007360
1047675829952696329
1047675689711882240
1047671364554018818
1047671269108404225
1047668680157548544
1047668247204716544
1047668017067384832
1047667938772365312
1047667611184635904
1047667581396692994
1047666655172747264
1047656587727396865
1047656009362300928
1047655963782774784
1047655206622822401
1047654834177028096
1047654675355504642
1047654076450852864
1047653935220236289
1047651898990444546
1047651880262926336
1047650891443187714
1047650520020729856
1047650434675101697
1047649264791445505
1047649102178213888
1047647865265373184
1047646398156623873
1047645812724060160
1047645709372207104
1047642665653862401
1047641746589589504
1047640624906821632
1047640506354880513
1047639197945876480
1047618788794015744
1047617128952750081
1047617034593480707
1047587599836217344
1047565704831098880
1047564832063590400
1047563144686657538
1047557610034139137
1047557113260773378
1047556692970541063
1047556341559164928
1047555024631554052
1047553599574827009
1047552980420124672
1047552694683152384
1047550455277125632
1047550030025031680
1047549942229880832
1047549841411330049
1047548436197908480
1047548203707617281
1047536145146556417
1047535112970272768
1047535055709593601
1047533670523912192
1047533655894241281
1047532180279369728
1047445567348113408
1047327202206011392
1047326297175851008
1047326045865750528
1047324875575250944
1047324504677142528
1047324138002681856
1047323677103153154
1047320867426975744
1047319917450711040
1047317335470686209
1047317205803814912
1047317062207639558
1047315563704471553
1047314951281541122
1047313068303294464
1047261911346302978
1047259470139740162
1047239975971033090
1047198938200231936
1047190305064329216
1047186996387631104
1047182401384976384
1047182060966883328
1047181838521982977
1047181825670631426
1047144094869401600
1047139901450399746
1047139691106111489
1047139547421839360
1047139361807052800
1047139226821824512
1047139179753349120
1047139096806739969
1047137149475328000
1047131656828669952
1047131642610032640
1046966283760226307
1046965835598913537
1046957239125323776
1046957032081899520
1046943198852145153
1046942757636456451
1046942061570797568
1046940627982831616
1046938638905413633
1046938157340614659
1046935717270773760
1046924208725549056
1046918527041572864
1046905366569717762
1046870448514981888
1046870331212947461
1046869541500989443
1046868439221059584
1046866490685870082
1046860564595650561
1046855603652562946
1046852257940164609
1046847959856566272
1046835593295093760
1046831884368596992
1046830881736937472
1046826135907172353
1046822522967199746
1046819958972452864
1046819879607816194
1046817762713247744
1046815618413072384
1046813602013954049
1046812123505078273
1046809888490438661
1046809463905247233
1046808274492952577
1046807411019972610
1046807247895060484
1046800254820077569
1046799474872516609
1046794812672733184
1046778549766692864
1046749932571496448
1046730143602036736
1046708868305375233
1046708091448958976
1046707395165134849
1046603298575458304
1046596060196614149
1046595977308778497
1046595729593192448
1046595645723865088
1046595099243810816
1046594185158152192
1046593553898643456
1046592239726731265
1046591634534801413
1046591444750921737
1046546289599696897
1046524031430725632
1046462744688562176
1046461322882437121
1046458615538896897
1046458492981309442
1046454842393329666
1046453983089491968
1046437418432368640
1046435582203887616
1046435474355757058
1046435309221814272
1046434326282407936
1046434110460375040
1046429033846788096
1046428905102602241
1046428586624905217
1046428466147708928
1046428364754612224
1046428086886170625
1046426276754583553
1046426100623187969
1046425644605804545
1046425434710257664
1046424229636448258
1046423017214087168
1046422811005341696
1046422789278896129
1046421845656961026
1046421791189725192
1046421712500387840
1046421542526177280
1046421183409860608
1046421019945291777
1046420947614539777
1046420882661486593
1046420770338091014
1046420168610643969
1046226751402266624
1046225940072853505
1046223144544063488
1046222951044063233
1046143728312823808
1046142570781388800
1046142134171168769
1046122008436789248
1046117292860411904
1046115940906258432
1046113882408931329
1046112078128402437
1046110719161307136
1046108061818126336
1046107088894791681
1046106503109890048
1045994086375804928
1045988888261652481
1045810119508930561
1045810079654645761
1045794427422289920
1045780934996512769
1045780291380563969
1045744588089176066
1045744538625748993
1045737844843663360
1045737691462213632
1045709372066811904
1045703970700898307
1045703785396539392
1045703630488317957
1045703282218475520
1045526542649118720
1045526133847052288
1045524785751642112
1045518606531010561
1045518229815394309
1045518026081259521
1045517969718161409
1045516552823558145
1045512107280797696
1045511448271761409
1045511208961560577
1045510568076070913
1045510263347310593
1045509970438103041
1045509662748094464
1045509607949504512
1045500431894499328
1045500274691985410
1045499609227960320
1045490110714859520
1045490082461945856
1045489800000753664
1045489708372037632
1045484983006179328
1045478892239286272
1045478691688656896
1045478504048087040
1045475176958365696
1045474249459331073
1045471909167673345
1045471856898248705
1045358103720538113
1045161181806235650
1045159482794364929
1045159131424980992
1045159081915404288
1045156535738007553
1045032990261284864
1045032716088090624
1045030842471526401
1045030530314620930
1044943465711370240
1044763552693858310
1044763275286728704
1044761368962961413
1044602525725470721
1044598997443399680
1044597427209154560
1044589576407457792
1044589319510519813
1044588399271792641
1044587430215602177
1044437034344083456
1044435073435602944
1044434654126854144
1044433428454739968
1044432835321503745
1044370422450409473
1044359315941994496
1044357603822841856
1044355608881844225
1044342771820228610
1044342442395340805
1044336159130816512
1044335751104786438
1044334742362034181
1044333648139505664
1044262091274801152
1044261075267579906
1044260801509494787
1044259148563709953
1044256307514159104
1044200553788702721
1044198453478338561
1044197830221602816
1044197276170821632
1044070334398386178
1043944733784113157
1043944706714062849
1043921254514921472
1043917411932606465
1043916266787020800
1043909572363264000
1043908583719612416
1043907743432810497
1043906474739724289
1043905776425848832
1043902404331220993
1043902295598133255
1043897878144593921
1043897807009181696
1043894326865133568
1043892342124683264
1043892072460234756
1043891731094220800
1043890797706391555
1043890779947716608
1043890361779859457
1043888958541893632
1043888073669574657
1043887583640653825
1043886990234710022
1043886756016345089
1043886134156304384
1043884779094134785
1043884343687598082
1043884217409638400
1043884121490108416
1043883818455904256
1043883148365434881
1043882854458032128
1043881917844721665
1043880375158808581
1043854651270008833
1043690587340386304
1043681825086943232
1043681622309183488
1043681182255206401
1043678453730566144
1043677666694574080
1043676162755584000
1043675591617261568
1043674078517833729
1043673802549481472
1043655498388525057
1043609876616945664
1043609542024671232
1043609297043836928
1043609233248411648
1043567533113200641
1043566802100457472
1043566726296875009
1043563103122870272
1043550383153598464
1043550084074496000
1043549800015298565
1043545597201076224
1043545201753706497
1043544090263072768
1043543694870241281
1043542743786631168
1043536065242562560
1043535155321810944
1043533885408268290
1043319013030408194
1043317405563473920
1043316645660381185
1043187812349214721
1043187726131056641
1043185779546234880
1043171864951050240
1043170655284473857
1043168892150005761
1043165061479624708
1043164891857735685
1043164130289569799
1043163914081579008
1043163881064026112
1043163777250861056
1042984923068416000
1042980760649531392
1042980377436991488
1042979780998520832
1042979488361902081
1042978273884622849
1042944155238977537
1042943596834504705
1042931470556377088
1042931353061400578
1042927711755350017
1042925674900676608
1042923214819807233
1042922642863521792
1042922485124149249
1042922330664648705
1042922065253330945
1042918610090582021
1042917310980415488
1042877466363211776
1042838852476592133
1042836427841658880
1042834787550076933
1042830007062679558
1042826591284416514
1042805635048525825
1042805544850010112
1042805337890467840
1042804856489160705
1042804707096453126
1042732944115335169
1042581143596486656
1042531757269110786
1042531079599599616
1042529643222523905
1042528726968221696
1042526609494999040
1042524266967781383
1042523887446228993
1042523417461841921
1042523033573969920
1042447779262619650
1042447696097890304
1042446556753002496
1042445559850852357
1042443815494279169
1042438745084108801
1042437799658643457
1042436296055156737
1042434110109691904
1042433997459075073
1042433530586902530
1042433430166937601
1042433323765780481
1042432382912155651
1042430807611252736
1042430444413874181
1042430003542142976
1042429822641889281
1042429209061335041
1042429023572377600
1042428965179334656
1042428807074996224
1042428442917122048
1042428346943111168
1042428120102514688
1042426885215535104
1042426865376526336
1042420445608390656
1042420395037614080
1042420336992694272
1042418936871038976
1042418434200494081
1042418410293014528
1042406461991727104
1042406435655700480
1042404632373485570
1042218837146521601
1042218669131083776
1042191044505415680
1042190954613104641
1042189517678161922
1042179915976728578
1042179007721160706
1042175851759108097
1042171467969044486
1042170579367936000
1042169506502782976
1042169339158429696
1042107061629317121
1042106445821558784
1042105985551216650
1042105848066191361
1042104916993617920
1042104397080219649
1042104337097474049
1042103803816894465
1042103059520909313
1042102971155275782
1042068172197777415
1041884731313455104
1041884160569352192
1041883793114755074
1041883221183619072
1041881712014307333
1041881570464989190
1041863253662621696
1041858439138496513
1041858373455675392
1041854243169218560
1041853414999650304
1041852784088375296
1041852542735581190
1041852479397404672
1041852290771156992
1041846002590932992
1041824527469170688
1041796710153035776
1041796012678017030
1041776696981114890
1041771568089759746
1041715969561911296
1041715598357618688
1041708530250731525
1041701819234308098
1041700531159420931
1041700039863808000
1041698553847078913
1041698261550161920
1041669699447279620
1041669133174231040
1041667005282177024
1041661680420315136
1041657503912800256
1041537904730877952
1041537787911196673
1041536650352975873
1041535779972018176
1041534340675588096
1041532890423681024
1041530759583068161
1041338359740870657
1041318171276390400
1041318038879064064
1041317867675901952
1041152554502156293
1041151838127620096
1041151685299761152
1041150965498486785
1041150416921272320
1041149978696187905
1041147951991664640
1041145407211036672
1041143081918185473
1041142630405623808
