1329537467586727938
1328961183089643520
1328960942441439232
1327857291400413185
1327455142866604038
1325686469332066304
1325244732252041216
1325244239563771904
1324455542723551232
1324454930925563907
1323690706993467393
1321985508113670144
1321668325223530496
1321570986903269376
1321570621046759426
1321570285892505600
1321256801283706880
1321230415231815681
1320102929798344704
1319849997974659073
1319821627585036288
1319819393623158784
1319818121847263233
1319818005224714240
1318945639309275137
1318945402117181440
1318945179974336517
1318822789239820289
1318798649720098816
1318791556640296960
1318385643202899968
1318340969419268096
1318340691441770498
1318340139488141312
1318339679771455488
1318338900239085568
1318324182057246720
1318260812553748480
1317924410570002435
1317923776542040064
1317566025378918400
1315789663089487873
1315732624980078592
1315727743456141312
1314746048137625601
1314620937099075590
1314360695266242560
1314310525904326656
1314310212044517377
1314309726952251392
1314264941768007680
1313495765541511168
1313329485299679232
1313329178142371840
1313329033178836993
1312880722533781504
1312880452156362752
1309265993118568448
1308073848323993600
1307106488587112449
1307102745883750403
1306608078222028802
1306460519285415936
1306437752351723520
1306374097245409280
1306028931410132993
1305997023749967874
1305996845424861184
1305945394518532096
1304968366763864065
1304968056062398464
1304966968097742848
1304929675248951297
1304914356656721920
1304913816237432832
1304621376314068993
1304599573533323264
1304541471140241408
1304541330907955200
1303833574198505473
1303820921099046913
1303378023383666689
1302771541449388033
1302771386377670656
1302466054027800576
1302465154932600834
1301997578884648960
1301997117150564354
1301996778766639106
1301996150635941888
1301995727271456771
1301975880466481152
1301930277090938880
1301363324160892928
1301101675839516672
1301100707571875841
1300916743871717376
1300685548474961920
1300665762768547841
1299926818393210880
1299465384035196928
1299465132607635456
1299403039191654400
1298747481484718080
1298519969156567040
1298451739507486720
1298451421197524992
1298450613919838208
1298404616179027969
1298402743007109120
1298072711910969344
1297964548419280896
1297870570164350976
1297624486179569664
1297257190466572288
1297124098397495297
1297123760269533185
1297123531394707456
1296484116523778050
1296483895953760263
1296426954355286018
1296334360887484418
1296145085441048577
1296144700257087490
1296144015427956736
1295938790159089664
1295938342173863936
1294431300774854657
1294044484683014144
1293980096710078464
1293979300257861633
1293308972946972673
1293036186081009670
1293032216734253061
1293023857528332289
1291201545934053376
1290841069693747201
1290840813388197888
1290839785100079105
1288974047447904256
1288223579662716930
1288221927849381889
1287923391429656576
1287098865301110784
1284918775649714176
1284611087397076992
1284610433848991744
1284609709039734784
1284609428595994624
1284607282525794304
1284603706684567552
1284304033327353856
1284303627830480896
1282874814642831361
1282874763065450497
1281693846535958528
1281687633593131008
1281241146665037825
1280902659134746624
1280902354666020864
1279868197869477888
1279119817585246208
1278794257034170368
1277864269069946880
1277863298151546880
1277819138132660224
1277797060662587393
1277741131804086279
1277650886395756544
1277116881602662400
1277116173868396546
1277115861510189057
1277115661123125248
1277115556349370369
1277115273569464321
1277115046544326658
1276292366534496256
1276292134820175872
1276291134516424705
1276045032382803971
1275890096588251136
1275847077302620160
1274504360114835456
1274503650358947840
1274503067929505794
1274501564313427969
1274199254882414592
1274199004264280066
1274198805177446406
1274197783499509761
1274196178804961280
1274153360229163009
1274152759118270464
1274152546899095552
1274151548688334854
1274148294239772672
1274147025957777410
1274145807248187393
1274061050145468416
1274034244503785472
1274030663394455552
1274027383129927680
1273815111942025219
1273814868726972416
1273717446512308224
1273667306262900737
1273335945287233536
1272757168505159680
1272756257753952258
1272710531074277376
1272395014962679808
1272061142387404805
1272059964874346496
1271662198507491334
1270907909220610048
1270905492856991744
1270483301896081410
1269872229589762049
1269429319530475520
1269428587393740800
1269428007803867136
1269427544865992704
1268748487144824832
1268747461817860096
1268747156292173824
1268744334003691520
1268743453829001216
1268669399789010944
1268667208747474944
1268597968141049857
1268428208791150593
1268323639327248386
1268075143076536321
1268075085039976449
1267513832353656833
1267336357216530438
1267336133865660419
1267295624149401600
1267293611420299264
1267292637133860864
1267291786940043264
1267290507517952000
1267290496033943552
1265821483223244800
1264689305735163904
1264328480394600450
1264056652057075718
1263683847817883648
1263682411172204544
1263301544482504704
1262308009885134850
1261351381157376003
1260061972394962944
1258596180205813761
1258595509662433280
1256052475057942528
1255748957122129920
1255748721263775744
1255748433735909376
1255748141711716352
1255565077714890752
1255285215737581569
1255281970772422656
1252042396843470849
1252041369880637441
1252015873772011520
1251683353054437376
1251683205540798466
1251682756498612226
1251682661187244032
1250990692995862529
1250990519288643585
1250939626350448640
1250925784425848834
1249976361650761728
1249844617354321922
1249844322951888897
1249844257407541253
1249844231209996290
1249360234902151170
1249359464949379075
1248856030928240640
1248855894676221954
1248855108172935169
1248854645893509122
1248853015349477376
1248824015461834755
1248823504675287042
1248822393327325186
1248817721279561729
1248817409525313536
1248473659695456263
1248472330382102528
1248471436588494848
1248458130515570693
1246654973439397889
1246298356449599489
1246296243564773378
1244737599681351680
1244543046370209794
1244203932894679041
1244170472826097665
1244084171712032768
1244069446819278853
1243828786384097280
1243817551500439553
1243816472058585089
1243679419320811521
1243322232199241729
1242701413035020288
1242700890189922304
1242700367273451521
1240744774987993088
1240744765076803589
1240744504098877440
1240191804663709696
1240190536864002048
1239745616520962050
1239080626973601797
1238995245330657285
1238766341680697344
1238766312198987777
1238728578574893056
1238720930781618177
1238105753317064704
1237552558106800131
1237518841246343169
1237243610363359234
1237239785497849857
1237238758845509638
1237238679954796544
1237238172729266178
1237148157361831937
1237145353964539904
1237137325429121024
1237137171842121729
1237093642566692864
1237093177628090368
1237083664216772608
1237081962294042625
1237080107262431233
1237078410481946624
1237078258581032960
1237075430458314752
1237075140543795202
1237074367869153280
1237061033983803405
1237029037333082114
1237028900846186499
1237026486827155457
1237024397937934338
1237021182173429768
1237020734687330304
1237020355148910593
1237014546889367552
1236643620926545920
1236641481483374595
1236639761059606529
1235799894796853248
1235037628761665538
1235037581672251392
1233190291781275649
1232507346015768577
1231113461024735234
1229288802520203264
1229280954755141638
1226190257223356416
1226190043942924288
1224540163667181568
1224225466845818882
1221272850767609856
1221221408786640897
1221196348977897472
1221195426272952320
1221195093916340224
1219563456317153282
1216224574167121921
1216223775336759296
1215831940445569025
1202168034271481856
1189011358207004677
1154536546109816832
1145613011387912192
1124508323741454336
1120829679995277312
1120829314080002048
1116794584103735296
1116791757688098816
1116791495023923200
1116789374593560576
1116788625906122752
1116788189425881088
1116785637355470853
1116784362077294592
1115749752912535552
1115698753703256065
1114623292344754176
1114623139915243520
1114622171479859200
1112851757955153922
1112850702869651456
1100228401061781504
1099939691569115136
1091572504760647681
1090807369917857792
1090806856711254016
1090805309365309440
1090785476049494018
1090358398338555904
1090353300380123136
1090329739452018688
1090293977012551680
1088285463331258370
1088243493334446080
1088229152459612160
1087828569877766144
1086469074828152832
1086468484169515009
1086119305777999872
1086010393858732032
1085491244233453568
1085362140469293056
1085322053803139072
1085321172609200128
1085320749743726592
1085267140280672256
1085265347798855680
1085257650437160966
1084963758449909760
1084913507055788032
1084912789217394688
1084893643201163264
1084893587429482496
1084873462542262272
1084850178815754240
1084692392412758016
1084690457701937158
1084586510823780352
1084585238821363712
1084547470024011776
1083956878193782785
1083840571536330752
1083839549275435008
1083838958096633856
1083836671534088192
1083767736377827328
1083525102346526720
1083213639778131968
1083070226214805505
1083070102566649856
1083070084162048000
1082869992314437632
1082869722364882944
1082869708083232768
1082731536103796736
1082731206842638336
1082730097906311168
1082729609743949824
1082701082369744896
1082700974626488320
1082700328355549184
1082694699482152960
1082690936478478336
1082452710165700608
1082450900692553728
1082449803886309376
1082400946968129536
1082400449108488192
1082400395484266496
1082399568363282432
1082398917059203072
1082398464393175040
1082398426648567808
1082398227100401664
1082398034175000578
1082195823553740800
1082111808918507525
1081794724946571266
1081794686216429568
1081647643808464896
1081633721852276738
1081633577354301440
1081624531872051200
1081451885125484544
1081441030514176000
1081439720855355392
1081438768656072705
1081438227376918528
1081422798910877696
1081381538174885888
1081367685596819456
1081362138898124800
1081361915706630144
1081360343345983489
1081360277449322496
1081353197891969034
1081328455663288321
1081327382953259008
1081286711265488896
1081208026051166213
1081010341318864901
1080910374902190081
1080910135826903040
1080909968797102081
1080866377668354050
1080715036740354048
1080709245123756034
1080708972028428288
1080708642993627138
1080708247454007296
1080708195121655808
1080708090603814912
1080708040695865349
1080707839310479361
1080707487244795904
1080707010927054848
1080706830865641472
1080706689056178176
1080706644525248512
1080706152193679360
1080706064348209152
1080705522980941824
1080662793982947328
1080662620036771840
1080662487735779328
1080662276468703232
1080661781679226880
1080661437020758016
1080661034208092162
1080660907271761921
1080660228528529410
1080659548350775296
1080652604605030400
1080652279894528002
1080651997395611648
1080649832090333184
1080649534194081792
1080649058904039424
1080603240691974144
1080594454182940672
1080580927502278657
1080548251483271168
1080545311024570368
1080544153853816832
1080543098537537537
1080542966362460160
1080390251233734656
1080389946924359680
1080389664287014915
1080387689558433792
1080387317330661376
1080386950207438848
1080340630432243712
1080222772096229376
1080222184428072960
1080212384172503040
1080211392345427969
1080210439231856641
1080209428970844160
1080206960002097152
1080019122212167680
1080015748318269440
1079902113746972672
1079876338104754176
1079875901339254784
1079875284524969984
1079557181341523968
1079387369067802624
1079191970617077761
1079191866979962880
1078862760186830848
1078861414289133568
1078861269552193537
1078860988420521984
1078856114609901568
1078854735749246976
1078854667390439424
1078854388762894341
1078833162199822336
1078832733474893824
1078831654389587968
1078831407210860545
1078831035817705472
1078830627988873216
1078830528592297986
1078823435017498624
1078823043156377600
1078822851359039491
1078822403051003905
1078822183034445826
1078821034306859008
1078820500070125568
1078818867986735106
1078818128841166848
1078800432854515712
1078799345686700032
1078793650778394624
1078793288604254208
1078793160606662656
1078790431473717248
1078788684458057728
1078788532422897664
1078788454375317504
1078787358097428480
1078786809801236480
1078785888929353729
1078785202976055296
1078783930822647808
1078780285490147328
1078600173092139008
1078598821527994368
1078421199883952128
1078369064953643008
1078367424271925249
1078365960283643904
1078364059769004033
1078364023022702592
1078343349197656064
1078197156803035136
1078193770401681408
1078193758275923970
1078100927016361985
1078100403848237056
1078095246821478401
1077829873173839873
1077829439738720256
1077784614305914880
1077783301031485440
1077760238470586368
1077748082618429440
1077747534024499200
1077356698497474561
1077122757509304320
1077122411345002496
1077122000756166656
1077121408562454534
1077119271170334720
1077117734423392256
1077117327953387521
1077116938155769856
1077114045101035520
1077113894974369792
1077108791546527744
1077108747154026496
1077090381794136064
1077090249568792577
1077085046853402624
1077081459683295232
1077081338593783808
1077078817439535105
1077078713567592448
1077078615936749568
1077034328234676225
1077034104116244480
1077028324650536960
1077026644735418368
1077023757737242624
1076997102792626176
1076996480911560704
1076994997642092544
1076965635643473920
1076965275008790528
1076964790986129408
1076958391585538048
1076957239309561856
1076955790110420992
1076950290992005120
1076949028653297664
1076947260175409152
1076947230311952384
1076947099550343168
1076946142418460672
1076943047873556480
1076942936850411520
1076735958161154049
1076735594246504449
1076692854141968386
1076692237063356416
1076692179190312962
1076691681523621889
1076644551270395906
1076587422664712192
1076376664878116864
1076306177024155648
1076306133571125248
1076306035135021056
1076304910734417920
1076304717158871040
1076304095495901185
1076303958698672128
1076303138963914752
1076154114365517824
1076070516232863744
1076032358439018496
1076010595965493249
1075938302899806208
1075928239615295488
1075925297998979072
1075915227621777408
1075915121614962688
1075915062257213440
1075914385413926912
1075911305117163520
1075911029299675136
1075834513089908737
1075834498384678912
1075775254557949952
1075775232751808512
1075739845018804224
1075739379077865472
1075739050269528064
1075739026047397889
1075735892860461056
1075734346714075136
1075626468581883904
1075554395213856768
1075553390954831872
1075519898334375937
1075517077216096256
1075516458103271424
1075513389542125568
1075322819062317057
1075322767606657024
1075259077742096385
1075258900096544769
1075230817704525824
1075229765815042050
1075225600678227968
1075225437419167744
1075224123490557952
1075224043714801664
1075223242179272704
1075177186426945536
1075176991903502336
1075176871640236032
1075176832922660865
1075176653989470208
1075171027737432065
1075170956430077952
1075168594369998849
1075130170879619072
1075129562030256129
1075128661915795456
1075125371534622720
1074975561003323392
1074974727809056768
1074960342348791808
1074960315140329472
1074959855482355717
1074957260747550720
1074952848532619264
1074952828035072000
1074923480515133441
1074923219797176320
1074903631889977344
1074897930589360128
1074897344959672321
1074892349291937792
1074891666652188672
1074882902968520705
1074866123789586437
1074866018252537857
1074865877118443520
1074864963104075777
1074864160431693824
1074863061997998081
1074862363294064640
1074861031489302528
1074856760362512385
1074855298496487424
1074853816334348288
1074850686926376963
1074827153097744384
1074795482545704960
1074794166519881728
1074790916160778240
1074780952730132481
1074764760875360256
1074746655558103040
1074744398842277888
1074725551678545920
1074725453749833728
1074550649201672192
1074342538142609409
1074039022874292224
1073052106691465217
1072946424269070337
1072935461289582592
1072606522847490050
1072293195181056000
1072285593491529728
1072240911441002497
1072221300658122753
1072217801623003136
1072216921662087168
1071918502867390465
1071918288165195778
1071235012220006400
1071198346667147264
1071188069322125312
1070774749096140800
1070465897075097603
1070463601436061697
1070462273443921921
1070462214815965185
1070461330316918784
1070211979048939521
1070211777470689280
1069936124657717248
1069812564337381376
1069809525820030976
1069808179276472320
1069806785727352833
1069806614796894209
1069806106707259392
1069805735821762561
1069734757624233984
1069734580347781120
1069734199416897537
1069733708570062848
1069732448643117061
1069731841911873537
1069731040795668480
1069729555722555392
1069720072728436736
1069597619070980096
1069585060511150080
1069584552211841024
1069485303197392896
1069484688153038849
1069483185963036672
1069482204453986304
1069482179065860096
1069466815724539904
1069455519356674048
1069449841078497280
1069449029090562048
1069448971968438272
1069440303067615232
1069407369514278912
1069406313212346368
1069405993795088384
1069405590424702976
1069335793141858304
1069333416053661696
1069301086748467200
1069300624620056576
1069026814352216064
1069026627034595329
1069026392807854085
1069025854888394752
1069023379749892096
1068961994818998272
1068960707440369664
1068960565605756928
1068708840919592960
1068677501226967040
1068653438722949120
1068644814197948416
1068644332733747200
1068643854738321409
1068643023431458816
1068639945428918272
1068639734384054273
1068627592889065472
1068617588136075264
1068604046733271040
1068597812042981376
1068596594147094530
1068569060659494912
1068562417846706177
1068549152387162114
1068545144939458560
1068530403957325825
1068530176265400321
1068527339074539520
1068527259319918592
1068527258086793218
1068384857691107328
1068383754253553664
1068382858127888385
1068380275766321152
1068058021480194048
1067940203275251712
1067654806834036736
1067654249859887105
1067494292728438784
1067494276857131008
1067494242195394560
1067338950530891783
1067264158196916226
1067263675923189761
1067257477727567874
1067257449747374082
1067256018323726337
1067255264342994944
1067250404700774400
1067249424613597184
1067247456172142592
1067238366301679616
1067213008793784322
1067211527214653440
1067211075412586497
1067056014741069824
1066958309574332416
1066958036483289088
1066955464548638720
1066955096154492930
1066954249089642496
1066954003035054080
1066953366658404352
1066953046523965440
1066952533250236416
1066952067531517952
1066951810097700864
1066951607382827009
1066951549195173888
1066951477581688832
1066951255333859330
1066951224992223235
1066951120000495616
1066950936633831424
1066950699529818112
1066950672963129349
1066950594592616452
1066950255592099840
1066949360317952000
1066949310699335681
1066949197608366081
1066948609655037952
1066948555149991936
1066948419959148544
1066948319866310658
1066948035236622336
1066947402949513217
1066941430642307073
1066941121048150016
1066935311454871552
1066933408620658688
1066932690513850368
1066932301655756800
1066932039750832128
1066931481224695808
1066931259631296512
1066931079594921984
1066928393776652288
1066927425366290432
1066927302557102080
1066926983731281920
1066925436146307072
1066925188908908545
1066925087943606273
1066924884029128704
1066923981532352512
1066923759620124673
1066923477704175617
1066923372653699072
1066923358795616256
1066922929013702656
1066922815524204544
1066922697563627521
1066922517258878976
1066921824523436033
1066921723436494848
1066921518280536064
1066921255419297792
1066920990825897985
1066920012802285568
1066918595920187392
1066917762394542080
1066914829254815744
1066914472562876416
1066830870131073024
1066826358020423680
1066825776647987200
1066825742300803072
1066741353604800512
1066740387555926017
1066739996437049344
1066739493112139776
1066738793632346112
1066735179576668160
1066734612418686977
1066733088019931137
1066732524175421440
1066720522707169280
1066672925246316544
1066671940667027456
1066671232249094145
1066667362445799425
1066646501902868482
1066602841287024641
1066561343573024770
1066546608064479234
1066546304740864000
1066498263484784641
1066497542186135553
1066497049187635201
1066496649453744128
1066495576756252672
1066495516509265920
1066495465070325761
1066464548222169088
1066441328504987648
1066433342948597760
1066425701983649792
1066424035355938816
1066423679590981632
1066423268742025217
1066412784093515776
1066297557553340416
1066293005978464256
1066292860834656256
1066292500321624064
1066287516603449344
1066287272629198848
1066284940868780038
1066274402164105216
1066273194196131841
1066269821308825601
1066266940866351104
1066266276119465984
1066266242296598528
1066261840982794240
1066261321983774721
1066259634162302978
1066259612200923137
1066258633414098945
1066258080831164416
1066257904703950848
1066257410883432448
1066257337403371520
1066256599151403010
1066254186461900800
1066253581571870721
1066253083494178816
1066252702638698496
1066252620782743552
1066216617921544192
1066216521414860801
1066139277010984960
1066139090058338304
1066135729779236866
1066135203796606976
1066133760263901185
1066121296830840833
1065888237888008192
1065868608662695941
1065868394287661058
1065868076485292032
1065867592689053696
1065867392704638976
1065627968121143297
1065627302774562816
1065369679336591360
1065336044726345728
1065335780573274112
1065334986952196096
1065332520827281408
1065331782243893248
1065329536487673856
1065326971041677312
1065326817819512833
1065326659123896320
1065326547110772736
1065326335038414848
1065320639764938753
1064717501185974274
1063888607738441728
1063886999885504512
1063886816766418944
1063885863971516416
1063661899974201348
1063661106109923328
1063555046804119553
1063467161165824000
1063466648957464577
1063459107724611590
1063276934916800512
1063276280580268033
1063271997864460288
1063271003923435520
1063270851900923904
1063270705238687745
1063268745190105088
1062868480364408832
1062868459703287808
1062434351445471232
1062429236844126208
1062422175817199616
1062417037626986496
1062406873494650880
1062403310148177920
1062401833069473792
1062211904007954432
1061787049978617857
1061393655171141633
1061391028542824448
1061390012770467840
1061389932365668352
1061389504710246400
1061295032357908480
1061086751425388544
1061085699892342785
1061085568891682817
1061085141827641344
1061044300446715905
1061043970988433408
1061042858356948992
1061041765774323718
1060717314482421760
1060717185264320515
1060716783785566208
1060710162699190272
1060309503176896512
1060298053150695424
1060027695877115908
1059866845342130178
1059866513849470977
1059866485244407808
1059627407290753024
1059556815061475328
1058871735657758720
1058751680718622722
1058530141167472640
1058410349580316672
1058390326015025152
1058389125349335040
1058385377289859072
1058374543486574592
1058374027587141632
1058373554704502787
1058372748949434368
1058372667592470529
1058372393691836417
1058371561890078720
1058371532907397120
1058371307270635520
1058355055328321538
1058354537759559680
1058354316220616705
1058353946593357824
1058353832038518784
1058353738434281473
1058352005050064897
1058351891153711106
1058351640359591936
1058351386964815872
1058350776819433478
1058350187213516800
1058350019621744643
1058349383723307008
1058348176921452544
1058347442800742401
1058343612218404864
1058342829586440193
1058225524214878208
1058224622624104448
1058223563398774784
1058223261664796672
1058222956948508677
1058221942296047616
1058221099538821121
1058220136522371072
1058218361262268416
1058217660423368704
1058217192808833024
1058216164315156481
1058215316910559232
1058215061833957376
1058214495749689344
1058214274340859904
1058213305154646016
1058213208614289408
1058212900882370565
1058211133201428480
1058192754629468160
1058191874899423235
1058191399420493824
1058190275007340545
1057846619754848256
1057796199669891072
1057768080384782336
1057768021698076672
1057767621213413376
1057737093349343237
1057732492461928448
1057732273741619201
1057731844861382656
1057730636243329024
1057664500256534528
1057661407578120192
1057515841242185728
1057515489696591872
1057515201824784384
1057514550612934656
1057513815489814528
1057513511612497921
1057512603432480770
1057512170471211008
1057511346470903808
1057511293912080384
1057510408561541123
1057509408912097280
1057508264827674624
1057507741911134209
1057492851213254656
1057492457456250880
1057478678324473857
1057478267454730240
1057477833105129473
1057477714360168448
1057477554603352064
1057476631130865665
1057476307242573825
1057473730144755712
1057473603329941504
1057473506051424256
1057472315087249408
1057471375391121410
1057469820113842176
1057469661745311744
1057468837350662145
1057467760807047168
1057467085817671680
1057390065477767168
1057389325040574465
1057389170530734080
1057387413322919937
1057386310229352448
1057383152828575744
1057379178717229056
1057056773494923265
1057056750396817409
1057056046454235136
1057055103880818688
1057054544071352320
1057047642285326337
1057047358876217345
1057046143706656768
1057044394560221184
1057044110383542272
1057035029258231808
1057034467313778688
1057033943285825536
1057033513403277313
1056979573177491458
1056885898443247616
1056885863991324672
1056885838850576384
1056865308588171266
1056743376823889921
1056740247470452736
1056491534428696576
1056476092762968065
1056467343646240768
1056465611344175104
1056359592697901057
1056344705120661504
1056343901873745920
1056173258481983488
1056121801913192448
1056056984149970945
1056056931985440770
1055950930842071040
1055950807189704704
1055945279461965824
1055944762925047808
1055911752460775424
1055785801982693377
1055785510898028544
1055785189937340416
1055784515459661824
1055783996674592777
1055783134195662849
1055780176053788673
1055721847902285824
1055721826251300864
1055718715986108417
1055683480607064066
1055631795977240576
1055617823060385792
1055617759105576960
1055617566205370368
1055617313137864704
1055312403368370176
1055307227123216384
1055161537025863680
1055161450761572352
1055115108462952448
1055013256362897411
1055012652076990465
1054940732123865089
1054940507187494914
1054935435477049344
1054932891799416832
1054931897682296833
1054927571991769090
1054904564921511938
1054902899539505152
1054583659175395328
1054554007643942913
1054553928887545856
1054553399423725568
1054553375793065984
1054552251484712960
1054551984466944000
1054529112604209153
1054525690777788417
1054525344126951424
1054522413315026944
1054520150513213440
1054519494918336512
1054518132729991169
1054517341843681280
1054507412126806016
1054359453737205761
1054338504665092096
1054336939057393666
1054336058123534337
1054335601535868929
1054335439224664065
1054335376217776128
1054335348480860162
1054334586325532672
1054333926678937605
1054332871366848512
1054332524795777025
1054331534411550720
1054331373497016321
1054330929945034752
1054330601321324544
1054330126110883840
1054329585045663744
1054329443630559232
1054329410294173697
1054329222246752256
1054328872844517377
1054328428181184512
1054327645452681218
1054326905158037504
1054326781312815105
1054324848812425217
1054314989920575488
1054303876927565825
1054303692910809088
1054302698210619392
1054302538646704129
1054298914415796224
1054298791241703424
1054242694413746176
1054228144381513728
1054211154581446656
1054157112975142913
1054153018931703808
1053867329539305472
1053864644257824768
1053852254120210433
1053844604858978305
1053829038328832000
1053815914792013824
1053764035840069632
1053540868525764608
1053540593215791104
1053536003401572352
1053530752510390272
1053524481430323200
1053524274718302208
1053519633947324416
1053516521098555392
1053516436411314176
1053391705402073088
1053319019497906177
1053022636106760199
1052815505248071682
1052815400340140033
1052813878088716288
1052702912139288576
1052689052049203200
1052688348802736128
1052688237230092289
1052502846241890304
1052474720027701250
1052468910967017472
1052464206245756928
1052463924430458881
1052381557032284162
1052359239438487558
1052358963537178629
1052358850450313216
1052358839511568384
1052358831328518144
1052358772880891905
1052358747048169472
1052357965930319874
1052254262174969857
1051968706903912449
1051965855909609473
1051965640288825344
1051963162835148801
1051963025614225408
1051962055719149568
1051957718020382720
1051951797198344193
1051951091959517185
1051919377472270336
1051919359751282688
1051916223284359168
1051916194947596288
1051916157031075840
1051914399382888448
1051913214890364928
1051909404193222656
1051907965085605888
1051907231619342336
1051906067179819008
1051904526267994112
1051903675419877384
1051882619200098304
1051877822195593218
1051854601920471040
1051853861323821056
1051849437926940673
1051848267921649664
1051724438062870528
1051724022533185536
1051723623428284416
1051722739696816129
1051718569833115649
1051716633545211904
1051712722910343169
1051712288611160065
1051710731475808256
1051708334443646976
1051705876984127488
1051705286644260870
1051704949053083648
1051704589920002048
1051704384189423617
1051703927375155200
1051701779358998529
1051701517357465600
1051701492959260672
1051700269396836353
1051699734706937856
1051699129867333632
1051697900923711488
1051697828781682688
1051697091649536000
1051696586604961793
1051637425716350976
1051631991131500544
1051579810852401153
1051578989989396481
1051576150802067456
1051575963396399104
1051546916830437377
1051538992053727238
1051538917231493120
1051537880496009216
1051537357529219072
1051537166797422593
1051493024046362625
1051492871822430208
1051492670084767749
1051492652145770497
1051491437496262657
1051364909806567424
1051277489748639744
1051276198981001217
1051276131029016576
1051263233779093504
1051262538174750720
1051256611925184513
1051253422580584448
1051253288530657280
1051252958539575296
1051251957019500544
1051250327700140033
1051236251552993281
1051235993502679040
1051174472701464576
1050981305540796417
1050980795555311618
1050980687820419072
1050980393145401344
1050979237035835395
1050967936054116353
1050885846990123008
1050885616802525184
1050885581129932800
1050882659642011648
1050784373476274176
1050608668385763331
1050575103673528322
1050562443829633024
1050470251064832000
1050469125632360448
1050469091889168384
1050468366152921088
1050468070446125056
1050103557175701504
1050101477505552384
1050098496789860352
1049806141704757248
1049805218228006912
1049803162536693760
1049770360030162944
1049698205439483904
1049550744473333760
1049476901490708480
1049453229736513537
1049453224938229760
1049425578917425153
1049425508411166720
1049425182605987840
1049424963260669952
1049159685062836224
1049159042898087937
1049157833172762624
1049157597821976577
1049146283313717248
1049105128249147392
1049104929715965952
1049102406024232962
1049090201438498817
1049089476167782402
1049088187828658176
1049087623719841792
1048819330606018561
1048798589340639237
1047982544010919938
1047982430856966144
1047982250321571840
1047980920144199681
1047980014925299713
1047913857308446720
1047913330361266176
1047912068605591552
1047763896709173248
1047763612968706048
1047715666663419905
1047637759765098496
1047312571999563776
1047213924049870848
1046953629096206336
1046942208836829185
1046912228593565697
1046911735506984961
1046873294194896896
1046873193649033216
1046866937911828480
1046866933037944832
1046574145809477632
1046561776500789250
1046426976569896960
1045806141635084288
1045742267317673984
1045742009061761025
1045738554414878720
1045433239047794688
1045429260381446146
1045428914305167360
1045428479964004352
1045426738279239682
1045426574210686977
1045423551648391168
1045420170775162880
1045418733215182848
1045417331449520128
1045417264017821698
1045415556835201024
1045413366401982464
1045411324182769665
1045411117529411586
1045408077825040385
1045407572784640003
1045406628931981312
1044667680798629888
1044667105570783232
1044627220784762880
1044346684635963392
1044346100188991489
1044345889458778112
1043909435444228098
1043680732344868865
1043680691735552000
1043680193167077376
1043459007413776384
1043333567424548864
1043333434104459264
1043229931679830016
1043126291652796416
1042738047886942210
1042735870460063746
1042423866067312641
1042423055388012544
1042421950797176832
1042288623729573888
1041990869992136704
1041925607460720641
1041923867332112385
1041908714813370368
1041864795887001600
1041856612263051265
1041809596728274944
1041597997354704896
1041589760429502464
1041589049327202304
1041588372702031873
1041587919566233600
1041587876717158400
1041587252478898176
1041587169347792896
1041587119108501505
1041586595646734337
1041586364460875776
1041586173020332032
1041585961849643008
1041582200586625024
1041581483700346880
1041580156496703488
1041580145176240129
1041579964829593600
1041579437039341568
1041578351444418560
1041575977598382081
1041575945205739522
1041574686545477632
1041574316175814656
1041574198680858625
1041574084146937856
1041557824034095104
1041557608895668224
1041557065909452800
1041556903103356928
1041536790241325056
1041533804131708930
1041532834475782145
1041532330467196930
1041443670338105345
1041443353110372352
1041442394019815424
1041439952075055105
1041406714564685825
1041406542501695488
1041406344387940352
1041406174493437952
1041406098228445184
1041406025184686080
1041405889784078337
1041405806225219585
1041405583771856896
1041405513957695488
1041405472488620032
1041405392339628032
1041405337482326016
1041404677538045952
1041403413450244096
1041403372836872192
1041403159627759616
1041402585968570368
1041402213975748608
1041402157507915776
1041401779257139200
1041401726299852800
1041401609052274688
1041401145485230081
1041390967973019648
1041390393760243712
1041388863090900992
1041378637432287232
1041374465987272705
1041373630439940096
1041372534698958849
1041371725403848704
1041371144522129410
1041370862245470208
1041370520027951105
1041368965442752514
1041351981644734465
1041350893445177345
1041350806576873472
1041350686741454849
1041348364065890309
1041194266180050944
1041193758610534400
1041155664070893569
1041152850653396992
1041134445686747136
1041131869868154881
1041115338606239744
1041115041720819712
1040981703987126272
1040853205490425858
1040851499255918592
1040851250625933312
1040792420286291969
1040776630904467456
1040243260684349440
1040243234474086401
1040019332971945984
1039995216420253698
1039710045888438272
1039675808317550593
1039519432408616965
1039289602106744832
1039289426281521152
1039289140821422080
1039289088208060417
1039265919866830849
1039238052214845441
1039206182102028288
1039187384527552513
1039156255623761925
1039155388866674688
1039030020813901824
1038934213687312384
1038909207020355584
1038808290061242369
1038807744579493889
1038807630364299264
1038807565222666241
1038602850194997250
1038489371387678720
1038489229431463942
1038489173710188546
1038292365251756032
1038281586540597253
1038257347276075013
1038249636991971330
1038207633684029440
1038207160310583301
1038202656991326209
1038193691184181248
1038193656992215040
1038151784051630080
1038115295091515397
1038083991214026752
1037857007246569472
1037812553219366912
1037812526161920000
1037809127911641088
1037799857971318784
1037799198286962689
1037785771816583168
1037785606330376192
1037784362186461184
1037764559010844673
1037713323075063809
1037711949818036224
1037577862511910912
1037569602987778048
1037569465519464449
1037564657534296066
1037563541010579456
1037562377175150592
1037561460879122432
1037559694296932352
1037520826071805953
1037512394258300928
1037509985381507072
1037508213925539840
1037507656070483968
1037507111737933824
1037506628109516801
1037506521188335617
1037504573705871360
1037499427957559296
1037498656662773760
1037497364699729922
1037497296223592448
1037477952307359744
1037466612914253829
1037466358269730816
1037466131877875712
1037436024350105600
1037435812013457408
1037435668790575104
1037435325444894720
1037435058620063744
1037377716280938501
1037376570489430017
1037376365031448576
1037376173590773760
1037345817638531073
1037208022462939136
1037207786218840065
1037207767256326145
1037206703740207104
1037204229612621826
1037200750403829761
1037199638741364736
1037199189216768003
1037199164952793095
1037199144790765573
1037198967682031616
1037181252468494336
1037181091277197312
1037180805955518464
1037179508116189184
1037137269914628096
1037106511275679744
1037106132936871936
1037074364976361473
1037072286979739649
1037068512978583552
1037068481714249729
1037067794028814336
1037066153217024001
1037065547995701248
1037064540758790144
1037063693857513472
1037062213381500928
1037030451691450368
1037030427750359040
1037030275165777920
1037027884257357824
1037026677816053761
1036884170004299776
1036854292114636800
1036851149234569216
1036807935786082304
1036805323351252993
1036803332021473280
1036803279957544960
1036802716507373568
1036802678280474625
1036793271953969154
1036793053166501888
1036792238452273152
1036791015678435329
1036708530651164672
1036708503723765760
1036518399826845696
1036513551085535232
1036486783867879424
1036486737797701633
1036486445442244608
1036484813706784768
1036359267840745472
1036358142920089601
1036356336533921792
1036356287838138368
1036356175707615238
1036355953430425600
1036355632117338112
1036355391150469120
1036354847841239040
1036354575672868869
1036354297061994497
1036186341367631878
1036185761928732674
1036182433849196544
1036175584441729024
1036146512139407360
1036145997565448192
1036145669319225344
1036144627647045632
1036104058145189889
1036102306276634624
1036102158066708480
1036101875047657472
1036100263713492992
1036100037560827904
1036099790931554304
1036032565658902528
1036032548822900736
1036028326895218688
1036016938030260224
1036007181378715648
1035940780597116928
1035940711470780418
1035870515703865344
1035869411947638785
1035753303852769280
1035753201327165441
1035708463551115270
1035680558280368130
1035680022697140224
1035679377181237249
1035678493583925249
1035572437579001857
1035442247485902848
1035399368314998784
1035261464984973312
1035261375713406976
1035261245618774016
1035259702530138112
1035259582338097152
1035259012952940549
1035068866580295680
1035068824486260737
1035068311833202688
1035068126235217920
1035066777158410240
1035066189733486592
1035064405493313536
1035061119562338305
1035060174304632833
1035059936042991617
1035059779926876160
1035059038982008832
1035058289149497346
1035055163189342208
1035044288860643330
1035044080160522240
1035043163344396288
1035035228492845056
1035034396586258432
1035033391731810304
1035033039275843584
1035033026739064832
1035031627619942400
1035026061346500608
1035025889363288064
1035025774900797440
1035016797383053313
1035016714105151488
1034996029710454784
1034995910038540289
1034995678315868160
1034995316754268161
1034926639258320896
1034837554925694976
1034836840077905920
1034632374636621824
1034631581493686274
1034559747117043712
1034559139639255040
1034524890924122112
1034524717237981184
1034524331869523968
1034476859587579904
1034476749604569088
1034474408771866624
1034200200334561280
1034132864386793472
1034132595284488193
1034110845473550337
1034110573712031744
1034096507102801927
1034096380183175169
1034055242382336000
1034054707059208192
1034054564016664582
1034054393304211456
1034054312794550273
1034053194966388737
1033914524355588096
1033913855984824320
1033905919015280640
1033810738471612416
1033746095476633603
1033692725101572096
1033692701756022784
1033692269008678912
1033661332556472320
1033495062112395264
1033494876799688704
1033393133734645760
1033257080310779904
1033255934456344576
1033226707858157568
1033208069843382272
1033207711767261184
1033205445891043328
1033205060094709761
1033204532426158080
1033200777248923649
1033169762459611137
1033169456812314624
1032882893016555521
1032882675244134400
1032742117766922240
1032741898937483265
1032732723071213568
1032731914761789440
1032730908372041728
1032719632547758080
1032719602499739648
1032696925340856320
1032695822243135489
1032673186662440960
1032672432400654336
1032671475591864320
1032671276584718336
1032671117226332160
1032638697013833729
1032638030115303424
1032637723289387008
1032637174250844160
1032635499670724608
1032635416032112640
1032635181809561600
1032634728279461888
1032634689331163136
1032634485873946624
1032577740044611584
1032577617566687232
1032577476478660608
1032577228830171137
1032575561372028928
1032552333731721216
1032551921049993217
1032549979997368320
1032539958743990272
1032514950520926208
1032514704390815744
1032514644517089280
1032514315167784961
1032514145986347008
1032459201803575296
1032453906687655937
1032367039099285505
1032366851613847553
1032349553637318656
1032318017303003136
1032272148520296448
1032272137443110914
1032272018962505728
1032070965679685632
1032070779804897280
1032041526321340416
1032041341520236544
1032041272335159298
1032041170614939649
1032041036413947905
1032040732410896384
1031646368459153408
1031505528453623808
1031491614571520000
1031389705076494336
1031389076287414273
1031364692596277253
1031334391258075137
1031334347758919680
1031334319023775744
1031334085560479745
1031334059941584897
1031323670688411653
1031295644609048576
1031108486975737856
1031106702769188864
1031105029082505217
1031104815944761344
1031104783870976007
1031104564282384385
1031086943101042689
1031086921450106880
1031086777019318273
1031086548895199232
1031004513585385478
1031003852902780928
1030994419963416576
1030993372406677505
1030963911292416000
1030955546256465920
1030955162079191040
1030954429485211648
1030953408478425088
1030953290438041600
1030933237088931840
1030925088974036992
1030907477771005952
1030907355909652480
1030775674158559232
1030723603661172736
1030723157399756800
1030722811302633472
1030722389208748032
1030644439914446848
1030644310788648961
1030607610829930497
1030604141804978176
1030604027757621248
1030603960845910016
1030603633962831873
1030595388544184320
1030594086636384256
1030568358473740288
1030551280354127872
1030551085306404864
1030551004280893440
1030547581099597824
1030529355359825920
1030529250493849600
1030527489703964673
1030524100190466049
1030523760472813568
1030520205263269888
1030507070972342272
1030381763846000640
1030323924821716993
1030316125861494784
1030313112455413761
1030313020113575937
1030312920662433792
1030312718270488576
1030312532894867456
1030309539940192256
1030307072766750721
1030306866214055936
1030306528627060736
1030306092700450816
1030305022024675328
1030304038032564224
1030303523219468289
1030293836952555520
1030293640470384640
1030293537890299905
1030292510533345280
1030292123096997888
1030287750082191360
1030280034672508929
1030279803008512000
1030276051656560640
1030275250779373568
1030274879159820288
1030273865375657984
1030273356535234560
1030273287366922240
1030273114175823872
1030272729964892160
1030272661715177473
1030272378117316609
1030270097657495552
1030258198039515136
1030257059525095424
1030256570754449408
1030255719579152384
1030255414514933760
1030253777297633282
1030230866964836357
1030190239103344640
1030181009554165760
1030179862223511552
1030176982695174144
1030136937380634625
1030136677891592192
1030135513175416834
1030130658482434048
1030130555495411712
1030130310824910848
1030129957370875905
1030129615337975808
1030129461054689280
1030120630258036737
1030120502717599745
1030120332189782016
1030118823263784960
1030118504861556741
1030118121212788738
1030116771921948673
1030116110236934144
1030115515312758785
1030115498933899264
1030115169022562304
1030115130107867141
1030115034414764033
1030114283881779201
1030113199532593152
1030106834172964864
1030105547687645184
1030104619492368384
1030103411465678848
1030102981306241024
1030102810015105024
1030102414760669189
1030101637908418560
1030101499995516930
1030101212488560640
1030100210423218177
1030100111940931584
1030099959050203137
1030046326786932741
1030046154069704705
1030046021064175616
1030045775982551043
1030028702745210880
1030024843473895424
1030024831516008448
1030024771545845761
1030023387878322176
1030022463038545920
1030022067528163329
1030021335232069632
1030021318593277953
1030020983522918400
1030020776924049408
1030020252640268290
1030015743344046081
1030014575100362752
1029821757048336384
1029810229976825857
1029809975726505984
1029809907711664129
1029808996125892608
1029807636458299392
1029772880936984576
1029772767506223105
1029735239621308417
1029734219059064832
1029734079535542273
1029720463377743872
1029697531129692160
1029697044787617793
1029696477054959616
1029680534039871488
1029581797938483202
1029581589951406081
1029580897484296192
1029535401684361216
1029527564077780995
1029527458561777664
1029527138129432576
1029527045355651072
1029526889625399296
1029511657641275392
1029510342676598784
1029475511360081920
1029471705314471936
1029471373255561216
1029471098394402816
1029471033311387654
1029466730655965184
1029429941480214528
1029429534444011520
1029412633001123840
1029411474215587840
1029411333371035648
1029410968726470656
1029410837901893632
1029410484410175489
1029410458573320192
1029405868725391360
1029405842385203200
1029404784313294849
1029395712113438720
1029395499910979584
1029395443862532097
1029394992496705536
1029394910313558016
1029394552661004288
1029394524672385024
1029394334280376320
1029256491134373888
1029216378245373952
1029200578579128320
1029174654794063872
1029174327042666496
1029144482116075520
1029133954866003969
1029125026966982656
1029116063949119489
1029112599936303104
1029112115120898048
1029075647346356224
1029075401476169729
1029075038346010624
1028934239771709442
1028908475030491137
1028756344365436928
1028755419118747650
1028754061024145408
1028753799609896960
1028748602535890944
1028582701253578758
1028582470424219649
1028582257101955072
1028531394262102016
1028527447086493696
1028373462165815296
1028372908178006016
1028329481830719488
1028252191889354752
1028132374188421120
1028132136979652608
1028042930060058624
1027914991494516736
1027914800079093767
1027785822160834562
1027735367934304256
1027735327085973504
1027664943963750400
1027655490489073664
1027655363242254338
1027654896223309824
1027035589026111488
1027034910559690752
1026996373323800576
1026994352747245569
1026994007115624448
1026993342532354050
1026989316604485632
1026989112560037888
1026988942908747776
1026988794984058881
1026987884694331392
1026987398964498432
1026987354550980608
1026885236959801344
1026712175652425728
1026568910026358784
1026137275032264704
1026137175849459713
1025852175681908736
1025852057033424896
1025850215893364737
1025849762270994432
1025437147719843840
1025386071612305408
1025385806943277058
1025223586217218049
1025124838115926016
1024878016617275393
1024838100164308992
1024837965539770369
1024837075424571393
1024821271337394176
1024712902731694082
1024651402163810304
1024508139591225344
1024508093525192704
1024507369479237632
1024507113828040704
1024357676233289728
1024312941883977728
1024171764182659072
1023835458638295040
1023834587938476032
1023813413946961920
1023641276854427648
1023640155129667584
1023639443238924288
1023639359105323009
1023638519049154560
1023637111319158784
1023636329123348480
1023248410445402112
1023248352475930625
1023247378118205441
1023099416834523136
1023046177514762240
1023016135850057728
1023015658110349312
1023014629243420672
1023013723168886784
1023013563164581888
1023012025062973441
1022894428426391552
1022893362217533440
1022892902765064193
1022892693620310016
1022891893024124929
1022891246321250305
1022889828147290112
1022837505333161985
1022137847489286144
1022137109396639745
1022131136351195137
1022117891003441153
1022115038453276672
1022114998213128192
1022114104167653376
1022114071313674240
1022107619098411008
1022106952598351872
1022106603120549888
1022106291261472768
1022105477784584192
1022105334389792770
1022105072455434240
1022104966398337027
1022103974533521408
1022103622283231237
1022103501957001223
1022103054793887744
1022101568198402049
1022101308709384193
1022101081063444481
1022100967028736002
1022100878075912193
1021953702502981632
1021953322897498112
1021952822143639552
1021387625066741760
1021091690336022528
1021090943649296384
1021090719472148480
1021090058592382976
1021089726692913152
1021089406382247936
1021089185451552768
1021088797260374016
1020898852759486464
1020898375552532480
1020897618325458951
1020897069920268289
1020896880778043393
1020809635572224000
1020466631749726211
1020455610792345600
1020455599723593728
1020454468733693953
1020423915473022976
1020411161743769600
1020406002343018496
1020405847854276608
1020405753897553920
1020213330181406721
1020213173628964864
1020212204979666944
1020212119206150145
1020211725176459265
1020211573871206400
1020211471488200704
1020197693199536129
1020196597026525185
1020182643688714240
1020182463350358016
1020182022440943616
1020181661135224832
1020181489818861568
1020180726140899328
1020180695648309248
1020180196656201728
1020179701032136705
1020179622003060736
1020151880553336833
1020151833229078528
1020151620015775744
1020142674098057216
1020141992997556224
1020141671827189760
1020114015043776512
1020113986065317888
1020113841244401664
1020109149319729152
1020108516864868352
1020108183665119232
1020103197942140930
1020102871772102656
1020099016292327429
1020098763908526080
1020097313295892481
1020093713832296449
1020092737134055424
1020090701554388992
1020089722465529856
1020088799202750464
1020088704491114496
1020088424051585024
1020088094136025089
1020085235352985601
1020081876516548610
1020081237149376512
1020080236396810240
1020077858746585089
1020077338275414017
1020076016000151552
1020075080871624704
1020069070815703040
1020069018030333952
1020068309314691072
1020067320293601280
1020065947908886528
1020063638843879427
1020062094459219968
1020060893072130049
1020060256162885632
1020059652766150656
1020059115865792512
1020058478147035136
1020057171193577472
1020056795463626752
1020056549207633921
1020054470514782209
1020053353164779520
1020052755363217408
1020052484054663169
1020052354769379328
1020051416231043073
1020051066090532864
1020050723248066561
1020050400458694657
1020049652362571776
1020048131377938432
1020047766150512641
1020046634355343360
1020045943436017664
1020045353251364864
1020044994294370304
1020044808637648896
1020041532336771072
1020041020837224448
1020040754259898368
1020039041645858816
1020038271689056256
1020037740824428545
1020037479523442688
1020037320056029184
1020036648707346433
1020030964381114369
1020029599080517632
1020029194720309249
1020027244545171456
1020026947257024513
1020025872831602689
1020025659983196160
1020025234605293568
1020024976911491072
1020024608823554048
1020024128831569920
1020023796223246336
1020021951643783168
1020017999204380672
1020017563667816450
1020014864499003392
1020001756774723584
1020001460547796992
1019805586353819648
1019749972848214016
1019749730887188480
1019748348922814465
1019747763624407041
1019747320936652801
1019747108499292160
1019745909163216902
1019744300727324673
1019743378840289283
1019742175829954560
1019741723981852672
1019740434459852802
1019740362875604993
1019740218998394880
1019740061036761089
1019740020087795712
1019670873316384770
1019268065056309248
1019267909950947329
1019267781533974528
1019267717600169984
1019156446783520768
1019156329204572160
1019156178733957120
1019155780639981569
1019155435561992193
1019155268846772224
1019155090517553153
1019154993490718720
1019154862989193216
1019152299799674881
1019152245361786882
1019146442219270144
1019144516979179520
1019144311164755969
1019008755684466688
1019008308726755328
1018941650763014145
1018940173831192576
1018939369820786688
1018938095364812800
1018937254897565697
1018932904842313728
1018359235313143808
1016592412506931200
1015491968477028352
1015491802919419905
1015491738956263424
1015491436282720256
1015491337863327745
1015172507215675392
1015062943958949889
1015061615245324288
1015061531300511744
1015060678694993921
1015057481112772608
1010484874334162945
996278041310457858
996277937400725504
996277748845834240
996277376379056129
996277150947852288
996276965450514432
996276605747015680
996276440302632960
991380103228571648
987758365211148288
978193817063931904
974606996790943745
973958670798041089
973958347408863233
973958300633985025
973955992504352769
959967004911222784
959654161787711489
959653957072175105
959653499813294080
958217082914484224
958216929201631236
954934862783299584
933644513179983873
933644395802378241
933644183776014336
933419486522122240
930595525052661761
930595335931551744
929449714436550656
928402991165480960
927305641630339077
926026321670545408
926026306247995393
923490072661331969
923489707316592646
923489010915295232
923488924525248515
923383772543725568
921144232508760064
921144209268121601
921144175776604161
921144119988072448
921143963712602112
921143774302019584
921143654772649984
920826218378858496
916145442013954048
914196240757227520
913856004344881152
913855233742192640
913842576624513024
911700570087424001
906172167049461761
905352893628268544
905352736476078080
899765889448296448
899764727219462144
896753947490213890
895435287769133058
894327011405045761
894093906710732801
893654321752965121
893653048530149376
893110955877335040
891188513273593856
890590315131699200
887716821012422656
887716249337081856
887058328479703041
881324113033351168
881163027399139328
881162987544821761
878115039336476673
878113302190018560
878111026507431937
878110975492112384
878110555352875008
878110425946050560
876968979792674816
876819997388963841
876817225583284224
876101587025895425
875112601939714049
874702174881697792
874701219222003712
873909973947883520
872287377280057344
872168697749618689
871795202880450560
871795164397748224
867773197873102849
867028866681798660
865255699105718276
864926224816062464
863681360782778369
861641409274683392
861641290131185664
859902780122644487
857182428401676289
857182003363545090
857180774440763392
856922099364970497
856736965730988037
856280440063131649
856173883350671360
856173414284800000
856161215055142912
855708656028930049
855708630447824897
855466636328947712
855466135055093760
854744264902795265
854743686470434816
854743293367799808
854743203265642496
854743134755889152
852786101399961600
850932437567684614
849368813250506756
849368763237621763
847563922504687617
847563104162521088
847562505022984192
847562130970648576
847560126974246912
847559247978127360
845153729611378690
845040315157266436
844117650515021824
844112550182572033
843938826602995713
843840330982076418
842407371741659138
842157813770067968
841171722665578496
841095286378307584
840595574554484736
839144325581680641
839144292530606080
839138661241270272
838578914343727105
838578811474182144
837495884464209921
833986908896186370
833985241270276096
833983629730598913
832642160130338816
832296053772652545
831386216515805184
830819240357736448
830819139287605249
830797761217851392
830797703395237892
830797183091740672
827777921070739456
827777819333652480
827776042471301121
826306482899660800
826306244726042624
823488759647744000
823488361369202688
823457944599568385
823072000792883200
823071287559892992
823070996638801920
823070838597373952
823070640580136962
823070170096680960
823029816278458368
822975665985056768
822717078486405121
822717000279392256
822714956344758272
822712050442903552
822597346433396739
822597111376183296
822503987601543168
822502349075685377
822495136382750720
822494709025153024
821471617490427904
821438595927920644
821263817606766593
821262885867270145
820710486278742016
820707423891525633
818423343338528768
818422685038309376
818421583211433984
818420338694373376
818398027287130112
817751852464734208
817701907904876544
814963517350494208
812917483388555264
812464937763123200
811975748483321856
811651983585050624
811651509708431360
811651040055394304
811650861948469248
811650517231280128
811604003951820800
811599531217293312
811571961247563777
811508852029960192
811400241698082816
811345732204564481
811148439882842112
811133391873581056
811108703973752832
811034231283412992
811010862844477441
811010739246755840
810998718048522240
810992886938419200
810747088468250624
810631681900036096
810625870004035584
810625530135314433
810625226518106112
810625197145354240
810624979603628033
810624150553247744
810449661601251337
810394944200290304
810312343561244672
810082594956001281
809910145031368704
809129361680920576
805297098249801728
804560907418243072
804559986927898624
804559305168932864
803097630310014976
803097348846911488
802608663345016832
802338842749452288
801598621930000384
801598227501883393
801598078520131584
801382696324767744
801361858204758016
800002638251032576
799021049555759104
798928640071254018
798734574758940672
797930113241206784
797834609224347648
797832581999771648
797832117241585664
797831757131153408
796996893653876736
796996556809342981
796040151893823488
796014118243209217
796010747150991362
795745393539629058
795744766096916481
795744498521239552
795743832448987136
795743316239216640
795741172111065089
786783956645523456
786781315945205762
786780054499975168
784766309468741632
772813573152092161
745490230992461824
725817915413417984
691633831099510784
691453775354032128
668387836534456320
664264473457266688
664264295543209984
663942006180290560
663936591652593664
654763893340770305
638819673417453569
634610076544700417
615767363804213248
597924522205908992
597924435815837697
597924375535296512
582984458137047041
580776352770461697
554668519405518848
550453001437986819
548605121735565313
534676210391859201
530841566105972736
530470631008387072
525335503839580160
518569516951822336
518088384485396481
518087175749898240
495055163288457217
495054520725286913
494243070032887808
485176100515893248
449572629238665216
444219737891799040
444219704706494464
441398587608420352
438095163093565440
435150769398882304
433987735523561473
432106475733782529
431528247663157248
428148317936443392
428020429853184000
428020141532540929
427983932936577024
427982439336509440
426036927536451584
426036856552046592
420423866112942081
419574088722427904
406676839336136704
405273630981894144
396185521195450369
392035672011194368
392035067003797504
392034439493980160
382637591826161665
336426718199959552
336336350112526336
321832863777566720
321832757682655232
319980273611702272
313306405929115648
313149647751360512
282202266214211584
276058341501964288
238107867171913728
237634867767177216
206979832918192128
195297306487169024
167832121501683713
162379231211425792
87535807790972929
77772415761002497
11443868096
8284369126
6657170235
6657165237
6510422742
4964056980
3706468070
3180739514
2707979325
2706219878
2696782399
2696769386
2593631862
2414437693
2384758694
2346829714
2317654785
2290245939
2240264263
2234793550
2203134802
2179881292
2135025967
2119012704
2101703191
2096171222
2056976050
1919374508
1869569452
1779319091
1756771953
1755414040
1735560081
1680377455
1637785497
1620644046
1557053774
1497678020
1455279010
1434458319
1430036962
1422258450
