1330135176748429313
1330135175578193925
1330135173720121346
1329910204360757249
1329910203245097060
1329910202179661824
1329910201177223169
1329910199914811400
1329910198945927168
1329771379126890499
1329771378111819777
1329767891403755523
1329767890376159234
1329767889415643136
1329548377034526720
1329457991351996422
1329110857721278468
1329091792235446276
1329078288187211781
1329059949792604163
1329055168055435264
1329043286816944128
1329041195381776384
1329040442911051776
1329016968884711424
1329012120533528577
1329012118373474304
1328671457845661697
1328671456398602240
1328432250862579712
1328349597576687617
1328349050211590144
1328349048038940673
1328339403459227648
1328339402372866050
1328339401311739905
1328339399977873412
1328330347491319808
1328330346383994881
1328330344538525696
1328325561765289985
1327795640496218113
1327772091572252678
1327770682344710146
1327101476494331905
1325412598620229633
1325412597739511809
1325284312791609345
1324833445110026240
1324692844863434755
1324692843697352705
1324692842657337344
1324509672502661120
1324412778803826688
1324315458946957312
1324315457785077762
1324315456526819330
1324315455360798722
1324315453712486402
1324315452617744385
1324058252708118528
1324053602747506690
1323983473003167744
1323970747665207297
1323970745911910402
1323899333545283585
1323869262751191041
1323868574046425089
1323774823319937025
1323760092580319232
1323647827289976833
1323622257479061504
1323620809064304648
1323601282985271297
1323601282091855873
1323416520102498311
1323298545353527296
1323243776580689921
1323243451236888582
1323243450184196097
1323243448707747841
1323087790461038593
1323014233093820417
1322541411359707136
1322498014926299136
1322173410286456834
1322171400405291009
1322171399226773504
1322171398178164738
1322171397272182791
1322163140512092167
1321919331853324289
1321879056137265152
1321812665585512454
1321812272696725504
1321646072343764998
1321105307041517569
1321105306068373504
1321103461350604800
1321103460260106242
1321103459224080385
1321070683036725252
1320905101221990400
1320902111366914050
1320901768545472517
1320887981159448578
1320518532963160065
1320470874739351553
1320376453696020483
1319637296271032322
1319635562119266304
1319298215213211648
1318885110637301761
1318885109681037312
1318885108611428353
1318885107676139520
1318878061593546752
1318371028138078208
1318371026162638849
1318170861489315840
1318170859840917506
1318167898725191682
1318161607982272512
1318031260065869827
1317881144898191362
1317855058982207488
1317803946694594561
1317803945700610049
1317803944211632128
1317622819589656576
1317622818193002497
1317497086615703552
1317430975996043266
1317430974406397958
1317429415345795077
1317426115758166016
1317426114290241536
1317426112964759554
1317422514415587332
1317422513090138113
1317421069578493952
1317200462454685696
1317200460885987328
1317196893353541632
1317196891902431234
1317151689716236294
1316766863028781061
1316766861145583616
1316766859761516544
1316766857249148929
1316736684034265089
1316705808793600000
1316698441293213698
1316698440332607488
1316698438889869314
1316336148625723392
1316336147359031303
1316336145840693249
1316336144569831424
1316336142862766084
1316138779107786752
1315746228664258561
1315745635727966209
1315638289815265287
1315625521280102401
1315625519510106117
1315622834480259073
1315622833482063872
1315622831854702593
1315617111151202305
1314880935217725440
1314880934131494913
1314880932562776064
1314673238266572801
1314582912289968132
1314582910909911041
1314374871040831490
1314374870000599040
1314374868977188866
1314371616709709824
1314312032242499590
1314181751992987651
1314163125214687232
1314163123830616066
1313801874122969088
1313801872965275648
1313801871992201217
1313801871082041344
1313801870155157504
1313801868745887744
1313801867785310214
1313489669099794433
1313472366970843136
1313444736439668740
1313105376871624712
1313105285205155840
1313099984087252992
1313095469464158209
1313095468600221697
1313082666812612608
1313082665873088513
1313082664816177154
1313082663402639361
1312741259769937921
1312378938690281479
1312378937302020097
1312378935821336578
1312181945640480768
1312161207361572864
1312142985413369857
1312041097913348099
1311703732955090954
1311703731952652290
1311700170338258944
1311700169180798976
1311696483507490816
1311687656011706374
1311266242666418177
1311266241668055040
1311263412488413185
1311263411330785281
1311263409929891841
1311158219939643393
1311158213828644869
1311100297100570624
1311031796646195207
1311031795241103360
1310933582517592065
1310933580084916231
1310641598854828032
1310635416257691648
1310634535688732672
1310634534392786944
1310627397482483713
1310627396509368324
1310627395548962816
1310415851913445377
1310415851150028800
1310339198310854663
1310311955513647104
1309980409560805379
1309638436542976001
1309638435150405632
1309638433367785478
1309631356494807041
1309631354905284611
1309631353823076353
1309631352401211399
1309628838977187847
1309628838121529351
1309628836527644673
1309628835286130689
1309583493362528258
1309454749255847936
1309454748194615296
1309454747238268928
1309454745392893952
1309323450381676544
1309262333915664384
1309169300201181184
1309161335314358272
1309161333645086722
1309159493922627584
1309157355540672513
1309150546746650630
1309150544532041732
1309146443421282304
1309146442083205123
1309136074921381888
1309134896590397444
1309131327166390288
1309131326159826947
1309131325027356673
1309131324008136708
1308862919011172353
1308739077387309056
1308739076405841925
1308739075441143808
1308735961698914304
1308735955596201989
1308735953494777857
1308732050913087490
1308581466805239813
1308539769874513920
1308479897246019584
1308479896084250624
1308479894872035333
1308479893689204740
1308479892179365889
1308409384226217984
1308356565779525633
1308127825103335424
1307875956867174405
1307874995608211457
1307874570754576389
1307873792325230592
1307865898666074114
1307858963111841792
1307849763107241986
1307849762163621888
1307766948197998599
1307298571687993345
1307297907050270723
1307297589822459906
1307296274778066944
1307149956004933633
1307142839047008256
1307140520507052032
1307140519177355265
1307140517789081600
1307140515784253441
1306915176675975170
1306915175262552079
1306685067889123334
1306628832552771585
1306627789400027136
1306623895345168386
1306415682297499649
1305697807458881536
1305645163889516544
1305643213949108224
1305643212690915334
1305640736759721984
1305564253689176066
1305559392511823873
1305559237616164871
1305296853160910849
1305296851642593280
1305296850182963202
1305296848211542016
1305293729452957697
1304775210973851651
1304769020441366533
1304768879802093568
1304756696825450497
1304755805070282754
1304566457674727425
1304521302846382083
1304376769944969216
1304376768380502019
1303842948350726144
1303754444820054016
1303754442697846784
1303752593282347009
1303752591621459968
1303677368188444672
1303677365864800256
1303517163479863296
1303386957251317763
1303333580685430787
1303332785218781185
1303332783776051200
1303332782287065089
1303114783626088448
1303066136427278343
1303065942579126273
1303041216506978305
1303038350140616711
1302969431077904384
1302759864897286144
1302701154653044737
1302644230767218692
1302436525507043328
1302435643612639232
1302213796354719745
1302213795247517698
1302213793443991552
1302213791837544449
1302204851846348801
1301887270799241216
1301847995764420608
1301847994602590208
1301847993570734080
1301847991762980864
1301702080063823877
1301633249526112262
1301511657374580738
1301264519650516992
1301264517385592838
1301254035668959233
1301254034444242952
1301254033144008706
1301254031961096195
1301254029306204161
1301250799645929485
1301250798215737344
1301150888598425605
1301148487090876418
1301138885611839489
1300986805723037696
1300800287452663810
1300800285409980418
1300789706775556102
1300789705517281289
1300789704393199622
1300789703290089473
1300789701738139651
1300622195299938305
1300622193827745793
1300619050985365504
1300617898247979015
1300616573317767170
1300613506060955651
1300609489347981314
1300590160707547136
1300502660399988739
1300499217908146176
1300484116765433862
1300217523858800640
1300042932846817280
1299314232941596673
1299310565785993216
1299309717878181888
1299309716842196993
1299309715789361152
1298459925052612609
1298431909916299265
1298412098574340098
1298411752997244930
1298405961124765697
1298348226924417025
1298239510782922753
1298068452037591043
1298065578117275648
1298038773998071811
1298038773050220546
1297866514654257152
1297717372699254785
1297717363694067719
1297717350452678657
1297712613363724289
1297712610889129984
1297616194904743937
1297210219622215680
1297210217394995204
1297210211321749504
1297207916236333058
1297207914529280005
1297207913623236608
1297150875740393473
1297149338620235777
1297147968131391489
1296776443318489089
1296776442202726400
1296776441087119360
1296774352621510656
1296773351751458821
1296773350639968256
1296773348920360960
1296773348081401860
1296768533116977152
1296767717115080704
1296464255257018368
1296462087359782913
1296456791954464769
1296456790813663240
1296456789647597568
1296453029659660291
1296453028350918660
1296062698728325120
1296062697906348032
1296062696966754304
1295708981550350341
1295708649827053568
1295179322693750784
1295177616182382594
1295158543755153409
1295158542710845440
1295158541666471936
1295158540022304770
1295158539024060419
1295145428309151749
1295145427113738244
1295145425750687746
1295101297054699521
1294965738600632323
1294628869023162368
1294618206620000257
1294618204313202688
1294365144647163908
1294348991363194880
1294344915300896769
1294344913551859719
1294343248098582529
1294341466622484481
1294341465670287362
1294341464659566596
1294341463757721603
1294337380334411776
1294337379344494593
1294335179138502658
1294335178266091520
1294332994317176833
1294277907586703362
1294265970496868352
1294264979873509381
1294261767565180928
1294261766629863425
1294259821160660993
1294259820044771328
1294259819122176005
1294251450986528770
1294248813234991104
1294248812014379009
1294248810881966082
1294248809661374464
1294008824844759044
1294008823326408704
1294008819962568705
1294008818444140544
1294008816988819458
1293943741837959169
1293943740906823681
1293885969008070656
1293885968186056711
1293885967342993411
1293885966499876865
1293885965518491648
1293885964725755904
1293880711401922568
1293880710537895937
1293880709728350208
1293880708876972034
1293621999647043586
1293526864452104192
1293526862262566914
1293516076249014273
1293516075137671168
1293516073627725824
1293514840829505541
1293514839030202376
1293284921616859138
1293284919234437122
1293283438594854912
1293184165844672523
1293181929995542528
1293181929139900416
1293181928301105152
1291886710771658753
1291787090192224261
1291783622614233089
1291716009557217280
1291716008508624897
1291716007594262528
1291716005903978496
1291712194078543872
1291712192337842176
1291712190895001601
1291712187850018816
1291712182045081601
1291712179859869700
1291557602082590721
1291556801729699841
1291556799309643776
1291412275081949185
1291412272687063042
1291403493396422656
1291403492041646080
1291403490523254784
1291117425375825921
1291115651776548874
1290479779771162624
1290479768991719430
1290477952824537094
1290477162579910657
1290477161212592131
1290477159669096448
1290473364205830150
1290473361848651777
1290470564944060423
1290470414758682624
1290430531004444672
1290014787582087168
1289767527862525953
1289656736085954560
1289572185628016641
1289572183904145416
1289370252896165889
1289176481445289985
1289176480304357376
1289176479041900545
1289176477896855552
1289176475271229441
1289176470741368832
1289176468132466688
1289008740784640001
1289007890272051202
1288810458091327488
1288810457306996738
1288795925167702016
1288511422910140418
1288507642718105601
1288420754225332224
1288230443574267910
1288207500341379079
1288207498911129601
1288207496922923011
1288152028351533056
1288151822092435458
1288101128954052608
1288088581580509184
1288087616055848960
1288087614889897984
1288087613795176449
1288087612343963648
1287922674740727809
1287796819767046147
1287749116936761344
1287567685476397056
1287567683907616768
1287567682334842880
1287567680724250624
1287559433321504769
1287464949715996677
1287075991387545601
1286991006332858368
1286991005208772609
1286991003912675328
1286991002805428227
1286991001069015040
1286991000011976704
1286990997126352896
1286708801597571073
1286706113119911937
1286670010379841537
1286660626832556032
1286660625725358081
1286657945892200449
1286657189147533313
1286635781960982528
1286635043096530945
1286634094789562368
1286463326487302145
1286325101571592192
1286324932109045761
1286054913039126529
1286052181808947200
1285945992983052291
1285542647197839360
1285542645855641600
1285542644601552897
1285542643330678786
1285537102625738755
1285537101526765568
1285529669698232320
1285294058584199168
1285280933428506624
1285174078165463043
1285018361533956098
1285018359923445760
1285018354349211650
1284996686390218755
1284820925104496640
1284820923825233922
1284819568704225281
1284819567446044673
1284815862655066113
1284815861505818625
1284815860541120512
1284815859605803017
1284815858007773184
1284196136278986752
1284186277043154946
1284186275587784704
1284183739824844801
1284181284508569600
1283782651967500289
1283720615128694786
1283719082924224512
1283719081934413824
1283588720495599616
1283576491742298112
1283570174734618625
1283570173312729088
1283568451383173121
1283561178409635840
1283475561709547526
1283367001059205120
1283347342775783426
1283109949212700683
1283055600834945028
1283032429406691328
1282852365465518080
1282851930054840320
1282850860364701697
1282847962297774080
1282842452244799497
1282842057996992512
1282838853737492481
1282819552951316480
1282465841263648770
1282408215276380161
1281980866747682817
1281977600177577984
1281976239029444612
1281974905639231489
1281969655557521411
1281969653326241792
1281660878631444485
1281658538130120704
1281657963560800261
1281403693301215232
1281373365119463425
1281372827820621824
1281371740497731585
1281211053221838848
1281211051091116034
1281209148982558722
1281209147351064577
1280930676322242564
1280916625676476420
1280905907451428865
1280905816716054531
1280905582812246016
1280831986320506880
1280831985200627712
1280296936453681157
1280226789806268418
1280219245998112768
1280219244152737802
1279958260175507457
1279958258766221312
1279570788392337409
1278707790199107584
1278667277303504898
1278667275231465474
1278667273084055552
1278667270684901378
1278660766992928775
1278650526083792901
1278034841628561410
1278034838466035712
1278033106751102977
1278033105639669762
1278033102028386305
1278031153845481473
1278031152771674115
1278031151102394369
1278028894571036674
1278028893459558401
1278028891786018817
1278028888002748418
1277787753913163776
1277770465222840321
1277696232647995393
1277391712810422274
1277052848820322304
1277052586315657216
1277051618219954176
1277047203165622272
1277046973649092610
1277046490834272256
1277037572561215488
1276984838025818112
1276984395153518592
1276983751780769797
1276839380028719104
1276667561518735370
1276667560012939266
1276667558763134976
1276667555160129537
1276667553855819776
1276664449198428161
1276612052266737672
1276558244123729926
1276557766874849281
1276556105167052802
1276555529754750977
1276331462824988672
1276331308424278017
1276245667275591682
1276177921409982464
1276175115550629888
1276155117092438016
1276155116119343108
1276155114919690241
1276155113770491907
1276155111572725771
1276149493935812612
1276148165679419392
1276148150911279106
1276145390174253061
1276143545309683712
1276142851022340100
1276140830269587456
1275967382687711232
1275902492157587456
1275894554076549122
1275819864993734656
1275819483110785026
1275819236976472071
1275818965860843520
1275805158488899584
1275609969409261568
1275599141276651522
1275583951076298761
1275582729619456007
1275552541393276930
1275252597918703617
1275163635095154688
1275163086530502657
1275110263705001984
1274887189915226113
1274886496349274116
1274879934742364163
1274879933827907584
1274879932229980167
1274878034391248898
1274398542698864644
1274112561223544833
1273971673172267008
1273581233319088128
1273580115734208512
1273580114866044929
1273441335551328257
1273441333978566657
1273441324121952257
1272977280021811205
1272960124227858433
1272917128191115264
1272897396909977602
1272881054425264136
1272714801509273600
1272710156598509568
1272710153373126656
1272705676494675968
1272705675551006720
1272705674611433473
1272705672220741633
1272705660933808134
1272697840335302657
1272692348368060419
1271949996083068930
1271190651456102401
1271168466263969794
1271166618484301827
1270741196877561859
1270721353583177736
1270022365628465152
1269990458798850048
1269989364144263169
1269940577115803652
1269653234320367627
1269478118819053570
1269436345103142917
1269432463325093888
1269432451195076608
1269348883190202368
1269302689269235715
1269302687620882432
1269302684504506368
1269300825953886208
1269026496317992963
1268962390701457408
1268885878790918145
1268885877763330049
1268885261708152835
1268873257933058049
1268697562921545728
1268696323169058819
1268532171884695552
1268500945601691648
1268499550655975426
1268493394449399808
1268493393002446849
1268493391123316737
1268257337116155905
1268245371022651393
1267933589485821953
1267933444971118592
1267922455152254977
1267861142384398337
1267861141335740416
1267861134998212609
1267814278817603584
1267814152367718400
1267788824471625729
1267788823443968000
1267788822416363523
1267785151376953344
1267652342721241088
1267635353575448578
1267634999572017153
1267269253759225857
1266936589629956103
1266822555794636803
1266771575967268867
1266771180880646144
1266764841940914182
1266423550476500997
1263939411768741894
1263790423539097600
1263088111824834562
1263088110436564993
1263086197863309312
1263086197099958272
1263086194956607488
1262834318805798918
1262821642696306691
1262821640989216768
1262821636304183298
1262821634903343104
1262819558265675777
1262816654330933256
1262816650925129728
1262448296427171842
1262437467501875202
1262437465803182080
1262436058077298688
1262189070740054016
1261795444440600578
1261680955049246721
1261680953119985669
1261680952188829697
1261680951039594496
1261680948489445376
1261672005633478657
1261672004530376705
1261672002181619719
1261287662230609920
1260552951543795718
1260550452921450498
1260549170538196992
1260546826350010368
1260545809952714753
1260272184846684163
1260269446423367683
1260198045054046214
1260010566753505281
1259866143118045187
1259865738103468033
1259267976215347206
1259105227720065026
1259105226705035264
1259105224779796481
1258736618451750912
1258736617331871745
1258736613212946432
1258736611749253121
1258732933730443267
1258732932124102656
1258732931180310528
1258727236041089025
1258727234539569152
1258724465799827458
1258724461286690817
1258514063581081600
1258365158755389440
1258365157790621696
1258365156268138503
1258172814156337152
1258172813082574849
1257749283576610817
1257749282268106753
1257749279956967429
1257384607680512008
1257382033988489217
1257358419608076288
1257357516679319555
1257357514926108672
1257356405721399300
1257354506444115968
1257354505345261573
1257354503554248705
1257354502442831872
1257354501394235396
1257354499674513410
1257286810629177346
1256775363079831552
1256621401366298625
1256621399927664641
1256532344300806147
1256532342656700419
1256531176011022338
1256531174723379202
1256524529612005376
1256522409982808064
1256433146926686210
1256416596010176512
1256415662181842945
1255807597686460422
1255807596306542592
1255807595346046977
1255481066300813312
1255480578989789185
1255477135470481408
1255473007394459660
1255473004462714880
1255472996002693121
1255156889979179016
1255155862173298688
1255155861355466752
1255155860256575488
1255155858876628992
1255149799684272128
1255128353113333760
1255127099813310466
1255125715470729216
1254841147685552128
1254766519889866752
1254737532417384448
1254453015957954560
1254448189811417092
1254434810753363972
1254430714004738048
1254430101938286595
1254429247957086208
1254207914715340801
1254189116062826497
1253876719326560257
1253873739172909056
1253816737109286913
1253816503465631754
1253781089056960514
1253779004919885825
1253779003254747137
1253717846607245313
1253717844753362945
1253717843394379776
1253467097495199744
1253467095939104774
1253467093208621063
1253310820563456013
1253310818864828418
1253305865316323331
1253301174788403201
1252978342124564483
1252978340564217856
1252972453363691522
1252972451832582150
1252972450624790528
1252972449525903360
1252972447848173568
1252969446278344705
1252617353596227586
1252616633283117058
1252581908933943303
1252532158931128320
1252392442428403712
1252392441002332167
1252392439345590272
1252392437630119937
1252392435486879753
1252214965563461632
1252212785725014022
1252210223063937024
1252210222032134149
1252210219263893508
1252206431970918400
1252206429089513473
1251838351403073537
1251838349926686720
1251838348836175873
1251838347602997249
1251838346579652613
1251838344306339842
1251509129732112384
1251509128314392581
1251509126997426177
1251506692031946752
1251506690337488898
1250960880663236609
1250959260076388353
1250959259157790720
1250959257962524674
1250959256972677120
1250888061757644803
1250888059727556608
1250847872033206272
1250847870380638209
1250847868702818304
1250847867763404806
1250824044926173185
1250751628593987585
1250751627767812096
1250419813219848196
1250419811563253760
1250417076856119298
1250417074708627456
1250413251617263620
1250413249876680706
1250410976882692097
1250230918146592768
1250227678130700290
1250227024486182912
1250137152270319622
1250134812888829955
1250096129989128192
1250025883706015744
1250020840139300865
1250019342395244544
1250017331914424323
1250017330270216193
1250017328055685120
1250005855891787776
1250005853899575296
1250005846953799681
1250001757557702658
1249885855675813888
1249879566459510789
1249877104726085638
1249678722929655809
1249677126888042496
1249674284848549888
1249672444119592961
1249668995407646720
1249668411086581761
1249668409438146562
1249666436928360450
1249664749152931840
1249664747760496640
1249495552934514694
1249148384964939776
1249148017237733376
1249143113802813441
1249143112406118402
1232279054046330880
1232279053060788226
1232279052159012866
1232279051282325510
1232279049382309888
1232276209045843971
1232039283080474624
1231741410484858881
1231701274774659073
1231646510150012928
1231340922652282881
1231340273378131969
1230892944414191616
1230853216218296321
1230355529517670401
1230353515194781696
1230336798532030464
1230327328062001153
1230325752660463617
1229950098362261505
1229949477236170752
1229947025283784704
1229945314603347969
1229943317271633920
1229942200169115650
1229941052829847553
1227432535841484806
1227413406480785409
1227410373415927811
1227405661987840004
1227402937510567936
1227401891807625216
1227401890704625664
1226721533990752256
1225554418961199104
1225388033165361152
1225184608934879242
1225184224640229376
1225183842648104960
1225183176768790529
1225149707317628928
1225044307616419840
1225043998940844032
1224849018917916672
1224447881832099845
1224447879906914304
1224183308520693760
1224167922265968642
1224142981177004032
1224020090397581312
1223631826973007874
1223410619669458945
1223318145978503168
1223318137979969539
1222957466020958209
1222615165071495170
1222259330453516288
1222248989405384704
1222248985873743873
1222247994730348546
1220872276050087940
1220868663403778048
1220173354138685440
1220172771629531136
1219256505569955840
1219255911870386176
1217998884485632001
1217849335007850496
1217086940320804864
1217085950096003073
1216798090675589120
1216796438509883392
1216339681421484033
1215292534043369472
1214743235098226688
1214737053973389318
1214737050945097728
1214731761789423616
1214717741426458625
1214717738729574406
1213812055213514758
1213812050461384705
1213238969183473665
1213238349361750019
1213237646065098752
1213237644949409792
1212438429348311040
1212430614982512640
1211464742050697216
1211464741035622400
1211464739286597632
1211464738296750081
1210734020247445504
1210535532029186050
1210535531089661952
1208861067612491777
1206985254755602432
1206766871749500928
1206756082716205056
1206549042471325697
1205228814814580736
1205139725356556288
1205135723868889090
1205128782035767296
1204941779906289665
1204220505076707333
1204012879109705728
1204012878094839810
1203863416621948933
1203863415321694209
1203861767375462401
1203861764519157760
1202769630475018241
1202764284834516992
1202762464691204096
1202605895101886470
1201837199458807808
1201256748067282945
1200787315414700032
1200250082488201216
1198942617016373248
1198419252522471429
1198414086305964032
1198413474717749248
1197952952209723392
1197952442807308289
1197948880362627075
1197732352170045446
1197726734805880832
1196815481983963138
1196809135800639488
1196808143558324224
1196807509299871745
1196183173924872197
1195453818617634817
1195366515815657474
1195364405472571397
1195363273337692160
1195343477577531398
1193683623238656000
1193143413241262080
1193142449323094018
1193141796739723265
1192597323781677057
1192177616255631361
1191110548978642944
1191108881830883329
1191108136058400768
1190612801192185857
1190297924791685120
1190296593737621504
1189899121693483014
1189501697275695104
1188882593388908545
1188550953135431685
1187916185712631808
1187913387688284162
1187912441612640261
1186790960279293952
1186783180151578624
1186698545203744768
1186686374692478978
1186674366744092673
1186673349566570497
1186300133237055488
1186013067047514113
1185899215085420548
1185897641084895234
1185895442363703297
1185893211757273089
1185892882680557576
1184454660167520256
1184453172301062144
1184450580607057921
1184448178034298886
1184447575644131328
1184182975086452736
1183571978814447622
1183423243761397766
1182315820472573953
1182314924955045890
1182314249068171266
1182306508048125957
1181742766616928256
1181207383932055553
1181206811568988162
1181206143508631555
1181051794123874306
1181010164763238401
1180999032841424901
1180832235404046336
1180143755619422210
1180137367920873472
1180122286701125633
1179853873713954816
1179782451117379584
1178748610839793666
1178747100366016513
1178745716094713856
1178660827743825920
1178657161104252929
1178404638770569217
1178401468937854978
1178400777162969090
1178391467020210182
1178047807304998923
1177768284848099329
1177751744803217408
1177749415211220994
1177743675603984384
1177742660532080640
1177742129155706880
1177681523782369280
1177681076782845952
1177345593569611777
1177262596711432192
1176843799940780032
1176587235103313926
1176585620849909761
1176154530628722688
1175930164833918978
1175878893183623170
1175872865868144640
1175854379452239872
1175851834759700482
1175410261781557255
1175407809627918337
1175229143266549760
1175223139581734913
1175054631141040129
1174720275168092160
1174371588977963009
1174370854601445376
1174370416007274498
1173668165496254465
1173666718750781440
1173665538511425537
1173661544497995778
1173347627930439681
1173063767665647617
1173063050821275648
1172695567388106753
1172638109651099648
1171971533008449536
1171766219373985792
1171765400041918464
1171584780451946496
1171527288464138242
1171522972701487105
1171522360538591233
1171248717841797123
1171242585173766144
1171241358914404352
1171240029009719296
1171237954796359680
1171110186620268545
1169599318652854276
1169598766225219584
1169421127602593792
1168944120649474048
1168934047718019072
1166873238380699649
1166871888632733697
1166870379400454145
1166718207673143296
1166535953101611008
1166181419493859329
1166162103964721154
1166161063441850371
1166160297872244736
1165454171589500929
1164534272692297728
1164494575161008129
1164357834940801025
1164357211566608385
1164128661185998853
1163856184354508800
1163855704614232064
1162180527153192960
1161726150026170368
1161034891653341184
1160708792167948289
1158783148362227713
1158782603010486272
1158748158513614848
1158687560908050434
1158686836300091392
1158684261286850563
1158683206872440832
1158507696406052867
1158354612069556227
1158340478124863493
1158334596313997312
1157053054325313541
1156939243496923138
1156938671205093376
1155532094065582080
1155531691185885184
1155317787029659648
1155265068130557953
1154903948345696257
1154896488067149826
1154515082816233473
1154506876668669952
1154504658649571328
1154504360371642370
1154449745420652544
1154405829673705474
1154124552378703872
1154023988202549248
1154018157725736960
1153369440366604289
1153352805131980801
1153255096647639040
1153253655400853504
1153251776562442241
1151933953957400577
1151439445184393216
1151438786699640833
1151437755454578688
1151301623483949057
1150721020791332864
1150716032283074566
1150715417243062273
1150583565366771712
1150024621426696192
1150020661743628288
1150020074662744064
1150019064615571456
1149754945572364288
1149751976177098752
1149751513956442114
1149749558274134016
1149623444486492161
1149622332136144896
1149621890127765504
1149621368972988416
1149360776391643136
1149313884915994624
1149307605426278400
1149261011838525441
1149260596656922624
1149136838814306304
1149134240770154501
1149041412035530758
1149036988382756864
1148401030310322176
1147838297919688704
1146432400467070976
1146405090498097153
1146399187287924736
1145768654698680320
1145765535692611586
1145494042270208003
1145485853390774272
1145150979597357057
1144558518961344512
1144556445830189056
1144555758857719809
1144453907743035392
1144452840032575490
1144451385641046016
1144198437312827400
1144195779504082944
1144194787148468230
1144190085732155393
1143507812171046912
1142432612834844672
1142231208593698817
1142087272680108032
1140774855115255808
1140723499838914564
1139528092047892481
1139175765688377347
1138087436549050368
1138086938685181953
1137688966910681088
1136685668682346497
1136684846489751552
1136682380499070977
1136274564617515009
1136257713300803584
1134652155758075916
1133769615971094528
1133769575521280000
1133769079259639808
1132075489340907520
1131216159548817409
1130899860847235072
1130651592074649601
1129446289513566211
1129438368398487552
1129436264481075206
1129433402891997185
1129431863758610433
1129399637209751552
1129399332552224770
1128612026719326209
1128611530864582657
1128319501395689473
1128290899358883840
1128289389589729280
1128287745061859328
1128286498850254849
1126312676223856640
1125199981328183298
1125198486889222144
1123611396242120704
1122904365407326208
1122903609304342529
1122269696722710528
1121729623178514438
1121489204381409282
1120683550993465344
1120683548447531008
1120682457353924610
1120682455571288064
1120678874516545536
1120678433514840066
1120461295634079748
1119914658289336320
1119392786938302464
1118580954233233409
1118579553482551299
1117854029319512064
1117231734813265921
1117230553110130688
1117229773594484736
1117099646470508545
1117080041572188162
1116837531792941056
1115663676743258112
1115663083932913666
1115322866545901569
1115321233116151808
1115312130885079040
1113183774450302976
1113152856322977792
1113152546284146688
1113136908517900288
1113120234821554177
1113119796667826177
1113119378210467840
1113119205983948803
1111940122977685504
1111939617220108288
1111938078292303872
1111333364999557121
1110712986115731456
1110691817815719941
1110690615057108993
1110689864431951872
1110621370117963776
1110155081914241024
1109463115140423680
1109159960829661185
1108350259833507841
1107985776665640962
1106305492538802179
1106304657960374272
1106304191687987206
1106303480631824409
1105552738656677888
1104710225100193793
1104458103616098306
1104456652114329600
1104455810799804416
1104455738259394561
1104085850277711874
1103335970160758784
1103105804201275393
1103099131038523393
1102383509610602496
1101579272903364608
1101577891865862145
1101575470884237317
1101575109100429312
1101574423818223616
1101571342896451584
1101570321461714951
1101296065821753345
1100908401423462400
1100908152751570944
1100832387246837761
1100790606476070913
1100782884955271168
1100549139690078208
1100469137653092353
1100468931175813124
1100465259255599105
1100461473606844418
1100458836383711233
1100458306097815552
1100434029621530630
1100433240513540105
1100432653487165440
1100431828572348416
1100431410257633285
1100413319255515136
1100413095040544768
1100362081948323840
1100361663243608064
1100361075000786944
1100357177372479490
1100356937240231936
1100356614459146241
1100356450357002240
1100356220240781312
1100153049287483394
1100152592406114306
1100124440313192448
1100079888663539714
1099133412902871041
1099131583506903040
1099129329546604544
1099032235221630978
1099032005960962049
1097932079747293184
1096813792359600128
1096811565960044545
1096761093832278018
1096544494793703425
1096543472574783489
1096199765614841856
1095875669332963328
1095875011301306368
1095858970911277061
1095843789191692288
1095834211959955456
1095816762531237888
1095816326747226113
1095816042247585793
1095795247471308815
1095788775383486466
1095777219195166720
1095777001124835344
1095775260308393989
1095769334847279104
1095767268443803648
1095766588014428160
1095766339250282497
1095766154226909184
1095764543802929157
1095764412558909442
1095764231268585472
1095764011734482945
1095762944770695169
1095762541052088322
1095761454979010560
1095760732619268097
1095760544097816576
1095758859761840129
1095757871118237696
1095757742323707905
1095756815034400769
1095756535827959809
1095752055233368064
1095088009438027777
1094764367680286720
1094761582415040514
1094240115872927745
1093946452353658880
1093603609869205504
1092984823378071553
1092838488632946688
1092837998499188739
1092835050213859333
1092834738753150976
1092832010488475648
1092831439975055360
1092831194591444992
1092830896460304385
1092830560211386368
1092828340942196738
1092827752397500418
1092811355944599557
1092255676297105409
1092253996738326529
1092217985752805376
1091724579301744641
1091723689584939008
1091542883520389121
1091541076521992192
1091539925651079168
1091538613748359168
1091524578621427712
1091466546252259329
1091017531492626433
1091016586763354113
1090922744802410497
1090706041677987848
1090683798755463168
1090657696100073476
1090369285988462594
1089678019902521344
1089604868501835776
1089518472269303813
1089517831157354497
1089516622245695491
1088542651027202050
1088541022425100289
1088450829458169857
1088110030883295233
1088108635606208514
1087788564258131968
1087504719256391680
1087376554395615232
1087187381822939137
1087138901771386886
1087101067236704257
1087099134463672321
1086952232036286464
1086683994299813888
1086682912060305409
1086680723573145600
1086249298084417536
1085985136989097990
1085917332629708804
1085916608734867456
1085904792113704960
1085904347039481857
1085541588728729600
1085538508364759041
1085533315057287168
1085504384950300672
1085502344459153408
1085362632889110529
1085361468231565315
1085349838185816064
1085349177016676353
1085348529114091520
1085264330839461894
1085260720332251136
1085257217765445632
1085251657858994182
1085250319532068864
1085248255754190849
1085247122495164417
1085208049630040064
1085194235643478016
1085187959035449344
1085187541429477377
1085172699066978304
1085149695419314176
1085147223510470658
1085145558766022662
1084806857355595782
1084572800126464001
1084536396184989696
1084285550713028609
1084285055978094594
1084284213044621313
1084279437489651712
1084277446264963072
1084276697426550784
1084275442843045888
1083474356993515520
1083455287166681089
1083446512607211520
1083439999155081216
1083384551697723392
1083384148084043782
1083078852270833665
1083072509715587072
1082837027371057152
1082349557550366722
1082341617930043395
1082085613694791681
1081755244072239104
1081754105096343552
1081750875117416448
1081749086192181249
1081747190224179200
1081742380921958400
1081335792709132288
1081330371827060737
1081329669419528193
1081325625988866048
1081324878287069184
1080856296591630336
1079595385134428161
1079566524539641856
1079366349401587712
1079018046780571648
1078664755005542401
1078661181982822401
1078659815642185729
1078658954425757697
1078656861916803072
1078382828230971392
1078382250071412736
1078380541987176449
1078376082414489603
1078375953095712769
1078375562438156288
1078371918758199296
1077195356780269568
1076992464148410369
1076989869581307904
1076953054610632704
1076911325006233606
1076543140331487233
1076542683924123648
1075486820580950016
1075125180178030592
1074461296538648576
1074460360499961857
1074415042366464000
1074376259973582848
1074036923965079553
1073953413556260870
1073642350717661184
1073402797855518720
1071932835043442688
1071888638374526977
1071762552126889985
1071762132633616385
1071755190276116481
1070740763707891712
1070736458686844929
1070735278216744962
1070733819513315328
1069998518234947585
1069338711488368640
1069265869266657285
1068587727032074240
1068241071606517761
1068239014866690048
1067828955787550721
1067827204745293824
1067017479237640193
1066863189160271873
1066849767001653250
1066838856828444674
1066312379116503041
1066310482225741824
1066306449595408385
1066086787917991941
1066085611839344640
1064875003303337989
1064486766105829378
1064485841756725248
1064441171139678208
1063902048326946818
1063595586950258688
1063470846826749953
1063470786688794625
1063462794060881921
1063421366643367936
1063153100385595392
1063152349416509440
1063148330862198784
1063117777354014720
1063106007814037504
1063101536455348224
1063084346997964801
1063081612517302277
1063078553833664512
1063067058265567233
1063065667090440192
1062731530160824320
1062730101580857344
1062728760007507968
1062367016957415424
1062195221105131520
1062191542201393152
1062189982742392832
1062188255779700736
1062187222697426946
1062185165705957379
1062006812541665280
1061729718687461378
1061729155518251008
1061728273149976577
1061727330308100096
1061725296305549312
1061724933649321986
1061707859476529158
1061453745056149505
1061452182392856576
1060497817834307585
1060496511312822273
1060495117855965185
1060493108314542080
1060150555618742273
1060141879977746432
1060133071209590785
1060009834362404867
1059559389709905922
1059558616594857985
1058371412233281536
1057994948937687040
1057587866392580096
1057585959750025216
1057585383343620096
1057582999334723584
1057582612095647745
1057358487041249281
1056972557352607749
1056972016128024583
1056216957983301632
1055658831290814465
1055644804191789057
1055642012756688897
1055636656546607104
1055635458133233665
1055633635397812229
1055630063859830784
1054714823609597952
1054686931286716416
1053395866478886917
1053394385050759169
1053287841185386496
1052929262133669888
1052384683080785923
1052383319697055744
1052004890946523136
1052002645047697409
1052001699882250240
1052000221838958593
1051994645989916672
1051492944946102272
1050753581182279680
1050201355258871808
1050200606646919170
1050197901421568001
1050196692228825089
1050195507824513025
1050015337553510400
1049685394990739456
1049120301618003970
1049118488663658496
1049108500360695808
1049107230350594050
1049106419784585216
1049104530036731904
1048428367652016128
1048018657622810634
1048018132558860288
1048014855503056896
1048014597322620929
1048011586424725505
1048011039776919552
1048008680619331585
1047973002242129923
1047784123975311360
1047782775477227521
1047498559774494720
1047496515323940864
1047321926945914881
1047320936154898433
1047317438059216898
1047262819941539841
1046954707498016768
1046954472008835073
1046952988345081856
1046951733992312833
1046950060095877120
1046946333829910529
1046806548935331841
1046516301630525440
1046513584061259776
1045853389890998272
1045652626543706112
1045409494665236480
1045152868137938945
1045149572887203840
1045147045785456640
1045145908961251328
1045109424019394560
1045051794236346369
1044370458043387905
1044229868110712833
1044177424836173824
1043813786753339392
1043317246603481088
1042876778052763648
1042852991555002368
1042851810451628032
1042851375556841472
1042724330667433984
1042500797274181633
1042499543269560320
1042462270914224128
1042455802404134914
1042232425152225287
1042218454965805058
1041843305565310976
1041842704408354817
1041836124908466176
1041829025591767041
1041645379975086080
1041444429834461184
1040437529655304192
1040350554852085760
1040275338855624704
1040274887661760512
1040273602556440576
1040259593941798913
1040242290646806530
1040240236960407552
1040239211486629888
1040236147312680960
1039254545510137858
1039253705458180097
1038959191099146241
1038953997623803904
1038952655043928064
1037882302129491968
1037396150872166402
1037365137638940672
1037358930496765953
1037157704089915392
1037130689043415040
1036577194649309186
1036575985087537153
1036573356189999105
1036572074461093896
1036426201420713991
1035361692295806976
1035126978213564416
1034819087455715328
1034810359713095682
1034614417651130369
1034614070681509888
1034267321378975746
1034264908446281728
1034115886280523776
1034115437057990656
1034114729487286272
1032813660366925824
1032808352705855488
1032800084864520192
1032797381023154177
1032427831073169408
1032029202810318849
1032027616998555648
1031704754580324355
1030817205749993472
1030271991868215296
1030268800929882113
1027900343944990720
1027612215325679616
1027611375047204865
1027235263859310592
1027022477438935040
1027020389833166848
1027019717687615493
1025724243265429504
1025550690792423424
1025132455928496128
1025130694878683138
1024669841670774785
1024668960665624576
1024464027320307713
1024093932836270082
1023759742546657281
1023758722210902016
1023757195157090304
1022321847680098304
1022304564974968833
1022249916876431360
1022062863643561990
1021937380922732549
1021937145332879360
1021831665046446080
1021826810387095554
1021792717150531585
1021792501127172096
1021780117696258049
1021779738011070464
1021729201949470720
1021728974983110658
1021728651841359872
1021689910774951936
1021681925508018176
1021680699806568449
1021608436461723648
1021607597743529984
1021593387487641600
1021592524446683136
1021592288726790144
1021581448581709826
1021480903007191041
1021222407414190080
1021204850363781121
1021202165136789509
1020711081050886145
1020648815450382338
1020128325589766144
1020127153927704577
1020125053479014400
1020123873998790656
1020120431137828865
1020087134546538496
1020062053858521090
1020061818645909504
1019752892281049090
1019751027933958144
1019749419493855234
1018988512048308226
1018326371725127680
1018309951306059776
1018302234231177216
1017925932714258434
1017921280710979586
1017920260727558145
1017920038844682242
1017918819610832896
1017864984280354816
1017856054644957184
1017853941600661505
1017850860901228545
1017849638282579968
1017848505405145088
1017847481349046274
1017734073320726528
1017733598642868225
1017731253032902656
1017730953823825921
1017730642216472576
1017726009578319878
1017725666651987968
1017725388066258944
1017724840508313600
1017535968008601600
1017535567175790597
1017531144861044736
1017530108242989057
1017529135072202752
1017527482679996416
1017527178479718401
1017526478618185729
1017523489882935296
1017521710126465024
1017521386393341953
1017520285019463681
1017519856625864705
1017515900541554693
1017511353039376390
1017510875467538432
1017510606243540994
1017508909605642240
1017508358742560768
1017507897020825600
1017505442304614400
1017505337971281920
1017505019996917765
1017499708372279296
1017499186328231936
1017498575528431617
1017492406034468864
1017401598212038656
1017401168094466048
1017064638213709826
1017061761294401536
1016992793040912390
1016507038569025542
1016376227215572995
1016332046506057728
1015939382413594624
1015587045039902722
1015229305738203142
1014210417806270466
1014208831537086469
1014204589539778560
1014106432172675074
1013966902463516672
1013965851777781760
1013963541957758977
1013961924869058561
1013515279735967744
1012343789703311360
1012023990502805514
1011658721859198978
1011640285644849152
1010371744257990657
1010369562527793152
1010367992209838080
1010364195848839168
1010361274755174400
1009929029741367296
1009853611453681664
1009499720652345345
1009498831027875840
1009026883625897984
1008778575477166080
1008776921126264839
1008772863636230144
1008537441215696896
1008307942276452352
1007438938536054785
1006359258202542083
1005995494978539521
1005982620679884800
1005787830600249344
1004925609875734534
1004455609675153408
1004161186970132482
1004160275707244550
1004159799439880192
1004100089835589632
1003964693063589888
1003652673546178561
1002314985261891585
1001783573366628352
1001783441535520768
1001782866630627329
1001772875139907591
1001772501007990785
1001758242110935040
1001757907405475840
1001757159573639168
1001755814946852864
1001754145261604864
1001626149145993217
1001623498941399040
1001604484454371329
1001604065426538496
1001596714954952704
1001406861432840192
1001393776416428032
1001393526435930112
1001392020718530560
1001391676378710017
1001390017548308480
1001388873598029824
1001388531435130880
1001382760655872000
1001382084219408385
1001381608514113537
1001303052144521224
1001301642455662592
1001296074236219392
1001283715677540355
1001283048539901952
1001281704118620160
1001277373986344960
1001276594726502400
1001274696585883648
1001274156284039173
1001273813189955584
1001270073934405637
1001269972662980611
1001265389752537088
1001264928915968002
1001264479403986944
1001264083260379136
1001129917420011520
1001125515120529408
1001079765439254528
1001079415613292544
1001078976650018816
1001078084441923584
1001058279957647360
1001036470784806912
1000920948936183810
1000913122104958976
1000696738188091392
1000411030638465024
1000410797925916672
1000409211107528704
1000408937936670720
1000408411161399297
1000408200498307073
1000407793076199426
1000406103224733696
1000405653624643584
1000387600719536131
1000386081731293185
1000385603274493953
1000385408528736256
1000384605940342784
1000382779941670913
1000382525259251713
1000382158186405890
1000367182491148288
1000345080690069504
1000341685761691648
1000336583143448577
1000333367928344577
1000333138575405057
1000332823490891777
1000330053807497216
1000327980990783490
1000327452567236608
1000324382164742144
1000321035764469761
1000321011877863424
1000316260729737216
1000305555628544000
1000305438225772545
1000301976717086720
1000301761641504768
1000301373085372416
1000301199856427009
1000252546106232832
1000251527897010176
1000250033969692673
1000249206626545664
1000199661280530432
1000199435329130498
1000197235341131776
1000194863093243904
1000194351031574530
1000194088317177856
1000188817503121408
1000187603545706496
1000187394379931649
1000186921203716103
1000186301658877952
1000185908283498498
1000185741799018496
1000185559241904129
1000185333932331009
1000184614596628482
1000184230834589696
1000184156935114752
1000183659721379840
1000183508206325760
1000182233372811264
1000178272695672838
1000175884094107648
1000175801843798017
1000175756939616256
1000175517629321222
1000174692542578688
1000171319437258753
1000168885444907008
1000168724735905793
1000160633768333312
1000126358561927168
1000074932812992515
1000073317532033025
1000059159281356801
1000058110420160514
1000057157398728704
1000009702200283136
1000009496117305344
1000007319214845954
1000006608905175041
1000005481677586432
1000005364102975491
1000004730062626816
1000004282899488771
1000004131174707200
1000001256432291840
1000000848452341760
1000000514057220096
999998455912325120
999995436898443264
999995352341209088
999995195407126528
999994924127997952
999981256715759616
999979690751352832
999978994140360704
999978245939482624
999974518885142528
999973020356800512
999972400270888961
999762607140679680
999713545624354816
999590538700566529
999586610705559552
999583749732958208
999484097906008068
999448144311209990
999384311563522048
999381258961674240
999378465320243200
998758415391449093
997581854399180800
997454285200904193
997110615314522112
997109395157856256
996925589889089536
996455769599086592
995455007200825345
995337599513452544
995329208531505152
995327045281468417
995324348809596928
995321505784451073
995320550997323776
995318870788407297
995317970548162560
995317152822460416
995315221874053121
994686790748557318
994686087611240448
994535853979521024
994531011726856192
994513464663199745
994402517147619329
994202535224279041
993674974643785728
993673175539113985
992885652235718656
992229781025456128
992162118433689600
991472356001492992
991471165293162496
991372318055297025
991140579462516736
990763183580368896
990762833477447680
990760565583892481
990760318522527744
990759120415358976
990757497538523136
990756280355696647
990754183660924933
990415657815691264
990414125569380352
990412546476773377
990411842756448256
990225658088443905
990221075815522306
990199669509804032
990199416635248641
990197374730502144
990196335725903872
990176099412905989
990165030065922048
990164025362321409
990082346698371072
989690778036432896
989689502368223233
989688253413560320
989686482641276930
989685279681318912
989684043427078144
989683010705461253
989682099929190400
989681092759379968
989678141496020992
989676016011530240
989667969960697856
989667691479949313
989591834233098240
989590436456157184
989572051475288065
989571790656679940
989570134200102912
989569716338483201
989567891094822912
989564374510718976
989559986513641474
989559746398212096
989557932361740291
989557179144433664
989535463823331328
989534730805743616
989533592060616704
989460259193409536
989458079011008512
989303940402630656
989297913456185344
989297728768364544
989290132237938688
989288684666138624
989287609087283201
989287189791035392
989286969451704320
989286691075756032
989285247824154624
989285162650349574
989283806833184773
989283622028038144
989283561609027584
989282664049004550
989282201786290176
989282000845631489
989278855566364672
989277581684957184
989274348606324736
989273584307724288
989273262885613568
989270649129652226
989269305538895872
989266373158342658
989265870634541058
989264959707189248
989191740526612482
989081114219294721
989076041149943808
988978944761389056
988975671899717632
988968553322868736
988965769814962176
988965454113845253
988965354230747136
988965243715014656
988964478028079104
988964333974687744
988963884307447808
988963242885242880
988962415013396480
988961622436827136
988943671247736832
988925246374842371
988911281599139842
988895882631352321
988890891325771776
988887770709020673
988873985294307329
988743215892369409
988612860636028928
988571742632280065
988562226444472322
988561723291586561
988544643649490946
988543643530211333
988408117779197954
987649973276893184
987127870039437312
986998342801592321
986755738197520384
986423611169886209
986038455359721472
986036918872891392
985310869876891648
985310483333959680
984753485018288128
984753003990339585
984749397383802881
984392381385539585
984389782112436224
983893847540469761
983672687208919040
983670217829122050
983668140189118464
983666623025311744
983447994342236161
982479668858236928
982323237551050757
981654567095021568
981492580943912960
980989768304660480
980765233680732161
980265710634102789
980265253253664769
980264719876534274
978782085073768450
978058652329431041
977871936821841922
977305877568020480
977304689690718209
977171404348116993
976588195474403328
976587323545718788
976586172494499841
976584469498028032
976583352856842245
976582731529375745
976581198016319489
976580644628320256
976578970174058496
976577542806298624
976576983181209601
976575892473380865
975887250830610432
975886836265517058
975885311422148608
975884407809740803
975883770912964608
975882694126170112
975878855679528960
975872440424435712
975525177906860037
974988038546886656
974430709640286208
974426105250766849
974009590680555520
973728631645179904
973712665641091072
973689228092682241
973688037916987393
973687159298420736
973686201130586113
973685862067331073
973683828144377856
973529574431776769
973528110539866112
973408273356468226
973406943661449216
973405699114983424
973404741316349952
973400767729164288
973399916990156800
973398461478563840
972379868276158464
972294601930395648
972198699517579265
972196363067944960
971758154324369410
971548001914191873
971546915937640448
971546540354523136
971545815251652609
971544758458953728
971543936996118528
970846029317853186
970470958858371072
970470466661093377
970469355589861379
970468034082168833
969732759899066370
969419401639456768
969396270363283456
969394731556986880
969392482323697665
969392287129141248
969391934224715782
967934327324626944
967904910997155840
967904606264152064
967901997293809666
967901600122589185
967236167379968000
966687846097674242
966430679226552322
966136438424301574
966133195589783552
965760761971822593
965759538015109121
965025205604311040
965021216036749314
965020867737636864
965020167699869696
965016545104728064
965009869890826241
965009543347437569
965007276904976385
965005886145155072
965004522660810752
965003715802550273
965002323973103616
964852327814516737
963223646218215424
962841600874434560
961722883293745152
961434795103477762
961434103840206848
961433818250047488
961432968920170497
961432423476137984
961430574635380736
961427321520607232
961425188129787904
961424183728230400
961053337083891713
960391647291985920
960353707824119808
960279879353864193
959800169050071040
959099849521160192
958558320985542656
958547446166097920
958131203927887872
958090526951133184
958088443153788928
958087687747010562
958086054988386309
958085605174411265
958085130370932736
958082542376275969
958082479361003520
956657460928040960
955874955710926848
955577667084079104
955275082967977985
955274277732962306
955272987447570437
954892338047922176
954473447085756416
954155409627144192
953057314348716032
953054967396556800
953052458149990400
953047748579942400
953045857573785600
952571679988961282
952530258237980673
952379248454635520
952251294848290816
952250646874525696
952248801699524610
952248428410613761
951831327069925376
951293697232199680
950598442497269760
949814906337071106
949674589206007809
949668392990068736
949667269692547072
949666452268822528
948155860953587713
947594821287411712
946771119826141184
945995150148427776
944381997350293504
944364634248753159
943546620586741761
943545953503580160
943508857422254090
943455949263659009
941528633558085632
940914010186272768
940891796216918016
940388872176963585
939962092924358656
939582615878799360
939520316103151617
937647419466092544
937645921487278081
937087622480089094
936440565373206528
936436892316422146
936435027369496576
936434120158261248
936431855032815617
936428535245426694
935043855195475968
934891067593412610
933156365299744768
932960371492708352
932763562270961664
932762326540914689
932408054959804416
932389400603971584
932247718684217344
932091361523793920
932058196252020737
932025832071155712
931984716571570177
931650343359959041
931646731070132224
931643583828021255
931643118734204929
931483782695346177
931479226410262528
930450947641356289
930393313231941633
930196029546336259
929799692917108738
929795913832452098
929397990980308992
929132719799447552
928112264254812160
928054827707502592
927556924400459776
927294732581171200
927294347128733696
927159827041792001
926804964592242688
926653284512919552
926627588117876746
926448746166149121
926242637849530369
926230668744495106
926081793358475264
926079927123959810
926079829992189952
926079420397506561
926079137068044288
926079015294824449
925900397868351488
925898846168928256
925896207150481408
925895185132867584
925806335312252933
925571802948165632
925489282835468294
925461345289588737
924781458199326720
924087335729467392
923720541034438656
922948407005728769
922636599996887041
922634321571270656
922301305271607304
922297055569211392
922296511689523200
922221767573336069
922102017505538048
921940853052071936
921940524625428480
921912305268424704
921887031332130817
921885931988246533
921885387441819649
921884563877646336
921881475477331969
921542076713570305
921170850123988992
920134022357049345
920132574281904129
919742391627677696
919355950137511936
919163570524442624
918791295652499456
918669391797149698
918607819431202818
918464998401347586
918464675330879490
918464253480374273
918309701783375872
917931610099650560
917916980266577921
917549557898235904
917394939989975040
917176635547406337
917101147437129728
916985352312774656
916660027234144257
916472547465678848
916160936725098496
916125999322058752
916094429731213317
916013867758579712
915761031347163136
915390095393480704
915286108854001665
915240716485439489
915021942478049280
914935281454800896
914913196070273027
914682821150756865
914674080820981760
914627533039128580
914611056835743744
914347492938014720
914172321518284800
914167828550430720
914166683128000514
914165475730485249
914163418365661185
913864395855400961
913848689315196928
913458243091009537
913227674323243008
912839230543552512
912652654832181248
912631285595721728
912630566939430912
912630017796001792
912628906360000514
912628487231541248
912455065088208897
912426070632275968
912099255489359874
911756777389256704
911725540696055808
911443409101090816
911437883176882177
911419909393010688
911413054457438209
911378516708651008
911378275330641920
911378064356995072
911377770676092928
911368689102065664
911368281885470720
911355060147408898
911352458001227776
911350972206796800
911349083184549890
911347641715437569
911347055406321665
911063977601486850
910688333201887233
910683129257619456
910675279504400384
910644157269659649
910310463442911234
909976400140087296
909976052251922433
909560067283984389
909557705676869633
909557390068023298
909555373413208064
909554470329229312
909552765449461760
909520185794727936
909443924233785344
909264595386339328
909067633156337664
908881973321633792
908507107661680640
908385996974297088
908162161482059777
908130747571154944
908105429355569152
907767409184043015
907324882274410497
907324464215490560
907323850563649543
906717107932581888
906519512144543744
906319378676842497
906318545709146112
906317695607549952
906317128260837376
906316166196596737
905419077849632770
905182026323693570
905179691568508928
904541727079485440
904041463251656704
903939118232719361
903813260339752960
903701469404200961
903699112108990464
903697800835321856
903465970466865153
902738806549426180
902720071415599105
902720033360666624
902719746386395137
902647152731713536
901526908386643969
901482600677728257
901091040635092993
901089851759624192
901087615084056576
900482176592039936
900316489881878528
900312782813442048
899837462201106432
899817545745805312
899817323019808772
899709649569685505
899005476242771969
898966527017353217
898923010266193920
898674690138484737
898499090106986496
898496877301301248
898354208147156992
898302849167364096
898273325465575426
898233594069516293
898190744904663040
897660628072108033
897657874540892160
897656040438845440
897447740061478912
896882431390879744
896875068923404288
896723913497079810
896721960528424962
896720257179672576
896719387264241664
896718640913014784
896718252419710976
896553283149586432
896552597334765568
896513566743953408
896502416694272001
896485654300905476
896480381343551488
896469590808682497
895813620021448704
895259823490686976
895106244997824512
894741832722206720
894298549583831040
894239740110802944
894035624340148224
893887051745157121
893639772337389568
893502577198936068
893481431707660289
893431231500750848
891844412795498497
891114366501879810
891036652147273729
890377517596540928
890342353386557440
890169879365636096
889958195183181826
889588818088800256
888729589954080769
888532198873337856
888173145928159234
887100803873484800
886687518426583040
886606593621729281
886378686613782528
886030769734463488
884210187384614914
884077765930176513
882780329530019841
882303540345090048
882222968834846720
882222697643745281
882072314610933761
882071742281396224
882031807495012352
881816870252417024
880946042581266432
880620108091183104
880187933801811968
879875179891109888
879007787635924996
878396049248968705
877688421036285953
877638654256046080
877506903424761856
877506805185826816
877506582485114882
876972731916529665
876485076820697088
876240406752751616
876225176819695617
875670278801690625
875544283545313280
875505791591227393
874781124496642048
874780317856530432
874064015114240003
873703042738212865
873654901242507265
872997192759377926
872265546582155264
871141048592027648
870095174566907905
870067420635045888
869957838264827906
869321561735614464
869173385636478976
868619288927764480
868552252759388161
868434057507598337
867928725677068288
867206918514896896
866450446583549952
866350401335046144
865368522058338304
864663871625330688
864628365789102081
863902464650735618
863841140872761346
863546082223153152
862114412680949761
861346203618947072
861011934396723200
860982337424773120
859954084081782784
859953918230581248
859953064559738881
859590460729438212
859345068968357889
858793377680289792
858309016979738626
858298791480487936
856692605563936768
856288160178941954
856196352220553216
855580975010643968
855217340035846144
854835065364283392
853705551393554434
853599764662947840
853010420776435712
853010325087674369
852007686220767232
851604928065875968
850873323047321606
850706734024994817
849382315281309698
848614955620368390
847978502964080640
847847672375595008
847846267535458306
847196531660918784
846894008722849792
846470816325943296
846400340362715137
846036431378231296
845804961837568000
844723278782574592
843982561776996352
843613552262963200
843109301229162496
842925934340718592
842857324767272960
840981714780508161
839656162224132096
838493326118617088
838035792022863873
837841044888825857
836366277727961089
836350418116567041
834959946051616768
834544998645383168
834544637440299008
833842285519462400
833478765904814080
833080830155227136
832728604639391744
832706957039517697
831701414346887170
831626124962721792
829507682071609344
827987242287300608
827958568754216960
827953989064990721
827924674197741569
827686947833405440
826955808214773760
825690804803010560
825537399526719488
825530928160186368
825314864621088770
824087924069269504
823710763328110592
823159958111920128
823159747251736576
817772655831085056
817574004873658368
815657555619876864
814999187045629952
814275116838293504
814270050471329792
813553118524899328
813061761729515520
812106983348305924
811373134389661705
810605698916773889
809986170704760833
809942335689781248
809380213096386560
809160684600786944
808497178104791040
808075179377233920
807581442335186944
805059557131165700
802619315967041536
802107517174239232
800471297155166209
800141021845876736
800017648037875712
798836663979884544
797800529208508416
797435503591223296
797420088584523776
797055375195389952
797054969983750144
797054826425290752
796307819297406977
795610097842081792
795253180846239744
794871135540301824
794868745286119425
794633526696144902
794487266764877824
794318494296920078
791221493007015936
790589979336511488
790360772702535680
789966073823014912
787821977746702336
787333950452690945
784901827959619584
783488839138639876
783479168986189824
782658610476093441
782361370977271809
781326099099836421
780724936411340802
780229356962607104
777666858484924416
776632637167394816
776214178784808960
775145426454446081
775145064003698692
772174324799303680
772103031026515969
770358396843356160
767452718801846272
766743251088965632
764901124973486081
762780898425200640
762308038950850560
759924974991835136
759585138380574720
759584736025141248
759584046351519744
759181943586127872
757268533730508800
756999827884535810
756694903732760576
756124361162194944
756123213701275648
756072243915087872
755957123813638145
755956642890518528
755567949574971392
755533937812865024
752692638827053057
751948669918842880
751903188287094784
751624019858849792
751517726028562432
751517619740667904
751242467509465088
751181267367059456
750509169246076928
749946199055228928
749812436719525888
749226622239277056
749226544049119237
747936575976255488
747242721438482432
747172077208231936
745512379320926208
745085931191939072
743632692575617024
743625574690754560
742526880860012544
741799653725863936
741615926429286400
740990103745658880
740344557980766208
