1330379616062746625
1330378687380918274
1330377566868418562
1330377326090211331
1330376854386192384
1330375378892939265
1330374157406769154
1330373883015421952
1330373363152412673
1330372724150181889
1330372418783895557
1330371825054978048
1330371345767673858
1330370236281991169
1330369908442607618
1330369430375821313
1330272525784387584
1330158721931108355
1330158254282969095
1330157189940580361
1330156835068928005
1330138385407762433
1330133491527389185
1330133418689122305
1330133325625888768
1330128004169801729
1330121004018962446
1330110487300890624
1330010915450859521
1330005956235767808
1330005342487531523
1330005156759564290
1330004762306162689
1329996721108246529
1329982402425450497
1329982147327787008
1329980080991383552
1329974210274480131
1329971585374162944
1329970999815794690
1329970522176761856
1329969791390642177
1329964038055485446
1329957249100427266
1329956602691117058
1329953524826968064
1329952798369255424
1329952491425984519
1329952309816725510
1329950467573604356
1329938561605521408
1329935675865620483
1329935300169256960
1329933848503857152
1329928711576104962
1329927967422681090
1329927700291600384
1329927497761361921
1329927324461051904
1329926417291808768
1329925171965255680
1329925014968291328
1329924627003478031
1329919698968993792
1329918120132304896
1329882351699103745
1329858159431782404
1329857796670697473
1329816674816712705
1329816527684694026
1329815620821651457
1329804900419710977
1329804788335259648
1329800092426113026
1329775044902461443
1329731120875888641
1329634494924673024
1329601306978299904
1329597046022680576
1329572373616582663
1329544978062782464
1329527411520704514
1329527068099538945
1329480652580941825
1329473995624820739
1329446841377763331
1329267185022349313
1329266471965429763
1329263183517847554
1329182267780960256
1329147881140477953
1329117326533402624
1329086575494348801
1329081233523896321
1329066693570797568
1329061732292190210
1329059430793695235
1329016353769009154
1328912869556183040
1328912749758476288
1328907726605443073
1328895449391050760
1328894818802675718
1328893488595922946
1328867632305631232
1328866667175276547
1328854346071740416
1328854326505332738
1328789937307734023
1328759195143983104
1328714000482361344
1328708933683474432
1328708632859570176
1328504112284110848
1328499304256991232
1328485504438788096
1328485440442142722
1328479043067531267
1328450017846325252
1328449117736013824
1328443267550244870
1328351403455221762
1328351203638521858
1328346134469890053
1328345670697295874
1328151146955935746
1328150649423400960
1328126918177263617
1328103000771014656
1328101806610788352
1328099556832194560
1328079821579096066
1328079407416750080
1328038650932834304
1328036047381536768
1328018033378545665
1327978854070226944
1327846298142318592
1327837892966830080
1327837784049135616
1327832450752450566
1327820390442422272
1327820005594062848
1327810612731244544
1327805344765128711
1327805098031009794
1327804228904038404
1327803680763097089
1327748100740538368
1327747745797509127
1327733962714832897
1327732599394082823
1327731819589095429
1327731280029638656
1327690931563356166
1327686086462730247
1327681880012025859
1327680377662689284
1327679931732602885
1327676070238318598
1327675018940182528
1327668334456954883
1327665048530132993
1327664638553677824
1327650943568125954
1327650381963423747
1327649845239279623
1327649513398530049
1327649011172585473
1327648594661347335
1327648246467063808
1327648104951279622
1327647784338657280
1327647366799912960
1327645919098122240
1327645617892581378
1327645570828275714
1327642187627114497
1327641862774120448
1327640957773295622
1327640832862810114
1327627061322715136
1327626613496950784
1327617825419177986
1327414887774117888
1327403915848126466
1327401959838650369
1327340313371963392
1327267213271851010
1327266911151906817
1327020150210633729
1327019575955873794
1327015196070645760
1327014877773389825
1327014505348526092
1327014414126559233
1327013606031028226
1326929621452001280
1326912465871966208
1326911686230601732
1326908189657485313
1326892278942740480
1326890004505915392
1326889549532946432
1326889382083760129
1326889161958301698
1326889088444719104
1326888437249679362
1326730376593739779
1326686766242422789
1326686722940350466
1326678786977492999
1326674647094587392
1326658885348978694
1326643417246552066
1326598375664480257
1326555357695504384
1326399138871848961
1326383927553122306
1326381809693827074
1326328063148363779
1326325927329095682
1326325103026696192
1326324927365066753
1326295506558005248
1326294742418808834
1326294224443224064
1326288426916868096
1326288190630670342
1326280057304870918
1326279685819535360
1326252504913498112
1326229280251138051
1326173390537895937
1326173150766305281
1326173009514729472
1326170799158554625
1326170601564811265
1326168866368724994
1326168741273608193
1326022539164999680
1326022070166302720
1325991290039889921
1325991015115845632
1325990668238544896
1325977630643007488
1325969628057788416
1325968713615634432
1325963121761132544
1325936415335735299
1325883781664952320
1325883284509913094
1325879815614902273
1325879529831804929
1325878930851684352
1325819765710000128
1325819633132326922
1325813113992732673
1325812917493788672
1325812857209057282
1325808081083699200
1325807840817258497
1325807615327285252
1325802028329787394
1325644792290832389
1325629391838306306
1325615716817637376
1325610072047841285
1325599677421670401
1325598358736670720
1325569082779971584
1325567950355652610
1325567749238743040
1325566009303048193
1325519144897421319
1325510552148434945
1325510164309553152
1325505033874640896
1325504605661368320
1325499768538279943
1325483274442039296
1325475300545863680
1325321276102238208
1325320647581573122
1325320364730298368
1325317100513226753
1325289716942589953
1325260216250884097
1325244670297976832
1325212585893847040
1325212042626813952
1325207134368198658
1325206723687186433
1325206615629422593
1325205852060520448
1325202191682957315
1325197958103457800
1325196276049326081
1325196170214379521
1325192626904051712
1325192255439855616
1325188442783842304
1325185351636447232
1325164281017503744
1325163209083420675
1325160167084756995
1325153542139744256
1325150112096550914
1325128745355628544
1325127280054562817
1325121113500815367
1325120980964966402
1325109032902750208
1325108809551974401
1325108260622520320
1325106563514765316
1325103494840389633
1325102847231471621
1325100440552435713
1325099920702005250
1325097697767022594
1325097140130091008
1325097099671842816
1325095719359934467
1325094357570113538
1325085994132103170
1325083958791577600
1325083410457628677
1325077788198637569
1325066026363588608
1325064906534752256
1325064226831032322
1325058451748347906
1325057722090479616
1325057322155192320
1325055798616207361
1325055703166410752
1325055210130186240
1325054989820104709
1325054756767862784
1325054496511291392
1325053891214454784
1325050390233165825
1325048096968077312
1325040367255904257
1325040027160735744
1325039461978267648
1325036919923806214
1325036747898621953
1325036297031999488
1325035974485807105
1325035785800867840
1324918264980529160
1324915967978336256
1324914595115446272
1324912623952007168
1324901068283711488
1324900005711376386
1324899007307657217
1324898801111470082
1324897034441289731
1324893112431497218
1324873622138347523
1324873179572133891
1324872388257984513
1324870775669731335
1324863109257961472
1324862868785950721
1324861651103981568
1324861550314856449
1324861379334041600
1324860482835140614
1324859688803061763
1324859631458525189
1324858602578980867
1324856889545535488
1324856522132889602
1324853482629877761
1324841932980424713
1324839145794134016
1324800137290489857
1324779103451521024
1324773129621774337
1324771293451980805
1324766026421198849
1324764762840977409
1324764560818098177
1324758815779311621
1324757846244892672
1324757697196118018
1324757579457830919
1324755691115040769
1324753789673476096
1324752462817992705
1324752390696898563
1324743125663911941
1324731301430177797
1324729836292767744
1324725449327583232
1324723942314135560
1324723798000750593
1324723058486239233
1324722064192901120
1324720999473041411
1324720255147626498
1324718843596546054
1324716748759773186
1324559386765910017
1324557186601725952
1324547804157587457
1324541307247841280
1324540751699652608
1324540310484066305
1324539873638928385
1324538946932613124
1324537575894405120
1324526760231424001
1324522773151162369
1324519504425222144
1324516867512389633
1324516019558404097
1324514738097823750
1324513409740775425
1324512714501312515
1324510359139586055
1324509742136467456
1324507824995577857
1324507179735547909
1324505454794444800
1324503709259386880
1324502513672949761
1324501912729825287
1324501182384132101
1324500760877551617
1324500644791767041
1324500502206418945
1324499424702287873
1324498616363397124
1324491087826898945
1324489728423534595
1324474113524670465
1324472843783049217
1324467852045357057
1324465733460516865
1324463724455956482
1324462834458177538
1324462766850220034
1324462557755772928
1324462488973381632
1324460433181413376
1324456878622072834
1324456823760498689
1324449355517071360
1324448972770103297
1324448581483483144
1324442580944388097
1324441545928527873
1324441222744780801
1324437786431279105
1324436701901717504
1324408940919140352
1324394532767752193
1324394480041156608
1324394072694575106
1324379606749745152
1324378545636913153
1324375755967602690
1324375545442873344
1324360640438411266
1324205561827786753
1324204877887787010
1324202941364973568
1324202897236725760
1324202443824123904
1324200732141170688
1324199136288215044
1324168311710617600
1324165677217992704
1324164392011837440
1324163825399144448
1324162726344773632
1324161638954606593
1324160865189416961
1324160466646695942
1324159405479366656
1324155764404031489
1324153240406118400
1324150072037253122
1324148442290114560
1324146766430744577
1324143292683063296
1324140723588026368
1324138889590771712
1324134682808778752
1324134323977674760
1324132212304990208
1324119707939733504
1324116886293020672
1324116614833471488
1324115753927401473
1324115606728249347
1324114903221882881
1324114061521465345
1324112392918323204
1324112087631749123
1324111751147888640
1324111288562319365
1324111036388093953
1324110267974848516
1324110089008173062
1324109551013158912
1324109378010624005
1324102067653398536
1324101692862976000
1324100333518409734
1324098824240009216
1324098503107350532
1324098441505611776
1324098197573275652
1324097979008094210
1324097699231289346
1324097617039601666
1324097132761153536
1324096660595683328
1324095739694374912
1324094095120310279
1324092561493995521
1324083376819703811
1324078657393053696
1324073052804538368
1324072881630969861
1324069681150373888
1324041182838771714
1324030753294946305
1324028205897048066
1324012214421016580
1324011716406116356
1324010333887959042
1324009161781354496
1324008972542713858
1324008735891771400
1324008190862909440
1324004283784847362
1324004111650590720
1324004001080397824
1323997714191966208
1323995401381466114
1323995347534991361
1323993957790081031
1323781384268382215
1323774632940474369
1323769636928868353
1323768580563980289
1323768304817885184
1323767481417216000
1323766919544119296
1323759331796492288
1323734656785797122
1323729459082645507
1323720447255597058
1323718156377071618
1323717936008335362
1323717190252638213
1323717086254931969
1323713650780229645
1323663708246233094
1323647552831574016
1323638705140174851
1323630879806267397
1323606019981934593
1323461759374643202
1323447738453925894
1323447221510152192
1323446729392427010
1323441505160351746
1323436935231188992
1323428726227566592
1323428486133014529
1323421924920303616
1323405564085456896
1323389626812424193
1323363707334873089
1323357800966295552
1323349280745279490
1323323651781988353
1323319370844692481
1323314649828413441
1323314510183174150
1323314227013128194
1323309929944522763
1323289818995003393
1323278196268290050
1323277919117074434
1323276425735135233
1323276215625650176
1323271947749347328
1323271636502470657
1323264403563810817
1323040997547409416
1323040371748864000
1323040184250884098
1323037555147886592
1323033744991752192
1323025840817475589
1323025554556309509
1322948502272516096
1322918716758253568
1322917829738405891
1322676298280542209
1322676053932974082
1322675539950346241
1322628656116699136
1322628139579772929
1322626197101174784
1322584843184648194
1322406630949085184
1322406562326061056
1322406381454942209
1322328390729404417
1322322722840600576
1322300368433385473
1322290795173548033
1322287508202360834
1322287005238284288
1322279308413513730
1322275742470852614
1322270126230691840
1322244287225102336
1322211873228496899
1322208972817027072
1322204609822171138
1322204307991781376
1322175516724678662
1322173774230396930
1322173551475130370
1322173428527517697
1322163097671503874
1322162838018887682
1322158800225390593
1322005501215940610
1322005134835130368
1321972199968985091
1321971999787393025
1321971391646834688
1321970605189640202
1321970369226514432
1321970341909041152
1321958413056827393
1321926496718622721
1321921784401350657
1321921573029400576
1321890588468355072
1321889979711299590
1321888893722103809
1321888653300404226
1321842553310842882
1321842275069165571
1321841214090551297
1321830526869598209
1321824398882557952
1321824103469404161
1321823101924028418
1321821490929672194
1321821332292718592
1321820065348673537
1321819001568321536
1321818904428240898
1321818819917193216
1321813241996128261
1321812717049663490
1321803650323210240
1321796341123538947
1321624076188868609
1321623599535529985
1321619790532935681
1321604590106791937
1321604283004035074
1321593742520967174
1321586891028836361
1321586372222877696
1321585795917058049
1321583777727041537
1321580281145577473
1321571471609729025
1321553104836403208
1321530819110969363
1321530437970350080
1321530151524552704
1321529847953395712
1321529487985692673
1321528894026063874
1321510685390573569
1321510191465222145
1321472478263365633
1321462549154508801
1321458353663606785
1321451518252486656
1321448125920399360
1321447823339065344
1321446907714174976
1321446753485361152
1321445407654875138
1321444630957797377
1321441508923506688
1321435940942917634
1321435459105525761
1321274995218305025
1321264504706129930
1321259527208161281
1321258775123283968
1321258762422857730
1321258752692072454
1321258741619216387
1321258733813583872
1321245643478806534
1321243565461262337
1321209773350625287
1321204307232960514
1321202652538175488
1321191934912770054
1321185364623740934
1321165473048907777
1321165358598938625
1321155275882192898
1321154621214175232
1321154261670109186
1321122008168620033
1321121938052448257
1321079591314882561
1320902626561691648
1320901641588133888
1320900919769419776
1320900391928762368
1320899913371295746
1320899433593249793
1320898534204493824
1320896641382187008
1320895334457970688
1320874782481616896
1320874456546500609
1320874042765811712
1320872704095014915
1320872175780438017
1320854563679817732
1320854309937029122
1320853459101470721
1320843243538534400
1320838916585476097
1320838694031511552
1320815832990175239
1320803837452685312
1320803176631668738
1320803075679019008
1320781357816127488
1320772248630865921
1320771432423575552
1320755537642987520
1320753652815007746
1320753448741199874
1320752515441414144
1320747080307134466
1320740857008574465
1320738144573181954
1320737877488226304
1320737580703506432
1320730354915954694
1320729069403709447
1320718535757320202
1320714689706369024
1320703369607106562
1320703243928903686
1320702971500470272
1320694413459410946
1320539164778049536
1320538893897314305
1320535033086705665
1320534893688926209
1320532781592649728
1320520869966434306
1320520604316028931
1320514291104178177
1320513725946888192
1320513045614022656
1320509663784411136
1320509328881819649
1320508954766696449
1320508735580680192
1320508601807654912
1320501759991779331
1320496036486533123
1320495959017742342
1320495845394026497
1320491645792620544
1320479802562760704
1320477502184296453
1320476712279429123
1320475944260374528
1320475495755120642
1320475493842509830
1320472552947519489
1320468215722639360
1320460837035933696
1320460556202057729
1320459413162020873
1320459121393586177
1320458945719390209
1320458427852881921
1320458224118673416
1320457927031951360
1320457345697198082
1320455482490920961
1320417742244237313
1320379424907415558
1320377859542745088
1320374236050083843
1320356220243501056
1320355414324793344
1320191630746570752
1320148952432476160
1320129610428932101
1320127471988211712
1320126468882563072
1320125981068316676
1320125610514108416
1320125277586993153
1320124173394583552
1320123943274106885
1320122984892407814
1320122727966167040
1320122148434968578
1320120574807506946
1320098789626138624
1320097919647797255
1320097526977073155
1320010935151493121
1320010695686164480
1319987794610147329
1319809687592837121
1319787862523629568
1319730433911816193
1319730361052680197
1319701075813949441
1319693492147322880
1319665741872988170
1319665592564125696
1319665514982113282
1319664219319652352
1319663537309032450
1319662928782557184
1319660991517511683
1319660177281470464
1319658921011929088
1319656522071347202
1319648291806732288
1319645958838374402
1319645079963865095
1319643797161213952
1319642982895812608
1319642859918839820
1319629284298940416
1319626750574419969
1319611472746512385
1319473337383473153
1319471365725032448
1319465940547928064
1319464032626159621
1319462453252677632
1319461546737676288
1319461375589142530
1319461333935554561
1319458450099916801
1319458251763814403
1319458188513652736
1319458021483958274
1319457795356479493
1319457781871710208
1319457378530721793
1319450892052168705
1319446049606557696
1319437448460513281
1319436755888726017
1319422803381288961
1319421113018032129
1319420448493522951
1319402340215103488
1319402157565759488
1319402103366995969
1319401919929077760
1319399484883980297
1319386735067922433
1319383739835834370
1319382048197513231
1319345363380305922
1319316451413680128
1319315368431804434
1319308724608040960
1319308444252442626
1319285970483564545
1319285341094735872
1319285140074319872
1319282890115407878
1319278297285419015
1319266062672814080
1319265903108870145
1319120163371950082
1319119103857250305
1319118718606184448
1319117288566644737
1319107917480591361
1319097998773714948
1319097126228557831
1319088322912882692
1319036275345793026
1319036225945305088
1319025905034027008
1319001989188096002
1318976860068466690
1318974439296434176
1318970148922032130
1318969707265986560
1318965706424262659
1318964461714182145
1318964202166419463
1318961772322299904
1318957955312611328
1318955269058187271
1318954918544351233
1318938897313878016
1318938781408526336
1318937680428761093
1318934650849529858
1318934387694645250
1318934018407235584
1318933696385265665
1318924016216870913
1318920827488829443
1318913574815846401
1318907069823619073
1318779539082874880
1318763846241320960
1318762963784880130
1318762588780494848
1318753934866075648
1318751741329002496
1318734080687603712
1318733820351385601
1318729261096763393
1318729103877484544
1318726739892277250
1318725629387411462
1318721145949065216
1318712861066223618
1318712780057432064
1318710283041374213
1318704576342728704
1318704202592489473
1318685443899199488
1318654494465527809
1318653389073534976
1318621548148908032
1318616335480442880
1318616193800994819
1318595090475065348
1318579451526078471
1318547645238071297
1318542529663479815
1318539787293294592
1318529335633072128
1318523243389747201
1318519384927776770
1318380325546975233
1318379228493238273
1318319382569930759
1318261870717960194
1318261696734154753
1318261145061425152
1318188431114145799
1318178548469927939
1318177110918418438
1318032228723675138
1318002673388523520
1317928635442073600
1317928525211590656
1317891114247086080
1317890416608501764
1317887916689993730
1317884316223942663
1317883884214902786
1317883183627702273
1317882617522458629
1317853323228270592
1317842725916626944
1317841098967048192
1317821423486963713
1317808512005701633
1317806416179187712
1317803325400690689
1317668407525937152
1317667303681609733
1317666994091679745
1317666783873191937
1317644830453997569
1317643994466308099
1317641623854059520
1317641397823016961
1317600169924452355
1317598815935959040
1317582016766935040
1317567141638508547
1317566725043388417
1317562062042763267
1317522701121163267
1317502849857839110
1317474293622673408
1317474115046035456
1317466223064588291
1317451297214369793
1317442998800650240
1317442349648281600
1317433407975063552
1317432811297660928
1317397945768181760
1317396517787963402
1317297692926685184
1317279966179086337
1317279482840027136
1317279080081969152
1317252805061758976
1317252061302542336
1317161448129335296
1317159782000824320
1317118852115955712
1317118492987084801
1317116926057943041
1317116281519263744
1317116146743758857
1317115965096820743
1317113725975957506
1317109533077082114
1317109248975900674
1317109043136286726
1317103918422364162
1317101660079067136
1317077602679595010
1317077466738003970
1317077050839150592
1317045744180801536
1317033081577050112
1316932199401295875
1316931756667318276
1316927449465278464
1316927269684858883
1316926965069262849
1316926552983146504
1316911620363325441
1316911194498863110
1316907210895667200
1316906636397740033
1316905779425910786
1316835492747505664
1316834041895825408
1316805926620401665
1316805772207165441
1316786712484470784
1316778209803993090
1316778021462978560
1316773167831101444
1316751372323368960
1316751064297811968
1316738096638169094
1316724335088934913
1316724192918884352
1316723262831951874
1316687144262545410
1316685505401151489
1316587152759808000
1316572798668738560
1316572300276367360
1316572064476692481
1316571670010900480
1316569925264211968
1316569232629530624
1316559701086277632
1316537396981362690
1316536978993811456
1316492586434154497
1316484055769198592
1316484050488614912
1316481870176059392
1316481766350356480
1316481333959569420
1316481259435184137
1316475437296607232
1316452953151213571
1316451797981106176
1316435223408771077
1316433124604157952
1316419826181713926
1316418240600592389
1316415935813746688
1316413460641730561
1316409865057841152
1316409253893230593
1316409168551653376
1316408956269596672
1316407461369262082
1316407128010166272
1316399872128495616
1316398151344041984
1316397371664855042
1316392792990646278
1316380683489640449
1316369999867543557
1316369572874932224
1316367498028216322
1316367182608175106
1316366277213147136
1316365002840969218
1316361326894231553
1316361133008318464
1316360039523852289
1316359250956951553
1316358893472227328
1316357934687887361
1316357824973361152
1316355139834392577
1316353101864087553
1316352843432046592
1316347699856277505
1316347031229730816
1316345732878815238
1316345638293037056
1316344245595275265
1316344029085347844
1316339430609879048
1316337055690035200
1316336871291715585
1316335753778135041
1316335164847534080
1316335060975579136
1316331936248401921
1316331348924268544
1316331038805757952
1316330541927600129
1316324509297901570
1316222422350204928
1316222148940357632
1316217694518226945
1316217407640395778
1316213382035517441
1316199760555134977
1316188116256993281
1316187991870767104
1316187913965760514
1316187494875099137
1316157012087013379
1316156048487723009
1316129990522605574
1316127169647607810
1316124414170329089
1316124285682028547
1316123133909368834
1316113767739072513
1316113213059203072
1316104107367825408
1316102872392781828
1316101202296279041
1316096254452084738
1316077339705585668
1316075061682548736
1316071669841223680
1316066596457246722
1316066353141383172
1316065415995547657
1316064268815675395
1316064090251501573
1316060479928840192
1316060096473030658
1316059101990977536
1316054384585961474
1316050779724275712
1316050359547199489
1316050066503852035
1316049694699786242
1316049644913332224
1316047672244088838
1316047579394838531
1316045292559572992
1316044995569348609
1316044179726831617
1316042444035821569
1316038564275277828
1316038143431389186
1316034738742865920
1316032273632964611
1316030981049061377
1316030656221196288
1316029894200090624
1316029088230854660
1316028126951084032
1316027412497408000
1316026804985974785
1316020813078827009
1316011937759600640
1316009268135550981
1316008980423073792
1316008616051306496
1316008056694677505
1316007335001837570
1316007150573977602
1316007012480806912
1316006777427820544
1316006256876937217
1316005852407627776
1316005306585972739
1316004949923368960
1316004161486499841
1316003122066718720
1316002471341367297
1316001780631851009
1316001712486916097
1316001503321247744
1316000694785241088
1316000614506270727
1315999797388685312
1315998496881860608
1315998390568857600
1315996433590484992
1315994251801628672
1315993532788858887
1315992802799558656
1315992712869556226
1315992537811898369
1315990732272959490
1315990120940609536
1315988490287448065
1315988178692644864
1315970225318309888
1315970071479619584
1315965658480480256
1315959647560499201
1315957315611353088
1315834508869013504
1315827253788512256
1315825333162201093
1315817529332264961
1315735218746208260
1315733795023335424
1315730992162844673
1315730871870279682
1315721558862647296
1315719636403580930
1315690828258574343
1315690650629738499
1315689262784880642
1315678876379607045
1315672216261009409
1315670519539269640
1315668026629423106
1315666489257734147
1315657834038734852
1315472963244879872
1315416357824073730
1315408921545318400
1315406116340326401
1315371028583985152
1315366062146367489
1315353754946936833
1315337530611507202
1315330035876876288
1315326792006275076
1315325919435907073
1315325449627742208
1315308407956688896
1315308058357182464
1315307106069876738
1315306955762798598
1315305321775206400
1315304183860539397
1315303920940482561
1315303535316172800
1315301815135633409
1315269363856027652
1315265772197998597
1315263897499308032
1315071146962939904
1315062825950343168
1315056601208885248
1315045133981712384
1315044869132431362
1315044552491913218
1315024094832852992
1315014539046457344
1315001298719252483
1314976875622608896
1314974250999181312
1314961014484594688
1314955289792307205
1314950873441808387
1314948947367129088
1314948487239348228
1314948108128866309
1314947762111361024
1314935693190275078
1314933401552642055
1314920517212798977
1314914087680303110
1314911567679574018
1314885804783808512
1314791096501891072
1314790819774291968
1314790065193791488
1314789766827831296
1314719506225299459
1314719323647291395
1314719031849615360
1314718116606287872
1314717855167008769
1314717711390441473
1314717533023408128
1314690965202972672
1314675367198756871
1314665065757450241
1314664785343062016
1314662613914185731
1314629694101258243
1314617324536827916
1314610988528939012
1314598765609857024
1314598327531581440
1314597908646330368
1314595820784807942
1314595043144069121
1314594899304611840
1314575782220627968
1314575706286948354
1314572364198350850
1314569521286524928
1314552544782438401
1314550749993603072
1314546628641140739
1314546470977142786
1314546201275117573
1314546039551123457
1314544399238524930
1314406178064076801
1314378421083009024
1314378279898492929
1314378217386659840
1314377136753594368
1314376866044747778
1314363258749554688
1314362821132648449
1314332863966392321
1314332548433092608
1314332383680880640
1314326792686186502
1314323111718907904
1314317035837456396
1314316875413753857
1314295538540597248
1314281286756900865
1314281023899918338
1314280420645777409
1314278824767639558
1314278634136440832
1314277714858250241
1314268617861730309
1314234210853572608
1314233943600910337
1314211726225600513
1314211584927961089
1314211077752672256
1314187360867946497
1314186488758894597
1314186007122792448
1314185426165526528
1314185294414045187
1314184924048633856
1314184217895546885
1314184087624712196
1314183618525364224
1314183434399555591
1314181138974474242
1314176736381349891
1314174783572111361
1314174225704529922
1314173942370906118
1314173748166250496
1314173677303402496
1314173398759731202
1314172565255004160
1314166734270738434
1314155937922519040
1314055142212358145
1314036527886995457
1314036141008523266
1314023457395539968
1314023395646992385
1314023219448422401
1314022695038836736
1314022535042920449
1314022128656809987
1314020728241631235
1314020046243536896
1314019925032304644
1313945975703195649
1313936988802822149
1313936647600386048
1313936463562780673
1313935033254711297
1313933233248231436
1313933140478525446
1313931048204537858
1313930719413104648
1313930269456560128
1313926163182616578
1313923753932447744
1313921573213163524
1313918929572687872
1313918755228004352
1313916668150767618
1313902708592705537
1313890603005104135
1313888072224968704
1313887745631281155
1313886343047643137
1313881617987928064
1313873816993566720
1313871382070079495
1313870679482273792
1313869189149585409
1313869033540849666
1313868625602904065
1313846191185108992
1313845693908385797
1313839018212196358
1313835504144723973
1313835308589486081
1313835201047547907
1313834037161721856
1313832858520367106
1313832466537422848
1313832227785117697
1313831710652542977
1313830590777643014
1313828091182145538
1313828032239542277
1313827733290573826
1313825477346369536
1313818054011367426
1313817127678345217
1313816848614461440
1313809047271899137
1313656451009740800
1313655684790091777
1313641904618209281
1313637844699799553
1313636776041422848
1313636423283728385
1313636203829264393
1313633335407718401
1313632157424914432
1313630305618714626
1313629004533043200
1313625683692748800
1313622321916239872
1313613933572501505
1313613285284089856
1313608531711533061
1313600207184162818
1313599074239741958
1313596689488515074
1313575907144204288
1313557310120353793
1313538527834050560
1313511776676442112
1313509084839243776
1313501641522413569
1313501274382442499
1313500832785199106
1313500642879647746
1313500277895507972
1313491756621729804
1313485682493587458
1313484214529122310
1313483807165681664
1313483335004491777
1313482356221767680
1313482187086364684
1313482037911785472
1313480035479752706
1313475895655641088
1313475778168918021
1313471187134099456
1313470824477872128
1313431008138719234
1313428508220313600
1313428278376529921
1313425366971822081
1313424932022480899
1313326945069826049
1313326934202478592
1313299936168026114
1313291717253255168
1313289963363086338
1313289271403479041
1313284545903501315
1313283899577991168
1313274776136364032
1313274553863471115
1313270967020523527
1313270531488129024
1313268921898856448
1313268566473531392
1313268495547805696
1313256291276554240
1313254672757665794
1313254582013878275
1313254322982080512
1313253907330719744
1313253904637984769
1313251181561602056
1313249303524184064
1313248295221972995
1313233131919609858
1313232855049408515
1313232635079077889
1313221278854246401
1313216939519610880
1313214923695173634
1313202102945091584
1313201817178845185
1313201516627533826
1313179758738505734
1313171453135773697
1313169414544654336
1313143508899856386
1313142999258476545
1313123762892611585
1313123280069554176
1313114019021180929
1313109020413235203
1313099766725857280
1313099186796101633
1313095743532658688
1312914099077091331
1312896785531232256
1312892208979288072
1312838366749175810
1312837887772315648
1312837803529719810
1312837261034168320
1312834924790112256
1312808885267443713
1312804693639389185
1312781181663023105
1312780687817224192
1312779766165012481
1312771835889684482
1312771079627255810
1312770509726154752
1312769954559807490
1312768895955226624
1312765086570864647
1312757649000235008
1312756137939394562
1312753238123446272
1312752542644932611
1312752061642141696
1312748097865420804
1312585690870353931
1312542129286242304
1312535370643382272
1312535227428859905
1312526861142958080
1312526607869865984
1312526386993610752
1312525601492750336
1312525072339361793
1312522861618229248
1312522185844506624
1312511465975283712
1312504343124275200
1312502495864713216
1312495808151867392
1312495728330067968
1312486493382828032
1312485182138544128
1312483186409009152
1312482219542278145
1312481523203928064
1312471131639562243
1312470883236114432
1312470622396575744
1312470458688700417
1312469422573907970
1312469012517842944
1312463361699848192
1312463086071160832
1312462683552116736
1312462181330427904
1312459056607420416
1312458334335713280
1312457969720717312
1312457382362976256
1312450486562254850
1312446614103941122
1312439073831677954
1312438527276187649
1312438215861661697
1312438125302489088
1312436635804393472
1312436446041526273
1312436115790393344
1312435798642323457
1312435510824951809
1312434964772855808
1312434046866264065
1312428660067053569
1312428421948084225
1312417841749032962
1312417237316239360
1312416980658458627
1312409671089696768
1312390907535200256
1312388551179481088
1312388316713680897
1312386285831622657
1312383939550601216
1312382786716696576
1312258396763156480
1312256667581636608
1312255901856935936
1312255221406609408
1312253401498087424
1312245472208261125
1312245414876381184
1312232775911694336
1312219934928314369
1312216851133411335
1312213762028441601
1312213673893453824
1312213541055688705
1312178602314592258
1312175926537449472
1312174285046255617
1312174085611249665
1312173585264336896
1312173188990738432
1312172736039383042
1312172154482425856
1312172092805115904
1312170846933274624
1312168749932273664
1312164163406360577
1312161714356449281
1312159190564048896
1312147255390990338
1312146700006375424
1312141859167199234
1312141430614155264
1312141130104860672
1312139855061676032
1312139641936437249
1312139305935015936
1312138945640103937
1312137313871261696
1312136907430608897
1312136748986585089
1312136385634070529
1312134378902884352
1312133401353150464
1312132796446507009
1312126599471407104
1312125969897930753
1312123890907324416
1312121746414215169
1312117782352338945
1312117048445530112
1312116981483462657
1312115020201783297
1312105774110261249
1312104046656802817
1312103668691267584
1312103346736570368
1312102456088641536
1312102286399737856
1312100082410377216
1312098606397046784
1312091679978074112
1312088588956377089
1312087892097982464
1312086171565150208
1312085443953950723
1312085302119403521
1312085237296517121
1312085090617495553
1312084807975874560
1312083535528853506
1312082509585354753
1312082046479732736
1312080373279600640
1312079929765498880
1312079174526554113
1312074885125021699
1312073700745900033
1312065853265981440
1312044215661142018
1312043187696001026
1312041561379790850
1312041498783944704
1312040355890692097
1312034628258197505
1312027684285882368
1312011954526056449
1311988270721576961
1311988215084183557
1311876305508499456
1311875949881954304
1311871321547169795
1311870742477369345
1311870095799603200
1311869888693182466
1311869449654489088
1311858274229268485
1311853469016494080
1311853091675930626
1311850065154236416
1311848899951329281
1311829901943746561
1311822069672431618
1311803633231683584
1311801617625251840
1311760380876726285
1311754394065657857
1311699698634444801
1311697238683455488
1311696902627495936
1311696674197254145
1311694811628474369
1311690095553064963
1311690055900188672
1311684467602358272
1311673039445254145
1311671876490596358
1311671581823959044
1311670974165716992
1311661084257013760
1311659808286703616
1311659233558044673
1311655633452781568
1311655149438464001
1311642198719508482
1311523193283375104
1311523059271176192
1311521334187438080
1311521008818454528
1311519389980729347
1311512652854693888
1311511531608104960
1311509062337486849
1311508390468710400
1311505736095080452
1311505061013458945
1311489511264849921
1311488295340257281
1311487778190962688
1311486557136793601
1311485738236686337
1311485572167462912
1311484729020030976
1311483679588388867
1311482722221776898
1311452506287943682
1311444495884574721
1311442241647529986
1311431441851572224
1311430869396131840
1311420038214299648
1311419500374503435
1311419144357793792
1311392692711174146
1311389345316769793
1311389211212369920
1311387363613061121
1311360937572659200
1311356497042067456
1311321297302024194
1311320818035589122
1311313913485701127
1311313056958472192
1311291367939809284
1311288266138714114
1311153034811113473
1311147988715220992
1311144597754720262
1311144415688372225
1311144175010803712
1311143383872790529
1311143114694852610
1311143061238546432
1311141327040638978
1311141304286486530
1311141033212772353
1311140808465227776
1311140613245620224
1311140119781535745
1311139250394542080
1311138855047909377
1311133657495732225
1311132318472581120
1311130967021584384
1311130576548696065
1311128996382494720
1311128946172473345
1311128574905196545
1311125772141199361
1311122582066917378
1311122024459317248
1311121692866080768
1311121248802480131
1311121153642070016
1311120034543083521
1311116701824618500
1311115975018926081
1311110435358363648
1311057570925350912
1311056987023708160
1311056296888721411
1311055702820089861
1311047175296684032
1311046314575237120
1311044931440521222
1311041190071087104
1311040987830067202
1311023836419239936
1311009733722152960
1311006387246424077
1311005540248674304
1310983188693606406
1310982349191090178
1310977593466851331
1310969551849492480
1310969519016488960
1310969349386182657
1310964600314253316
1310775299613884416
1310770425450950659
1310759860733083652
1310757280988585985
1310757028869165056
1310756998749851648
1310751126598418432
1310717892745408513
1310700050637611010
1310699785054294017
1310699503599726592
1310684311419576327
1310683946196312073
1310683198234546176
1310682278964625408
1310682044847075328
1310675964305838085
1310661034382962688
1310660596820566021
1310660123057160196
1310651905618608132
1310649997067784194
1310649731362717702
1310646723744878593
1310641090102517761
1310635703655714817
1310622354377183239
1310620586180214788
1310618363379486721
1310614904391360512
1310611620750602251
1310610991781158912
1310608476989796352
1310603059236605953
1310587956156129280
1310582243514032133
1310580828439707650
1310573490303651840
1310431894203441154
1310426277690650625
1310425643742629888
1310420076529672192
1310419505613504514
1310412724564885504
1310412521573167111
1310412318702960645
1310411607353307136
1310411523639123969
1310405561561874434
1310405237254098946
1310404123523719169
1310396522056613889
1310382889696202757
1310382752810831872
1310382586276052992
1310381317515862016
1310380743391051778
1310380623677321218
1310379686715949056
1310379625982369794
1310379071029817345
1310378737154895875
1310377537202159618
1310376903832989696
1310376255326388224
1310375543897022470
1310371910027481090
1310368976116035584
1310368807299493893
1310365366623834112
1310363492852076546
1310358448148828166
1310357967208951808
1310357525892608005
1310357457038966786
1310356834990120965
1310356604601217028
1310355349770309634
1310355012690870273
1310354131765342208
1310352962074677256
1310342676965883905
1310342404449480708
1310342042485223425
1310341824293330946
1310323161616048130
1310318441015005188
1310317919201570816
1310317437112537089
1310316925306765317
1310309727193178113
1310309456039866371
1310309209280581632
1310298434071658496
1310292768867131395
1310287595629314049
1310255683644928001
1310248132912050178
1310245793958330369
1310245100447035392
1310239839737065473
1310231929027952640
1310230640831406080
1310218983715614723
1310218104719454208
1310217269289590784
1310216525119455238
1310216419922120706
1310213273258725376
1310212969964408833
1310165964680560640
1310061956129329154
1310016917256712198
1309971849409896451
1309971234655006720
1309965647623761922
1309946622395252736
1309926322978856968
1309894789819703301
1309894048631619585
1309879338557464576
1309874132113395713
1309856330295975936
1309855900555980800
1309853704791748616
1309853142918541313
1309849367554203650
1309849068936613891
1309848697384165377
1309726005951684610
1309725030360715266
1309655809522118656
1309653859770470400
1309652319403937797
1309652185882546178
1309579383049510912
1309561703177256962
1309549707400826881
1309549620700291072
1309500716336263169
1309462722157981697
1309462615068995586
1309458862244859904
1309452778872475648
1309347035045339138
1309341943168675841
1309291599793455104
1309255746660511749
1309254741281603588
1309252203715219457
1309251890455228421
1309233112371654656
1309227994351906823
1309222768211365891
1309220964371181569
1309220695663149064
1309206844242567168
1309196911963000834
1309166714995830786
1309166523030949889
1309166230423711747
1309165675584401408
1309158531665473536
1309158016634302465
1309146151501942785
1309145917191319560
1309144789649158146
1309122036208488448
1309109136387383304
1309107463875112964
1308921163960250368
1308788134075916288
1308780648421896193
1308775418208620544
1308775003324899329
1308768486701903872
1308768234733219843
1308768044987097090
1308767275881816068
1308766898042142720
1308766642416033794
1308762700147838977
1308759389520695296
1308758673716580352
1308753641952731142
1308632133569785856
1308630330505601024
1308630257063387136
1308581754383540225
1308554447354765312
1308522155773173761
1308455342653739009
1308434358496374784
1308433971987066881
1308432743139872777
1308431896611819520
1308431392431316993
1308430768729976833
1308429834788405254
1308428846295851009
1308185351278800898
1308064075381985282
1308063731172155392
1307906101946601472
1307778781126504448
1307745652533755904
1307714077804957696
1307698734164250624
1307521867855650816
1307518409803018244
1307439095296266244
1307426419811799040
1307407484068474881
1307407025526190085
1307398866170523648
1307398317035397120
1307398166778728452
1307395752323436544
1307385016675168258
1307343531036508182
1307212285555937281
1307211856017330176
1307211514399649792
1307209506309451776
1307104903270141953
1307102640254451712
1307101629565546497
1307071504954388481
1307061504164929536
1307058950089703425
1307057992546881538
1307056149750046723
1307055407018446851
1307050534126448641
1307049382609645568
1307019723746443266
1306990233460891649
1306972249090674689
1306970945593257984
1306970619175677959
1306966975466409985
1306966083446898688
1306965774507048961
1306832381584826372
1306823505024110592
1306737264781930502
1306721398610591745
1306705907129217025
1306705311500308480
1306705174870790145
1306699432088436736
1306698465305595904
1306581121535270914
1306380397996015616
1306361407047434240
1306212822754394112
1306211552593408003
1306204606209363969
1305993542851063809
1305966849667084289
1305958322936467459
1305929810326233088
1305929373816623105
1305928920668221440
1305905093724733441
1305900069095378952
1305899837427200001
1305899684595142659
1305890426566696960
1305890081752977408
1305646658584276992
1305642872067305472
1305641245964775424
1305640773027860480
1305578477131902983
1305552979915952128
1305552758196633608
1305524103479283712
1305523788180860928
1305523444788985856
1305519406865428480
1305518668030398464
1305518134128934913
1305321996209750018
1305320953346510849
1305320512256704512
1305319775359373313
1305319144246652928
1305318795653910528
1305318357424537600
1305309950034444288
1305309654440910849
1305266722530787328
1305225653780918280
1305225138879770625
1305224872721895427
1305224555871571970
1305222944608653322
1305222375756136449
1305221934653808642
1305206935512322050
1305195575055446017
1305194780838813696
1305189457839165445
1305182584985485318
1305182455234691074
1305181691967877122
1304945340127338496
1304941341537902594
1304940858500886528
1304833807909031937
1304833299748196353
1304831282006962177
1304824035436572673
1304642944520118273
1304597055176876032
1304509899183992833
1304509208625373184
1304474583727304704
1304471254737588224
1304470784774205440
1304404295215919104
1304399183504453634
1304386895988879361
1304386551292596226
1304385989662699521
1304385614507278339
1304385448383578113
1304385387469701122
1304278133525417985
1304274462762831872
1304268126868168704
1304208955221180422
1304198733995876355
1304193505829552129
1304193391538966535
1304152799236759553
1304133550896222208
1304099839781883905
1304099752561332226
1304085380954836996
1304080940348604416
1304073626841419776
1304052859869241345
1304047161890476032
1304029136290283521
1303941127423303681
1303895811885944834
1303895592838414337
1303892588303245312
1303892505386074113
1303864387531403264
1303864330287550470
1303855625357742081
1303852747977035776
1303844486007586818
1303844217173622784
1303843848427192321
1303841710133317632
1303840635288391681
1303840012270579713
1303828587309658112
1303821588882579456
1303814018902028288
1303805081666621441
1303804747787444226
1303801865285578752
1303801555200684034
1303779336487661570
1303777099459821569
1303775568643661828
1303775201780535297
1303756168196751362
1303755210385485825
1303709394979483648
1303709266302447617
1303682247350943745
1303678067173478401
1303677104861704192
1303609735833411587
1303609450549391360
1303488099297701888
1303478674071662593
1303444334415667208
1303443291233497091
1303389891271766018
1303376896428830720
1303375395027406848
1303367033975975937
1303366363214499840
1303365623519612933
1303353830160109569
1303353671116349441
1303352450905186312
1303352068565020677
1303347998315945987
1303347328993157121
1303347190132334592
1303346929317879808
1303333273821761539
1303318395560095749
1303309438418391040
1303309347766906880
1303309059542712320
1303308819297185794
1303308335295406086
1303188392872734724
1303187932237398016
1303179584389689345
1303104862981206016
1303104108757360640
1303100358323892224
1303091108042473480
1303090884200869888
1303077675980947463
1303045573851971586
1303038775665328129
1303038210994569226
1303038134276575233
1303035235504975872
1303027536105013249
1303026914496569344
1303026508005609473
1303026077372211205
1303016188012888064
1303007354066292741
1302990398525263873
1302983293026131968
1302982880621211650
1302982419327447041
1302948614910734336
1302947891556880385
1302947592171597824
1302947478593994752
1302947315246866433
1302947081053704197
1302946380776910849
1302946204607635457
1302946153160413190
1302946074189914112
1302946025221566465
1302945260318978049
1302945053774667777
1302944599397326848
1302942706042318849
1302938735919628288
1302931908293259264
1302760257513574400
1302683729916289025
1302679999124852736
1302679103057915905
1302676351565078529
1302675758024974337
1302660123211501571
1302659565956337664
1302659343242932224
1302643006860922885
1302641680634576898
1302638895947972609
1302638232077729792
1302622828622237696
1302615815313911808
1302615560312819714
1302587205169414144
1302576610730704897
1302576204147494912
1302415628662439937
1302415366677770240
1302415160733294592
1302400068570542081
1302397669957140483
1302396748976058370
1302385056225296386
1302384923983179777
1302384129162588168
1302379131875864578
1302356433309138944
1302348706897965057
1302348259571236864
1302342860981907460
1302297861066031107
1302278362820468743
1302278218829959169
1302273656475840513
1302272197575299072
1302270320330584066
1302269733673336832
1302265223089401856
1302258875744366593
1302258622613913602
1302258007863164929
1302252370215276549
1302248944928526336
1302248212745654274
1302247592806449152
1302247302707449857
1302247050449506305
1302246583854129153
1302148507197820928
1302147044728025088
1302104863325777921
1302096820101931009
1302085342556688385
1302073489264959489
1302060769308225536
1302054533720203264
1302054239083012098
1302038230481678337
1302032568745971718
1302032211278004224
1302028891872264194
1302028469052866560
1302028017234042881
1302024208474664960
1302020594268078083
1302007552172056577
1302007453870153735
1302003213676220416
1302003025083609090
1301996888842022912
1301996685342715904
1301987305448714241
1301987275681730561
1301983362043781122
1301974416973271040
1301971599214731273
1301971430834425860
1301969279919837191
1301968647204806658
1301967975231168513
1301967767864774656
1301967080611352578
1301966731947147264
1301966581766008833
1301966070656512001
1301965484762505218
1301958049301762049
1301957813732888578
1301956096526032901
1301954622916046848
1301954080261185539
1301952490330558470
1301942583086796801
1301941526310907904
1301941282286325762
1301940216433958912
1301936149951385600
1301934915332775941
1301934435445747713
1301933932657733638
1301932904675713026
1301931805977833474
1301931497813876737
1301930569043935232
1301930300944064514
1301929333574041601
1301928742965702659
1301928414140674059
1301927981229789185
1301927533156368385
1301927209184178177
1301926754014158848
1301924541334077440
1301924469166940163
1301924336295583744
1301923991188172801
1301923641383288832
1301923276847898625
1301923221197914112
1301923149261357062
1301922560339144706
1301922488297820160
1301919700603994112
1301918354668580871
1301901836258095111
1301901484527935489
1301894535849664512
1301890343584051201
1301889910480265218
1301866963552083971
1301866365763100673
1301864645096083456
1301864427675947008
1301864275233959939
1301862568131047429
1301759755338354689
1301755700507484160
1301755222692425728
1301754828419485696
1301752302278238208
1301751405028540417
1301742756478332930
1301738826088538113
1301733256866541570
1301729207731589121
1301728783809032193
1301728118772768774
1301727866468655105
1301727021979119616
1301726703987970053
1301726172330504194
1301725974552289280
1301708410350637056
1301708103998672898
1301705628159741952
1301705309392646144
1301665937603559425
1301662735265132547
1301660549676138497
1301660387172069376
1301660075656982530
1301659820077056000
1301658594069434368
1301658142091157506
1301653258637914117
1301652633233563648
1301652456015880192
1301649631496073216
1301649394387890182
1301649189256994816
1301649024039165953
1301648162084528129
1301647489326624771
1301639820062732289
1301628882207023105
1301627309481439232
1301626367180713984
1301623530770100226
1301608437839732737
1301607627542204424
1301606509609209863
1301602938415190018
1301588812372611072
1301583259919421440
1301554804536348675
1301554591675355136
1301554504954007555
1301553766362214401
1301551015779541000
1301550712434749444
1301541074427666434
1301540532406095872
1301539896545472512
1301534269563703296
1301528973957099520
1301524563428364288
1301521194227822594
1301520651241623552
1301519682877493251
1301497565205221382
1301497142427693056
1301496698779430917
1301492373491453952
1301472118698397696
1301330380629389313
1301291378912174085
1301291374957023232
1301288710214909958
1301283545831354369
1301267358288424961
1301231078187978755
1301230399297814528
1301230240895832064
1301229226377568259
1301221224765423618
1301220470021328905
1301194414803636224
1301193582141898752
1301189303473758208
1301189023592054784
1301182911236976640
1301179796714590208
1301162385542127619
1301161564079259653
1301161359653171200
1301156647910486020
1301155771519037446
1301154886583803909
1301154871211700224
1301152418680451072
1301135242447781888
1301135181521342464
1301070391830511617
1301066394214301696
1301066358692761602
1301058915229151232
1301057842737225729
1301029557999468544
1301012388741865473
1301009699882631169
1301005614764765184
1301000989017878531
1301000664433274886
1300999667317116928
1300999458402992133
1300997202211475461
1300996142222766080
1300977687142502402
1300971302010970118
1300962452146880515
1300961549322981379
1300948215907450880
1300947742332776451
1300935659809574913
1300934938863243265
1300922927865622528
1300922852875669504
1300921393329078272
1300918198511054851
1300898454022098945
1300897415701106690
1300897177061986305
1300896192889528322
1300895270167863298
1300894504015327232
1300894248326369284
1300894159461584901
1300870865194758151
1300870745917194241
1300828327704436738
1300828021000146944
1300801751839322113
1300797390522404865
1300773043678126086
1300772750131367938
1300771761500418050
1300770785448153088
1300762509050171392
1300755791050309632
1300755488485847041
1300754562253574145
1300754451159023616
1300748270684254209
1300748007185559552
1300746719420968960
1300626002700390405
1300625847280377856
1300582414595559431
1300560239645863936
1300559296003014656
1300558206637420544
1300558070838374401
1300543363326902272
1300540702007406593
1300540081795731459
1300537195913240577
1300536836494970880
1300535230030393345
1300533649327165440
1300505868081954817
1300501105449762816
1300500018814742533
1300499976141840384
1300499859397652483
1300499140821094400
1300498176252825602
1300497510084075521
1300497314717593601
1300496715594772485
1300494956163993600
1300489962572447751
1300469436634353664
1300449248413184006
1300439955341221890
1300435860849033216
1300421276314603520
1300420576197177346
1300417173719060481
1300416986862817282
1300416672310996994
1300416205510115328
1300411885037199363
1300411363597193218
1300409683396751361
1300409254441082888
1300306519267971072
1300298098892320769
1300297723883786240
1300297002211774464
1300278467410436096
1300264237181403138
1300259293732708352
1300236021402161153
1300233547941380096
1300232978585595904
1300223154359595012
1300223090614566912
1300214916721278977
1300209753436704770
1300207539536236544
1300164372300476416
1300163839812567042
1300163196272156676
1300132489139286018
1300097036545601536
1300093617843982339
1300092442964881414
1300082000343302144
1300061877758722049
1300060786837028865
1299944679396392965
1299944307546353667
1299908996019691521
1299891634583285760
1299887985782128640
1299853059623997440
1299843034847358977
1299747648484843521
1299742619396902912
1299741787049930753
1299741157346471936
1299643888219676672
1299581968909303809
1299524364476592134
1299492320459583495
1299487728782934016
1299470122927742977
1299404254923366409
1299380071422193667
1299380003986079744
1299379755138023424
1299379613265780740
1299361955929559040
1299352263102734336
1299346869781491717
1299344648733941765
1299344021303758848
1299341290161799168
1299339827343757312
1299338852230979587
1299332356763983884
1299332041696325632
1299331580259958784
1299331472684445697
1299329916522164230
1299311500063125506
1299310908372590592
1299305881172049926
1299298048867282947
1299287948853219328
1299285744578691072
1299285597195034625
1299285333708808192
1299284744581111809
1299270446479794176
1299155784891330560
1299122181729849345
1299121779903025154
1299121722147340288
1299111421339463685
1299111368415735810
1299107461270568961
1299099417505681414
1299071300951040000
1299067663931633665
1299067510055108608
1299066334446268416
1299047165894025217
1298969876095213568
1298739827316346880
1298735790940446720
1298715014883287040
1298701513972473856
1298682755723689985
1298679999017484288
1298679254645968897
1298678327537016838
1298677860606124033
1298676585109704705
1298676516583333894
1298675312927145984
1298661562081849345
1298651469613346816
1298649978307518467
1298643556194816001
1298643425705832448
1298643132339412992
1298641987965460484
1298634839294345217
1298624629704216576
1298624033794199553
1298622137687781376
1298574154006962176
1298574044766314501
1298446157409124353
1298380618070401026
1298380412406960138
1298378715659931649
1298372225490456583
1298366075227320323
1298364888830681089
1298354117425926144
1298347137273663489
1298329681058553858
1298316571199385607
1298307358138011648
1298307319713996800
1298288675382538241
1298288378631335937
1298287951877754881
1298287881249849344
1298283424843796481
1298277411797323777
1298275408521998336
1298275318348894208
1298271844550586375
1298262606143057920
1298251496287604738
1298231262314926081
1298230031240630273
1298092518295449601
1298092411969839105
1298091985224556550
1298091480498810883
1297955682986098688
1297948699524567051
1297948299702525954
1297946796916912130
1297943938595258369
1297915395731587072
1297909770226216960
1297909242494693377
1297890344915410945
1297889336608862208
1297886159272583170
1297766397871902724
1297749970087542784
1297748677105246208
1297740513328672768
1297739964432744450
1297739856450387968
1297739722450702336
1297724949826871299
1297724406211452929
1297723905784741888
1297671490121469952
1297663145767505923
1297631743751737348
1297628743305961474
1297626200232386561
1297605265597116417
1297592709679591425
1297549866227453952
1297549762762334211
1297537981977329669
1297535586694242307
1297532573422411777
1297530875106725888
1297529482627121152
1297520361416916995
1297520231309508608
1297510729520746506
1297510144159485952
1297319874566529024
1297319759919423488
1297314014540824576
1297301987550208002
1297279163393544193
1297265366440214536
1297207428749176834
1297197342987345920
1297172402749743104
1297156293380247554
1297085947155283971
1297080790564712448
1297040122337275905
1297039881298939906
1297038147793100801
1297036839816253441
1296952168667389953
1296952148320804867
1296940697858318339
1296939955261001728
1296931963199250442
1296931618108645376
1296931610449911814
1296856416582500352
1296843141945921537
1296843063810306049
1296793962884280322
1296783163067379712
1296782042257072129
1296778473634246657
1296776806452924417
1296775100486897666
1296774763969482754
1296774071703699461
1296771500620550144
1296771356688777216
1296768219253026816
1296765786703503361
1296764882919002112
1296674595098025985
1296593846885855233
1296593446568890370
1296593445314797569
1296590888911634434
1296590757869035522
1296547139301117953
1296537077094461440
1296532049529057281
1296516134670422016
1296516024909606920
1296515898463924226
1296497401847480320
1296487362873237504
1296481231656423424
1296480950151516162
1296480533216714754
1296480190864986115
1296475119502741509
1296471003032358913
1296470647867092992
1296470516581240833
1296468277913419776
1296468147344674821
1296466721935687683
1296466473993601029
1296464006413197313
1296463416354381825
1296457355908063234
1296456849810755586
1296451100372017154
1296439490047873024
1296439219406155779
1296418184359284743
1296190796539006976
1296188418993594369
1296167610489417728
1296167002881568768
1296105998541824003
1296104602002231296
1296104161860358144
1296068820495409153
1296055452724273158
1296052476030988288
1295920402292711428
1295910882870996993
1295872959891021824
1295865499797131264
1295864579961098240
1295863706534973443
1295838859939414016
1295838574630379520
1295812709360046080
1295783588798042113
1295766798751739905
1295765206056996866
1295758663202869248
1295757348301135873
1295753424449961988
1295752003654746112
1295751789996904448
1295751393194770432
1295751250420670466
1295748210103853056
1295747924509458433
1295747850006138882
1295744883429445632
1295743058148036610
1295742738269450240
1295737141151109121
1295736058307649537
1295735808834580487
1295734886867841026
1295732365604655111
1295732157663633408
1295716905408438273
1295716132880560132
1295715389545025539
1295715108165951488
1295714555893559297
1295710044642779136
1295708401327116289
1295702759770030080
1295702412645273602
1295702090606448641
1295655283654565888
1295571053087948800
1295558599046037504
1295557515091091456
1295556648166203394
1295556002461425664
1295555074421334021
1295554849778675713
1295554524879495168
1295552425470853121
1295460625410334725
1295435327293857800
1295435052478799872
1295434478152757249
1295433720128839681
1295433491086217219
1295428442532597760
1295409802554875904
1295385811458949122
1295366827829338112
1295361770165600256
1295190496323801090
1295190019548811264
1295165110403596290
1295152883621658624
1295152450060587010
1295152269726547970
1295151102132879365
1295150780081680397
1295150385657675777
1295149720449486849
1295039875239092224
1295035793581449216
1295035212603305984
1295029542185304065
1295016268714643457
1294997888737726464
1294997478601891844
1294997433655660544
1294996864396337153
1294996662608420864
1294996144062451715
1294985354639024128
1294980631710113792
1294977714038988800
1294977041964634112
1294876623746011140
1294852266755788801
1294819937354211329
1294772698401447937
1294771170340790272
1294714658608361472
1294688594158903297
1294687473176641540
1294684045272588289
1294656432063877121
1294653205553516544
1294478518081003521
1294457604475846657
1294441423501221888
1294435418566426624
1294435225775280130
1294434978097438727
1294433819341262849
1294432856505188357
1294432437922074624
1294432390690070528
1294413012493832201
1294404245748355073
1294396669652598785
1294384600668667917
1294383667415060486
1294371757625835520
1294336767722758152
1294329499476205574
1294320219704438784
1294319641981079565
1294319228804374528
1294313438890676225
1294308246422007810
1294303744432234496
1294277397920067585
1294059968895877120
1294031026822565891
1294019637898874880
1293986812847939586
1293982349630345216
1293704558913495043
1293704254268547072
1293692038362402816
1293672618877427714
1293662472642203650
1293660999267028993
1293657654179565569
1293638182223917056
1293634554721435650
1293632009475100676
1293620666269405190
1293547766929653761
1293523816870805505
1293359763758161920
1293351430410178565
1293351027845013504
1293342527165288448
1293337661843931136
1293328452138016768
1293326093102047234
1293325596978806786
1293324040367636482
1293308969700786176
1293308955482095618
1293282344187514880
1293271408148185089
1293250582459940864
1293250398191583232
1293218504737423361
1293189927371333634
1293037184539398145
1293036595218612225
1292976347632082944
1292964917524471810
1292962021282127878
1292961766398464000
1292950092031426568
1292948213511663620
1292916883503681536
1292915208877416449
1292911942085029888
1292891013141471236
1292890681313304587
1292887928650321922
1292887424494952449
1292886307325259782
1292858928531939330
1292611939915505664
1292278707852324875
1292278238878851085
1292271077163520001
1292219163507937280
1292141204461817856
1292140260953071618
1292106450760880129
1292106417751588864
1292099609284706304
1292099604989845504
1292099603081420801
1292099601500123137
1292099600183066624
1292099596609519617
1292094484143116288
1291976824281608192
1291954158833106945
1291936531427598337
1291936333280301057
1291935117544431617
1291908487316996096
1291863652870565888
1291862906028658690
1291861829728325636
1291857369673195522
1291856114351513602
1291855132297232389
1291854800167088128
1291854714984968193
1291852548220096512
1291851108336513024
1291841520946094082
1291841320915546117
1291821388500733956
1291817768711532544
1291813008193265665
1291806621283352579
1291804701189648385
1291796622528131072
1291796157136601088
1291789090766180353
1291787222388215808
1291782966956503040
1291767280779644929
1291763341942296576
1291760193995452417
1291752685641883648
1291752459069804544
1291752071482486785
1291751295804735489
1291739517880348672
1291717159983382529
1291717045982289923
1291716906475556869
1291714049730850819
1291712264169377792
1291521148186959872
1291433214150610946
1291428394039685120
1291428191769440260
1291402255837663232
1291179975958290433
1291142149396930562
1291116108309770243
1291105727772319745
1291104726134804481
1291087910272475139
1291080727820488705
1291080726176247810
1291073529602093059
1291023818455212032
1290804321249038341
1290769606714548225
1290752700477472768
1290747204899143682
1290712709416321026
1290696789432115201
1290693556500389889
1290666098875129864
1290441305076707328
1290423655395217408
1290415963037470721
1290406333611683842
1290405367646769155
1290403551223709696
1290396521603780609
1290348101232885760
1290344318859968516
1290342212459532288
1290342082176049152
1290339890530586625
1290339425172566017
1290334100390281222
1290333915555737601
1290333576777670656
1290304525744525313
1290298361153691648
1290290219162324992
1290052838089842688
1289992792480059392
1289990769873268738
1289989002712322052
1289911485087375362
1289739126640541696
1289665073024098304
1289664763010510848
1289593146242813954
1289497472084013063
1289418535119106048
1289350405474975745
1289331525910065152
1289307420964003841
1289291762368786432
1289291534756491265
1289248332863246336
1289247568107458563
1289244735136137218
1289194124311109632
1289167124737523712
1289038099713073152
1288985804451262464
1288985786822664196
1288981261973946369
1288945740337881089
1288923052609347584
1288879106805903361
1288862098752253953
1288857157778247683
1288844354195460097
1288841431772270593
1288838598809341952
1288830243730595840
1288683908410888195
1288682602786955270
1288681856582508544
1288671312827883520
1288640896368607234
1288595407661129730
1288582895318315010
1288579262631612416
1288576971082027008
1288572106192683011
1288556200632647680
1288555657793351680
1288550499764101122
1288535141896392706
1288533124389928962
1288533028239814656
1288524079813799936
1288520216905908226
1288507422856929280
1288452475641626625
1288334183719469057
1288314916710080512
1288314790289514497
1288267155071537156
1288246438410027008
1288227108637024257
1288227034465021953
1288226699252043777
1288226303943081991
1288225833157562368
1288209918928064512
1288204873666895879
1288204628736323589
1288204356530184194
1288188346779533313
1288188186779422720
1288185369784127493
1288179724775297026
1288179122942947329
1288148682030878723
1288112728691761155
1287940173276352513
1287915419303583746
1287903251799646209
1287902993610952705
1287902758549557249
1287898150569680897
1287897783119249408
1287887354078867461
1287886342265937922
