1330582641880526855
1330528011318415361
1330527802853089282
1330331999836516355
1330323659618209792
1330255908232962049
1330255410461282304
1330211623194292226
1329921449608568832
1329851854033981440
1329846923524759554
1329846922182586371
1329821056962605057
1329819141327515651
1329818717526650881
1329813982207676416
1329640540711874560
1329629951079960576
1329591631213891590
1329543305818992641
1329539936513646593
1329538124599488529
1329519925677989901
1329519924230967296
1329509843330326530
1329484626646151169
1329481179142254596
1329401446765367296
1329323514369814529
1329279140906868738
1329244620669276160
1329234140261208064
1329228450209681412
1329222414023192578
1329221169300508673
1329219439108218880
1329215242128207874
1329213613320626177
1329213594785951747
1329213580194025472
1329213563752374273
1329193354215755782
1328901699235422208
1328876242309943301
1328875703929085952
1328868709256077313
1328867101268987904
1328860116582600704
1328817896194183172
1328815999999684616
1328801779539189760
1328784086614368257
1328781262211964928
1328780269504040966
1328762512955875333
1328733473310470145
1328712080074092545
1328526459376427010
1328496157023215616
1328495514174828546
1328495024997273600
1328488732341776385
1328465116761821185
1328461989799227392
1328425856218386435
1328425334602076160
1328395045519699968
1328329678034243584
1328082000805306379
1328028561878487040
1327964256072044546
1327961233845313537
1327785543548235776
1327783829369737216
1327605134587817985
1327459568251793408
1327459022379814912
1327458161247318017
1327430068080156676
1327404296439263233
1327337926288617473
1327323465318346756
1327306257464778752
1327296705121951744
1327262128047263748
1327122080622649345
1327122072561201152
1327122069297958914
1327122066039042048
1327122062721376256
1327122061307809794
1327109619622227968
1327108287347748864
1327108010704048128
1327014234526507014
1327009207237947392
1326965095549775887
1326958753497878529
1326952613867368449
1326952612802015232
1326888521571966976
1326888272056946688
1326870606474670080
1326863244045262848
1326863099530539008
1326740890237464581
1326736869183397890
1326736199827025920
1326733068846174208
1326727633615417348
1326696998351872001
1326696997374586880
1326624272601722883
1326623444113481728
1326574434451386368
1326568466825015297
1326399191216746496
1326387251941675009
1326385542611824641
1326314915385184256
1326300503995805701
1326284924375212032
1326283016411488256
1326281310202191875
1326279670258667529
1326266419630256128
1326266185114144768
1326264526954762241
1326251323717771264
1326237934509563911
1326221941204799489
1326209684693512197
1326196290141745153
1326182029441069057
1326179235422236672
1326175178452332545
1325998210159169536
1325959066607378434
1325908437201522689
1325896335543967745
1325880882230665218
1325832645843034113
1325826705303490560
1325813917797523456
1325812661364404224
1325812317569896449
1325803971835990016
1325802724328345603
1325802717504221186
1325782858603048963
1325770895265325056
1325663186452930562
1325663042198265861
1325663040986107909
1325609825510821888
1325601509237776386
1325554426002681857
1325507243765346306
1325493740807614464
1325492449482043393
1325491831556202496
1325489705677430788
1325478653497634817
1325468229809139716
1325464783253102593
1325306068499640320
1325296026253750274
1325288430742499328
1325265028786900997
1325264268594466827
1325263746537836544
1325259423980400641
1325259034832859136
1325257056648126465
1325256826036908034
1325254624266350593
1325254098602614784
1325252309979455492
1325252145965379587
1325249025059254276
1325238708312944640
1325237794596380672
1325234732708327424
1325234132306309122
1325231246629335051
1325208900870701057
1325196191597027330
1325191954154442752
1325181823757021189
1325175640686022657
1325174170506981376
1325169270540529675
1325164588988559361
1325147510378176518
1325138162075627521
1325131401549656065
1325128523263176704
1325126904458797057
1325119431853273088
1325118782617116674
1325116754327179268
1325113916679139332
1325112487205883918
1325072674461249536
1324937785581637633
1324926580070682624
1324925065889198081
1324923665444708352
1324923469264523267
1324922312156655617
1324919747893465089
1324906639489687552
1324882811178930176
1324880567884771340
1324874715438190593
1324845896924864522
1324794245899644930
1324776263165349888
1324774343759568896
1324766426293481473
1324731395604959237
1324731312570310657
1324727919558742017
1324719308489084928
1324716979652091905
1324714691428536320
1324711325902217216
1324708474887020549
1324707542245744642
1324706871584980993
1324705644348321797
1324704451387686912
1324704230180081665
1324654969052635136
1324654405560532992
1324575795252236288
1324559435927355392
1324547883182510080
1324543434011627532
1324538256889884672
1324537231235784707
1324523815653806080
1324519849448583174
1324519483403313152
1324518887753502722
1324507549949976577
1324506588057653249
1324505533429198850
1324503541801721857
1324503359806648320
1324502116120121350
1324486905686351872
1324486302960594944
1324485087308795904
1324463008836366341
1324460444350844928
1324460249856806913
1324455185578643457
1324427704809172992
1324418599105290241
1324412780166942722
1324403411756961794
1324384750614777859
1324383819592511488
1324226157718478848
1324149972942626816
1324130099948625921
1324116193045864448
1324097833046335489
1324097351393357824
1324079853373661187
1324072621747691520
1324072305266466822
1324062861665120258
1324061658109661186
1324060294893764608
1324056017924182018
1324052749395308548
1324047972016001027
1324046992562151424
1324046683416727554
1324045149534642177
1324042693920595970
1324033937900032001
1324024009902739459
1324023646852141058
1323999540236722177
1323894350573654016
1323893947438157830
1323892157808345088
1323863509076217857
1323861899419803650
1323858147874869248
1323848064717697035
1323842872102264833
1323842486419263488
1323823012907503617
1323817494809841668
1323814036748804097
1323800200843022336
1323797536285614080
1323788567777333251
1323775422933458946
1323743254005899265
1323737349902258178
1323729247958147076
1323725377852813312
1323706107651653640
1323702729122942980
1323694098465906690
1323687465404801026
1323679930685788174
1323676074962767873
1323673582753484801
1323672524601888769
1323670469707505666
1323669946656870405
1323656440301670403
1323652765244137474
1323651555539750913
1323650406652792832
1323634720140333066
1323621526554423297
1323618674381639680
1323604076614004737
1323599810952372224
1323593011444547586
1323591549557637120
1323583109326143488
1323457957867171841
1323442872985800705
1323441605534191618
1323436085221953536
1323435701682262023
1323416714416193537
1323390203122384897
1323375569061453830
1323375357647572996
1323373384789594113
1323368720572518400
1323363790541463552
1323361491215679488
1323298223776243715
1323283574582292480
1323281806217613312
1323280004982165505
1323272014199693312
1323218319319666689
1323217096986288128
1323145283157590017
1323128570823254017
1323126912231870465
1323116581895999490
1323085177959124992
1323051246371090432
1323049090729598976
1323043284357419023
1323032506862632962
1323017583046643714
1323013920488128514
1323012876391620608
1323012691141734401
1323012511197732866
1323011428874391554
1323008790493540352
1323008597001994240
1322970884601204737
1322951729214873601
1322951519071776769
1322950993282301953
1322942974985179139
1322940491747512320
1322940200365002753
1322720811736797184
1322695368681885696
1322677950182006784
1322670146889146368
1322656866640474115
1322647239899123721
1322622008748855297
1322620985875537923
1322569684550602752
1322559737892921344
1322419023989137408
1322326488285388806
1322326450251436032
1322326425395974145
1322326423558856715
1322326320563539968
1322312312880091136
1322298990818291712
1322287947526344704
1322277322813247490
1322271253630226435
1322268690683990018
1322245263264763909
1322216600385236992
1322204007545393153
1322045989612605443
1321973382724882433
1321973304777998336
1321964064667541506
1321962951289483264
1321940944812466176
1321920925256847362
1321894259285524480
1321817965424267266
1321817781977927685
1321803506093838336
1321663500255694848
1321649576529567744
1321634276908146689
1321626980488531968
1321618655839399936
1321608028966293504
1321564515327238144
1321560097655586816
1321560096468586496
1321534608559742976
1321501260596563970
1321454276082806785
1321254101636796416
1321140586527789059
1321119564718088192
1321078726285762560
1321058437313298433
1320879066745049089
1320845258498969601
1320845174394769408
1320843599119081472
1320751021883330562
1320743623227572230
1320580472473268231
1320577198596698112
1320550047344402434
1320547564035411972
1320378628891418626
1320229239485091841
1320227583108259845
1320215711957004289
1320213471422763010
1320209938136825861
1320209349822849024
1320209198307823619
1320208909848686593
1320207379267465216
1320207102598578177
1320206491064872961
1320206348643143680
1320202107572637696
1320201512522403840
1320198283831267328
1320197974979379200
1320197051532050432
1320186211747725312
1320043635539402757
1320040939101048834
1319717999578959872
1319665604471771138
1319627640786092033
1319501293287837696
1319490706092838914
1319489982986395649
1319484697697787904
1319482985675169793
1319475944403382272
1319475490890174464
1319474384155873281
1319473524470370306
1319468588529496065
1319467967516729345
1319467927209451522
1319467522375241729
1319467317328269314
1319466316768620546
1319465738537762816
1319465251306393602
1319465094376456192
1319464367323308034
1319464288130633730
1319464194484424708
1319463334232674304
1319462856635678723
1319461802896404482
1319461134487982080
1319460889926504448
1319460696061579264
1319460643284701184
1319460212319932416
1319459151265804292
1319458636821823489
1319457962407137281
1319457733289086976
1319457123819020288
1319457014637092864
1319456374540165120
1319455923119792133
1319455522957987841
1319455340862296074
1319454537258815488
1319454026103197696
1319453737132359680
1319453032648769538
1319451609122938880
1319451369129058310
1319451230922563585
1319450779107864576
1319450190063992832
1319449197922443267
1319448457023787009
1319448130128052224
1319447662177943554
1319447052108050434
1319446536904970242
1319445560051499009
1319445031867076608
1319444651619876867
1319443800448815104
1319432203265282050
1319422476447789056
1319418579641565185
1319417065510457345
1319416488693039107
1319414439121162241
1319412787358146567
1319411226938609666
1319410513923768320
1319409991032373257
1319409737461604353
1319389022981132289
1319323478210863107
1319117316051898369
1319116898492162049
1319112058856681472
1319110000359387136
1319109721048162306
1319073869077090305
1319072245264879617
1319071381712179200
1319065833931419648
1319063647797334016
1319061937465053184
1319059266486128640
1319058235354013696
1319051335795273728
1319038929304195072
1319037114017828866
1319023699136270342
1319006791754256391
1318958119351996432
1318945074873552896
1318937237350998019
1318929063948550144
1318924133854576640
1318923457288196098
1318779053013426177
1318721191436259331
1318720839513231365
1318708757984141312
1318707481560948737
1318697471950901249
1318695444780879872
1318657991093137409
1318602649990762496
1318601919523336193
1318557795315294213
1318556529302405122
1318555967202668544
1318527753969405954
1318513534028959744
1318513297239494656
1318365840501280779
1318364550014619648
1318186984263897090
1318185428546105344
1318180284202913792
1318149590147891201
1317999547939958785
1317941248284647426
1317919226590527490
1317903323916369920
1317671572237406208
1317669617947545610
1317526311166935040
1317491860764545024
1317491859850223624
1317491858071785472
1317473541877583872
1317470496775090176
1317213342440763395
1317209303028240385
1317201759601831937
1317201578340777985
1317199586973372417
1317145434402508802
1317142694699945984
1317141678940147712
1317140616141307904
1317139415563718656
1317106190841765888
1317065848574660610
1316925101502234624
1316920434659647488
1316918805344493568
1316917110547898369
1316916316440244224
1316916221703606272
1316914399047725056
1316912940419788800
1316911495628967937
1316910365498892289
1316909338942967808
1316908106874560512
1316901277935325184
1316892344113942534
1316880568781578240
1316840541527699456
1316840388003495940
1316839317906632704
1316818368608063492
1316801781767254028
1316768656563605505
1316759915248185350
1316758638904709126
1316701249551642625
1316599987673931777
1316585170611449857
1316558397198696454
1316545607683710977
1316544310112854016
1316541123750494210
1316516082329563136
1316492477696794627
1316492273715216384
1316490335313375232
1316473478292307968
1316466442926252032
1316436588214325248
1316430311677407232
1316401292290465793
1316396376352227336
1316384498574123009
1316313991157821450
1316241042224623617
1316230587707994115
1316189907753349120
1316157533489369090
1316097985441411074
1316093407631155208
1316082235418832897
1316081235123474435
1315860090122104832
1315843406984339456
1315814946102562816
1315790148672552967
1315784566100066304
1315784424215269377
1315729832148426753
1315685668820058117
1315685183018995712
1315509144267481088
1315508902658805760
1315450324468072450
1315449187522285570
1315447585503670273
1315446656465338368
1315446257410813953
1315445064693428224
1315440143432650753
1315439647066140672
1315438330314739715
1315414533830311936
1315402578117746694
1315357463319904258
1315342976449740800
1315322858214764545
1315322726748426241
1315308539469062151
1315307563391610880
1315247465348694016
1315242036757491714
1315242035947896832
1315148594895360005
1315146290146283521
1315145238680424448
1315141030216376320
1315140360478355456
1315138668227633153
1315138247908110337
1315133322222239750
1315132322665189376
1315078400470646785
1315052864834883584
1315012742907072513
1314939082183770112
1314746937392992257
1314739011148296192
1314724282317123586
1314714597618855936
1314604559076151302
1314511410785902592
1314392306678747136
1314341607093792770
1314229326016139267
1314218067770200065
1314167241823449093
1314128218627231746
1314127285457481728
1314049949219389441
1314047586878328833
1314040153313357824
1314035214885302273
1314034381158338562
1314031432608645121
1314031149090508800
1314030759154515975
1314030306924662784
1314030119506399234
1314029657948327941
1314029271522906116
1314028843884318721
1314028745859174402
1314028484059172865
1314027486754353152
1314027097447333897
1314026573788524544
1314026110716465155
1314025851252609024
1314023321231556609
1314021389930762248
1314021290320289792
1314020781731520513
1314019883219378176
1314019494998798339
1314019036305526784
1314018864196464641
1314018361567784966
1314017646438998016
1314017346152026115
1314016738229575680
1314015997410643970
1314015635958095872
1314015476796850178
1314015039540600832
1314014520034177026
1314014314211282944
1314013588022009859
1314012801539674113
1314012642500120577
1314012160142594050
1314011788183318529
1314011193959473156
1314011089647136769
1314010502184435712
1314009741971075072
1314009550807330816
1314009323937378307
1314009145721466880
1314008678924779520
1314006241681838081
1313998248152100866
1313994267182985216
1313992336762904582
1313990966529925121
1313978007846113281
1313945170526851075
1313878965791141888
1313687741209686018
1313633214985105411
1313601862382297088
1313594491916423172
1313582868111798273
1313553384822243328
1313548987002236928
1313530277961048065
1313506706589184003
1313506395996774401
1313481469566820352
1313480886323752962
1313294648132149249
1313292607225819137
1313284766385541120
1313284366232178689
1313274863847723008
1313273429798330370
1313265778884571136
1313262395305922561
1313252082330329088
1313236917618696193
1313210767748009984
1313166135483867137
1313150080896114688
1313140065032437762
1313133677816184835
1313125582532677635
1313107449843453953
1312905796334899202
1312896804745248769
1312793544168538115
1312718332899086336
1312610645473398784
1312596840207052800
1312596088134799360
1312562918836363264
1312529167695536128
1312499443590033410
1312497096465903616
1312449178711195648
1312431743350308864
1312429739152474112
1312427688133570573
1312425393442390016
1312418761971052548
1312403242593247232
1312396850843062272
1312359283405848576
1312241702376271872
1312238153743429632
1312236401572929536
1312229610432663552
1312221496027344896
1312163895725834240
1312147905155723264
1312147761173688320
1312147295136145409
1312145953172799488
1312145831198224385
1312144984473133059
1312139410582892551
1312136751553474560
1312030182304296960
1312023798175105025
1312014731591458821
1312011582059225088
1312011227397328904
1311903268075864064
1311902326735736833
1311900997783085056
1311897626556739585
1311896129030807552
1311893731117760515
1311887679886364672
1311887676572925952
1311884551564779521
1311884346748436481
1311845373800067072
1311809134807965696
1311804388168609794
1311723540123705347
1311718286447566849
1311710558924812289
1311529544717869062
1311464848782491648
1311464847729725442
1311441796585656322
1311392528843898883
1311361744896495617
1311341808929120259
1311341738964004865
1311300367586594821
1311270132807852032
1311225872238751745
1311224415238131712
1311213716822790145
1311144228689514498
1311143579994255363
1311143386045444101
1311132468418883585
1311132192660217857
1311131532044701696
1311131339043876873
1311130819235393536
1311130727510147078
1311128476871688194
1311127871952482304
1311127374398980097
1311126513522278409
1311125830068731912
1311125548421255169
1311124268122607616
1311123555317407744
1311123255261003777
1311122670520602634
1311122438869135361
1311122033720336384
1311120847432712192
1311119196613488640
1311118132749258754
1311113741975646209
1311113679258169345
1311112566702309382
1311110696218787840
1311110518896238593
1311110290659049475
1311109976958664710
1311108833134215169
1311092241323220992
1311051487460687873
1311050960689659904
1311011200377946113
1311001939593789447
1310957555213049859
1310777389241315328
1310743702479011841
1310355444075057152
1310254198714445827
1310058786107912192
1309984444749619200
1309974713645531138
1309962407511457792
1309896211441356800
1309895597474885633
1309869082880217089
1309865737901821952
1309865576039317505
1309629157920342016
1309628435648729089
1309583085957189632
1309581390485377034
1309515717646209024
1309508421406916608
1309507538044542978
1309506714383810561
1309474918438965248
1309323674181406723
1309318213658914818
1309298595619844103
1309295681128017922
1309283765315874816
1309194740701835266
1309139700029050884
1308966440314327047
1308884581865664515
1308883683395416065
1308882761084817408
1308622887503437827
1308612892414091266
1308612369426378753
1308612181521559552
1308588113053331459
1308575498549760000
1308529799644745729
1308527501711486978
1308445353780314116
1308442463573508102
1308442462147534849
1308439820654571520
1308436543569383432
1308426666558001154
1308389050743771137
1308360516667092993
1308187325776760838
1308187320911355910
1308186635029413889
1308109604576993281
1308079445341765639
1308051794828951552
1308024742159568897
1308024739445735425
1308013765062000641
1308012778733670400
1307891475632529409
1307885441497137153
1307875807780634626
1307847434912006144
1307845906721579008
1307843592887640064
1307842943525552128
1307840155324223489
1307838969766346752
1307836084953415681
1307835531691200519
1307833871380160513
1307833707932323845
1307833063355953154
1307775056580349956
1307769250099204103
1307709484693946368
1307695476096073729
1307539778712330241
1307505230234386437
1307472760109703169
1307461004540997633
1307432543285915653
1307409750791987203
1307397289179320320
1307384152153612289
1307381424174043140
1307295294124699648
1307139820796481543
1307131557065486336
1307109912443576320
1307109564882587649
1307108092270780416
1307101602038374402
1307085731014246405
1307005836359852033
1306956202686001153
1306749687672836098
1306747710398173189
1306746538669027329
1306745761212882945
1306705052007116800
1306621562368462849
1306620001743515652
1306574226523074560
1306554201380659200
1306552306536775681
1306399366094229505
1306396552819281928
1306394149298614274
1306393426255056896
1306385873823510536
1306384338737680384
1306349616938528768
1306245493425569793
1306244796202262529
1306206956319899648
1306199514978693121
1306180703122583553
1306064988931592192
1305994512276303872
1305862562286907396
1305846375175909376
1305664581168181248
1305659968557727744
1305658332863229952
1305654641187794945
1305652596082978816
1305649755062767617
1305645897628483585
1305645575946342402
1305574066783485952
1305491535904100352
1305467744184414216
1305467298598318082
1305462326993268736
1305339895595098112
1305328372214620161
1305300675568513025
1305282810119417856
1305273007674478599
1305249572516757509
1305139491259244551
1304944052987715584
1304913884285992961
1304893547154464770
1304856423902384128
1304756689313452033
1304617308674052101
1304612353531621378
1304585485331951617
1304562672634138629
1304556817582882816
1304485399075655687
1304480057260494850
1304478291265499136
1304430943927775233
1304382337187287041
1304381873066475520
1304245445993132033
1304125700677476352
1304089689876574209
1304089450083999746
1304048077435793408
1303839031038488577
1303837285671149568
1303828062010781696
1303817874478436352
1303729713400217603
1303727457690943489
1303703048578048005
1303577681041199105
1303520725605769216
1303517748765569025
1303515857344237573
1303498726791622659
1303492843084951552
1303445159020027914
1303423745755942913
1303392086155198464
1303348247956774914
1303156297966202882
1303151912037089281
1303143324975607809
1303139721158295558
1303117162807255040
1303117028581093378
1303051030905729026
1303001721472536576
1303000389676085253
1302772479467884545
1302598034342187014
1302370431517720577
1302278908126134273
1302235911212724225
1302235162575544320
1302070556125257730
1302065502597140481
1302065489972260871
1301983232565678080
1301980910255067141
1301979401580687361
1301978466275995649
1301933870691086339
1301931553409454083
1301927421202042882
1301882474859986944
1301880393000538113
1301879107291156482
1301852706760462337
1301720724709801984
1301719753455734785
1301690335006003200
1301657970179223553
1301654915677392896
1301606944143216641
1301488273794236416
1301488272632360962
1301483820282261509
1301370330364116995
1301274119967825920
1301251129263697920
1301250626119229445
1301218936026001408
1301218644375072769
1301212393926807556
1301212391947071488
1301171005566717953
1300964742291435522
1300961820132417536
1300949761802080258
1300946602065100802
1300946601146552323
1300858940805320705
1300848138727698434
1300846804293095424
1300777007626756098
1300622615724392449
1300618613150318592
1300576856756965376
1300566050489208842
1300542539989164035
1300524566578593792
1300279091870998529
1300256724901941249
1300250385567936514
1300239274286166017
1300210231226634241
1300136199840030720
1300089812972699650
1299440749872906241
1299423557118832640
1299401483427995650
1299397035314032645
1299379112738512896
1299374869268791296
1299372216782663689
1299325795522015232
1299202893401255936
1299195460524150784
1299189824906240001
1299180473437089793
1299174959139389441
1299173835397378049
1299172254694203393
1299170358684192768
1299169025897967616
1299168652932124672
1299168010385731584
1299165949480894469
1299165715849785345
1299164591193235458
1299164221868048384
1299161389358080001
1299160189518610432
1299158677895741440
1299157964209692673
1299157644184301569
1299157256156721152
1299156854849798147
1299156307350638594
1299155334972534785
1299154905354117120
1299151745516531713
1299151233685622790
1299150272569237504
1299149991064358920
1299149470458933250
1299148423346761728
1299147866032799745
1299146350643347456
1299143253695107072
1299142482433921031
1299141954563960834
1299088001906225152
1299063598321369089
1299062698295033856
1299062657589424128
1299011751334289408
1298988238183399432
1298846659707899909
1298833622535999488
1298824472313688064
1298813825974755328
1298810194839982080
1298807088811061249
1298803616128659456
1298800749527400449
1298799807843241984
1298798552676806656
1298797879855902720
1298797426283872257
1298796598701457408
1298794061428555777
1298793735619260416
1298792858779082753
1298792755691507714
1298791875822919683
1298789717400604677
1298789047477952512
1298787656403423232
1298785350454775809
1298784120890425352
1298783297519210496
1298782407152328704
1298781928410284032
1298781289244430336
1298780149568200709
1298779929128169472
1298778691594530816
1298768801799036928
1298755117747965953
1298753441293111297
1298742863648493570
1298719908180529154
1298660327215828998
1298643224668581892
1298628858246242307
1298600502712774658
1298597807046242308
1298597805964042246
1298597804693164032
1298592540405436416
1298578416103456770
1298471017044750337
1298461373152755713
1298454281960542209
1298450910180515840
1298449697343000576
1298447637922959363
1298446872525381632
1298446621517250563
1298443229730353153
1298441624469540864
1298439589196115968
1298438244930068481
1298438085882126336
1298437598755594241
1298436347313688576
1298435832508854272
1298435203459952640
1298432834571575296
1298432207661551616
1298431692881956868
1298431411364429830
1298431345996292096
1298431308805353474
1298431220028715008
1298430756302331906
1298429899582115840
1298429549135486976
1298428673490587648
1298428029383966721
1298426744962154496
1298425991287779334
1298425182739202050
1298424981680984066
1298423786593804288
1298422135250210819
1298420656959361029
1298419661571325953
1298418662655893504
1298418528983425025
1298417881818886146
1298415730980003843
1298407154639163392
1298404051684646915
1298393189917786113
1298384352020172807
1298372817273131009
1298349057480548354
1298341583893430273
1298319342644453379
1298309224162832384
1298288605639708672
1298288525272649728
1298272100830965761
1298244484585721857
1298212086015823872
1298108313696120832
1298105363741519872
1298101991160389632
1298095351992397825
1298092795975086080
1298090431809572864
1298086208216629256
1298085977940951041
1298085835875717120
1298085453388808192
1298084869554294785
1298083808781238272
1298083011829932038
1298081353418903552
1298081284162572288
1298079608189988864
1298079189241921537
1298076416362319872
1298074978642997248
1298074833767538688
1298074392212246534
1298071045606449153
1298070314497323008
1298070184863956992
1298069111008907264
1298068327932350468
1298065706962104320
1298063213637099521
1298062629697654789
1298062404132253696
1298061272207032320
1298060648044167168
1298059339073310720
1298058111048208384
1298057356518002688
1298056563136004096
1298055466795315201
1298054051188310016
1298048262511955973
1298039994595127297
1298039933194641417
1298029252210720769
1298018508081696773
1298010264005160960
1298001791611805699
1298001126445518848
1298001053640794116
1297993655370887169
1297990873079324672
1297983385286201344
1297980846176165894
1297958123190341634
1297898467264737280
1297897988665282560
1297880855759785984
1297879895163404293
1297877745750417414
1297864295053746176
1297738517162926081
1297734292525715456
1297728884453015557
1297727997043265536
1297700087523680256
1297692962495893507
1297685758631981057
1297680124247187457
1297677626908254208
1297674743563288576
1297672180772278282
1297641869732610051
1297631980608204807
1297600743839420417
1297589867732439043
1297588744170737665
1297588364040982529
1297584614370947073
1297583845831782408
1297575009528020993
1297555350506344448
1297543972286537733
1297541435747704834
1297532822941569025
1297388171119022081
1297365423097249793
1297280354999586818
1297234134520258560
1297224755829977088
1297143783419772929
1296970471183982592
1296959079286480899
1296946538523000838
1296943773285572618
1296883995582570498
1296844703388897280
1296843599670398979
1296842902023307264
1296775511725703168
1296667707832766464
1296667486402809857
1296666001128460288
1296665289866780672
1296665288247775232
1296663776557768708
1296663508994658305
1296657673346195456
1296656495900319744
1296656347249991681
1296654569896804354
1296654296751247365
1296654035840360449
1296653926729646082
1296651153997008897
1296650347579047941
1296650067995176960
1296649880245604352
1296646740146294784
1296641291024052231
1296641154558185475
1296640850802413571
1296639015735767041
1296638591880355840
1296635352615198721
1296634777701883904
1296633698566250496
1296631928871936001
1296631244411875330
1296630318070366208
1296628908075503617
1296622088661475330
1296618513382223872
1296616163514945537
1296615586445877249
1296611570835955713
1296601340731326464
1296594815015149569
1296549283261566980
1296539199743590401
1296502136914825218
1296499059046449160
1296302982095659008
1296295882556661760
1296290496185339905
1296288862302539776
1296288622640091137
1296287004611747841
1296286640449695744
1296283600556621824
1296282176087044098
1296282174010925058
1296279081982533635
1296275106503811073
1296272240837898240
1296269301872287744
1296267503975510016
1296267186517020672
1296266070165250050
1296263624974106624
1296256388977631232
1296255644559867909
1296254408209170433
1296253485349064704
1296251776438611968
1296251694712487937
1296238144086593536
1296228866873229315
1296209142797996032
1296207684988014592
1296185640745340929
1296183184074383364
1296143292183261188
1296111649485737992
1296105575705698305
1296046353685057537
1295924574522167298
1295915556298784769
1295915436559695872
1295913954523385856
1295913213985525761
1295907642674741248
1295901924773027841
1295900512932462592
1295892216649519105
1295891276429238279
1295890298141388801
1295888915673440257
1295875831240232960
1295871339866226691
1295864594444025856
1295864267258945536
1295858319576506368
1295849422958604290
1295812324427730949
1295811464570306561
1295795650479697921
1295790367930015746
1295768305798729732
1295765248251703301
1295764818788601857
1295721741893931017
1295690308135649280
1295569238774755328
1295560131317571585
1295559329505042432
1295553231838420996
1295552392658911232
1295550387542462464
1295549638389518336
1295544947584753666
1295544937212186624
1295544519862161412
1295544341969108993
1295541776422522881
1295538847112204288
1295535884130033670
1295534508410904581
1295534259906785280
1295534033821216769
1295533920549838848
1295533142384824323
1295532992945950720
1295530678398877701
1295529672353165312
1295516406855983105
1295511926055809026
1295507175700402176
1295499498274410497
1295497981911871488
1295497821718798336
1295492661072351233
1295482895226875906
1295463424575537158
1295411217134166016
1295398918742777863
1295366990224330753
1295194845984829440
1295193561340751873
1295184207724056577
1295181642890465280
1295178415637700610
1295137775994511364
1295057025089634304
1295043772867387392
1295041250060570632
1295006152967815174
1295003664009105410
1294996046821679106
1294981318573527040
1294841917709193219
1294833949919911936
1294831854047109121
1294829163120070656
1294826788657532928
1294816916977135617
1294783590933430274
1294721016388882432
1294670791863394305
1294664282878156811
1294663518155878402
1294629152172236801
1294628510875684869
1294619590031544322
1294445909732986888
1294445024311115783
1294416001065336833
1294367632750239746
1294363701374574594
1294326164677373953
1294294825995571200
1294288769672269831
1294138302912540674
1294090595301036032
1294057521506848770
1294050314442682371
1294049960384659464
1294048021030871040
1293981392276267008
1293981390388830208
1293967434253307912
1293967167319351297
1293906075276673024
1293905172159180800
1293685258647408640
1293623204867641350
1293591871936176128
1293581827882594306
1293579679304228864
1293579485963485187
1293561933807988736
1293533455544975361
1293521761779187714
1293518944775667712
1293517203661303808
1293510091875012609
1293507005282385921
1293294284293189634
1293293614542585857
1293293132344418304
1293290266657460225
1293284019988242435
1293281414163701768
1293280477575548929
1293280093188562950
1293280036900962307
1293279474541301765
1293279304315535360
1293278037035945990
1293277744713826305
1293275464505729027
1293274695874367489
1293273659306659847
1293272690434793472
1293272303451754497
1293268730118578178
1293266215973027841
1293265081090879496
1293262933384929280
1293253799621136387
1293253301216083968
1293224122743488512
1293206707687043075
1293190995190792193
1293178896276426752
1293175368162119680
1293174151432241155
1293171018459238401
1293165972971495425
1293165425346465793
1293164419913048065
1293159937514840064
1293157207324991489
1293157090706558976
1293156464463417355
1293022105232171008
1293000717188370433
1292997233240088582
1292989683023196160
1292943394340253696
1292943152018599939
1292942267704123410
1292934088043749382
1292908129286586368
1292907052671684613
1292847685356138498
1292846530156789760
1292822779222528007
1292774124134129664
1292666093132288000
1292604027210006528
1292562615856762889
1292507714686509058
1292486521103290370
1292448897705676800
1292425416012173313
1292286102821318656
1292284540367581187
1292253675293937665
1292227361233043459
1292216621625413633
1292208727219679233
1292188644036481024
1292188477593878528
1292184111881359363
1292169758620684297
1292163284624449537
1292114508551540736
1292065407713644545
1292044290345050113
1291936132423471104
1291933629174747136
1291929905035386880
1291911892080959489
1291891851172229121
1291887677344710658
1291887521425698816
1291887059104301056
1291871868975226880
1291870930143240193
1291843473881145345
1291825798102605826
1291802402304266242
1291793919529934848
1291783731330584576
1291766145847091213
1291765672633143296
1291760022859460613
1291751668695130124
1291747894316457984
1291747893444055040
1291747892357545984
1291747891200098304
1291746688210800640
1291703427345657856
1291641587710271489
1291564787940364291
1291564678758518784
1291564590418010113
1291563834566676480
1291561343976452096
1291559846161129474
1291554055622361088
1291548069385969664
1291546261989072896
1291545088133345280
1291545030310662146
1291533185835307011
1291504698097369091
1291472319676911620
1291464863676534788
1291459119183003648
1291457472805380102
1291441510915997698
1291428794105044993
1291412721217556481
1291412277632086016
1291410974583459840
1291405962323140608
1291405162716815360
1291385065071685632
1291383749029003267
1291371400960278528
1291370399272439809
1291365557816762370
1291365493689982982
1291361852673449987
1291352366327967746
1291343298783776768
1291342623773462530
1291340489728364545
1291325472895369216
1291202626986676224
1291202371159240704
1291202121807867905
1291197143550656513
1291192699060715521
1291183773002936321
1291179289627566080
1291178808842821635
1291175953104883712
1291174089374273536
1291173400925343747
1291170859084926983
1291149791271976960
1291146829158133760
1291146138461048832
1291143543587778561
1291140475391553538
1291131245120954370
1291130605619556358
1291126078426284032
1291107365748707328
1291097507624296448
1291097230661705728
1291097029557592065
1291095775842361345
1291050957724426248
1291050073250574342
1291043530983575553
1291038209552650240
1291037383954227201
1291037089891602433
1291034952763682824
1291031831026991106
1291030885840683008
1291029710055628801
1291029298346889219
1291008373647908865
1290952396198285312
1290947351780167680
1290937530427346944
1290936987004936192
1290829015729803264
1290825330005954560
1290821089929629697
1290803195879534594
1290792767224938496
1290792488194781184
1290791279056617473
1290789940557643776
1290787292135784455
1290752481790754816
1290724823186968578
1290714238072356864
1290702287925661703
1290699186627842049
1290698667331137539
1290641905760559106
1290518616937504768
1290512836272295939
1290503094854246406
1290498415395082240
1290455266924859393
1290436006672572418
1290430181572857862
1290406708540473351
1290302857070161920
1290300891900203009
1290126940595085312
1290103525305802752
1290079712560078854
1290068259752927233
1290065771268395009
1290060507639156737
1290052081445814273
1290029636806758400
1290019224748875776
1289971648289013761
1289953146706386944
1289941109808873479
1289930231508275200
1289875587301949440
1289768009582575616
1289543340770254848
1289304858374238208
1289292910140121088
1289271685380599809
1289232600897265665
1289181754100715524
1289033896072556544
1289018053846544395
1288994778542149632
1288988780456812545
1288973682967289863
1288956383270973440
1288952521751494662
1288941039970144256
1288930875854340096
1288929983864483840
1288928781500063749
1288867645991813122
1288831836437848064
1288784692452429824
1288768886385647616
1288688290200276992
1288677653764091907
1288676844393373696
1288675723616583680
1288673012926029834
1288672544652955650
1288671568940412928
1288664782208479232
1288650844167176192
1288649983030427648
1288633852970311680
1288632748593356800
1288629649501822981
1288626897761574912
1288626098935410688
1288624168498532352
1288618043845816321
1288615699284398080
1288610052916609025
1288607017884684288
1288606197709524992
1288594178960654336
1288573887282917389
1288571403059503104
1288557979382493186
1288495200558514177
1288483205302161409
1288453949109030912
1288384464540831745
1288383607900385280
1288382592392351745
1288379400107565056
1288378964122238976
1288327786013298691
1288324643158401024
1288321938918703104
1288309186196058112
1288308311029424129
1288303778521899015
1288299168612716544
1288297943188082688
1288295645095383040
1288293922830262272
1288291661932617728
1288283242634911744
1288255749974622209
1288249135775264768
1288247648374448128
1288246910000799755
1288246054492741633
1288245521598087170
1288244396736024579
1288244122013380614
1288226062921539587
1288224562157686784
1288219643736469505
1288218941953839106
1288217353575108611
1288216935575019520
1288216717680955399
1288215265071726592
1288203968657666048
1288199791089004544
1288197842369224704
1288193291352190978
1288191068056551424
1288184812029739009
1288183600156901376
1288173679197720578
1288165907169247233
1288155579605815296
1288152131984404480
1288151200458833926
1288150673176043527
1288138332191457282
1288134341185478659
1288134074238992384
1288133250280558592
1287915180429643782
1287881946152935425
1287875292095119360
1287714780858462208
1287584065013637120
1287583299695673344
1287582583853899778
1287580549389877248
1287574319896440832
1287573772590096389
1287573379827073025
1287572813830918145
1287564567787249665
1287557635756056584
1287553378013155331
1287550897694769152
1287539232865693696
1287520899969814529
1287498785485131777
1287498355694866432
1287496512600236032
1287483347002888202
1287476092824150017
1287473638246146053
1287404633749585929
1287404203707686913
1287243763157536768
1287161258094006272
1287113351051522049
1287093772812193792
1287044733416738816
1287040789097394182
1286864756175970305
1286853331638419456
1286838038560215040
1286819486415425536
1286781900879802368
1286769849050562561
1286768734384914432
1286743201794138112
1286742603640315904
1286676180863680515
1286672109146603521
1286671132582645760
1286670319349006337
1286669815344762882
1286668388992004103
1286667402269384705
1286663804366082048
1286663030068183041
1286661854853574657
1286660761499193344
1286659729448742914
1286658821197307906
1286658019972055050
1286657298128089093
1286656290853445634
1286655083074265090
1286654182641016833
1286653187429105664
1286652528986337280
1286650993527185409
1286649179159367685
1286648681274519552
1286646387296395265
1286642893852151814
1286642033768239106
1286640109786402816
1286632980849373185
1286631195040784385
1286629302822481920
1286629159146532865
1286628093025820673
1286627920384069632
1286627802444439554
1286626990494228482
1286626808830582784
1286624760026341376
1286624202104147971
1286618100570435586
1286616306360487938
1286612416873345024
1286611758497529858
1286540051879538689
1286539653793959936
1286536382673039360
1286534771095543811
1286534569081135104
1286533861569167365
1286531989026279424
1286530837014618113
1286526885556621312
1286525824288595968
1286522371600519168
1286520216659333122
1286516264647692288
1286514338984013825
1286512871539724295
1286511687525453825
1286510944751886336
1286510571442110464
1286506837421043713
1286504122129186816
1286502319224508422
1286501293096423425
1286494978022297605
1286494164486676490
1286489146350096390
1286455777625018369
1286431143328268290
1286425636035276806
1286422889202364417
1286419959908913153
1286418210733031424
1286409596240879616
1286408833900871685
1286407646522888192
1286406049218662400
1286404799521529856
1286397598471983109
1286397196636770304
1286395015476936705
1286393835841622019
1286382007094841344
1286369082099597323
1286364967424466947
1286351154595729412
1286350133114875907
1286348043512684545
1286344536520896512
1286342387154014208
1286338983149084677
1286336197204353027
1286330487703773187
1286325548952805378
1286314126667653120
1286307651526242305
1286296997725601792
1286267560615448577
1286129086222540802
1286120086424690690
1286115408035151872
1286111889324486657
1286095330983936000
1286091341198434306
1286022740772900867
1286012958586347520
1285983414408163329
1285977833324654592
1285972223443034114
1285951941617614849
1285917562056978433
1285906351072387072
1285885686550339584
1285713994523836418
1285693776523079681
1285690915458289664
1285394474605084672
1285384756574773248
1285368142877863937
1285365666497925121
1285344321638674432
1285331737560723459
1285309258347810821
1285308933465354241
1285306517483331587
1285284771782893568
1285250342926647296
1285249341171601408
1285245755763167232
1285245503740030976
1285239397970051073
1285239162644439041
1285236567255273472
1285236418206408710
1285226960021585928
1285224809455132672
1285215075633160192
1285210037409939458
1285204386877255680
1285203753101139978
1285092845322412032
1285044793224114177
1285019160884523008
1285005686968135682
1284993776344281091
1284989224828252162
1284970271896731648
1284957601831301122
1284957249882984448
1284950408218238976
1284948950479450112
1284883937958006785
1284856108432097281
1284707690619580416
1284707689516478472
1284707688186871808
1284650748698079232
1284625056879063041
1284622865984294919
1284576887239577600
1284562066662096897
1284560422515941376
1284502175410982912
1284491467738746884
1284481769622900736
1284337340736036864
1284311154437873664
1284307662004461568
1284297284696539138
1284296221369217024
1284286287688675329
1284218991607713794
1284123062267514882
1284083660745052160
1283968299307589632
1283966722920329216
1283914838503284736
1283908439073316865
1283878728473378816
1283877849997475841
1283875003885334529
1283867557884309505
1283866172212076549
1283866089810796546
1283851454634237956
1283850718567378947
1283837115038674944
1283782451798712320
1283780349202440192
1283748171265474561
1283608032480559104
1283607427066331136
1283549387776548871
1283549386929250304
1283545988653879299
1283511920558067713
1283497622477602817
1283496610773766147
1283480659000950785
1283463120967446528
1283452834239975425
1283448086019416066
1283418518566961155
1283389953641193473
1283360573267292160
1283161934393749505
1283155450809155592
1283152084863459336
1283151909273165826
1283148135800414213
1283147964131811328
1283147850101198855
1283144481664110594
1283109440863043593
1283097305193881600
1283097281764483075
1283064894791843843
1283037789815279617
1283017659920064513
1282976427021918208
1282880354689392645
1282868720642269186
1282866311345967104
1282862503282855938
1282856308257980417
1282747669308420103
1282746755512176644
1282746400065847297
1282744680619352071
1282723243170959360
1282688981025591297
1282347542974529547
1282295023900536833
1282286558910046208
1282112331397369861
1282110656225976321
1282109883161206784
1282062804988710918
1282033949544460288
1281967324921237510
1281960157547823104
1281959442372845568
1281793716617908225
1281762311913517056
1281761350134501376
1281760102970777600
1281759860707725314
1281759740008308737
1281749100581597191
1281741283917168641
1281723809851211776
1281676718349197315
1281666130248183808
1281564617731342338
1281542955573149699
1281408067347914752
1281400845226082304
1281385294894444544
1281379227414274049
1281365136561917954
1281354193345937413
1281340215156781059
1281332875791675393
1281246523297234944
1281234240718483456
1281233348401209345
1281233156776001540
1281231230743216129
1281209991148572672
1281189477893967880
1281189363976732674
1281189362638733314
1281056079095443465
1281054830983876611
1281051768324083712
1281043394748391426
1281037109852282880
1281024450432053249
1280954991092609031
1280944791426129921
1280914370252472321
1280721908225445888
1280708075691872256
1280707727543672838
1280703351060127746
1280692667215732736
1280688510857551878
1280658502248206336
1280630382921162753
1280629480822919168
1280629029276704769
1280617572719906817
1280604430950334472
1280594172513222672
1280556262749429761
1280552402488307713
1280538102830960640
1280538101580996608
1280508349809938433
1280507952227659778
1280505801468239873
1280477243039461376
1280457469588836355
1280330352465260545
1280330349751517184
1280307647997190145
1280305705598300162
1280303238764511232
1280292100312047616
1280277731654189057
1280275503971274754
1280233287269658624
1280232828660260866
1280212377875734530
1280205769879797767
1280166489945972738
1280155404891312131
1280145548461424645
1280000074446233600
1279974020054687744
1279942966757543936
1279941386452774916
1279937377654509570
1279933473860521988
1279927951669071872
1279893626097733633
1279853404110675968
1279813750971863040
1279789258652495873
1279761629190795264
1279620851374141441
1279619285871144961
1279613459940982785
1279611773960757249
1279404260699123712
1279396071668625414
1279278039541731338
1279278037935296516
1279272748720820225
1279266886233047041
1279260420516306944
1279260323690799105
1279251925188435968
1279251793730510848
1279250169217929217
1279247608683343872
1279246641380438016
1279242658989379585
1279241773408292869
1279232576989913088
1279232147916836864
1279217179997736960
1279157045493747713
1279125135912558592
1279041691111096327
1278879737780285440
1278878206028898306
1278871613593784320
1278870993977606144
1278845635236634625
1278798894500102149
1278787089715400704
1278702632916398080
1278650511068139522
1278532477980676096
1278512104341979136
1278497583338569729
1278496355217006593
1278488312739700738
1278450778403995649
1278417401827282947
1278393638175850496
1278374238446071808
1278321342966792194
1278179740382375936
1278161033488740352
1278146696086765572
1278140312720998400
1278123194310955008
1278119238801207304
1278112479860666370
1278067450828017666
1278059226909347840
1278057660466843651
1278054090271010821
1278045588580298752
1278032322865094656
1278029473540190210
1278024172619337729
1278022339775664130
1278020362899505159
1278019324452786179
1278018820641361937
1277998176176390144
1277970323091013632
1277968487873343491
1277966294277517323
1277902092074655744
1277828675476520960
1277818773421031424
1277816871262343168
1277788601569460226
1277788028598128640
1277754864416821248
1277753262033305600
1277752845257842689
1277713211224178689
1277548020515602432
1277445183811051521
1277423955817697280
1277350400522420229
1277319247916683264
1277298276014972928
1277295938533539841
1277292676652695552
1277290936389771273
1277271324260524032
1277267102768992258
1277267101179416576
1277220864065495041
1277220010952470528
1277194636294000642
1277194413488431105
1277077747601485824
1277058016764997633
1277051309506678785
1277046168904781825
1277037744913551367
1277036274235342850
1277014211328118784
1276991772476964865
1276943807146229765
1276925579422576640
1276925434215702528
1276920596723613696
1276920595675058176
1276920594647392256
1276882592479002624
1276881070160523265
1276698412600250377
1276674057400958977
1276624897968570368
1276613383803076609
1276538965672239105
1276529352814067718
1276486082809430016
1276374846130327554
1276299769120534528
1276295223266738178
1276292556775661573
1276209166953132033
1276157898922614784
1276148370088824833
1276144063272693763
1275869185592229890
1275814855795191808
1275757006037581826
1275756492872957952
1275755379163648000
1275637464724574209
1275608588212371458
1275597497780637702
1275584429671550976
1275570128109867008
1275568963284611075
1275464637883039744
1275266517467369472
1275213150984589318
1275140168580837379
1275069896397746176
1274842252448354307
1274749457343680515
1274739890035490821
1274731965116276737
1274729216622440448
1274522215392870401
1274520695402303489
1274519805262024704
1274516403694055424
1274514002094292992
1274513257601130496
1274511483406295040
1274508791271301132
1274506688003964929
1274506515605532675
1274506228274733059
1274506063077871617
1274505972329910272
1274505903463694338
1274504681553870851
1274496974440587264
1274495801784520704
1274493417402269697
1274488840670117888
1274487330880061444
1274440499781414918
1274351158195359744
1274334513779400704
1274197406083579904
1274188752441745409
1274128836729417730
1274054145641795584
1273990921131089923
1273984797484998660
1273873615251963910
1273830566975213579
1273821069376397316
1273820615963742210
1273710621532590081
1273668269631823877
1273649057152618496
1273383899285147648
1273121259073781760
1273120897747111939
1273118120073453569
1273081372257800193
1273077264004059140
1273076759542538241
1272995692156465152
1272960111619837953
1272953350301069318
1272725779634434048
1272725597760950272
1272724993957339137
1272724857470451713
1272724045440724993
1272723286162579457
1272722716450308096
1272721443135074305
1272720763464716290
1272720631373746178
1272718050983321605
1272717555514388480
1272715850991251456
1272715630253350918
1272714614229348354
1272713743500292101
1272713378507698176
1272711939806900224
1272710823828430850
1272699801533104129
1272697447719014402
1272649166406258688
1272648659516170241
1272639744384602117
1272639241013604365
1272548619963555840
1272534330905112582
1272330921929302016
1272211807441244161
1272171681222721538
1271963590749290497
1271443892924223488
1271105435232329735
1270920375526981632
1270912445087911939
1270860418253230081
1270856325694738434
1270835903863255040
1270823458981711880
1270726113690636289
1270697096778321921
1270559441818193925
1270556769912324098
1270556423961935872
1270506665847250945
1270500134888103942
1270455399561510913
1270388511087222784
1270357800229703683
1270189541824086016
1270188489188020231
1270187709219459074
1270187485428146176
1270186669321474051
1270185829206568962
1270184011088961543
1270181860816179200
1270181588865896448
1270181164578455553
1270178627020296192
1270176865530122240
1270176430958292993
1270175163854852097
1270174678217371650
1270173989772693504
1270049793679728643
1270010673842597891
1269860513997094913
1269824734654537729
1269788492952977408
1269762540298473472
1269738148269035523
1269396490142846976
1269374155494957057
1269346525051850755
1269088168504168448
1269054994436763648
1269025791934775297
1269023372140298242
1269015549348139009
1269004322215469066
1268972080940400640
1268969318085263368
1268919469050605569
1268918169546211328
1268746592133275649
1268745287725715456
1268744520956620800
1268740838798045185
1268727958589575168
1268388564167000070
1268377651883978754
1268376683184295936
1268376476753289224
1268375963974369280
1268375705554911235
1268375460376911874
1268375177685086209
1268374644786159625
1268373930789797888
1268371313237860352
1268368852917915648
1268367423058718724
1268366362210074625
1268365993589510145
1268365260811051008
1268364782274580480
1268363731706228737
1268301914560770050
1268299815756201986
1268174508281774080
1268167384789135360
1268023492655677441
1268018221585698817
1268015474534756353
1267983174589693952
1267981202495021056
1267977428225470464
1267907431268601858
1267856569368113152
1267832190353711104
1267770172292636673
1267765082920009728
1267765081649164289
1267765080642531329
1267624107480354816
1267623589085425665
1267603859104546822
1267592241054441472
1267590845856985094
1267584550718357505
1267545813061959691
1267501358959276033
1267501357944233987
1267305546539061248
1267289859993088001
1267279583289712643
1267228547170664450
1267157929419051011
1266812140075220995
1266773724063244289
1266771697329475584
1266752951625842696
1266732945026490368
1266612885016449026
1266612661644656648
1266579104981233665
1266545882268405760
1266415244571824130
1266121821511921664
1266097039206748162
1266096852765679617
1266078619916435462
1266026541772935168
1265998394754990082
1265998246067003392
1265823823468863489
1265740393104183298
1265687365416345602
1265349630667165696
1265275465394204672
1265115542991577090
1265115311034023938
1265113912917274625
1265113334698979328
1265112487248244736
1265110711321141248
1265109163761377280
1265108944932003840
1265108374800273415
1265108139650822147
1265107426900168704
1265105507544530945
1265104017618845701
1265103041327443970
1265102543790714884
1265101581814583296
1265100738277117953
1264957191791968256
1264699880544616451
1264690177546620929
1264683164489994246
1264675489756712960
1264675283237552135
1264670662783836161
1264647211620630537
1264402449156190208
1264304415659503616
1264300383381438472
1264235112637628416
1264234293007716352
1264053920655192064
1264052588036702209
1264051870273847297
1263910564637663232
1263902604402270213
1263793053283876866
1263779659466051584
1263699157757440001
1263689860738617344
1263664182572003329
1263638590623559680
1263628160685477890
1263612335555579904
1263606017553846273
1263513028554866688
1263491690066837511
1263482270129799170
1263172666007195661
1263098794687807492
1262871225291980802
1262579099391885312
1262578027424362497
1262576503704993793
1262575882520182786
1262574550497267712
1262573227198550019
1262572779708321792
1262572391601000448
1262570831441547264
1262568737015816193
1262567245626126341
1262565748226117634
1262564646747283456
1262552745707401216
1262551197208076288
1262551195706699776
1262551193412415488
1262534253046370305
1262530319711965185
1262527834641379328
1262416830985093124
1262349932326981632
1262199513420357633
1262192829708763136
1262161521104257026
1262157852166230018
1262133786839519235
1262043512272453632
1262037523280408578
1261988717029396480
1261866298843312130
1261860752513814529
1261844483228008448
1261815487773671430
1261815044578435073
1261814428959494147
1261812133475614721
1261811299178237953
1261720118196932609
1261710087757971456
1261665796255813633
1261469026733051905
1261420216501899264
1261384493153345536
1261129871293587456
1261129526303744005
1261128897611079680
1261125919793647618
1261125377491177473
1261123166233137152
1261122893028700162
1261121723862319106
1261120805242580994
1261116027053670402
1261115064045764608
1261114640127471620
1260749721326555137
1260745837560414213
1260703514419920905
1260677804686966785
1260642532666605572
1260642531068477447
1260613212627664897
1260479206779228162
1260362345160851457
1260294076676673536
1260291380217122817
1260272058975637507
1260266375123292166
1260253742290604032
1259919277643173890
1259876111279886336
1259829958534455296
1259824750798540800
1259818770043977728
1259659841632710662
1259514066860720129
1259500594924044288
1259500431291617280
1259270214849564672
1258866022871859203
1258587911722872833
1258582029698043904
1258580756336709634
1258578249485094912
1258488369895661569
1258488368360574979
1258488367056130049
1258478738683068416
1258460435055026188
1258455735270244353
1258453940410122240
1258399818881347584
1258399482519130112
1258372916015763457
1258194070876422144
1258147573694713856
1258147571488501760
1258142729873260545
1258139036268535811
1258131293319180291
1258111352268349440
1258110510437990401
1258001190509588482
1257868499281678337
1257829879669760001
1257667277043924992
1257531939864678408
1257531055688552448
1257530318950739968
1257505645751939072
1257504925610840064
1257503853509033985
1257502897723584512
1257502221169840128
1257499979167551488
1257498984941322242
1257497697902366721
1257495432269369345
1257493613875003393
1257493352062300162
1257492056882241536
1257491826182889477
1257491672952430593
1257491527410110464
1257463677030105090
1257389395268841472
1257381846301761547
1257370279443148801
1257367830963662848
1257284838966558722
1257164644659146752
1257164628884406273
1257110454784196612
1256689786238230529
1256673382399184902
1256663303675412480
1256642299309719553
1256609367299891201
1256325839676796929
1256228922875883520
1256195574686244866
1256185099890155521
1256076532193386497
1256068302381645824
1256056482916900867
1256035244257546247
1256034876970741760
1256028912670380033
1256026603181801473
1256025713251094528
1256023803366453256
1256023397210951686
1256022895165407234
1256022013371703296
1256020835690778624
1256019533464317962
1256019229196922886
1256018510024790018
1256018304285769728
1256015660494307329
1256015543552933889
1256014025244188678
1256012085173125120
1256011600856825856
1256010738382094344
1256000644718223361
1255978981494489091
1255914997957476354
1255913295321726976
1255912316136239105
1255835307162980353
1255580667351613442
1255550931573313537
1255344493697609728
1255297943072104448
1255296711175680002
1255264391823593472
1255176474371506181
1255136853293887493
1255106118487064576
1254857278005506051
1254846436837150720
1254846225758720003
1254845638967246848
1254835064023760903
1254817181302472705
1254805187405000704
1254755727463329792
1254592542081003520
1254591151010701312
1254590728522604544
1254568380436275200
1254523758460784640
1254476067420680192
1254429930554884097
1254348582255243267
1254238805638492163
1253889668103450626
1253883210808864770
1253881536371449860
1253851206025388033
1253848895823712264
1253848782019624961
1253655667686158337
1253517534260867072
1253512666867474432
1253482692957667329
1253481574487797760
1253481147142733829
1253474391310176261
1253470525273317382
1253470463122169857
1253341611351658498
1253125152667303936
1253120792566599682
1253100888975183872
1253100032108171264
1253060746872832019
1252986150626754560
1252970119090917376
1252966388890841089
1252624691677859845
1252616208073084928
1252606139877019650
1252443221222928387
1252412722764906498
1252362054507261954
1252294516272500739
1252287343664472064
1252287342699782145
1252287341638582274
1252287340258746370
1252282930430263299
1252231723972284416
1252229005941575680
1252069942507307013
1252048571412680706
1252008355180228628
1251993855383285761
1251962841298604032
1251690582109564928
1251684828514222084
1251669070317006850
1251592065550598149
1251512580604125185
1251497826179321856
1251479344624656384
1251317276479033344
1251290192067145728
1251276488168673282
1251262916604674048
1251230902233042950
1251189948579004417
1251189518302154752
1251169840917811201
1250991863559073798
1250988535152291842
1250983585580023809
1250983476649701381
1250982706084806666
1250981856167804930
1250980553072967680
1250979544460394502
1250978245408894976
1250975693644709891
1250974147750121473
1250973565287006210
1250969576969568256
1250969309733584896
1250968252194402305
1250910310610931714
1250890240505626627
1250846833536110593
1250844055866662913
1250645894573285376
1250579985619877888
1250569493732044801
1250563204381585414
1250433619207716868
1250196652780146693
1250194639698702338
1250123556794630146
1250117170840899586
1249896883268526080
1249895334219743238
1249895240498061312
1249894745125662720
1249894450433798144
1249894357567750145
1249894109046857728
1249893619919720449
1249893305426608137
1249893008843198464
1249892522933043202
1249890940275380232
1249890801984905216
1249890412745166848
1249890214480404481
1249890049057083395
1249889578561003522
1249888493934911491
1249888044116738049
1249887283165179905
1249886824119623685
1249885972105506817
1249885191419592704
1249883877675544577
1249883499563225088
1249882253603241985
1249881630937882624
1249881114837168130
1249880611256500225
1249867468996333569
1249845655239098368
1249845653884358657
1249841729827753986
1249749128210460674
1249340343197282305
1249181743569080320
1249180812089667584
1249119522868678657
1249027569745383425
1248848415859015682
1248743174689951750
1248712731081007104
1248710447081103360
1248696895792394241
1248696717375127552
1248630356909178880
1248623150473965574
1248623149307973634
1248623147860897796
1248448771006124033
1248445790118383617
1248444867736416256
1248440953981067264
1248438657020768257
1248438470848249856
1248435049965355011
1248434252095488000
1248432955229233155
1248432312796082182
1248431949531582467
1248431556969918465
1248394278541201409
1248374033747451904
1248373732692774917
1248358944021663749
1248296116044681216
1248296115235106819
1248296114400485377
1248025882935074818
1247947918226739201
1247939414724132865
1247939284046405632
1247937484148924422
1247936792839557122
1247924328420773888
1247923578785468416
1247921267883290627
1247741683254677504
1247712550621515780
1247699698674253825
1247698978357096448
1247698820248584192
1247698818726014977
1247697717549240321
1247696809327239168
1247694720647733248
1247694010799570944
1247693654677958658
1247693044922699776
1247692766462836736
1247691455474413568
1247691244534484992
1247690384278540293
1247689899014266882
1247688605197152256
1247688257787305984
1247687521464713217
1247687275074519041
1247685534580867074
1247684076879953920
1247683812160651264
1247683256042098688
1247682946980556800
1247682051391840257
1247681419339595777
1247681064883150848
1247680910608281602
1247680687215390720
1247680412505321473
1247680136620752897
1247678849292341248
1247678752148029440
1247678074486915073
1247677425615540231
1247677060383997954
1247676728010592256
1247676310526320642
1247675703719538690
1247664717293850625
1247663890579820545
1247633410052493331
1247572948120211456
1247566078491930624
1247564630764945408
1247509791502721024
1247383130429952007
1247352954472062976
1247336688122200064
1247334907099131904
1247317986689638401
1247291665083179009
1247271890055544834
1247269204149055490
1247268658205863936
1247224053108281351
1247198945962582016
1247197035813634048
1247026477402656768
1246901026189385729
1246875969715142656
1246873624759406601
1246839134594961414
1246631806432088064
1246594903272042499
1246475734937415680
1246169432357048323
1246132355091308545
1245908220541120522
1245906340670853120
1245904327337816066
1245898106178281478
1245895207532605440
1245894192154451969
1245892287546212352
1245883982849421315
1245816697354944514
1245797110588596224
1245793946762166274
1245793723000242176
1245753234024796160
1245752921209397248
1245545821782843392
1245544766215008256
1245542205906980867
1245540167877828610
1245538901026050050
1245536434603339777
1245532859210903553
1245532600472686592
1245531830922760192
1245514205136109568
1245507627888578561
1245507427937726468
1245480411897245696
1245479137189474305
1245478930565513217
1245468128005566464
1245347325721096192
1245255606837141504
1245255569499398145
1245251522314809344
1245227062425763840
1245211876688039936
1245211288537620480
1245199669120110595
1245169869601083399
1245167906276683777
1245166351850897409
1245166350303137793
1245160896265060353
1245158998707523592
1245119782191534086
1245086204766420996
1244970129806503936
1244806657915396096
1244806485940584448
1244797056142770176
1244784020824698884
1244709515993452544
1244660552640663553
1244429287320629248
1244425232481431553
1244424514756321282
1244420053380018177
1244407214296780804
1244406657075085312
1244394242711195650
1244380673487654913
1244378973171322882
1244368023332544513
1244367706436055042
1244294343713853446
1244074331224883203
1244057301243363329
1244040224960917510
1244009523267977216
1243951016552402945
1243940587184799744
1243766077932195843
1243705347396849669
1243653267281846274
1243537279559311365
1243528499111047169
1243440575040421889
1243361631351926785
1243356812595703808
1243312570611707904
1243299540767256578
1243145659651444737
1243048611883220995
1243025599293251587
1243021586619400197
1242994355083902977
1242956505785217026
1242948816283807748
1242946857627783173
1242946466970288128
1242927852259024896
1242915237227085830
1242901464210640899
1242827667629658113
1242768742267998208
1242628559396646912
1242608459763388417
1242569395043524616
1242566296794955785
1242561762790117376
1242543107419394052
1242539911468761089
1242506541904932864
1242435577473110019
1242434678793084930
1242312682872725504
1242297971808575494
1242225823198961670
1242223076860989443
1242191530040922115
1242190963256299520
1242189131691757579
1242122366215507968
1242106399670272002
1242104334042771459
1242103664099184641
1242102765855408128
1242011177321979906
1241943628823617541
1241931318742732801
1241904362223538177
1241899894023077894
