1254424173365116929
1235419496145448960
1222573891387703296
1207573716558704640
1201913961932869632
1190298064545861632
1189240003106398208
1186628986907983872
1184132044890095616
1182723125244383233
1181952748880846848
1181951936280571905
1181898063461470213
1181456914061938688
1179964797099692032
1178178063693037571
1177270214209212417
1166549658128277504
1165887932621709312
1161170013870596096
1113102971473199104
1105341608306839552
1102484166170546176
1100851904572260352
1087549358411702273
1087263492212633600
1083568996987789312
1069806989415337984
1069675642080247808
1060613475670536192
1057668162081050624
1038869917280260096
1014463071442558976
1014405174780047360
1014210422180753408
1013837334410739713
1010918818044997632
1010170208617525248
1001836552996044803
997047372155768838
987782680329662464
986915729839611904
986514733850243073
984889251257921536
982829016540327937
980884537797324800
980884367810510849
978239821779845120
978239658772480000
978237588795400192
978237030990733312
978236734285598720
976763112035467264
960019262248112128
959972106669768705
959813669503754240
959505106168266752
957315512274337792
931213810811133952
928552950233829376
923805365807878144
923206856658448384
922043796329701378
913075330134327297
912716801166815232
908637713187856384
908050669180817408
908045350149046272
908044690104098816
908043817802010624
905080072343764993
902594920782880768
901862844777377792
898615444776525824
898615363025240064
897890860624367616
876500831654129664
873140270577065984
871798009628983296
867085945610190849
865994696820015104
863791890516262912
863121489091903488
862731863562919936
862410235050213376
860921318044192768
860504345657319424
859841280972648448
859119192523423744
856808279476887552
855874632846417920
855662979190104064
853342669686177792
851515163509379078
851488892565966848
849677483536375808
845868740415700992
845365065679192064
844557214819893254
844434126870663168
843841124766687232
841913411789283328
841913310215839745
838859242748555264
836311517389676545
834463002761891841
833048284151246848
832668345912610817
831232176515526658
829045357187256321
828682539950710784
828300569081044993
826169305221902336
823985841672327168
822292476396376064
821409727636598785
821409247824986113
819260610680471554
818539740269940736
818515681876459521
817471220723511296
816727293523431424
815271590568964098
814550588079763456
814419676247638016
813834323421896710
813032663661453312
809508113858469888
807846861570646016
806493161300205569
805491558044704768
800045895588855809
798779642727387136
797386529307906048
796421319336280064
795344041583865856
793746334352191488
793319496932990976
791005235535867908
789732980222627841
789168747596570626
788449646091771904
787387823082962944
786987025345843200
786190374536564740
785176193205100544
784816497751265280
780826175300001792
779753848172707840
779210268152737792
779208538778324992
778636128622563328
777210917222133760
776529906360463360
775985428025319424
775250122909245441
774650255996432384
773590146872594433
771062025631834112
769602423606218752
768837153786691584
766357651143831552
765782303855575040
764741169632784384
764170923859587073
763579598651011072
759117714119991297
758305969642143744
757752906397327361
755338105327017984
755122308058984448
753914954823065600
753909258291294208
753084999189028864
751113343562240000
750942827173916677
749990934448738304
746887791024443392
744732051803353088
742849805240705024
742248955564687360
741811601045610496
741092862696247296
736585609909829633
736582551729475584
736581878166265856
736567219849728000
736566666126053376
736562965638467585
735383995958099968
734258509597057024
729048481176891392
719573272287907840
714468447300755456
656463705174052864
572102195757232128
418068946592354304
418054169803497472
399960438005186560
397973806645383168
335962477772800000
328771941446070273
328770651265581056
316580639610634240
315657641290506240
315657114573996034
