1330602705430212609
1330178401265659912
1330161065280360451
1330137566323101701
1329976578638430209
1329920025331953668
1329844334074753029
1329793466902130689
1329792528086937603
1329640956904284161
1329617597759967232
1329614409778540544
1329613840653447170
1329612891683762178
1329611862527373314
1329608994701324288
1329604852025094145
1329601089885384704
1329600221119197185
1329597916818903044
1329597180869570561
1329586548694773761
1329586368939503621
1329584868263661568
1329579092165988355
1329506978188713984
1329490212033097728
1329490069670031361
1329488503860817921
1329089956292096001
1329084574505132033
1329054103922683904
1328877120668495872
1328876272043298817
1328876120616349701
1328872485497024513
1328867214460588038
1328799826402828295
1328785036607434752
1328690101438849025
1328682132575842305
1328681214052601857
1328679182793121794
1328531233287057408
1328528065228627970
1328510499781283841
1328208363205898247
1328206742338023424
1328204509265481728
1328147032113078272
1328146018320441344
1328090104234188800
1328017484788723714
1328016680178634753
1328016092871204865
1328015496516673537
1328010970757812224
1328008189598703618
1327815502241083394
1327815084702396417
1327802684062265345
1327789973685276681
1327789666280611842
1327789099550453760
1327788636625137676
1327786169619378176
1327784286150340609
1327767735644921856
1327428157507596288
1327397459778281472
1327357108090712065
1327356754867445762
1327338815208435719
1327269239082934274
1326911629175484417
1326910612669128707
1326717940952145921
1326716785530458113
1326711304531402752
1326709947367911427
1326591333973299201
1326561124423184385
1326553652098555911
1326541083191357443
1326540316409618433
1326369813334282241
1326239652915896320
1326203616458399750
1326203168900997120
1326202719879786499
1326200804970278913
1326035955803893762
1325915096917434370
1325845344803057666
1325824252331905025
1325793983977705473
1325638700940849157
1325611035886317568
1325591397680869376
1325589616179736576
1325559436920971266
1325505667961065472
1325465383738994688
1325462789306142723
1325437570977845249
1325274324673187840
1325273979041566725
1325273008466964480
1325264753615368192
1325260277881991168
1325225016573693967
1325152246460518401
1325139130402025473
1325138300118597633
1325086743356465153
1325076879838224385
1325053367077531648
1324955284855529472
1324867055934435329
1324857303074476033
1324852583681478656
1324852414281850882
1324852361622413313
1324736279649681410
1324723856297365506
1324691472063565825
1324689823945412608
1324682402346815494
1324682380834148354
1324549185245499394
1324535827163189248
1324530917164093440
1324524421999136770
1324492005884481536
1324489972850827270
1324474493138513920
1324412956529090561
1324412816816746496
1324386359201726464
1324375920195624966
1324365357751193603
1324213311156768768
1324178949526724613
1324178813513846786
1324178790273196034
1324157247535173641
1324157171676958721
1324156382396977154
1324156040942858240
1324155644115591170
1324153474620280836
1324153166326337537
1324152969810628608
1324152805876269057
1324150835673255936
1324133469967028224
1324102935790395397
1324061538542669826
1324047510558674945
1324045902168920065
1324015931790626817
1324005482701430784
1323971388517060611
1323854813885538315
1323851711287578624
1323851033714610176
1323846768061227009
1323843550077964288
1323830845707292674
1323825194239221760
1323811002706780166
1323808073396486149
1323802173193523201
1323779697097035776
1323750827828285442
1323663481959186435
1323660123823349764
1323655349509910528
1323654420626771968
1323654213046448133
1323642772193234950
1323641918446862338
1323641764473950210
1323627171567542273
1323615239749931008
1323445188157677568
1323444033004470277
1323439028276994049
1323438250032271363
1323402099565207552
1323351962864275456
1323303935533264905
1323289977309069312
1323279229644165120
1323279031224160257
1323087378722992130
1323082474558279681
1323081667087618048
1323060156666646528
1323047373279535105
1323012815519711236
1323012690508451841
1323010534653022210
1322985596713918465
1322946382769082371
1322937400952324098
1322720131340972034
1322717996108959745
1322713018871013386
1322683381591773184
1322682894045925376
1322639442549624832
1322608651442491393
1322608059395559424
1322607912406188033
1322290207320952832
1322179629571035136
1321935478678081543
1321935327267823622
1321675697635708929
1321635944177520640
1321622723639037959
1321450068193513473
1321296756655771657
1321239471103397893
1321238937327816705
1321220423497953284
1321200473819488256
1321200353531088898
1321097742098325507
1320939003131166720
1320918895717482496
1320911473720393729
1320911181180293121
1320518095123943427
1320474387712253952
1320467374676545537
1320161736272510977
1320161606345625605
1320142283879186433
1320060942298828806
1320015207658377217
1320014313428582400
1319654490816106498
1319465483863805952
1319378411958226945
1319289365588185096
1319283510834655233
1318918069406863368
1318532357641699328
1318365707835527168
1318361338993836032
1318358257069641731
1318020992682332160
1317970578700181504
1317968389088960512
1317904357065695233
1317870051047936001
1317662069655744512
1317660992629886981
1317638309439545344
1317603203878354945
1317528150537023489
1317512101183803393
1317506871482339333
1317504507350220801
1317491609764855855
1317484230151110660
1317483619594665984
1317483362047676418
1317475115601399808
1317474246914879490
1317453828078403584
1317453720502865920
1317273257607876608
1317257141540052993
1317249638529966081
1317246770712367105
1317245052763164674
1317244433553915904
1317211198115532800
1316566903389933570
1316561779103760386
1316541824983617547
1316538367417487366
1316478959140458502
1316233880714739713
1316206407738425345
1316146926119784448
1316146211498450944
1316112239934537731
1316112025160949760
1316094331724468224
1316085189458751493
1316082306763939840
1316076897890074624
1316060288203005953
1316052168437362688
1316051948899045376
1316032837141884928
1316032531012218882
1316007113811001344
1315866584611803137
1315775323187941376
1315764340138573824
1315760437154189312
1315760288021569536
1315655037067169793
1315647007059513344
1315511389872631808
1315511141653721089
1315484028632530945
1315480389415297024
1315478312735707136
1315459780580962305
1315458619928973312
1315455483533242368
1315453862615175168
1315450719357546496
1315447485041696768
1315417052539125761
1315415031505354752
1315412910642991104
1315326052365893632
1315325286431551490
1315023044600094725
1315016898883588097
1314984990376169487
1314969310377529344
1314947890918420480
1314930612227235840
1314929831218380801
1314914495098245120
1314790435362091009
1314708449112981505
1314702478202621955
1314701644098154496
1314612353783259137
1314603686115540992
1314590600218456064
1314565777782079495
1314550593730629633
1314542343295569920
1314390769525022720
1314323666004512768
1314271185564205057
1314263936175353864
1314263576933171201
1314260668829364230
1314051750547132416
1314039271381241857
1314039154746028032
1314036631532384256
1314029823375925250
1314024306301636608
1314020428902522880
1314019434034495489
1314018863911235584
1314017809412784133
1314017529925439491
1314016600081813506
1314016424277553158
1314016398910394368
1314016305683607552
1314015473726619648
1314015268755177472
1314013920013824000
1314013780813242374
1314012481984004096
1314012241230995456
1314011242017718272
1314010754283196418
1313996622263660556
1313995626322030592
1313859225873981441
1313830252112683010
1313662660865593344
1313652264133951495
1313651526422978560
1313651204464017408
1313644818229272577
1313606258746945537
1313536749805670403
1313478965114400771
1313211133768196098
1313199510059921408
1312877573739819008
1312859508302123010
1312604726312214529
1312604561782251521
1312488341107994625
1312486392405004288
1312485989789528064
1312485371326816257
1312482774519955456
1312434964798021633
1312429381210513409
1312426872291102721
1312183185296429056
1312118506486259713
1312053355003469824
1312019079021178883
1312007385133744128
1311824408621744133
1311803067025756161
1311795497032654850
1311673594636836864
1311537684628860931
1311450234699030529
1311173097337348103
1311170742676074497
1311170434067562496
1311169652152774656
1311168959425720321
1311168810322407426
1311167327199690754
1311166750894030848
1311164759325249541
1311163328279064576
1311161948038406144
1311159133874380800
1311158628154568707
1311155121775149057
1311144316589543424
1311131151784968193
1311129621950328841
1311129094801809410
1310816129120698368
1310735990949117952
1310735845549277186
1310734150454870016
1310711913173708800
1310650720295636997
1310649612831686657
1310622348308082693
1310243823835140096
1310223975243538433
1309900556232728577
1309892221647368194
1309700663862059009
1309686108121436160
1309649917623836673
1309649824548040704
1309639936027566080
1309616308221341696
1309585377120968704
1309259609270554624
1309186604817354754
1309111363709669376
1308840558614511616
1308788633168752640
1308787983278125059
1308784091278585859
1308740146666319872
1308561183960637440
1308557314954326017
1308392260686491649
1308249522892615680
1308243047403184128
1308242863684190211
1308242733115551745
1308239698662432769
1308226730902073344
1307900222413123585
1307896454846054400
1307895551074148352
1307894736590700544
1307846906450673667
1307826871653068801
1307826032838414339
1307823248848150528
1307703946115452928
1307703899835564032
1307694104650940417
1307693984744198147
1307344380781617152
1307344379842105344
1307344378885791744
1307344377916858369
1307319498073149444
1307317420789559304
1307109644364664834
1307107893326602242
1307076648118951939
1307071452634664960
1306807708327251968
1306783514453577728
1306779515553746944
1306779469798047748
1306776307318038528
1306775183991214080
1306770245860970498
1306767282270621697
1306739091246022656
1306738874161475584
1306711394688077824
1306709505187680259
1306657034054533121
1306600622205145088
1306578592906858498
1306444327061778434
1306440283702296582
1306439978847789057
1306437445953695745
1306421071902642177
1306419386761216000
1306417598159040513
1306413237836091394
1306412980293206017
1306410945686757377
1306410721392156673
1306410616547168258
1306391618837245952
1306385650959122433
1306383954531016707
1306383400933130241
1306383326903664645
1306382824715571202
1306382108085100545
1306379797736677378
1306373626460082181
1306369522711105536
1306357712662532098
1306227087884324864
1306103442272923648
1306083504875343872
1306063773267046400
1306059240101076999
1305995893674520579
1305933850741219328
1305930559810605056
1305920017381416966
1305916374456336391
1305915990535024641
1305915988530126852
1305915986214871042
1305915983597645824
1305913536455958529
1305912013219139585
1305910893977497600
1305883392312061954
1305867415713185798
1305867163488616453
1305715763043610626
1305670451826393089
1305670043502608384
1305663380674482177
1305663302937333762
1305663255428452352
1305604998215147520
1305515387988193280
1305511867012517891
1305476942641147906
1305290843276873728
1305288382910693379
1305288130489180162
1305244824031973389
1305181172805365761
1305180780394577920
1305179266460651522
1305001713150107649
1304865200798130180
1304860749576183809
1304817430301114368
1304808760041504770
1304808006790586369
1304801395640602624
1304507371574657025
1304504182951555072
1304252949133250560
1304250925146570752
1304118630225936384
1303898366351466496
1303895945881497600
1303865339487440896
1303807870237016064
1303663575785967617
1303662182245240832
1303530650193072128
1303528339550986240
1303453730709405696
1303453616653717505
1303415489637556228
1303392023299358720
1303385170230284288
1303384692457181186
1303380886440808450
1303374930487148548
1303374566207696897
1303306755598946305
1303300918029488129
1303161122342789120
1303150175695900672
1303144605488160768
1303144227430428673
1303128631796019202
1303127418492932102
1303127342810828801
1303121773618233345
1303099637629423616
1303097461595148289
1303096756708806656
1303096645035401224
1303081346676523015
1303011146442645506
1302832752522334212
1302829793864495104
1302728665302814721
1302725639481499648
1302725458493145093
1302685329497952257
1302672401151528961
1302600739227938822
1302597059313369088
1302594482538508290
1302585805794357248
1302580009618608128
1302475813690970120
1302468884168138753
1302369119896055811
1302351936700559360
1302351724879908865
1302351539495817217
1302347091931521031
1302346479940431872
1302343966721933313
1302340192469094400
1302339528347103232
1302338498439995392
1302337253373476864
1302336673057972224
1302335152412979200
1302334884074012672
1302330954686623750
1302329808853118977
1302329462508392449
1302327978286870534
1302326985537003521
1302326655525023744
1302310527587307520
1302309721848807427
1302308006391091200
1302305900976275457
1302272033091391489
1302268442020544512
1302262275735269376
1302259642442158080
1302251331558703111
1302237657074892800
1302061148175511554
1302061101044113408
1302060470413791234
1302050091885359106
1302047094824411136
1302042617333583872
1302040246360723458
1302038963558010880
1302037183872798722
1302032141140844545
1302017654262304774
1302007449810067457
1302006400005091328
1301975836250320901
1301973744756371456
1301943653393457158
1301933829641457665
1301933381693964288
1301907756950212608
1301866053190983681
1301864905230839809
1301863805085986817
1301746463005962240
1301744227722854400
1301742681433964545
1301736611185598465
1301730219213172736
1301723033191755778
1301706849167831045
1301705059516985344
1301704129400778752
1301700412135833605
1301665929886142465
1301644192318357506
1301632401823727617
1301560306603298817
1301553065758203904
1301518095769632771
1301330812634386433
1301330784209506304
1301316039486177282
1301315451520200706
1301315055074578432
1301302727646076928
1301296643556478978
1301287304330440706
1301275722712068097
1301275425935699971
1301275101686575108
1301273415215706115
1301245945057865731
1301242152433876992
1301211284617211906
1301186180734693378
1301153121385828354
1301149480742514689
1300940539316011008
1300938711585218560
1300926616487563265
1300919274396057600
1300919001669931013
1300899869356445696
1300885134636445696
1300765020037488641
1300600763232800768
1300597500424880130
1300597128872431616
1300588850625024000
1300587271113134080
1300586113107664908
1300549452877438981
1300505277431787520
1300497573942358017
1300371959251980288
1300268335754608646
1300264108240056320
1300253052243451911
1300205529856446473
1300200377191747585
1300165588589969411
1300160494343421955
1300096465679810560
1299908459807338497
1299907236454686723
1299898334270959616
1299895348085874692
1299895255391666177
1299886296077344768
1299883030929178624
1299882598886453249
1299882050078625792
1299788081520873480
1299771916312600576
1299769033777131520
1299735406649454592
1299733211598249984
1299729118007828480
1299720999177539589
1299718354190643202
1299713921583022080
1299687750547931136
1299558052488794114
1299556216247549953
1299555716378886145
1299550769402781698
1299548670849961984
1299540605656236033
1299538157013172224
1299535645912768513
1299533532486930434
1299533163400695808
1299531583142203399
1299528619233026054
1299512788147220480
1299512341797756928
1299511039730614278
1299480324209078280
1299480016733040640
1299401129697202179
1299382568580722696
1299338706696966144
1299336134724653056
1299179946015944706
1299178248459489280
1299172669582082052
1299171946022739968
1299120912873197570
1299099334315737094
1299090521747488770
1299068257928962049
1299024501502619654
1299003017983860743
1298966472119791616
1298963412907700224
1298961219253133312
1298840067755192320
1298753036349833220
1298724369930153984
1298721045843599363
1298698480681181184
1298692879456636928
1298685291658645507
1298614888294645761
1298460158062997504
1298409896770252801
1298409394594557952
1298407407211687937
1298233158224228354
1298219222389141507
1298099286807175168
1298040194491392001
1297955293305933824
1297947260563722240
1297881715881529349
1297874148811841537
1297750914149814272
1297691558972710912
1297691067341561858
1297684732092862464
1297599619325730821
1297571486845341696
1297566885509238785
1297566864453894144
1297556402630791169
1297548398523015170
1297543409285070849
1297537086690660357
1297536220063571969
1297518761801588736
1297512616223547394
1297353140044476416
1297352412156628993
1297346666106884097
1297345189003001861
1297342402412380163
1297341959502258176
1297318083435077632
1297315135862775809
1297307684937572352
1297303958545936384
1297303211548778496
1297215827033444354
1297164452433784834
1297038424348794880
1297036537742471173
1296983229493325830
1296976403729199104
1296969536693047299
1296963261896839174
1296941912419688450
1296937623378964480
1296936540652830722
1296936233252380674
1296888365149716480
1296868224299143170
1296780060066631680
1296614227419987969
1296606643061489664
1296606412425039872
1296605254914646016
1296593018997407749
1296592310604619777
1296588633101803524
1296520630960095234
1296445568059932673
1296443249012375554
1296430859784982530
1296429859288358912
1296313102313631745
1296290848343285765
1296094475190706176
1296093379470794752
1295897645823787010
1295887736415584256
1295886691736129540
1295784710099083264
1295482112859164675
1295228714201026560
1295122211825737728
1295090669485281283
1295083825794605058
1295070772524875776
1295069257676488710
1295068891761258498
1295066453910192136
1294785815978086401
1294785612122329089
1294692702366375936
1294692651971813377
1294692589950644233
1294654652471025665
1294654611094200325
1294654560645066753
1294654502159753216
1294654476675100672
1294654432534319104
1294654384555646976
1294654339806638082
1294622253079027713
1294621882159964161
1294483596292620288
1294440396517519361
1294440349901959169
1294430498698276864
1294427440517910529
1294402030530785281
1294373479609970688
1294367814795636736
1294348559752536064
1294345207270580225
1294328603208024065
1294314914174185472
1294314405572890625
1294056994324840449
1294056117081956352
1293939826350120962
1293938107461455878
1293936694560018434
1293895018529394688
1293893047185547266
1293880351471939584
1293733098115469314
1293662433614209026
1293661097669677063
1293656684867584000
1293656407905112068
1293639090299174912
1293592201650372610
1293526657777754112
1293523588780302339
1293299405622214660
1293260309256376322
1293017702555156482
1292974072763219968
1292970795493359617
1292943001791148033
1292927706259218432
1292927694049546241
1292884696670654466
1292882970907480065
1292881231525351424
1292819436341276672
1292816890339954689
1292806718406242304
1292612679887183872
1292612445064892418
1292498306132840448
1292332073034940416
1292308665383424000
1292277647972741120
1292276664681013248
1292271931064975363
1292267400717643776
1292147836914737156
1292110616954654721
1292110396061626370
1292103888280129538
1291884928540581896
1291746959498379265
1291745214042984448
1291742917418156032
1291740759335608321
1291550211081478144
1291532348606025729
1291528465724985344
1291480551917068303
1291458873799385091
1291404189139185665
1291395797167333378
1291377457724108804
1291133646120919041
1291096767807840256
1291082929096077313
1291076333632655361
1291067703357329413
1291023262932242435
1291023104291016711
1290997214320492545
1290730736098709510
1290730693392293902
1290464847839232001
1290436625756033027
1290429832917061633
1290331460088537090
1290272707129405443
1290095575287857153
1290093265753001984
1290059606631288837
1290047967249006592
1290044590825734144
1290040851163357185
1290027470112972800
1289950965160910848
1289950170071863297
1289944942324793347
1289942247195250688
1289734084973928448
1289725261055799296
1289650064437047296
1289611326034030592
1289599935558504448
1289584138387775488
1289582829144174592
1289582276062220288
1289577901222965249
1289552156035448832
1289400404002787330
1289393003703001088
1289390198430683136
1289257663113465859
1289245414709895168
1289241626536062976
1289241588292415489
1289240788979916800
1289209369150672896
1289202152678686720
1289201890920558592
1289038505897754626
1288914204834115584
1288909147073843201
1288904636469043202
1288893168352669697
1288875528670384129
1288647237178990593
1288646608880574465
1288577810714566657
1288551847557509121
1288525715495944192
1288498390016368640
1288316960124608513
1287926835947470848
1287926679487340544
1287926393939144705
1287917436080197635
1287486163167608833
1287477403955138562
1287467130200481793
1287444760815427586
1287444336829964294
1287386625044107264
1287146958419894272
1287114157012201472
1287112277255233537
1287045614774226944
1286862010781704199
1286861770691420161
1286847483029655558
1286832859370737664
1285937361457643521
1285218475200389121
1284335059613429762
1284300638185312256
1284300614466506753
1284299172154408960
1283937891866021889
1282897691748564992
1282474409840783360
1282429093368270853
1282428096520556544
1282427555677642752
1282333498569826310
1282318326727835648
1282310098480766981
1282308470801338371
1282305378919895041
1282302737187840000
1282299436090220546
1282073097428963329
1282072745539444739
1282045334890385412
1282028267525079041
1280563478789488641
1279929275194519553
1279926740123615233
1279631418084253696
1279446451635081220
1279442979590148096
1279221010949169152
1279149474280017923
1279099913016676352
1279047427526471680
1278844436131319808
1278844124624498688
1278844054533541889
1278843997130235904
1278727311697883136
1278723700276199424
1278482149029679104
1278474031969206272
1278388953322852352
1278369100033638400
1278356954209976321
1278353456663801857
1278014925424807938
1277926052820549632
1277925239368884224
1277921724345040897
1277818646996418561
1277764152250023937
1277762004493705216
1277757800282816513
1277680986399092736
1277661542637547522
1277659994033397760
1277469590382170112
1277457256385314817
1277422131660369920
1277421883210772480
1277332992629800960
1277332739721699332
1277329589635895296
1277312834754445313
1277298765834182656
1277296185737457666
1277235236875767811
1277234528537530368
1277234315286454273
1276927794254098433
1276668252006072320
1276390247966875649
1276390032031571968
1276346214984884235
1276289661833486336
1276226141196562433
1276222223058186240
1276220724911525893
1276219544059731969
1276197653517393921
1275972769386283008
1275957634512846848
1275952289564549124
1275951962907914242
1275943440707174401
1275942294735261696
1275942293082603521
1275929058442952704
1275591786358956033
1275540450456350728
1275271587936288768
1275238075413774338
1275157896007954434
1275095834489692162
1275046334081503232
1274928389502222338
1274889743755620355
1274875762940805120
1274867272646090753
1274858631272509441
1274848436446248961
1274848302861869057
1274808906905255936
1274795820915843073
1274794855533862915
1274760238328164355
1274708592529211394
1274572084870594561
1274570428120535041
1274511636720766976
1274509624998313985
1274482524685811712
1274420912960557056
1274419609433767936
1274144675847438337
1274128506750935041
1274123592729604099
1274119459050065923
1273989991476142086
1273972131420930048
1273968532406050816
1273966646076547081
1273964451029495809
1273964200994516994
1273962239909867521
1273605630117494784
1273451292392861696
1273337057730007040
1273091402755444741
1273088652588056581
1273087037948772353
1273079436921974784
1273072249336201223
1273070655358087168
1273070415536152577
1273032232614203392
1272922282533552128
1272884404793286656
1272875681140084736
1272685574911033347
1272678050250063873
1272664632063414272
1272664508918640643
1272661418521825280
1272652430786859009
1272627477492482048
1272615789435240449
1272584353218998274
1272543909906964485
1272407569848512513
1272353934141566976
1272353388097933312
1272353002121240577
1272351967872987136
1272307952108679181
1272301187652558855
1272300995792560129
1272300478995537920
1272188381783605253
1272181708201345025
1272151617563959297
1272030508877299712
1271974800081199104
1271958487401140225
1271936817332473856
1271892855989174272
1271847851342073859
1271815884995248128
1271815496309125120
1271796075939147776
1271795869646495745
1271591074411220993
1271587195330191360
1271587087368806400
1271484939456913412
1271484561663426561
1271460355923902469
1271460319320256514
1271449213034008579
1271435173209440256
1271286145226125313
1271266149616017409
1271245117064699904
1271243991565115392
1271243614925053957
1271207462302089219
1271207048265564160
1271148765697671168
1271118364413440003
1271108814767521792
1271106476170330113
1271106475008471040
1271106473804787713
1271106472701620225
1271106471577530370
1271106470369611777
1271106469224566785
1271106468020760581
1271100197158948871
1271080309501681664
1271079050904309760
1270923936348471298
1270917423458398208
1270911971794264067
1270868681946542080
1270868360713113603
1270864065850683395
1270822244613324800
1270821861937610755
1270704471933423619
1270704022350069760
1270559241238122496
1270524004160372738
1270494154301353985
1270490549984862208
1270172996540551173
1270167703098216450
1269990554374471680
1269980317349224450
1269840227952201730
1269840082346934272
1269839995256406019
1269816245391671298
1269785575315378178
1269777238439989258
1269776936366202886
1269712673660338176
1269660024898564096
1269640730756161536
1269437626249076738
1269332331741032449
1269330565540577280
1269318487002005511
1269244926237323266
1269095583148621824
1269089011261337601
1269087458848882688
1269080428570456065
1269050095619751936
1269043276377718785
1269025086205460481
1269021934743965696
1269020654856175621
1269019453527937026
1269019338725642241
1269012406795145219
1269011265780924423
1269011036998373377
1269010713869254657
1269006207982936065
1269005565528809480
1268994516482166785
1268990748088766465
1268982954111512577
1268916278741393408
1268707143147900928
1268701994241396741
1268684737398407170
1268313528110284800
1268311380043739137
1268180011422531586
1268165967223361537
1268165403014029314
1267808980438585345
1267651021624479744
1267619412007366662
1267605011682529280
1267336933929295873
1267336748343984129
1267254484209668097
1267137389559980033
1267137349932253187
1267123066519408640
1266968098982240256
1266920191331651584
1266918426011992069
1266720888470282240
1266720821508259842
1266549763270496257
1266534407114022913
1266397290274717697
1266379557667352576
1266163367967891457
1265742754367365122
1265742208600289280
1265738444342525953
1265362036692787200
1265286522489769984
1265068421408010240
1265059780709810182
1265028055149555713
1264981073206939649
1264980759984713729
1264973737679622144
1264970220545941504
1264964889946337280
1264964651575623680
1264960663115399168
1264960249489952768
1264959504464125952
1264959054780260354
1264958676550500353
1264958261171757062
1264957916332818432
1264957553408163840
1264957065296052225
1264708174684270594
1264692777968963586
1264690935105011718
1264648844693909511
1264621557693001733
1264617661016801282
1264614101042552833
1264613573302587392
1264413887769780224
1264377026150109184
1264185002209824769
1264023341691744258
1264008666858094594
1263977289513160704
1263961359689166850
1263952671859490816
1263851799737438214
1263590913252552705
1263529906631323649
1263529711013109760
1263529232149422083
1263240137267449856
1263224920244400129
1263175096719609858
1263166330322194433
1263158297387024384
1263155871669985282
1263155668783173633
1263154974088933376
1263145579468775425
1263120373618532358
1263115909121617920
1263115675733819392
1262931189603729415
1262881284877176833
1262838090873344002
1262786197690232833
1262564615407443968
1262484262579769350
1262099322784681984
1262082963585499137
1262074207564955648
1262054242430443534
1262033960521121792
1261853849310109699
1261813084341121027
1261806204000632833
1261801125495410690
1261749026636079104
1261748296009351173
1261704203828944896
1261704007430615041
1261703743550230534
1261410986877046784
1261336477360885761
1261174303153889283
1260711049319321602
1260659876067344384
1260283800313044997
1259840188618063872
1259610935393730561
1259588214458912769
1259567100940689408
1259566969734533121
1259500789732724738
1259496112353935360
1259202695451344897
1259167332041187329
1259165172498870272
1259126085331099654
1258970501612998656
1258970399930449921
1258969881455874048
1258916720875618304
1258907745601847302
1258884852713230337
1258868583184191494
1258856612195860487
1258855768591384578
1258809071123279872
1258561984993378305
1258561923483865095
1258541613405503488
1258523791430316032
1258417772691890178
1258417072045830145
1258402112574275585
1258381402002853888
1258238861790121991
1258235319142490116
1258205923027365889
1258200193884991488
1258199972555698177
1258197567722135562
1258192020616642566
1258190586261233665
1258176422629253120
1258169155091644416
1258166563682881536
1258165885489098752
1258066961612845058
1258065728474841089
1258064011943383041
1258028823704150017
1257793478890790918
1257779921595834368
1257769864510541827
1257769828036870149
1257749129532526592
1257697056547917825
1257685010724933633
1257684693518094341
1257684224578072577
1257676843068596226
1257676007282216963
1257675659461169152
1257503528140058624
1257493659471224833
1257493136143790081
1257484394845163520
1257476789783400449
1257476481141346311
1257463417276903426
1257457437474533378
1257408784135327744
1257334060147453953
1257293017813311488
1257148024528257024
1257140091140669448
1257137441087119371
1257134318536851456
1257131199581036549
1257069807209533440
1257064055174561794
1257013724780650496
1256944852631269379
1256779237119471616
1256753855003574273
1256569363907383296
1256569219464015872
1256421360097787906
1256420900955738113
1256406654880550914
1256388499877445632
1256388417602170888
1256370382682144774
1256289252448653316
1256288968557105155
1256047413556641794
1256034685660139520
1255971782856773632
1255971515172032512
1255882297447976961
1255874355210452992
1255560988763598856
1255498634268999680
1255342474333171713
1255294935630258178
1255224162592927744
1255211005690425347
1255191126535024640
1255164750050267136
1255106851483586561
1254987444203728898
1254985403490320384
1254985393629429760
1254964805523341313
1254937474725527562
1254885084295036928
1254833884170240002
1254779542415085569
1254497086369869825
1254453283550367749
1254407990108717056
1254157623479480320
1254118187551031296
1253658703737356289
1253454482383482880
1253453970330324993
1253445623619207171
1253424305574080517
1253366203487268868
1253365885219287040
1253365175375343616
1253364482908262404
1253341491088556032
1253339698203897856
1253339571955200001
1253321759710994432
1253305817169879047
1253305450940030977
1253292904505839617
1253161451214254080
1253147710531788808
1253072913655304198
1253068482301890561
1253010637560647684
1252967289084874752
1252961589608800257
1252795560949624832
1252795511880519685
1252774473151000578
1252774136541319170
1252773602908389377
1252763020771688454
1252755088185135111
1252753074768285699
1252683919360765955
1252680921855283200
1252587454441361408
1252338783145492481
1252336672727072773
1252336524483530754
1252243409068273665
1252226663393505281
1252046614832787456
1251923771721756673
1251714748363784194
1251713510129745922
1251667479983767552
1251667101766516738
1251646162609848321
1251640157633155076
1251639566991273986
1251605821693272066
1251603636116996096
1251545311362809857
1251540230475091969
1251540093430403073
1251539801343311872
1251535315774439424
1251534730840899585
1251526745020411906
1251366444366999552
1251350122044194817
1251349507322925058
1251330346681016326
1251310924167819265
1251293050569179137
1251288534792777728
1251286513448636416
1251286161655562240
1251278598436241408
1251276623002963968
1251197584615575552
1251196497988853760
1251194618806448131
1251187839485702145
1251183750958002178
1250980485813149696
1250916090902962179
1250895201624821760
1250850598783782912
1250830823781212161
1250824793860997121
1250824396274634753
1250803825734287360
1250802474727981056
1250648168716476418
1250513365094617088
1250499740925669376
1250474207596679170
1250458224165367808
1250457966827974657
1250445683959771137
1250433309034688512
1250420634968096768
1250420587371036672
1250414931847057415
1250279886553374721
1250248603043577864
1250232063678185472
1250219474533470209
1250191373787111425
1250173717109506050
1250166366331691008
1250155762946629634
1250153562400849924
1250152128280252418
1250146169772269568
1250127389721538564
1250126341581803520
1250125767977172993
1250055127505031168
1249909779868377088
1249902998442192896
1249892227255619585
1249741216184512512
1249740932943151107
1249560988866748417
1249513758545805312
1249486196247494656
1249470585589112833
1249407707968344065
1249345856760877059
1249342517969117185
1249156748767789057
1249125903122210816
1249125593427447813
1249125341643366403
1249110785332113413
1249107392589115392
1249043918811009026
1249041570407612416
1249026428773052418
1249026083921543169
1249025244607778818
1249022509837582337
1248978048617197568
1248785774595670016
1248768882669686784
1248767349873876993
1248762258479550465
1248755398896750592
1248721115570192384
1248668776683524096
1248618560395415553
1248618530766909440
1248599834224885760
1248429551245352971
1248427790652694529
1248424910285754368
1248424017167413253
1248374997950681088
1248372162257457152
1248371560567590913
1248366232480485380
1248251117378523136
1248244392407617537
1248100218240995334
1248076190222626817
1248072057839071232
1248039334172930048
1248034870208667655
1248034531631943682
1247938623753895939
1247898306505662464
1247894623961284609
1247877384222711810
1247587869855711232
1247584970652221441
1247568271907475456
1247561100972953601
1247552308684226561
1247551708617728000
1247551419072360450
1247551334355738626
1247551129430429696
1247500555930472453
1247361263237242881
1247360753377644544
1247352626552934402
1247312974626394113
1247274784708341766
1247250050755055616
1247157196007395329
1246969115522326528
1246942561178136585
1246940565129789442
1246893948980903939
1246862419219144706
1246858192396734466
1246858083323842561
1246834662087016459
1246819390630301704
1246813845336862720
1246804750215139328
1246638260975173639
1246633670410219523
1246612726966861826
1246592758892171266
1246592624213078027
1246580934478102531
1246486379208609798
1246233035055529989
1246220512830861313
1246219219601100802
1246199781539667968
1246188460932829190
1246188197341732866
1246115389735669760
1246100935555809283
1246081836402515969
1246081099224297472
1245847520196071424
1245838415947608065
1245834292992675840
1245809386112651264
1245796047605182464
1245754629826195461
1245749096176025602
1245748915175141377
1245748359744425984
1245736460730368001
1245716208437071879
1245715531468079104
1245715366820675584
1245706224781463555
1245528233963110401
1245469852346789893
1245454262538297346
1245386643172995076
1245362976078659584
1245341452634337280
1245336749728989184
1245333255659929600
1245332172216598529
1245331324279365632
1245329595710287874
1245147017946562560
1245140825014763526
1245138921379500034
1245129443858931713
1245121043561316353
1245120946194780160
1245112663589433345
1245112432995045383
1245102761454252033
1245091134193401856
1245089024483655680
1245067915680010240
1245063279191494656
1244952064196739073
1244856190024155141
1244845266852872192
1244494851523084289
1244481296874852352
1244414502663315458
1244412059799912450
1244374900091084802
1244315184023375872
1244311484416524288
1244310384745615361
1244268680533413894
1244251607954489344
1244247124180701186
1244035592498921478
1244028712632193025
1244026469891870722
1244014858527477760
1244011724404998145
1244011629915799553
1243991748982038529
1243977535098150912
1243916050565038082
1243911032164233217
1243900551613632512
1243886228052873219
1243718704606654464
1243701584976130050
1243681107742273536
1243680323956871173
1243676783532269571
1243676562660220929
1243644832435888130
1243644456424869889
1243644340745928708
1243607411224649730
1243602186933764098
1243589876936835083
1243589765317963783
1243583488034553856
1243581023251763201
1243549516453814274
1243354901100494848
1243351764683948034
1243351708073447425
1243210097066721280
1243201529160650754
1243182486567497730
1243181385143267329
1243163477340012545
1243158137101787139
1242962772947763200
1242947492968378369
1242897397484793858
1242860733811036161
1242832043546939394
1242826160263827458
1242791915143168002
1242660027690815488
1242654778569744384
1242650525025304577
1242650471397044224
1242607060900106240
1242605453152051200
1242579696807751680
1242485055521513472
1242484855683891200
1242456538427596808
1242454513325309953
1242452139248701440
1242436003983511553
1242261937611780097
1242173306507333633
1242172228168540170
1242128013036265472
1242092826164432902
1242075539051089920
1242069369150210048
1241936941848895489
1241932627029999616
1241925892970070017
1241878334893678600
1241872070184767489
1241871984365051904
1241870082403438594
1241819609625395200
1241819071538032641
1241813928755318786
1241804928970108928
1241797433270644736
1241797187564118016
1241796945926070272
1241793881278119944
1241793790177939457
1241781847492907010
1241781121572057090
1241764553983176704
1241757455132041218
1241754399212539904
1241706020277288961
1241593615002079232
1241533336390176769
1241467232292679683
1241375391345971200
1241368546933964800
1241162371881742337
1241157643345018886
1241144003262926849
1241140300044779521
1241130887682670592
1241120644424708108
1241076519394557954
1241045628785999875
1241045281371836426
1241045049456066562
1241043814405505026
1241043724043522050
1241043551317786626
1240998034626039808
1240775089160884224
1240775076645134336
1240705002303303687
1240702454884216833
1240678334197096454
1240403504751132673
1240385761188470793
1240340803295338497
1240317899606241282
1240292706796081152
1240292506136465415
1240281605236756483
1240281161747881984
1240275053419409409
1240274236125691904
1240092506018189312
1240056727896297474
1240056653644550144
1240048800686899200
1240042644660723712
1240035500154552320
1240027976818982926
1239977937136467968
1239926044846632962
1239923307253764097
1239922733460402176
1239922710253309952
1239920290693623810
1239897127335202819
1239874178397986816
1239725750472900609
1239722047611310081
1239713189966872582
1239693221372088320
1239669433515364354
1239666157088657409
1239610136999714816
1239608377791188992
1239604652607496193
1239574410555731969
1239573369223360513
1239572199872348160
1239362100570587136
1239362018878029829
1239287626567503874
1239281575684198403
1239280035804168194
1239270032942739456
1239256907535220738
1239240759687237632
1239224436408102912
1239224129225740290
1239223199633674241
1239222134850883584
1239221551846895617
1239018531401994240
1238965129456254976
1238964965568131073
1238961346986868737
1238960936632934401
1238946641346023424
1238945871494033409
1238907711301005312
1238617538986196993
1238617238510370821
1238616972667031557
1238609398710390785
1238575304236584960
1238574152421904389
1238574121438416896
1238572729948930049
1238572499203436545
1238572236858064896
1238559324982726661
1238531010872127494
1238492962134392832
1238486334265856000
1238485700808445958
1238479653540683776
1238479127499419652
1238433003275268097
1238281852269531136
1238270709295693825
1238269839728234496
1238266160396873728
1238198114055577606
1238198065380630532
1238187885037334529
1238156213008969730
1238140271113666561
1238138732492001280
1238131961912270849
1238131796933513217
1238130556325572609
1238069470255611905
1237910596118552577
1237909685556084741
1237899575878434816
1237860874406121473
1237853532176257024
1237853362931912708
1237793752942628865
1237772617622355968
1237754945899724800
1237754038789246976
1237742734624067584
1237739714058366976
1237552520244813831
1237419342830211072
1237411851698409473
1237398136982851585
1237397683985420288
1236830672326664195
1236742062290149376
1236738620897312768
1236730254070333440
1236729926423896065
1236498138359267328
1236482020320182272
1236349513599782912
1236118889249062913
1236088490984648706
1236088035042824195
1236047001860612102
1235784876609191937
1235784573147115522
1235637819969802240
1235637301293862913
1235595254004236288
1235594780513452033
1235584297559613441
1235379670822121473
1235366865528111106
1235248953567768576
1235058619126665217
1235028251291947009
1235008489921093632
1234933613738807298
1234668524016005121
1234588801739186176
1234552250741055488
1234542745127026688
1234540310874578946
1234478810634035200
1234343461643530240
1234294484474658816
1234293907451719683
1233938371044573187
1233834636846956544
1233796937385676802
1233754709233631233
1232875874053169152
1232863229262606337
1232832264565874693
1232406169664270336
1232349207668850695
1232348909936222211
1232348248678989825
1232347721413152771
1232294763367452672
1231935387926499328
1231796843740307456
1231659364282503169
1231462275820793856
1231461663192297473
1231459326549778433
1231405846837571584
1231403773874069504
1231022146228498434
1230976531209564160
1230976452771926016
1230711777224085505
1230660550901817344
1230602558550552576
1230574043390185476
1230535713332039685
1230478441339850752
1230478302395207680
1230478033921941505
1230476788775649282
1230352759083454466
1230346480382337024
1230313315668197376
1230313270403354626
1230312832601903104
1230312659633033216
1230264873755512833
1230159569873076225
1230123031491686400
1229981473819840513
1229977565202395137
1229847360282513408
1229846433173573633
1229830818127863808
1229820826909859842
1229791780700377088
1229783823568834566
1229783353013960705
1229783087745204231
1229782610123071488
1229781974904135680
1229258522556293120
1229207984850558976
1229075233497329665
1228900366781222912
1228889754810421248
1228859231673208833
1228830284226973696
1228808275757539330
1228779386637312009
1228778579208687616
1228777383731384320
1228776710088380416
1228735188802375681
1228734383445684226
1228708116969279489
1228703999739617281
1228689311115218945
1228689198435225601
1228680958129426433
1228679460507049985
1228678099497357313
1228535490271498240
1228518851098431489
1228518711419686912
1228511527315156993
1228511387984572417
1228459098473144320
1228427473643286529
1228422226749394950
1228360188798939136
1228310657658912768
1228158519662256128
1228150990748241920
1228145938994167810
1228050265716060160
1227966659400491009
1227964902700208131
1227955845490774023
1227900023918268416
1227771381774983169
1227766259137290240
1227754956712706048
1227753572240101376
1227751309819949058
1227725377008816149
1227723973980512258
1227579808659279875
1227447287259025409
1227424400120696833
1227422698139246593
1227421053166768132
1227340231474601986
1227313255145668610
1227301604543602689
1227279281883090945
1227277674068004865
1227271851224817670
1227269746455916545
1227229112919560192
1227097458649501696
1227097237337059328
1227063799284404226
1227038156534550530
1227038118794100736
1226973017420505100
1226972912445542400
1226924422608539648
1226881925937164288
1226757593017745409
1226719737373220865
1226705132555046912
1226678608275681282
1226655941485047808
1226631402529140738
1226616572011139072
1226607863872786435
1226501584303030272
1226490442088419328
1226375611083567105
1226375585359892480
1226375086854242304
1226288955827662849
1226267194704744454
1226262335934865409
1226222262283571203
1226221818660388864
1226221315004256266
1226215238875389952
1226200046196137986
1225957255587270657
1225914838100127744
1225911341606719490
1225813302783205376
1225802431025557504
1225549107659407363
1225548737470246912
1225548098195382276
1225547839029248004
1225547150391697409
1225519540571901952
1225459619302125570
1225252964849344512
1225220153987780608
1225040145486962691
1224851654463381504
1224809469265301504
1224809192285986818
1224774353503621120
1224773653570760705
1224761288405983234
1224739335766970374
1224733803605843970
1224729802596286464
1224527896200519692
1224468653158039553
1224468128966610944
1224457220471115778
1224457142268129282
1224200065100722176
1224145752060059649
1223707219553923073
1223707180702076928
1223424875643142146
1223396885093933057
1223396871261052928
1223396849027076100
1223067936505679873
1223054062343671808
1222896721413296128
1222881953168470017
1222652175261650945
1222538445601562624
1222302615373041665
1222277507954638851
1222196290584485890
1222164686860365825
1222143049242943488
1222024962636161025
1222021726449684480
1222021049400905728
1221977678330441730
1221620769991557120
1221606168667226115
1221294167193739266
1221274879191920640
1221265390614876160
1221264850434703360
1221263982788431873
1221263539995701248
1221263009307189249
1221234558005399556
1220887994661527553
1220808997776785408
1220783222847627264
1220778212105560064
1220767262870777856
1220766829246844928
1220742774854692864
1220683133391077376
1220488959714910213
1220366724857503744
1220231744755990528
1220219842072137728
1220219548353335296
1220062161919148033
1220053192815169536
1220046102818242561
1220036192550277120
1219728079247024130
1219726982784614403
1219680863807557638
1219646905526910978
1219645766161117189
1219433350932434944
1219433169818128384
1219433071746961409
1219408735212384256
1219402841464492032
1219402349384556544
1219092225465995264
1219091870996975616
1218871213411504128
1218729451489460224
1218722556527677443
1218722502056300545
1218718668923854848
1218715974033166337
1218715396192206849
1218706304170123271
1218672290784784390
1218668898654007296
1218668393076875266
1218173300318384129
1217933574265016323
1217932725958717451
1217888706901626880
1217830245677531139
1217829574739927041
1217826344207294470
1217463083850854405
1217462998626783233
1217209920321400838
1217190325929828352
1217121966748065793
1217112347761836032
1217111881741193219
1217111461417377792
1217110875175342080
1216958202136420352
1216953158808883201
1216865298768228352
1216853927502573568
1215787871065509888
1215785830192746496
1215474242944491520
1215388976808448000
1215286856641925120
1215275725638553600
1214948629233881088
1214706873171140608
1214684067909849089
1214643820824088576
1214188953751998464
1213884938539454464
1213673463145205760
1213588246967533568
1213576872958799872
1213575819685244928
1213568798957154311
1213567378719739905
1213108477318565888
1213104230371868674
1213103181502259200
1212859056710397953
1212858820944416769
1212854485577617410
1212820599975874562
1212604420183199745
1212603997099565057
1212437743235747841
1212437624490799104
1212108115681927169
1212062250946748417
1211834014358790144
1211707943571394560
1211703435319533568
1211703230872408069
1211660894079537153
1211461154486259719
1211332101351456768
1211026662227431426
1211002546686504960
1211001960280854530
1210962544556494848
1210938880603688965
1210743789892931584
1210742735050657793
1210740092735672320
1210707152052117506
1210662847237242881
1210645611999051778
1210631746322079747
1210630468774834177
1210563001365024768
1210562274823430144
1210413299906551808
1210408244931416064
1210407805926170625
1210406669211054080
1210373416253046789
1210209620838498304
1209982075639607297
1209981202419064832
1209970066625847296
1209938584960151558
1209920841120698370
1209920635151011840
1209919473916022786
1209919034478739457
1209914425890738177
1209682489138130944
1209671142107156483
1209664967257067521
1209659856061370369
1208502690055180288
1208494588694028290
1208393904929812480
1207865065770278912
1207735619574751233
1207580729795846144
1207490444134879233
1207401978227286016
1207140653379006464
1207135165232877573
1207134937486446593
1207120087121059840
1207072171916435457
1206740403921326081
1206682714591703041
1206411577869688833
1206294231402332170
1206273364316360704
1205523943895060480
1205358706659151872
1205328723047833600
1205228140701868032
1204985693908406272
1204984215915380737
1204943361406361600
1204903480999190528
1204900807742763008
1204868873830273024
1204818111423242241
1204651868334505985
1204490106402463750
1204261056270544897
1204258648819687424
1204240502960410629
1204182408360271877
1204156317910392833
1203824416058171392
1203413615354793984
1203411313818558465
1203077633484787712
1203035727589568513
1202795374609600513
1202785666201014274
1201980394654048258
1201957442151686146
1201938380315074561
1201687534847311873
1201639802053025792
1201601867551268865
1201123163238805504
1200973274483712000
1200958315687239681
1200814449285902337
1200582814946623488
1200510525144227840
1200506145233940480
1200426433048395776
1200017632637988870
1199895453329973250
1199790347548803074
1199773631309590528
1199773127405899778
1199751344187432960
1199736327975161858
1199474589027438593
1199466419475374080
1199426422894419968
1199425419071631360
1199404738661560321
1199390787995394048
1199389823846567936
1199328652451893248
1199119779178659840
1199118733165379585
1199118036973821952
1198980995380367360
1198980654605701122
1198831113373962240
1198809032439586816
1198805636441673729
1198804075351101442
1198803328236429313
1198801210914021377
1198770478065827840
1198770352752676865
1198770170845630464
1198706912382128129
1198673471267622912
1198672299618193410
1198632983982411776
1198422713674747906
1198422506283130882
1198420904247791618
1198397742818705410
1198299299974729730
1197869410356203522
1197688249629728769
1197499805838299138
1196996192896462848
1196995187580506113
1196993544243814400
1196616848697155584
1196494390467928065
1196303524486959104
1196142283034419202
1196136566093164547
1195835129358376960
1195729922687479810
1195543711712763905
1195487463655059463
1195473324475850752
1195467939803205632
1195461024188686336
1195460871696371718
1195459223523647494
1195376868725157888
1195171717347450880
1195159761035124737
1195158603138772992
1195130075668242432
1194850141464932353
1194644554118582274
1194496154970578945
1194445275181522944
1194443670617051137
1194417858329092101
1194382994238267393
1194356739568652288
1194332579215757313
1194301356326174721
1194299115406012417
1194297728278380544
1194297541124382720
1194295713557078020
1194293694167429123
1194278792598085633
1194278707394940929
1194251022870425602
1194108753072852992
1194095785434132482
1194084526122831872
1193927481352433665
1193908971754709000
1193753768116051971
1193695349057216512
1193329477666902016
1193324657857957888
1193324392320831489
1193286581945159680
1193286501179768839
1193153250247221250
1192974213541507072
1192930059205496832
1192821823274209281
1192785373547704320
1192637322447245312
1192625164682481664
1192618779211173888
1192573339916746753
1192520635668467712
1192518431360405507
1192475642501062657
1192457285861281793
1192457217464774656
1192455587017166848
1192455331865092101
1192453539580305408
1192434336471105536
1192429642680020993
1192429202735271936
1192156735588323328
1191904162423955456
1191903750182621184
1191868096384053249
1191867808973541379
1191867083858087937
1191863884950446080
1191848864384458754
1191753937398968321
1191720598193549312
1191719472505249793
1191689236015177729
1191686192498122752
1191686130107850753
1191685942198898688
1191674020430798848
1191530175885914112
1191520956314992642
1191520644908953600
1191519867871977473
1191519615450521601
1191495359333355520
1191494759866675206
1191482003075555331
1191416701209833474
1191383466161491969
1191381685968916480
1191173475035160582
1191136586517352448
1190643712923250688
1190643631826362368
1190626058661441536
1190612856749858817
1190607806119981057
1190444896219471873
1190444750282928128
1190443438912819200
1190443232502661120
1190409877648265218
1190405660430782465
1190346054786584577
1190335276268306432
1190335223755673603
1190320607759613952
1190093822493102080
1190075838882037760
1190057677864480769
1190055503210131458
1189963411985031168
1189959183614873600
1189950325190316032
1189910569547120640
1189878186278051840
1189705634490585090
1189705414490890240
1189703765378715650
1189702696523227143
1189608725595582464
1189540335552212992
1189363939605405696
1189292662383435776
1189283832631046144
1189283624442564608
1189262200545787909
1189258995825025025
1189178892470370304
1188992143819497472
1188977395002433536
1188911629322391552
1188517727910141964
1188478396684263427
1188113744422952960
1188099248740585473
1188098753837838336
1188098714881138690
1188098692039041024
1188080725779800065
1187931446369013760
1187831435006271493
1187791222791905281
1187786795934728192
1187763930447466496
1187427985789374464
1187426812143357952
1186840228184633344
1186813442226868224
1186794400694837248
1186794154396934144
1186691772942077952
1186651694899388416
1186635969065373696
1186629819884281857
1186615880853151745
1186348603863756800
1186110436988653568
1186025210157436928
1185983180882481153
1185720487160225793
1185706623211323392
1185706415157104640
1185413118538719234
1185287205645967362
1185215951647588352
1184713157966737408
1184640795783118848
1184454622389440512
1184279863710146571
1184195945208209408
1184195316377116672
1183915155308109824
1183912871576637440
1183882654934065152
1183814029455831041
1183735396028600321
1183417800167231490
1183120699721994242
1183120374525026305
1183116264774033410
1183114020338962432
1183068364073246721
1182748483629047809
1182728060216459264
1182718529600196608
1182714374072475648
1182713045434486784
1182677998362865665
1182657132921065474
1182384118631415808
1182276657710796800
1182251850080366592
1181999414577156096
1181918894686167040
1181760344232005632
1181746189655515136
1181737961622327297
1181737738237861895
1181649501460877315
1181423060013977600
1181419968698753024
1181404326062956545
1181377551308120069
1181295680272392194
1181294397306130433
1181067854277484544
1180954667347533824
1180745540264480770
1180673525633425413
1180673224289476609
1180671194665803776
1180590653345951746
1180579908218605577
1180528811936567298
1180518643660132353
1180518024589271040
1180321591932198912
1180267822351605760
1180186440988278786
1180175525752573953
1180128455888920576
1179952817244659712
1179926124094279682
1179925076252200961
1179922205343408132
1179867372804435968
1179810814716502019
1179797098235080704
1179796747616432128
1179782175631302658
1179756801908236288
1179620253006995456
1179596711511105541
1179373153950355456
1179247023431831552
1179243424626679808
1179198022154117121
1179034438484795398
1179021137302437889
1179007893489770496
1178867942198562817
1178867671137435648
1178779390190276610
1178757759296315393
1178755656809095173
1178751223576584192
1178744963691143177
1178729719027687425
1178727918798802945
1178727554448015360
1178681206969425920
1178459590037561344
1178423170585509888
1178422610289397760
1178178310683148290
1178177593461411841
1178117766924120064
1178107764507320322
1178103330222071808
1178103007591972864
1178102193037221888
1178101841504165888
1178049205006413824
1178011202636730372
1178010850424184833
1177985552295108609
1177985283406598144
1177984747525554176
1177984419312869376
1177983997105917952
1177983521337552896
1177983206827679744
1177982673958133762
1177924755745312768
1177772399397425152
1177771773301067776
1177757803252998144
1177744611525238784
1177688477900709889
1177600890724765696
1177258233892704256
1177232056608157696
1177044466051493889
1177026152633982976
1177001789331296258
1176849685690167298
1176715415046762502
1176356157537079296
1176318213623308288
1176297352317079552
1176292211497099269
1176120575657463810
1175474602631409665
1175462841144549376
1175172767794307072
1175154817381085185
1175154625395200000
1175140573579288576
1175088977277345792
1175053767517069312
1175044605324222465
1175042357391241222
1175040306342965248
1174746999436001280
1174744371822026752
1174740003181776897
1174460351435481088
1174460112112631809
1174453323547590656
1174452672159596545
1174447501161582592
1174447151541186561
1174156756374740992
1174155455314190336
1174086509219209216
1174052238622412800
1173995557557276672
1173775114833485824
1173585179354554368
1173568375945146371
1173308397145530370
1173302710894022663
1173287962605445120
1172625315010506752
1172284148297457664
1172199758611529728
1172183970278068224
1172183332378955777
1172133068402024448
1171989470402547712
1171769788475072512
1171580747276328960
1171572227596259330
1171544550625685505
1171540884854231041
1171521952885792776
1171412387976626178
1171400558328131584
1170864808117374978
1170862859624079360
1170777836422144002
1170518353699594240
1170428681875009536
1170419104408379395
1170401567314460674
1170390039966171138
1170389871552290816
1170389228175446019
1169986248800210950
1169959167093854208
1169944853570117632
1169786861461614593
1168653609510330369
1168653410754859010
1168632522214912000
1168631607428878338
1168578179323387905
1168578170318184449
1168572853240901632
1168550315215544320
1168519114731773953
1168519035518148608
1168331435528339458
1168320767064518656
1168320334380097541
1168225615780225024
1168222123959230465
1167905922082951174
1167899798541754368
1167898132002177025
1167800261202591745
1167795873453096960
1167606570613661696
1167567181845909504
1167566623915425792
1167565002766602240
1167090343830904832
1166748860670251008
1166748695783714817
1166728543306469377
1166720692970250245
1166707816016568322
1166706625895383040
1166706267689275395
1166705460092776448
1166705006743080960
1166702579398717440
1166701034439434240
1166559198206976005
1166201103949750272
1166081910034063362
1166079705331752966
1166061007959203841
1165990508872626176
1165976174079684609
1165842502060007424
1165827892531609600
1165826845591461889
1165808223028297728
1165790064015601664
1165769478228959234
1165765083328237568
1165759378319794178
1165751853231017984
1165280070954606594
1165108266071941120
1165097478544330753
1165097355324137473
1165065116511080448
1165030857586958336
1165029754447306752
1165027613108256768
1165027470300647424
1164920994139496448
1164920871573549057
1164919026100760576
1164695965087010816
1164551476280274944
1164548367587991553
1164540207581949953
1164344445262860288
1164340564797644801
1164197582240911371
1164001437778665472
1163994635779399681
1163993402234613760
1163989484771393536
1163986723568836608
1163885322834522114
1163884749200515072
1163881962282651649
1163654655618048001
1163565285397401606
1163565164446343169
1163541814223097856
1163461605117460480
1163301079162994688
1163296853657628672
1163187197320847361
1162897656529784832
1162880034832617474
1162878134003392512
1162805813745979392
1162489535407808512
1162448952463175681
1162441557972324353
1162386473779441665
1162374926206193664
1162374649021423616
1162374221483450371
1162371983121833984
1162175934570663937
1162125228560007169
1161965472432177154
1161750916145590273
1161507256531394560
1161450469459398657
1161447038329991169
1161443561117769728
1161355309513936896
1161354655663886343
1161349711481245696
1161137328875814912
1161088396976111617
1161082985229225985
1160960382128873472
1160752180896419840
1160725052578521088
1160659903632961536
1160614059810656257
1160506294605889537
1160396292620783616
1160257829950951425
1160254659140956166
1160254546121302016
1159928364251144192
1159850459319787521
1159824768947720194
1159592263443521537
1159562589262766080
1159511938277269510
1159451612240330752
1159264513671217153
1159248081084440576
1159214468913651714
1159204965400883200
1159196480395251712
1159196256075505664
1159184103213809664
1158920669717049347
1158891245210611712
1158887979336765443
1158610530757746693
1158610315329921024
1158608147008905216
1158606234225905665
1158602635383099392
1158596355637633025
1158555361500155904
1158390666508013568
1158240095411089408
1158237216990289920
1158209145411112961
1158170907707346944
1157838157959847936
1157690057823850496
1157647959158349824
1157341085208854529
1157310380110229504
1157302161849704449
1157301904961167361
1157282170131628032
1157281212467175424
1157276262722867206
1157140739626692608
1157136219903578112
1157132489950937088
1157028826280615945
1156795517457829889
1156757109469569024
1156382186989412352
1156374708344016898
1156297694731804673
1156187492988706816
1156037589326954498
1156023000858161152
1155981735944867840
1155981594118651904
1155975187730321411
1155952492129087489
1155951417510645760
1155949401191280642
1155937614957961217
1155927339064147968
1155922972584087553
1155675043252318208
1155667503084900357
1155659343926300672
1155658017406406656
1155651233933340672
1155633492363022341
1155631767015043072
1155542286236835840
1155317638882615296
1155242952551280640
1155159711479717893
1154868108978528257
1154779618680983553
1154772781587996672
1154759686933155840
1154536534256889856
1154528521127157760
1154398209361551360
1154373383813046273
1154370084263084033
1154273183769464837
1154145391308357638
1154094453285670912
1153995947397005312
1153788408751255554
1153785139194822656
1153778783050260481
1153766159612874753
1153685240147304449
1153510737131790336
1153504462046187520
1153413354221985793
1153393301766201344
1153387867353362433
1153387482081374210
1153387386983845889
1153371478068473856
1153354464469946370
1153350710467158016
1153320701459406849
1153305127010340865
1153138711984574465
1153103179262943232
1153100623522537472
1153085190438301696
1153023874319208451
1153023600624111617
1152968680826986498
1152934592757862400
1152930829590511618
1152916446692958208
1152740813027364864
1152709387267575808
1152647394342973445
1152646832033533952
1152632780951621632
1152631603648245761
1152619189443727360
1152618976456953857
1152618848736227328
1152564259731193856
1152453016706080768
1152426488190382080
1152416046126645249
1152412831125528576
1152393399498133504
1152393152600428549
1152354431469592577
1152021776878063616
1151848780645511168
1151720876049649665
1151706290709835776
1151585201082052608
1151362862876692481
1151355920066273280
1151296798620889088
1151270213146615810
1151268423630032896
1151155257105354752
1151132421842178048
1150950683308433408
1150839572437307392
1150515431884673024
1150452491299033088
1150244814077747201
1150243587138957313
1150213753935421440
1150205917373370368
1150198899006693377
1150173939324399616
1150172961002967040
1150157077299511296
1149858167372820480
1149855961865236481
1149846817829470208
1149446532854439938
1149339202942832641
1149338822192357376
1149319889657745408
1149314099832152065
1149148732186931200
1149142073582526464
1149119279553495040
1149094979899445248
1149063902292062208
1149031141099343873
1149027626562052096
1149001387226947586
1148759961956179968
1148732657959931904
1148722794974392322
1148722421891031045
1148722395869528066
1148718018815561728
1148672841757466626
1148596266705854468
1148574219120386048
1148569504563310592
1148308975936528386
1148082667705065473
1148044810516914177
1147931014557315073
1147926602136915968
1147862636161306625
1147644790286290944
1147641026833715202
1147638904947924992
1147622415008223232
1147188367320342532
1147188249657561093
1147188035756396544
1147179714781548545
1147179267182215169
1147173764670644224
1146995027262038017
1146846125024043008
1146804388150808576
1146646819419688960
1146603330258505733
1146595305749721089
1146594749446590464
1146578347700445190
1146443383646412800
1146146939865632768
1146141116728786945
1146140012486041606
1146139927253540865
1146137826410602496
1146137263891472386
1146136937939558404
1145863488738353152
1145751832456847361
1145731002314219520
1145727332478586881
1145720706656874500
1145552731085688832
1145540278738141185
1145537657327542272
1145534491437469696
1145403206261968901
1145024748793028608
1145024184340365317
1144978500736229376
1144954529479368704
1144837316235735040
1144835465415200769
1144833136804663297
1144666138221174790
1144614726925783041
1144476263244939264
1144437866371723264
1144437270642135040
1144331680456544256
1143863523350630401
1143688567681683466
1143299767717511168
1143181920030711808
1143003993297313794
1143000513216155649
1142464243041808384
1142462933332611072
1142461704439324673
1142143384079011842
1141802486317105154
1141713610634387457
1141666002939338752
1141550562560958465
1141424691913138177
1141399293665980417
1141397083796267008
1141335323638665216
1140799283911974919
1140788711338258433
1140788660540968960
1140788493221863426
1140669261242875905
1140669235254968323
1140669207593574401
1140643132930965506
1140628027321307137
1140612683923935232
1140458082662830080
1140366056592150533
1140365732192145409
1140319930463768576
1140319888973713409
1140315313516556288
1140302798120259585
1140229558135902209
1140124559045255169
1140115173270839298
1140094821555720192
1140087034176053250
1140086790533058560
1140070490746380295
1140046854945726467
1139627273718571008
1139592640347934721
1139586497504563206
