969378024327180288
969347834834309120
969317636520726528
969287440925122560
969257268041658368
969227050778230784
969196840792023040
969166639781613568
969136431414300673
969106229841858561
969076022988689409
969045827623714818
969015634280505344
968985446985490432
968955245509345281
968925055358062592
968894865126850561
968864661314658305
968834450279882759
968804253769850881
968774040008699904
968743834715918336
968713634548518913
968683436964761602
968653241985748996
968623051024883713
968592854246445056
968562655475720192
968532466247127040
968502262648786947
958373034397716480
958342842602213376
958161619770658816
958131422887383041
958101232211648517
958071039606607872
958040839900590080
958010634146328576
957980444062085120
957799222509752322
957769028495343616
957738831243030528
957708631872589824
957678431222882304
957648232221478912
957618030665748480
957436832085696512
957406633382109184
957376434133225472
957346240601247744
957316041364959238
957285842489311233
957054312936505347
957039217082855424
957024120239161347
957009018421170179
956993923490242560
956978829540683778
956963721976471552
956948626529570816
956933535159537668
956918424445341697
956903328369332230
956888233996144642
956873128516386816
956676825882812416
956661729257238529
956646630014509066
956631535800737794
956616436373508098
956601343040507904
956586237598621696
956571142956994562
956556030493765632
949839266439409664
949824171223154689
949809071607205888
949793973039755264
949778872693817351
949763772041789441
949748673537331211
949733575154372608
949718477283188737
949703377159639045
949688288067059714
949673179613679618
949658088163938304
949642991362301953
949627882531381249
949612781703172096
949597685815873536
949582589442101248
949567478283333633
949552380978266113
949537280968003584
949522178344652800
949507077155762177
949491978890305536
949476880868167680
949461778605527040
949446681724182528
949431585585156098
949416495045599234
949401384058843136
949386303271067655
949371207014547457
949356100037554176
949341015546220545
949325921214922752
949310803743780864
949295715494383616
949280635356577792
949265498138710017
949250405573242883
949235307991400448
949220203099054080
949205094683283456
949189996963037184
949174890556547073
949159793259925507
949144691261415433
949129594166300672
949114491303858176
949099399065595904
949084300519133184
949069198663258112
949054117456080897
949039006238552064
949023917750054913
949008833808039936
948993730702462978
948978633544294400
948963545710030848
948948426959540226
948933336721915905
948918232441868289
948903120507195392
948888016646496256
948872922097217536
948857815069872129
948842716502351872
948827612780122114
948812512484626432
948797405595611139
948782305711181824
948767208108384256
948752105820557314
948737008096161793
948721913383346177
948706816715829250
948691726641836034
948676617131446273
948661523903401990
948646443384000512
948631323475890177
948616233720696833
948601154128240640
948586039576268800
948570945337380866
948555846027530240
948540738614292480
948525631960207360
948510532042199040
948495429309779968
948480316741701632
948465225778499584
948450124002414592
948435019164536832
948419916734091265
948404817948495872
948388525044654080
948373421397893120
948358364043579392
948343244219469824
948328190354878470
948313106199040001
948298010651394052
948282989401735168
948267849428201473
948252793965568001
948237730257031169
948222627608514560
948207481766981632
948192389541310465
948177249689309184
948162110206480384
948146960422359040
948131875645804544
948116754194190336
948101656650174464
948086535555084288
948071419690307584
948056312117645312
948041212954636288
948026122893189125
948011035671351297
947995940010496000
947980841795440640
947965745488715776
947950659567046656
947935569237159936
947920505188777984
947905374690201601
947890289770946561
947875323923791872
947860189990084613
947845062192484352
947830070063828994
947814873173553152
947799736093937664
947784592165167104
947769515827396608
947754405008375808
947739299612692480
947724164386914304
947709068487127043
947694010856083456
947678848627412992
947663746327040001
947648650360033280
947633546663006208
947618547471212544
947603450367488000
947588266936733702
947573211486711809
947558154484813824
947543023612780544
947527901871853568
947512904374521856
947497836987469826
947482705964486656
947467569539309568
947452472393641984
947437294029557760
947422215804465152
947407089558843392
947391999065411585
947376850967416832
947361757999304704
947346642503692288
947331542346555393
947316448808128512
947301335971631104
947286265141059589
947271176014921728
947256070623416320
947241005195120640
947225898893348871
947210821846827008
947195741948215296
947180641493405698
947165572877438976
947150433889542145
947135407732518912
947120289288216576
947105163336146944
947090059177660416
947074910836396033
947059785899429888
947044698258014208
947029607622103040
947014464259411969
946999353180172288
946984268525441025
946969151502995456
946954059638018048
946938970444828672
946923872510717953
946908813470212098
946893685991661568
946878645087473664
946863538798256128
946848478034055168
946833457778393090
946818282128134145
946803247448195073
946788241964978176
946773154600452099
946758010076090370
946742886862917634
946727708461031424
946712581569380352
946697437024006144
946682339303837696
946667218632404992
946652110397100032
946636991504011269
946621887051980800
946606757329195008
946591691116556288
946576589374083072
946561518598086657
946546400849997826
946516266533179393
946501200760975360
946486115065884673
946471052678516736
946455952349454336
946440824321183744
946425754174271488
946410714738159616
946395636399837184
946380506094030850
946365359749201921
946350190457491456
946335039234760704
946319949102047232
946304809682001926
946289729200427009
946274592192126976
946259481155063809
946244374337335296
946229294526816256
946214211482505216
946199113837801473
946184027991609345
946168943688998912
946153863689711621
946138760902823936
946122282061238274
946107192062742530
946092084330745857
946076986052628480
946061895223644160
946046784769576960
946031692954984449
946016594190323712
946001483400667136
945986388700299264
945971292687228928
945956182069530624
945941084080869376
945925983617601536
945910880650264576
945895783450202112
945880683007873024
945865583362498560
945850483461246976
945835393072750597
945820289514070018
945805197133131776
945790092232273926
945774992024842241
945759895823011842
945744801755955200
945729700340609031
945714600351236097
945699514123542528
945684406454358017
935751443948212224
935736344743235584
935721245882159104
935706146345750528
935691053889355776
935675964473987073
935660863926820864
935645763127971843
935630669140684801
935615572099952640
935600487361077250
935585378802786306
935570300179288064
935555212517019648
935540085860298752
935524994855194624
935509892647079937
935494780250918913
935479680307814401
935464573506916352
935449465082834945
935434374081892353
935419270808461313
935404161159630848
935389057974243329
935373956126859264
935358855617372160
935343758710837253
935328670172016640
935313570438447104
935298475838844928
935283380387753985
935268274673274881
935253187019329537
935238100141342723
935222992904257539
935207892545867781
935192814090178560
935177697617117191
935162608201752576
935147516374536192
935132390938292225
935117290495971329
935102186807275520
935087078223826944
935071980738547712
935056881701318656
935041770798374913
935026670603526144
935011569318219777
934996465704951808
934981368433512448
934966269559934976
934951170799472640
934936074782232576
934920975577174016
934905878234484736
934890778098356226
934875684853469185
934860586021683201
934845487232028673
934830391827009536
934815288327065600
934800189575057408
934785092706361345
934769985741869056
934754885115023361
934739784873934848
934724684435910658
934709583246962688
934694481005342720
934679373789192192
934664275204956160
934649176230637569
934634076509786113
934618981113229313
934603882717736961
934588782459932673
934573683355586560
934558586331631616
934543489290985475
934528392237604866
934513303388377088
934498194574204929
934483102084288512
934468015210590213
934452908464189448
934437808416141313
934422714500157440
934407603681099781
934392501972160512
934377402460975104
934362299611181056
934347201203130368
934332099343060992
934316991514644480
934300685201477633
934285585409290240
934270494479659008
934255400987316224
934240326700675073
934225229022482436
934210145105661952
934195078121361410
934179994229714944
934164922136752129
934149891147882496
934134770413506561
934119737260498950
934104692036112384
934089597079969793
934074504459976704
934059396434399232
934044230586159105
934029093577940992
934013925498245123
933998803476152320
933983716703129601
933953462580187136
933938331800473600
933923207081611265
933908112041500673
933893024278634496
933877944954572801
933862871192231936
933847780560424960
933832705783009280
933817611770613760
933802629012082688
933787504821620738
933772417822060544
933757392231202816
933742399230226433
933727301870718977
933712263361556483
933697130295906305
933681913163862016
933666701941633025
933651546386190336
933636413706461184
933621306842583040
933606190659047424
933591048168894465
933575924951461888
933560822344962048
933545729930514432
933530643610337280
933515569596391424
933500499961237504
933485412403892224
933470272673468416
933455285485744128
933440189699063811
933425166880837632
933410040798744576
933395014801031168
933379964090638338
933364799760715777
933349699830145026
933334604823580672
933319441777156096
933304273613533185
933289150261768194
933274022258679808
933258937050177542
933243820862402560
933228674958135296
933213544388050944
933198431488581633
933183341544734720
933168258185699328
933153193088962560
933138109549764608
933123018641084417
933107956262031360
933092864090763264
933077791477780480
933062757976563712
933047649221185536
933032576180211713
933017561754632192
933002393809248256
932987314233585666
932972214462316544
932957045816483840
932941877636149248
932926745979838464
932911620841492481
932896526925549568
932881408229625857
932866272169267200
932851162033868805
932836044181032961
932820947232526336
932805862237900800
932790788832063488
932775716122439680
932760657484767232
932745577087029249
932730456923131904
932715417549893632
932700368429076480
932685235891949571
932670433941512193
932655725544988672
932640278841823233
932610029265543168
932594817133154306
932579659400740864
932564427907444736
932549244896071681
932534102288453633
932519033907408897
932503905099026432
932488765641318400
932473670647402496
932458558368645120
932443464662507525
932428400450523136
932413330354040833
932398190443319296
932383140739416064
932368007418011648
932352919566995462
932337849730560001
932322749116309505
932307679548248066
932292590115880960
932277509063888897
932262400115531776
932247280614338561
932232156578971648
932217009642856449
932201910379122688
932186802252894208
932171693048680449
932156578278633472
932141456084660225
932126342170185728
932111251035041792
932096153860132865
932081064117456897
932065978770448384
932050889417875456
932034451894362112
932019358427172865
932004257414504453
931989155952852994
931974062875832320
931958952778174464
931943863048134656
931928771636158465
931913670979932160
931898567609987072
931883475698900992
931868363843887110
931853260759199744
931838169917607942
931823058549182464
931807964209582080
931792857874223104
931777752847577088
931762654808559616
931747563728003077
931732455354261504
931717357915049984
931702263265091585
931687164613623808
931672067229061122
931656983190622208
931641886766444549
931626781248978949
931611702013104128
931596591613571074
862956825473372160
862926631110946817
862896398869639168
862730346860826624
862700189181759488
862669971574456321
862639743233863680
862609540860215296
862579332321075200
862549104878026753
862428370604261376
862398149503197185
862367970886123527
862337823810170880
862307578424045568
862277358610505729
862247149635088384
862216929867689984
862186717910061056
862065955207340034
862035769053122565
862005568025890816
861975408178339841
861945188842950658
861914971105570818
861884767213629440
861854581726343169
861824338596687872
861703568356782080
861673370064125954
861643182827868160
861613025782005760
861582803124842496
861552580685692928
861522366333112320
861492165054263296
861461944758407168
861341168302522370
861310952318357504
861280771776106499
861250569679380480
861220370984169473
861190175132712960
861159956686524416
861129787116589056
861099547615014916
860978805984432128
860948572300345344
860918396707364867
860888201464082436
860857996859113472
860827779570569216
860797611674087424
860767369639153664
860737168976871425
860706957367398400
860676771649335296
860645465980850176
860615383186894848
860585190082699265
860555139115081729
860524926675161088
860494669423235072
860464419289133056
860434115425914880
860403909059366915
860373677711478785
860237828143316992
860207720158330881
860177545144279042
860147349406011392
860117172634497025
860086857866018816
860056582465495040
860026367311847426
859996133212512256
859890546579525632
859860381942132738
859830158378893312
859800019569975298
859769775609827328
859739546342313985
859709258220408833
859679011164868608
859648769155051525
859438716959510529
859407700534460416
859375731763294208
859344305068142592
859312808915337216
859281328365338625
859248652283498497
859217149734391808
859185725136400384
859154277754916864
859122846144114688
859091386930429957
859060454014029828
859028439050973184
858996965031518208
858965504903589888
858934048315584512
858902574807871489
858871200239538177
858839656141553664
858808214175051776
858776828990951426
858745310478315520
858713872685043712
858682691977441280
858650937467994112
858619483040165888
858588084300107777
858556553393311745
858525114815709186
858493680512114688
858462169003851776
858430779080278017
858399301906649088
858367873579876352
858336389905223680
858305287828197377
858273437651017728
858241974679339008
858210579600769024
858179066486239233
858147602046623744
858116233803292676
858084736056668162
858053323999629317
858021859455062017
857990423914184705
857958938607833089
857927824350511104
857895968121008128
857864508659957760
857833036070744064
857801577108828160
857770113646432256
857738763182755840
857707219391066117
857675783380369410
857644373751853061
857612886218289153
857581448416702464
857550289611755521
857518465955098627
857487012487733248
857455567119544321
857424088851255298
857392689406504961
857361297565941760
857329737114497024
857298309802807300
857266913055039488
857235420186324993
857203927657443329
857172702146301952
857140973792624640
857109522237857792
857078056208523264
857046630478094336
857015149689020416
856983814391967745
856952250266267648
856920825261326337
856889397144424453
856857943932895232
856826440733655040
856795206745829376
856763485300174848
856732022542409728
856700571184660481
856669140387549185
856637657279062017
856606349106569216
856574765867380737
856543327075827714
856511914431721472
856480411748376576
856448950697701376
856417698628206592
856385985785069568
856354565414834176
856323082994274305
856291626968395776
856260162092453889
856228821837676544
856197285813903361
856165813031763968
856134448387063808
856102892146708480
856071427543400449
856040207707242497
856008495996354560
855977059587416064
855945596011728896
855914145484550145
855882683985080323
855851360780267522
855819782368768000
855788348430061569
855756901828759553
855725407039041537
855693946156179456
855662615393173512
855631010922471428
855599567517167616
855568117535211520
855536665779212293
855505217080741889
855473920144789506
855442305305767936
855410851897102336
855379406424072193
855347933243469825
855316469093027840
855285090053611524
855253534899486720
855222097987219456
855190645815857152
855159206630096896
855127736347766784
855096412102635521
855064824107208704
855033392269799424
855001913997307904
854970436035239936
854938964431699970
854907595584417792
854876039935295488
854844594613354496
854813177875505152
854781721610473472
854750240821432320
854718939904999424
854687317642141696
854655908307247105
854624423319621632
854592946515189760
854561467655389184
854528746337992708
854497304480555008
854465865835839489
854434437790126081
854402950604763141
854371621452345344
854340054151557120
854308616052125697
854277137070772225
854245656059359233
854214184401338368
854182814811598849
854151271346872321
854119818034905088
854088392614793217
854056935167078405
854025466071711744
853994100122673152
853962547871010817
853931125508583424
853899643243163648
853868153864151041
853836690099712000
853805302596214785
853773769097261056
853742327621447680
853710870752395264
853679407914995714
853647942309343232
853616511851929600
850376469851385856
850346232455335936
850316006451011585
850285820200325121
850255602215301125
850225401250988032
850195194322571264
850164996042625026
850134804691595264
850104622756790272
850073178374320128
850042972829831168
850012817109463040
849982604879290368
849952383648112640
849922174483935232
849891966934552578
849861762392481792
849831554155204612
849801358253449218
849771160833339392
849740986590916608
849710788566810625
849680596372738048
849650422520393728
849620209069682689
849589976182517760
849559779911626754
849529574182486017
849499368491298818
849469166658650113
849438968399749124
849408777187151872
849378598037463041
849348386587389953
849318194582081537
849288029072228354
849257811884244995
849227577487183873
849197385364500480
848383251286827008
846880861094117376
846865764950970369
846850681285890048
846835582294806528
846820471618326531
846805372845375495
846790272860246017
846775188960264197
846760075121364994
846744989421973504
846729888048525312
846714804379226113
846699676229361665
846684575518654465
846669484626755584
846654367721816064
846639260073635840
846624161132953600
846609061558861825
846593958688051200
846578861122994181
846563761448210434
846548669574860801
846533563390578688
846518474432237568
846503365311971332
846488294254882816
846473166138626048
846458075078905856
842976377615847424
842961277974691841
842946189964333056
842931091531022337
842915988182130688
842900901077700609
842885793320333316
842870702986465287
842855610924388352
842840515649441792
842824198129180672
842809082918723584
842793985714372608
842778890330357761
842763840639188994
842748696936828928
842733577947308032
842718481556688896
842703361073987584
842688264771457024
842673151804952576
842658042713952258
842642940006711296
842627838352248832
842612731563954177
842597633264967680
842582547343130624
842567441167384577
842552342415376384
842537264076984320
842522150275899392
842507057379119109
842491965308633089
842476860827156486
842461774465114112
842446672168923140
842431569713336320
842416479295401985
842401358007435268
842386241224101889
842378731717070850
836901472415723520
836885025249497089
836868663961612289
836852317672652802
836835936466059267
836819573273952256
836801961433366528
836785590431592448
836769298723049472
836752882418466816
836736521843707904
836720245222096896
836703809376301057
836687477821800449
836671347967279104
836654918387785729
836639413140615169
836622491049132033
836605683999125504
836589335025680384
836573029983531008
836556636173045764
836540259072618496
836523977505927170
836507521728802816
836491164438122496
836474810460852224
836458450574008320
836442076799709184
836425837754855424
836409376940388353
836393010699063296
836376668361089024
836360315281498112
836343943763636224
836327745118416896
836311236686000130
836294904288509955
836278585644175365
836262227887927297
836245842197688320
836229826646257664
836213095982903298
836196735521271809
836180401261535232
836164015709638656
836147644825223168
836131358804168706
836114935449014274
836098573842407425
836082214244872197
836065843645657088
836049499827077122
836033274053070849
836016774835503105
836000420636082179
835984075915739136
835967720705437696
835951351318335488
835935144976461824
835918637185777664
835902306776408065
835885958016958464
835869593130381313
835853221449068544
835837032526188544
835820483228520448
835804128538419200
835787776230625280
835771415198646273
835755045505347584
835738760369287169
835722323038769152
835705995066236928
835689618318184448
835673260150960129
835656915376029697
835640687471247362
835624254221746177
835607846783942657
835591505813385218
835575154428235776
835558776816209920
835542511556919296
835526048800460800
835509746341937152
835493385335091200
835477021979525121
835460638663184384
835444437585182720
835427890485420032
835411538714460160
835395190613508098
835378831477338112
835362458701295619
835346163104681985
835329749065031681
835313397910618112
835297050912784384
835280699963899905
835264347119235072
835248201942896640
835231618725998596
835215282671058944
835198936851832832
835182568815357954
835166213886062593
835150012556390400
835133472352141313
835117145151401986
835100794022215680
835084413964791808
835068043374039041
835051833836113921
835035319674208256
835018984231665665
835002607869571074
834986299262124032
834969902280757248
834953601172844544
834937162357424129
834920848373002245
834904478272860161
834888149151199232
834871761636323329
834855807837691906
834839031150157825
834806399678955520
834789991263961092
834773633935536130
834757364725215234
834740909635989504
834724526634201089
834708187177709568
834691822001782784
834675458297982976
834659249804496897
834642716596244480
834626362346524672
834610016292306944
834593690932875264
834577293309784066
834561009100652544
834544577084260353
834528242652553217
834511934552735744
834495549814476801
834479189852114944
834463129178427397
834446477300736000
834430107162968065
834413777630138368
834397414521962497
834381021051224068
834364747445309440
834347040897376260
834330710559309824
834314342774472707
834297954995429382
834281694995869696
834265244365107200
834248913603399681
834232528550641664
834216171364818945
834199838673731589
834183509979910145
834167091532017665
834150775949516800
834134420391071744
834118047908712450
834101696443871232
834085583572058117
834068957518782467
834052612550979585
834036267004391426
834019888842813444
834003512359002112
833987194507366400
833970791041662976
833954430995271680
833938069858422786
833921713503162368
833905349056933888
833889020077817857
833872630784675841
832251994152849408
832250815716933632
832249472155545600
832248239432859649
832246992336216066
832245721130815489
832244461690355713
832243352041091075
832241924132192257
832240661713797120
832239417876152320
832238148805607424
832236887217549314
832235706588200961
832234366550024192
832233136637505536
832231890211971076
832230638543585280
832229358509109248
832228252659879937
832226837245915139
832225576559722497
832224318755053568
832223059922866176
832221778793656321
832220589985239040
832219257492631552
832218022257553410
832216757595230209
832215494329507841
832214233060409350
832213119514587137
832211704629047297
832210446543384576
832209225694769154
832207944817242113
832206674102452224
832205472564404226
832204152562401280
832202914429022208
832201661489766400
832200396298915840
832199132626505728
832198010834661376
832196611040243712
832195359128637440
832194101646913540
832192834191101954
832191566701801473
832190375163023360
832189053424525312
832187799243726848
832186554722504705
832185297177870336
832184028920999937
832182851516895232
832181508647579649
832180251887235073
832179016677392385
832177730095575040
832176463625469953
832175263588966400
832173973681086464
832172698767859712
832171442649305088
832170180109299712
832168918034808832
832167734792294400
832166405361463296
832165162450821120
832163901563351040
832162639430180864
832161380820250624
832160149196398592
832158882751512576
832157607011966978
832156351006699520
832155082191933440
832153821329649664
832152639320240131
832151307003764738
832150044484702208
832148786256498688
832147528791519232
832146265161003008
832145094866325504
832143748054278144
832142509539225601
832141240540004354
832139976427053056
832138719251537920
832137512760000512
832136194179874823
832134939416133632
832133686422298624
832132428307320834
832131162650845184
832129931425546240
832128692763684864
832127391686414336
832126135400017920
832124871161290752
832123613914529792
832122398166093824
832121111102050304
832119835567992832
832118582859403264
832117328217305088
832116066922946561
832114834556743680
832113548394430464
832112299435503621
832111030868250624
832109767724298240
832108511257575425
832107291063287809
832104749004627969
832103482148667392
832102231063277568
832100964253450241
832099722433277953
832098442952503296
832097186787758081
832095930061045760
832094671027499008
832093409594720257
832092177727705090
832090893767364609
832089636977639424
832088377038086145
832087118419750912
832085866130657281
832084633856663552
832083342468198400
832082087381463040
832080833309728768
832079573458288640
832078312415621120
832077084491206657
832075799222243329
832073288142712833
832072021500628994
832070761846341633
832069513818603522
832068241182904321
832066990781165568
832065734750699522
832064473548587009
832063213697122305
832061987760791553
832060695722225668
832059435925245952
832058180771446785
832056933813276676
832055661122957312
832054421437681664
832053143458430977
832051888040337408
832050628927094785
832049381717184514
832048134452809728
832046886127288320
832045592733954048
832044343858970624
832043082262667264
832041820238598145
832040564061249536
832039319791603717
832038051899654144
832036790529826820
831607782772244486
831606498937729025
831602710826905600
831597726584467458
831592684368359424
831591425577984001
831587632811540480
831582630235762688
831577581526843392
831576304608768000
831572515969499136
831567531651506176
831562452194177026
831561214266339332
831557423550824448
831552438637305856
831547371976785921
831546131100336128
831542329295118336
831537327558295553
831532248037986308
831531040262983680
831527229582622720
831522231201230850
831517165157220353
831515910179532800
831512116410646528
831507137897570305
831502099527655428
831500825830817793
831497029838897152
831492039334363136
831486953140920321
831485701111873536
831481941530652673
831476917865811968
831471855915634689
831470596575916033
831466832104214528
831461804878462976
831456787584933889
831455521987239937
831451748506206209
831446702871691264
831441634126618624
831440415576432640
831436654325952512
831431598667071493
831426542186143745
831425288638758912
831421499672244225
831416493149655041
831411436161208322
831410194521407488
831406394993688576
831401411011309568
831396325086355456
831395072189014016
831391291879612416
831386276788056065
831381222580420608
831379996015001600
831376211284729856
831371240774496256
831366125829103621
831364876106887168
831361130454986752
831356072145387520
831351049898307584
831349776130142210
831345994252050432
831340973091336192
831335936600469504
831334677038432256
831330903838380032
831325923114938372
831320864696238082
831319614319632384
831315805132447748
831310815772950534
831305733102792704
831304486073278465
831300704581083136
831295684158619648
831290639874740224
831289406262738944
831285617174671360
831280607565119488
831275589034242049
831274306676064256
831270505554538496
831265534108905480
831260448272035841
831259200609206272
831255417309298689
831250418357387265
831245355895373824
831244109964795905
831240376140910593
831235364425699329
831230280669286400
831229025783791616
831225235965931522
831220256618270722
831215151684714499
831213915480670209
831210126258339840
831205125834280960
831201524852338691
831200055197589504
831198817932419073
831197567383904258
831195018538938371
831190027447201793
831186452079902720
831184975689027584
831183750847401985
831182472582926336
831179922915880960
831174915571253248
831171304837566464
831169861833330688
831168612471808005
831167348321173504
831164820212826112
831159816286507008
831156193255161857
831154749651165184
831153523387723776
831152246314373120
831149715307761666
831144717798739968
831141072067842048
831138415647326213
831138395636240384
831137147017113600
831133420977799168
831128329554100224
831125948573556736
831123307097419776
831123292518023169
831122060948733953
831118316743884801
831113229069873152
831110826178265088
831108202301444096
831108190137962496
831106936967933952
831103200774197252
831098140463923201
831095701178286080
831093140828409856
831093104514043904
831091834638233601
831088089015660544
831083031901437952
831080595484704768
831077992197681152
831077980063547392
831076724574191616
831072988606955520
831067916615442432
831065463790661634
831062891218481152
831062878279049218
831061628137435137
831057869982281728
831054087840026624
831052811731398656
831050356062842881
831049036790644738
831047803656892418
831047773344714754
831046519025434624
831043993823801344
831042760715153408
831038972411387904
831037710823481344
831035233705263105
831033928878321665
831032685300764672
831032674483580933
831031429551251456
831028904135622656
831027655684263937
831023869834174464
831020122454245379
831018825990672385
831017585080692740
831017575425380352
831016314101780480
831013796860805120
831012551928455168
831008766434893824
831007510911934464
831005009118633984
831003729046421504
831002480146251780
831002470369390592
831001214691192832
830998697559224320
830997449711960064
830993667657699328
830989905689985024
830988632047628292
830987383294267392
830986113569390593
830983596890529793
830982351974985728
830978561712541696
830974804245278721
830972289734807554
830971013282275330
830957187056943106
830942114099900417
830926991733911552
830911892629626880
830896818686947328
830881703174500357
830866634302713858
830851500435968000
830836443425730561
830821305494675456
830806203726958593
830791102865227776
830776006847901696
830760892514066432
830745825928179712
830730719873867777
830715593863094272
830700496084164608
830685415942275073
830670297145679872
830655192580358144
830640093450768386
830624992861835264
830609903186239489
830594794997035008
830579721893183488
830564602056437760
830549553329881088
830534410848104448
830519343293284356
830504218415005700
830489117888741380
830474030285205504
830458934251106305
830443846328803329
830428720431263745
830413625672216578
830398519978651648
830383418500345857
830368366758154242
830353252252262400
830338116548513792
830323008719970304
830307901059301376
830292802621861889
830277707984465920
830262606929752064
830247522652323840
830232414588923904
830217330034692096
830200980230774784
830185900281823232
830170791824261121
830155692715675648
830140612380880896
830125501016588292
830110414377717761
830095320726007810
830080204307574784
830065098416861185
830050000876998656
830034903446257665
830019784083374081
830004681187422208
829989577158967296
829974471498948611
829970748827643904
829966926873030656
829963321663221760
829959371564187648
829955651325530112
829951822496411648
829948136470765568
829944279179083776
829940540556898304
829936712486842369
829933021474103297
829929160982175744
829925426118025221
829921617836863489
829917926341894145
829914065497632768
829910328943206401
829906526521409536
829902837303873537
829899019761627136
829895237241798656
829891416021147649
829887726803623936
829883876902309889
829880168898560000
829876325460606976
829872668467933184
829868774417453058
829865075204825089
829861237022392320
829857579874525189
829849981989298180
829846132486467584
829842463028310016
829838582563139586
829834864077705221
829831048183836674
829827382152404995
829823494066208770
829819760514830341
829815960894844928
829812287309496320
829808393493815296
829804660890468355
829800857193553920
829797205456347136
829793296516075523
829789586415112192
829785778297397248
829782133216595969
829778208425967621
829774495930056704
829770661434388480
829767062096601091
829763131123568641
829759410994024449
829755584434020352
829751981057126401
829744305996701697
829740477238886400
829736912969723904
829157826148839425
828443126150873089
828428025201041410
828412995604733957
828397855903772672
828382831118319616
828367702494416896
828352551221334016
828337455858319360
828322352765267968
828307258144649216
828292157010300928
828277054848253954
828268254451867650
828262042159157252
828258180580929537
828253149861441536
828246867444113409
828243073050230785
828238043471605761
828231836669247488
828228058775711744
828222934942638080
828216653368393729
828212920458891269
828207838300401665
828201635390353409
828197827742461952
828192754085818369
828186444623667200
828182659566358530
828177726498603010
828167565717413888
828162595853127680
828152461743575040
828147448992382976
828137356507148288
828132328279048193
828122268840710144
828117227182383104
828107154515189764
828102128904372224
828092063359057921
828087029367971840
828078217592463360
828076984202821632
828071955119165440
828069404453769219
828063144039870464
828061860746371072
828056868996182018
828054307375308801
828048030494556162
828046763105906688
828041739134971904
828039212641480704
828032928118603776
828031665133981697
828026640437538816
828024113167994883
828017857124560897
828016595305897991
828011573914566657
828009012163657728
828002732686581762
828001464257765377
827993914409889793
827987676238315523
827978823643885568
827972546796646400
827963716943634438
827957448485007361
827948641172217859
827942343298969600
827933519569702914
827927256743952385
827920951077720065
827918419706126341
827917236455223300
827913453809590272
827912138542944256
827909761807085568
827905847296679939
827903324326416384
827902126428979200
827898306474950656
827897044501164033
827894660894949377
827890750805438469
827888227419832320
827887023109324801
827883207718739968
827881947246555137
827879580539224068
827875649478152192
827873121860464641
827871935296069632
827868105401626629
827866868602007552
827864437465952256
827860547135737856
827858051386445824
827856841367494657
827853018762706949
827851734596861953
827849331306790913
827845450090868736
827842929851035648
827841720360509440
827837942865469440
827836631885443073
827834213969907712
827830340047798273
827827816599318528
827826608677482497
827822845304659969
827821528976879616
827819105713586178
827815242356891648
827812751133310976
827811502761639936
827807690114080768
827803989534208000
827800178455347200
827796404902969345
827792588992286720
827788945203281920
827785036887945216
827781300329275392
827777487971172353
827773771432001538
827769931466932224
827766181830463491
827762437743067137
827758735225393152
827754832643706880
827751090548535296
827747315582656513
827739736341151745
827735989913280515
827732184169644032
827728576443252736
827724640059539456
827720890368540672
827717093533577216
827713364478550018
827709547502530561
827705844791902209
827701990331392001
827698317681360896
827694436578652162
827690695909588992
827686888207220736
827683185517531136
827679347498745858
827675627142643713
827671792869310464
827668094491492353
827664242866286592
827660489471774721
827656692053770241
827652969789284353
821925196881940481
821910097316155394
821895014993317888
821879915721199618
821864829593993216
821849728791048192
821834658715418625
821819546411683840
821804452629843968
821789348874031104
821774270489620480
821759180671451136
821744080338251776
821728943439024128
821713876689584134
821698745771446272
821683634616864770
821668536816898049
821557769396518912
821556521284894721
821553990689234946
821552904217722882
821550216520302593
821547704190902272
821546440581414912
821543917162262528
821542677774745602
821541424973971456
821538903240900609
821537827531984896
821535130204381186
821532619124994049
821531344232648705
821528821513994240
821527600455684097
821526339496869891
821523811115921408
821522819116843008
821520037966213122
821517527381659648
821516244151136256
821513726553636867
821512497534537728
821511241575309312
821508713240522752
821507674948927488
821504932251660292
821502429111975936
821501144820224000
821498629307400193
821497405828984834
821496155225866240
821493644255522818
821492589186678784
821489855763021824
821487333858021376
821486050056998914
821483532342202369
821482313997549568
821481052673818626
821478512288825345
821477504032632833
821474757816287235
821472246845833217
821470970296889349
821468452200267777
821467217233641473
821465985270083584
821463438459367428
821462460691521536
821459646556803072
821457142137896960
821455851298914304
821453337442795523
821452120054517760
821450892356501506
821448361215725569
821447367505379328
821444579991896064
821442049794854912
821440767470239745
821438236392353798
821437026285322243
821435773950062596
821433230918352897
821432229867978753
821429450332143617
821426952263389184
821425668194004992
821423137518682112
821421931484286982
821420727316389888
821418152047374338
821417163890262018
821414359268294656
821411862084517888
821410564232663041
821408039802642433
821406822246522880
821405596964519936
821403063504269322
821402182557777921
821399276823728128
821396752955801602
821395464050405378
821392941574930432
821390477475901441
821387933823418369
821384157326639104
821381643940327425
821380361645125633
821377836707676161
821376614575599618
821375370104606720
821372822815707136
821371791486623746
821369052119597056
821366533423296512
821365253355302912
821362732842815488
821361505023197185
821360265589563393
821357731995062272
821356661759705088
821353947382378497
821351421954183168
821350150773833729
821347627115696132
821346393315012609
821345143601111040
821342602511454208
821341523195338754
821338825913991168
821336319439831041
821335071437234178
821332523821268992
821331290607808520
821330042600955905
821327511242031105
821326394726772736
821323741745610753
821321224815001600
821319940112318465
821317422129025025
821316191708999680
821314941437222912
821312403115823104
821311263561105408
821308630750400512
821306113484275712
821304857747394560
821302323494481924
821301079447142400
821299827694772224
821297296243589120
821296137860694016
821293523454533632
821291009862758400
821289744097247233
821287219780603904
817742658542202880
817738854174179328
817736397264134144
817732781191163908
817730072182398976
817727556434718720
817723758970634240
817717650432331777
817714947299930112
817712437227122688
817708650433220608
817706156445630465
817702523356192768
817699846874431489
817696131866042368
817693548250300416
817691053746769920
817687410989498368
817684775985147904
817681014281605120
817678444066729984
817676053929926656
817672304125689856
817669650049798144
817665896705560576
817663407600140288
817660853126393857
817657197203165184
817654546000465920
817650764256608256
817648244360704000
817645743527886848
817642071221825537
817639454798188549
817635662321033218
817633139422064640
817630643282735104
817626975523180544
817624349008072704
817620559706071040
817618041571835905
817614276668100608
817611858798641152
817609262776090624
817605455413448704
817602940307443718
817599178222276608
817596750701727744
817594141660037120
817590359496806401
817587839324090368
817584076261642241
817581643028430848
817579049337978881
817575257527713793
817572741092098048
817568993733201921
817566573191987202
817563941320749058
817560164387713025
817557659851309056
817553896541474816
817551489468170240
817548850118479872
817545070220034049
817542550307356672
817538794094284810
817536409846382593
817533754793140224
817529980028678144
817527456999608320
817523702615207937
817521331113697280
817517463336259586
817514869549395970
817512360554405889
817508622292893701
817508606555856901
817506227915812865
817502314483351552
817499771464286208
817497257398468609
817493515844325376
817491142384218112
817487230910550017
817484694128304129
817482164098990080
817478408594669568
817476043116347392
817472126261153794
817469602246643717
817467066856964096
817463349978034176
817463324321468416
817460976777908224
817457030038425600
817454483907182595
817451978762715136
817448214400012288
817445856978812930
817441934088273921
817439392939855873
817436885878501376
817433114976931844
817430785133281280
817426833364881408
817424288164839429
817420543926341632
817418049888407552
817416809422929921
817415708216791040
817411735816638469
817409195666538496
817405428833415170
817402929112084480
817400561284816897
817396617473101825
817394084591632385
817390327329910784
817387820927090688
817385459504517120
817381514375786497
817379006769201152
817375217190322177
817372710217150466
817370347452461058
817367701396094976
817366410682859520
817363878036312065
817360112918654976
817357601579134977
817355201480945664
817351308852293633
817348778076180480
817345010911875072
817309992567107584
817141194912317442
817097168376971265
817055674408517632
817004088894300161
816949924654882816
816783850563076101
816739840767172609
816689493482807296
816645693020446720
816587529386389504
816419042525380612
816393766068228096
816376144316350465
816348445409759232
816327051766595588
813099590606082048
813076933575581697
813054260032180224
813031604767641600
813008965990752256
812986292648738816
812963655071526912
812940988742336512
812918334329155584
812895683464298496
812873033367093248
812850390278569984
812827768975138816
812805137932677120
812782459356151808
812759829504729088
812737193647149056
812714538059567104
812691889619161088
812669221738049536
812646584215289856
812623911418556416
812601264659959808
812578609194029057
812555953392513024
812533303114944512
812510656016580609
812488005646745600
812465423606288390
812442730685202432
812420084283166720
812397448274595843
812374803705380868
812352162101686273
812329522704109569
812306854365765632
812284203144515585
812261541559070720
812238936177315840
812216258540273664
812193571440918528
812170914200743936
812148269040226305
812125678351085568
812102980606525440
812080344354721792
812057703518441472
812035080705216512
811989784654651392
811967129033576448
811944475555676160
811921824099565568
811876500026880005
811831188474232833
811808528918781952
811785881308823552
811763234743132160
811740601926434820
811717962461806592
811695326264442886
811672682764771328
811650037155590144
811627408751202305
811604741205753856
811582082501709828
811536759599276037
811514122449911808
811490176694448129
811467533383532544
811444868744704000
811422229703626753
811399574908702720
811376945787191296
811331650550431744
811309006451048449
811286385596526592
811263713248497664
811241098807013376
811218411967619072
811195766861656065
811173089820217344
811150458077192192
811127832902565888
811105141533372416
811082489276104704
811059844505550848
811037187378741249
811014562833190912
810969267248254980
810946614705684480
810923982664900608
810901321570197504
810856009128353792
810833365423312898
809320907873390592
809299626323038208
809278103402987525
809256716143575040
809235339407740933
809213944690778113
809192551894908929
809171492160360449
809149794228862976
809128457091317760
809107055772581889
809085656420978688
809064221229060096
809043023921369090
809021466197032960
809000059148894208
808978675488190464
808957262807048192
808935853217161216
808914615975477248
808893063544406016
808871686376398848
808850318268239872
808828921349341184
808807536317108225
808786322991226880
808764819990020097
808743386014433282
808722078618816512
808700600712044544
808679190312742912
808658174639271936
808636390942633984
808615014785490944
808593620433506304
808572268314034176
808550800263933952
808529491555450880
808508035157151744
808486659914403841
808465296918855680
808443903317839872
808422493170073601
808401509784371200
808379723088793601
808358420130787329
808336982204182528
808315567002284032
808272896015613952
808251351767588864
808229967410712576
808208567832576000
808165759595806720
808122983206318080
808101607644786689
808080233119281152
808058841304797184
808037433715658752
808016156095381504
807994672828284928
807973296352403457
807951902180855812
807930482235232256
807909074713149440
807887878453923840
807844909432668160
807823522038972418
807800863205027840
807779470258110464
807758090464620544
807736995384532992
807715350863343616
807693951025184773
807651173415129088
807629856246796288
807608503623962631
807586988975132673
807565588117725184
807544200099233792
807501387705810944
807480139617550336
807458594178433024
807437228288999424
807415836008972290
807394453963083777
807373046835249153
807351761073741826
807308919639015429
807287544551473152
807266147506720768
807244718623035393
807201921689907200
807180546606530560
791787891739488257
791756439513624577
791726249928523776
791696064407597056
791664591298301952
791634378027835392
791603037051707392
784177823133081600
784146295078457344
784116123163828230
784085919490052096
784054458502246400
784024232917434368
783992933024432128
781735623589847040
781705357236273152
781673722642046976
781643523934261248
781612135956750336
781581926738104320
781551718211416065
781520339113246720
781490107392163841
781458603735736325
781428403283034113
781398180801810432
781366680974942208
781336490341179392
781305155899813888
781274992185081856
781244811898720256
781213200415092736
781183000461606912
781151599003590656
781121354385031169
781091148685279232
780956489963929600
780926308679290880
780896112731389956
780865930758873091
780835778167447552
780805553375305728
780775358824124417
780745137404149761
780714938096549888
780684722330542080
780654513707487233
780624290324606976
780594100177436674
780563926220173316
780533723133599744
780503534471114752
780473343732580353
780443156785561600
780412958421770240
780382738289418241
780352529079144449
780322318639886336
780292108582326272
780261896981217280
780231704422252544
780201512173768708
780171317077217280
780141131887673344
780110929635713024
780080736988692481
780050537261764608
780020319482413057
779990118488743936
779959918858276864
779929710914658304
779899507878326272
779869313436090372
779839117697937408
779808924417523712
779778725982396417
779748540629286913
779718348586229760
779688149509341184
779657935077175297
779627729557782528
779597539217727488
779567319844618240
779537118347616256
779506932541513728
779476734802526208
779446541396369408
779416368877830144
779386160661626884
779355966047391745
779325759685062656
779295567633604609
779265340173848576
779235134826569728
779204926203461632
779174734500069376
779144519451369473
779114327538331649
777323816343183360
777308729519865857
777292374821183488
777277278573199360
777260919780995072
777245832903024641
777230751561576448
777214370107518978
777199268746653696
777183071040856064
777167997941248000
777151493002653696
777136337157750784
777121238409936897
777104903164559360
777089789694738433
777073480747614208
777058336302825472
777043223986470916
777026848391884800
777011750159937536
776995378847686656
776980285305065473
776965190617268224
776949119105507328
776934046085615616
776917383625793536
776902317065076737
776887198813712384
776870870820196352
776855821137375232
776839448139005952
776824392655527936
776809284617240576
776792885916274688
776777794936242176
776761375783878656
776746264050470912
776731167236259840
776714982448824320
776699888885174272
776683326824443905
776668232346374144
776651887542173696
776636770641383424
776621681393688576
776605338107863040
776590252446248960
776558803957538816
776543719092813824
776527341237497856
776512279051403264
776481264899612672
776449358862684160
776434223259521024
776417917344837633
776402836158574593
776387674479423489
776371322331000832
776356248635711488
776339850618429440
776324743054123008
776309636634992641
776293245286580224
776278149151809537
776246803641593856
776231737571573760
776215251780075521
776200164520394756
776183838615728129
776168753038000129
776152434473304064
776137363726688256
776105862674907136
776090794579128321
776074381718122496
776059296446607361
776044202404749314
776028126640037888
776012988499320832
775996328480477184
775981198845812736
775966109967069185
775949753792155648
775934647217684480
775918291000791042
775903189623341058
775888089906634756
775856641950515200
775840264124588032
775825166781837312
775810075999035392
775778678445895680
775762252901314560
769964078815141888
769947755670302720
769932654531739649
769916297983426560
769901199671918594
769886099959341056
769869710376726530
769854610873909248
769838244431355904
769823136216940545
769808039553695744
769791868704002048
769776773022253056
769760209996804097
769745114851840000
769728758366502916
769713662911209472
769698569351753728
769682227198300187
769667143617089536
769650777816174592
769635691139563520
769620603448025094
769604211478790145
769589105520959489
769572948701286400
769557828373778432
769542739671281664
769526190424072193
769511084038520832
769494756443451392
769479638573780992
769464544603344897
769448195210510337
769433081560363009
769416709732175872
769401605540220928
769386506683318272
769370164248928258
769355061340282880
769338931267633153
769323869350072321
769307336980697088
769292172923441153
769277065103282176
769260724283641856
769245654103232512
769229281847377920
769199145097764864
769182734048759808
769167633421836288
769151242635542528
769121022742294528
769089675453722624
769073201234182144
769058093988708352
769042990606196737
769026641943232512
769011555384094721
768995194054254592
768980104013877248
768965017513451520
768948651754479616
768933629439447042
768917200111562752
768887039785918464
768871019809533952
768855970004996096
768839217065656320
768824091004502016
768807741712457728
768792652607328256
768777527452131328
768746075134038016
768729788349550592
768714603199131648
768699507043397633
768683113929146369
768668012438257664
768651754254761984
768636675677425664
768621572747825152
768605105717383168
768590009754542080
768573688648175616
768558602885922816
768543571091812352
768527160344707072
768495698270490624
768480637502316544
768465483318329344
768449113474076672
768417838214381568
768402734760460288
766556655173578753
766533993802010625
766511314415996928
766488665866571776
766466031405658112
766443399478120449
766420755043217413
766398125108068352
766375482162020352
766352932291960832
766330207448002561
766307604385652736
766284904774639616
766262275535765504
766239571667451904
766216915551391744
766194245086617601
766171599066243072
766148925489381377
766126281738035200
766103641048621056
766081015735541760
766058352300417028
766035750735470596
766013135820062720
765990484036780032
765967803996307456
765945230130569220
765922510219141121
765899896939540480
765877185886429184
765854529820696576
765831855153287168
765809236664344576
765786539242774528
765763896212918273
765741251186614272
765718619661664256
765695980582895621
765673346444955648
765650707777200128
765628092664647680
765605508195741696
765582805032169472
765560113243578369
765537480359682048
765514790835982336
765492124951449600
765446813746917376
765424146931150848
765401492673159174
765378850788343808
765333585658253317
765288335027892224
765265679306063872
765243015241797633
765220419544682496
765197713298362373
765175076350205952
765152386117726208
765129747567443969
765107065920552964
765084426493652992
765061755395506177
765039103436058625
764993813375029248
764971169258868736
764947326679052289
764924634047348736
764901973468512257
764879339385196544
764856689447370754
764834038871973888
764788775188885504
764766062185476096
764743413925228544
764720765795180544
764698127160967168
764675462580744193
764652818129121280
764630173945831424
764607524997853184
764584881477283840
764562254037680128
764539662853636096
764517000404148224
764494332456034304
764471666525216769
764426344411398145
764403685967495169
764381051267547136
764358373622120448
764313060228071424
764290425918218241
761749918751088640
761733589616787456
761718493624594433
761702157670313984
761687069949358080
761671979577569280
761655616163221508
761640574969638912
761624163907928064
761609088451112960
761594032061546496
761578107505614850
761563028127121408
761546130194825216
761530998999973888
761514658222247937
761499549542350848
761484444985331712
761468101724606464
761452993162149888
761436643534467072
761421522959536128
761406424907911173
761390051737690112
761374970027077632
761358768034746368
761343635342385152
761328568152522753
761312052250050560
761296976822558720
761280669771304960
761265586735316993
761250469096415233
761234182773346304
761219029927399424
761202661433675776
761187613420228608
761172425446985728
761156058849112064
761140951620419584
761124828292247552
761109720782426113
761093106410283008
761078000024637444
761062901356507136
761046545974165505
761031450770612224
761015122479321092
760984991480283136
760968583040163840
760953483084304384
760937105002463232
760906924284076032
760875687087640576
760859095918403585
760843991097151489
760828883658833920
760812578092224512
760797443818659869
760781097269616640
760765986400301058
760750883529457664
760734501274284033
760719388995624960
760703031008714755
760672829092274176
760656668598337537
760641619569864704
760625019298914304
760609930177024000
760593612442832897
760578499530858497
760563407888191489
760531976055062530
760515606181478400
760500508939411456
760485394936987648
760469008999190528
760453905507581952
760437715984842752
760422572781670400
760407463527079937
760390976414355456
760375873262358528
760359538298068992
760344442729553920
760329322418806784
760312972103258112
760281516480102405
760266427324588033
760251340127866880
760234982627479552
760203803656355840
760188750802608128
759383115030786048
759368010180227072
759204420437540873
759188081392115712
759172996057690112
759156620291104769
759141530582020097
759126439904079873
759110055287455744
759094958343192576
759078830728441856
759063757087793153
759048655999344641
759032076549124098
759016951179948032
759000637795278850
758985505983766530
758969157173948417
758954042005393409
758938937977036801
758922570510893062
758907457510842368
758891086316081152
758875987534766080
758860893132169216
758844740938772482
758829697635450881
758813089537982464
758797996028932096
758782950825684992
758766562799222786
758751466223874054
758735166596448256
758720037838520320
758704959059791872
758688571771551744
758673469362036737
758657077111840772
758641976862511104
758626875979788288
758610630060498944
758595523569971200
758579036780105728
758563931120099328
758548854346289152
758532490252476416
758517387952029696
758501045253316609
758485948363595776
758469584236183553
758454489435238401
758439398824349696
758423044721373185
758407931377451009
758391939070918657
758376874603085824
758361754581790721
758345027160576001
758329951594618880
758313575446351872
758283394790854656
758267026188201984
758251928388329473
758235544375664640
758220439059652608
758205336167804928
758188961030340609
758173862702047232
758157584012603393
758142482391658496
758127415067545600
758110942186074113
758095848232325120
758079519546806277
755759278338760704
755744172850700289
755729055010390016
755712657169285120
755591867849375744
755575624308236288
755560547618320384
755545445565431808
755528944108052480
755513853199413248
755497549293821953
755482466375303169
755467528621658112
755451026216484864
755435969822789632
755419537097498624
755404454690689024
755388100604465152
755372959439720448
755357866911989761
755341726492098561
755326639702155264
755234487856930817
755219442154504192
755204299723005953
755187959415144449
755172874625908736
755159094487646209
755156563598385152
755141440808873984
755126350718042112
755118829001437184
755109990873108480
755094891311599616
755078504237203458
755068458715516928
755063415618605060
755048312202485761
755032145949814784
755025703549202433
755017013030944768
755000464001863680
754985355217104896
754970252392427520
754964199684661248
754878405720563712
754863311326416896
754846968673865728
754831859578798080
754816760486961152
754800399920599041
754799135274958848
754785297649500165
754768945144598528
754755122215944192
754753854881853440
754737726189109248
754722644721856513
754708558554468352
754707570938507264
754690916678598656
754675809596702720
754665780646666240
754659480646848513
754644371065167872
754629267674234880
754612928930836480
754602844444102656
754597810419404800
754505944315420672
754475760879038464
754459388870553600
754444279750230016
754436756901068800
754428030970433536
754412955228405761
754397857797509121
754386444379127808
754381384630820866
754366282070421504
754349980194902016
754346183779319808
754334865022193664
754319763128586240
754303402826407937
754299871717388288
754288286965915648
754271923689943041
754240447011315712
754069357777608704
754028081334059009
753983823633874945
753941027296251904
753880574977273857
753754745198743554
753738396246351873
753723318470111232
753706985133056004
753691874976727040
753676808890019841
753660428534898689
753645332848840704
753628943991865344
753613853779427328
753598757040685056
753582542868123648
753567436214005760
753550914640805888
753535805524672513
753520705854210048
753428895903408128
753413756361801728
753382320560828416
753367229094395908
753350877159759872
753335765384454144
753319426645164032
753304340002140160
753288291131142144
753273255704879104
753258177941147648
753241382383390720
753226312412717056
753209952802660356
753194829371305984
753179725867155461
753163369394368512
753148262127894528
753056390508404736
753041297963884545
753026200570830848
753009840310607872
752994734013054976
752978485686235136
752963389618618368
752948305525628928
752931829607460865
752916732197670914
752900407207354368
752885328852180992
752870185778970624
752853831260770304
752838709364551685
752822340057239553
751559109749637120
751544016831995905
751527570278125568
751512471911948289
751496148150616065
751481063105523712
751465961883074561
751449619540959233
751434506981220352
751418141545230336
751403043946688512
751387927406579712
751371552667623424
751356452321783808
751340188496977920
751325076474265600
751317461425917952
751309966758281217
751301063786004480
751285953369632768
751278406562516992
751269604807176192
751262055131480064
751254508945149952
751246955100135424
751239411216646145
751231855635075072
751223071747477505
751215508553424897
751207956608344064
751200403971244038
751191591000375300
751184041735520256
749002221912809472
748909651916455936
748861319521116160
748803628379410432
748633554091905024
748593304644816897
748545487393918976
748500152667766784
748443514678161408
748272402598068224
748227121030569984
748186880081027076
748137766131732480
748082377398829056
747971616739627009
747965354895302657
747957830582476800
747952750856646656
747943934559719424
744654802618097668
744604456059310084
744559155160178688
744515334711959553
744288745126502401
744239569843924992
744219424387903488
744201824807325696
744177909888352257
744151461240705024
744120008863850496
744093570735419392
743984090718797825
743982834944196608
743982833937555456
743982833698480128
743977798683996160
743977798583394306
743977798440726528
743977798407233536
739911182262382592
734870372563177472
734821667541790720
734772251384500224
734728183409455104
734504281403969536
734462651074514945
734433717578518537
734413756567060484
734389640107548673
734365749075136512
734340583410532352
734307988438196224
734145547876077568
734093954724057088
734070055189815296
734048655469056000
734029766412632064
734008386610696193
733974393626431488
733945507383529472
733913381938270208
733912429835485184
733419556614615040
733419556425728000
733419556245495808
733419556069384193
733374277790142465
733374277035143168
733373047961493504
733373045964976128
733326890665185281
733326890333835265
733325197646913536
733325197454004224
733325197441433602
733325197294587904
733283680962117633
733283680857260032
733283680400113664
733283679703859200
733281523332452352
733281522602651648
733055903834968065
733055903637835778
733055903524622341
733055903365271553
733053374665494528
733053374439038976
733010649094205441
733010648431480832
733006886207901697
733006885998198784
733006884370845697
733006884253388800
733000953218097152
733000182422507520
732986905147674624
732986904631758848
732984212849053697
732984212408655872
732984212240924672
732984212001857537
732965375999127552
732965373046345729
732961576584646657
732961576467193858
732961576383303680
732961576202948608
732942649003528193
732942648667934720
732941594714898432
732941594618396673
732941594261921792
732941593901211648
732922573902733312
732922573814665217
732922572979994624
732922572845797376
732917497100406787
732917496261578752
732889815700627456
732889815549644800
732887269732929536
