1330530494128279552
1330519204840304640
1329627793580318721
1329446718065274880
1329251246822318080
1329250803496968201
1329212769481224193
1329151200529408001
1329064375072796672
1329031752061509633
1328702422034898948
1328676722334597121
1328519947471949826
1328317533758386176
1327593559244025857
1327592345508974592
1327061379694661634
1326965424437817345
1326340608202584064
1326339922639380481
1326216459123650560
1326002245603823616
1326002131506180096
1325953008476286977
1325867312956772358
1325565596906434566
1325564792069910531
1325461051639468032
1325432833314349057
1325255694212358149
1325099394723667968
1325099156336234496
1324549153406521344
1321083700394762242
1321046709594689538
1320130428456632321
1320051258477187080
1319724122310672384
1319109019466895362
1318986862036422657
1318986120546443264
1318679617356562433
1318665190955798528
1318538312173367296
1317954266204676096
1317221342110941185
1317221190503641088
1317085897851023361
1316908592121978880
1316908283136036865
1316193250068267008
1316193164106117120
1316147886997078016
1315703494230388737
1315352119868878848
1315295617749528576
1315111974922072066
1315021098187137025
1314999324322017280
1314977623630643200
1314918394043473922
1314918343493799937
1314918092066168832
1314716944361287680
1314020569831047168
1313621482518577153
1312099755523076097
1311855134931144704
1311854802700308480
1311840585972625408
1311637609513447427
1311406598687019010
1311346094652239872
1311346031859204097
1311284347350196224
1311027617924030464
1310893711946121216
1310382061556060161
1310382012763705346
1310381728838692865
1310381710337605633
1310232245454635010
1310215758144851968
1310215756265725956
1309089114835349505
1308825619095080961
1308731016752893953
1308730480192352256
1308448923737088002
1308448788437250048
1307673478418567171
1307648882520797184
1307436348232605696
1306020055185068036
1306019795280822273
1305142206454534147
1305141563593498625
1305119514317803522
1304774151387963392
1304774059906027520
1304772434785112066
1304764416127389696
1304764375115407361
1304216920699396099
1303851496518365185
1303512997952978945
1303511504587763712
1302993163389468675
1302566533391097859
1302368547738398721
1302266447486476293
1302260706117644288
1302260554065678338
1302260370489434113
1302260256299536384
1302073178848714754
1302071267164655617
1302071013220462601
1301961403239194624
1301944741387538432
1301937978042912768
1301937947424567297
1301701860689145857
1301701859439247360
1301701857832828928
1301700118899499010
1301699313706434560
1301699260912721926
1301662521108164610
1301662484026347521
1301662460701802496
1301662445338087424
1301662428904783873
1301662411800403972
1301662398491828229
1301662383463690240
1301662362672533505
1301662345689788416
1301662327704612875
1301662313813028866
1301662299963482112
1301628502849056768
1300847885240672258
1300218143575547904
1300154919895404545
1300061471074902017
1299851340634611712
1299702518163877889
1299548781571174403
1299150851391586311
1299064404693090305
1299039788541128709
1299039561495044097
1299035999629082624
1298234888982757377
1298234751917215744
1298037819814879232
1298037395196182528
1297860318970949632
1296673658803564546
1294370739299258368
1294274016186896385
1294050210633711617
1293737865533431808
1293653578427576323
1293653404905086976
1293179839067967488
1292443719170502656
1292198995801055237
1291728856982990849
1291102755097063426
1291101207004577793
1290684933535682560
1290432031894249483
1290101853062156288
1290008234867097605
1289703694456336384
1289593434836099072
1289542215925080065
1289359373601517568
1289306068980576257
1289306012915101696
1289305910607667201
1289044551018176513
1288541389345693699
1288528010954629120
1288296624553447424
1288105609712345088
1287752524850704385
1286365394178052096
1286364661030563840
1286259123282227200
1286116216726269958
1286110158104469504
1286102387237822464
1286101339391524865
1285732070359212034
1285730580274044936
1285712858001690624
1285650477615665153
1285605289828454400
1285373421904375808
1285247561805242368
1285243829944299520
1284977943400374273
1284878842105036802
1284088845861113856
1283610115153760256
1283453465948229633
1283425356649832449
1283220627852349441
1283220479029854208
1283096642359623687
1283096293099929602
1283095989243576321
1283095048440156161
1283002162428215297
1282860416641753089
1282502616115818497
1282304036134363138
1282163296607535104
1282095008431181825
1281385985255903233
1281283916767395841
1281236938293379075
1281236675742629890
1281058066516054020
1281047146679197698
1281019260811259911
1280960052954832903
1280878549164068864
1280829911838732288
1280673332791312384
1280570965337034754
1280480770512076803
1280480755760627713
1280141502748995586
1279885576796344322
1279857607063351298
1279857557834731520
1279798943732375566
1279789846102499333
1279512406356627457
1279249215596756993
1279248878743752704
1279246583377395712
1279246543359483904
1279084078701174785
1278676478998319104
1278338297031516160
1278317735269859328
1278285314977607683
1278165850273583104
1277742251565875202
1277653635502129154
1277653374217879552
1277411397857685510
1277411257973440519
1277411251610673153
1277385320506503170
1277208905949630465
1276963939734216705
1276888572159721472
1276888251119415298
1276501762678165504
1276501636886794242
1276465719035727872
1276322258299092992
1276322128040771585
1276321813153398795
1276318488253120513
1276318362491138048
1276318276080074758
1276221216764788736
1276176431412731904
1275987001527996417
1275986598165962754
1275891653937594368
1275891434688860160
1275790517226348550
1275753258842296322
1275620778994737155
1275603226583347200
1275586865253490689
1275551311317139473
1275550602161008640
1275550414528806912
1275387162951909379
1275214211552026624
1275172511165145089
1275172455208882180
1275172222571773952
1275156897755205634
1275156739659386882
1275156122341703685
1274763275092230144
1274701671407419392
1274685004329758722
1274540461429067776
1274536184572674050
1274518593796005890
1274516720364015616
1274515821289758721
1274514600009109505
1274513701140410369
1274513517715095553
1274512992181325830
1274430247795150849
1274338728509681665
1274336994898989057
1274144405444792320
1274138929948655616
1274124981677494272
1274124422337695745
1274106845544828931
1273801860835676160
1273785782759809025
1273588809666572289
1273436923881754629
1273415707657715712
1273380737211944960
1273347126156722176
1273040439407501312
1273038545985441797
1273035681946877953
1273035379239723011
1272714738145939458
1272695597657665537
1272695444183883776
1272673632603574273
1272628741743788032
1272628376122068992
1272628295893426178
1272537610649587718
1272483715277623296
1272318834817544193
1272313952706445313
1272300666883584001
1272295021463691264
1272294430368808961
1272115284825030657
1272115011134074881
1271930974981566464
1271930743162314752
1271930051735494659
1271831903759413250
1271513555205074948
1271468123301052416
1271099853611958272
1271099635663343617
1271099524803694594
1271099354166841345
1271028953722032128
1270523551112626176
1270522663820197888
1270522379723292674
1270367446860513280
1270367114910732297
1270367036963782656
1270320122872377344
1270320081973673986
1270301858414956544
1270301309590220802
1270172071469944838
1270164399219716098
1270164236631773184
1270163989364908034
1270142971825082370
1270142642068819969
1270126537040420865
1270097699409481732
1270096307353530369
1270091701764476935
1269810959415234561
1269807727775227905
1269807431326011392
1269802863863181315
1269802488795889664
1269775871407202305
1269775671301201922
1269775482440032260
1269775463951618050
1269775270569037824
1269742009503318016
1269718620751396865
1269718373392429056
1269718113995677699
1269682924095524864
1269681857785999361
1269629585290821632
1269628980774219781
1269628443878178817
1269458208181104640
1269439952267415553
1269439387156254722
1269436723613904897
1269242202456240129
1269241916476076032
1269103689001766913
1268655440193302529
1268655318797606914
1268654639609794560
1268629786026442760
1268628990232801280
1268628925397245952
1268610989148254208
1268610651573936131
1268610623228829697
1268599468942938117
1268540460697636864
1268369518050582529
1268367848436613120
1268351852493574145
1268348808729165824
1268346002827874304
1268336820930166785
1268336805776166915
1268332625883774976
1268262714691989504
1268261888019832833
1268261854545154048
1268173488315150336
1268001401067749379
1268001021390925824
1267993147138879489
1267966061586112512
1267965778613153800
1267965745222336520
1267965596584550400
1267961057210925056
1267960815388418050
1267925136876941313
1267924388147613696
1267924177832611840
1267924050719932426
1267924015412281344
1267923838676983810
1267907373110362123
1267894387700314114
1267894153947611137
1267894075287638019
1267871835112251393
1267871677968506880
1267871470358847488
1267864147427016705
1267781205073813504
1267627009871667201
1267625583317524483
1267618942849179648
1267618439008595968
1267618021138477056
1267611502145658881
1267611278044004357
1267611194598309889
1267606262155563010
1267599313213050881
1267599135206707213
1267599111458566144
1267598881099038722
1267534157044948994
1267243963418849280
1266868569599619073
1266738834290757639
1266699432055242752
1266695219011092486
1266695154087403520
1266689742562877440
1266689530599481344
1266689365511745537
1266688289685323776
1266564777544908800
1266563920082452480
1266558843691073536
1266557104141279234
1266557038211010563
1266556987728449536
1266555859754254336
1266555685044617219
1266555639473545216
1266555557370003457
1266553048035360769
1266531909989027840
1266529651503116291
1266528784100057088
1266518830576214017
1266514803247452161
1266514770150260742
1266513922238144512
1266503367460892677
1266502920704425986
1266451575406542848
1266443556891344896
1266396867526569984
1266396728183459847
1266185301061447680
1266114710761623552
1266081181658996741
1266080244928217091
1266065008443691011
1265980507097047040
1265980052811939845
1265978972724244481
1265782015380635649
1265781860950564869
1265638093945782272
1265620052973367302
1265466568340901890
1265453311022583810
1265386591012507649
1265056910304305153
1265045171542032389
1265002587029454855
1264922793885478912
1264881610731794432
1264728870776983553
1264720680379207685
1264698860389236750
1264698380837675008
1264698342073917441
1264529866726219776
1264341572923129857
1264340243668402177
1264339967532285952
1264218127925157890
1264217758574825473
1263959191724724225
1263653661097578497
1263652317838049286
1263527330716233730
1263503640582553609
1263199817846657024
1263075306186907648
1263073590502662144
1262787297050836992
1262563977948811265
1262501610246344717
1262345127961464832
1262344932334813184
1262189698820300800
1262140879147601923
1261609649482186753
1261253492888436736
1261121729528762370
1261079091954044931
1261062693944995843
1260530994257506305
1260325482811273218
1260249529292591105
1260006036251062272
1259968595091742725
1259968383291985922
1259962889194164231
1259583164802105346
1259529507058442245
1259529397901680641
1259494492094201856
1259494095124418562
1259476938252484608
1259303328862867456
1259228655219343365
1259150031120142336
1259149613430341632
1259149525555519492
1258958326664232967
1258958235580739595
1258841143447556096
1258395883114299395
1258379899984896003
1258368432065699841
1258190105950523394
1258189573064196099
1258173997763747842
1258029438698172416
1258008546572210176
1258008314807549953
1257789345223892992
1257311262955847688
1256970262416887809
1256932741062549505
1256698111872901128
1256201215228198916
1255561168686587907
1255534355524530176
1254587207303802880
1254580203315236864
1254579744449990656
1254579540845887488
1254510358699610112
1254510215556456452
1254422516782825473
1254368457510072322
1254031442805493761
1253471728090652676
1253348070710009859
1253330906598670336
1253283728199159808
1252970459240562690
1252969775044722690
1252559284384260096
1252419699473711104
1252371909062258689
1251862376812556289
1251858651322687490
1251718023272108035
1251534227935502336
1251484284856291329
1251474422776594437
1251324804172578816
1251299257455448065
1251298963585630208
1251232297547898887
1251229621774934016
1251229243482218496
1251228828799774720
1250948662479421442
1250903526567534595
1250028467678326785
1250028419393388547
1250028371809054721
1250028155215187975
1250027692910620673
1249485783389650950
1249442824455630850
1249442422905614336
1249439659022745601
1249439532669427714
1249439434581344256
1249123077461553152
1249122846032433153
1249122632491991040
1249122383899885568
1249084638166990856
1249074309466816513
1249074274620538883
1249063971170201601
1249063832275820548
1249001362551197700
1249000837759864832
1249000798501113856
1249000692389462019
1248576849409716224
1248576611831685121
1248395719792185346
1248053014159597570
1247922114184740872
1247852304784666625
1247575452455223303
1247543544434352128
1247533244771225600
1247328081334992896
1247216388437151745
1247133209499971584
1247132817873649665
1246839035173240832
1246780345225265153
1246582378333712389
1246496425942355969
1246417185947467776
1246184439014666242
1246055481967357952
1246055027321511936
1246054774732214276
1245698349162016771
1245449313163018247
1245330500824293378
1245303664413159430
1245051903324696577
1245051792859238400
1245051361877729281
1245022028593332229
1245019816332791809
1244429443864629248
1244429268194656263
1244429182706294785
1244427269076123649
1244364167068422146
1244264878329794560
1244047547565473796
1244035913832898564
1243948654593036291
1243907805700120576
1243881530499481600
1243881431002230786
1243881330993254400
1243867640977858562
1243865967291256833
1243626456120537093
1243576983361069056
1243557132399771648
1243292503106883584
1243292101586141184
1243182207067398145
1242996764107591681
1242959999451779075
1242793024536612867
1242402404236132352
1242402088157614082
1242225024871944192
1242068615144316930
1242068425377222658
1242040320889696256
1241853594028081156
1241733768710324224
1241693534329212928
1241693365596573696
1241370230967930880
1241337410136481796
1241337245380030464
1241037195093446657
1240972660533866496
1240672198660145152
1240672110160338956
1240229928228007943
1239873744581115905
1239623727010271232
1239579861489979393
1239579804955009025
1239579767512248320
1239506979292356608
1239506880587878402
1239501763012694016
1239378079874777089
1239319240341180416
1239318910551371776
1239318679197794305
1239304882873606145
1239004529804414978
1238963202723131392
1238834425988775937
1238559587848130560
1238559479601467395
1238559315306438656
1238524568697999362
1238524281870581771
1238523825182162944
1238523700527476736
1238422204473397249
1238284962173943811
1238284911729147904
1238284706694795264
1238231974873051147
1238193813765656578
1238150628846821377
1237879039345319944
1237454190001238018
1237201316566446082
1237201121967509504
1237177722037768194
1237061251349581824
1236997625041358848
1236980445910310913
1236638343309426689
1236414023593320450
1236413800875728896
1236274771605762049
1236105286500470786
1236019856912367616
1235350527904559104
1234667243755098112
1234495740136873984
1234457642950676482
1233773850346885120
1233352889625710593
1233100158176460802
1232465604218515456
1232103847729995776
1232103773910290432
1232043797493768192
1232043241941413889
1231332512389050380
1231257638400385024
1231050991644151808
1230953523459870725
1230817111716638720
1230551000404107264
1230212242869817347
1229906041904779264
1229905797028745218
1229845822130589697
1229845702391582720
1229845598720921600
1229740294020661249
1229514073005580289
1229500665917059072
1229472629364576256
1229383557661024257
1229214148262801408
1229212819524067329
1229209292865200128
1229208706073726978
1229208466096611331
1229207243326967809
1229207060245630977
1229206586721259520
1229206023950471168
1229205893776101377
1229204247176253440
1229203730337325056
1229202584390578179
1229201856573952005
1229200336650461184
1229198959962476544
1229198582160424960
1229198369895129088
1229196770569265153
1229196579287990272
1229195212054056960
1229194930414850048
1229194582044397568
1229194028006199296
1229193875165786112
1229193722853720064
1229193240039043072
1229192264796266496
1229192027474186241
1229191916425752577
1229191673529368576
1229191132543885312
1229188658261110784
1229188564421955585
1229188129925607425
1229188066474110976
1229187856045879296
1229187784423940096
1229185668091346946
1229185512595914752
1229174873441947649
1229174710673530885
1229173037393760256
1229167624363413504
1229153337976721409
1229025185954705408
1228709463948976134
1228677050120232960
1228068438628851717
1227783163310723072
1227291017134694401
1226995172283703297
1226851718224367618
1226661837644627969
1226156367762903040
1225990068453740545
1225989871648624640
1225194392656523270
1225119286680834048
1225021331600805888
1224724953205026816
1224537190451044353
1224443924183306240
1224443754917982209
1224297064969973760
1224169690190221312
1223737091177140225
1223650027656052736
1223600056172982272
1223266996172791809
1223258392984281088
1223091853089820672
1223091580522897408
1223091147389767691
1223090025690206210
1222860140677865472
1222615559164059649
1222496861954674688
1222495838871662600
1222319267825233920
1222240047233191937
1221981413186162688
1221758155681607681
1221458870616412160
1221130735895138304
1220417533053997063
1220417177712578560
1219945818167435266
1219945492961988608
1219595620534685698
1219439095455330308
1219057244127494145
1219057012505485317
1218939992669609986
1218009210828382208
1218008871190573058
1217247972091670528
1216951820842622977
1216922227960090624
1216508087047278595
1216369341534494722
1216086511361449984
1215613261929943042
1215391541201719296
1215388432136122369
1215327519383093249
1215238067700862976
1214741485150703617
1214737362087006209
1214737180771454977
1214544487952896001
1214531135583268871
1214519338046304256
1214511591892422661
1214510758370926592
1214152186965430274
1213921457710993408
1213632740832301056
1213473395616161794
1213473335209873408
1212944944253419520
1212943827457257478
1212940955051008001
1212930630566268928
1212930172531478529
1212930118340923392
1212921837245620225
1212920926322466816
1212714835592413185
1212579737429794817
1212397113604288516
1212396924319535104
1212373797157982208
1212162964234678272
1211795719834755076
1211421925576183809
1211365530533277696
1211308292560973825
1211308167721836544
1211308147169746951
1211132368301543424
1211091589256372224
1211091563402661889
1211038255266836481
1210917594435399680
1210710202552635404
1210571074854957059
1210535286373007360
1210356176644399104
1209849503920070657
1209845045731438592
1209844867377041408
1209643678152699904
1209124654838931457
1209087031294537728
1209086751798710272
1209086654662750208
1208768890148401152
1208739396184350721
1208613390089887744
1208579143908102145
1208578065116348416
1208181156795080706
1208100824364277760
1208000189052702720
1208000055430516736
1207999740236980230
1207820464795668482
1207774372691398656
1207497758845939713
1207267017042071552
1207118922270597120
1207094968239738880
1207094534435463168
1206922861178425346
1206656100231262213
1206349564741070849
1206316237308997632
1206253753407623170
1206241533252579334
1206241241412907013
1206219579669786624
1206054219222069248
1206053990280171520
1205589282506891265
1205570115451969537
1205558258968276992
1205554995636121601
1205544798784049153
1205500835461025795
1205500660273369088
1205470882593947648
1205470259987329024
1205464006321946624
1205206370477334533
1205187799940567041
1205187352831893506
1205187301464268801
1204951284236742656
1204950886264389632
1204566346392129537
1204380628533358593
1204380201498611712
1204379667828027392
1204379310326452231
1204363117154783232
1204224481255985153
1204224363848962049
1204224180637650944
1204218840269381632
1204217430190567425
1204217369788370945
1204189820408541187
1204189614979919872
1204125046240874498
1204001877899272192
1203797752087502849
1203797504430620673
1203725474008117248
1203723009548279808
1203697018830512129
1203684098977472512
1203501228619128833
1203470100533256194
1203021024121544704
1203014510195478533
1203013785520345089
1202751072617586688
1202367385287757826
1202269948317511685
1202187192027766784
1202064729780436992
1202048891169972224
1202035585063497729
1201827348045275137
1201676537084420097
1201671170979958785
1201670867371118592
1201670746881363968
1201620668388978688
1201561540354293764
1201561298447872001
1201560773325144067
1201539084705042433
1201539039079358464
1201474056031277057
1201473715348889601
1201317174788407298
1201289179352752128
1201288894081306624
1201284012410626048
1201159709958582272
1201130764437458944
1201130440968593408
1201130405539336193
1200958665844576257
1200936393624760321
1200903222103281664
1200881449030836224
1200881427287597056
1200866119952850948
1200858476509040640
1200858399874965505
1200858351522988033
1200858280702234625
1200804729900740609
1200804605132771328
1200788493645099010
1200787883797422081
1200769382386937856
1200247528006008832
1200224824372744193
1200166665931108354
1200152219649236992
1200097322635542530
1199809511369953281
1199808489465487361
1199788832851472384
1199754177045573632
1199752878484840453
1199736969602981889
1199681491204222976
1199673300307316736
1199654588959395846
1199525288432033792
1199524395414372352
1199511025990733824
1199503864547950592
1199503803889967105
1199503562738487298
1199353692308361216
1199310974735593473
1199310675341959170
1199310458584481799
1199296827939590145
1199161028786999296
1199160811018690562
1199156443921993728
1199131766616940544
1199127004840386560
1199056255295340545
1199055841514659841
1198928327437881344
1198798182228135936
1198772488680955904
1198697080149172226
1198696592003469312
1198623360999182336
1198316848405778433
1198291883283353600
1198291688403456000
1198274021663690755
1198252943323123713
1198219181621219330
1198033813856817154
1198018352809205760
1197997593671938049
1197992602114633729
1197991649089118209
1197920366464778245
1197696025080860676
1197627810346606599
1197499679602348038
1197491951429226504
1197490501089464321
1197488112533954561
1197274266435239937
1197269660766326784
1197266495321133058
1197264587860664320
1197263244471230464
1197262327382458373
1197259408964771841
1197257468453228544
1197255960420667393
1197252140965777410
1197237964654481408
1197217153688231937
1197132323940163584
1197132033799139329
1196979534387564544
1196958498040537089
1196930157610713095
1196907300348452864
1196906921892220928
1196873825801125893
1196824800574025734
1196798046803316736
1196767095201107968
1196752881019437056
1196618086264258562
1196594436744110082
1196594343458562051
1196569085385031680
1196547734699937792
1196537970414833665
1196533909640667136
1196527571564933120
1196521766862151680
1196504440976658434
1196501480120967168
1196476241441886210
1196198189822611456
1196142993868238852
1196142889564327941
1196142782370471936
1196139842398302209
1196135476526227456
1196134965341237248
1196123707732832259
1196087080927006722
1196048276916707329
1195913902992896000
1195910151783489537
1195908531360280577
1195906911989895169
1195902041048145920
1195867070568845315
1195854914456629249
1195833170970791936
1195826823151673344
1195826546742906880
1195823005227790336
1195822115498405890
1195704332634742784
1195703914873708546
1195703796204294145
1195547653997826054
1195523080468226048
1195459562888998920
1195152200034668545
1195151942940536832
1195092764402364424
1195092471027576846
1195025691944931328
1195014163694796801
1194976338496626688
1194973329221918721
1194963241912479744
1194963165307637760
1194944100342079488
1194808405111824384
1194807287812153345
1194787538998898688
1194777255395971072
1194766531785347073
1194763769416695809
1194756919191392257
1194756772889804801
1194720361868353538
1194674701496463360
1194578013536604162
1194577966552043523
1194450027516768261
1194447428356886529
1194447253156614145
1194340778870489091
1194238246261338112
1194218740449251330
1194218593627623424
1194218303163686912
1194092481161388032
1194091652345974784
1194075685918330882
1194075618662592512
1194065065168789504
1194064489605406720
1194063562299334663
1193988337717133312
1193717078118846465
1193558597717901312
1193548418792202240
1193540279711805447
1193539147832741889
1193506262601867264
1193505682395451393
1193354234185564160
1193210789785743360
1193142661089308672
1192998513149464576
1192996670704885760
1192996322040860673
1192855175167393792
1192621194756804608
1192620999549673472
1192566261596639232
1192493373610840064
1192399502436515840
1192272446969274374
1192264608884637696
1192264012291092480
1192263629707644929
1192095846222958603
1192044471342501889
1191908610801979392
1191785963439165441
1191769223871258632
1191747790776483841
1191519472408023041
1191422104761176066
1191334929323433985
1191334908364546048
1191334805662765058
1191119788019503106
1191119636705824768
1190964093693366272
1190759264861732866
1190709749542723587
1189714329299554304
1189714052685213696
1189688855580041218
1189682979553128448
1189635590586884097
1189635275942780929
1189511722975019008
1189511666259636225
1189511296884101120
1189501834488156162
1189350550296580097
1189194834361360385
1189194740048302081
1188186762813886464
1187866654719594497
1187862346229784576
1187841695930617857
1187841569098993665
1187756934247649282
1187756232968421378
1187691387275350018
1187680089233858560
1187529050639798275
1187323543777959939
1187042142859878400
1187014038951256064
1186972458483621888
1186972030433935365
1186607349114515456
1186607100723683328
1186461746413875201
1186443715105230849
1186421593100210177
1186070082339921920
1185933539734413312
1185204289217744902
1185204108086652928
1185159640251817984
1184922098722131968
1184179454962221058
1184109780647993346
1184109694501228544
1184109525357465603
1184075537385426944
1183906108152467456
1183905577052848129
1183905508903796736
1183705260373745664
1183704805115650049
1183704574818951169
1183692621950177281
1183465282200842241
1183400302722068482
1183396740315136003
1183396361410170880
1183396298990465024
1183396097210900480
1183362094739218432
1183359235121385473
1183359148248981504
1183358769104871424
1183213947811500033
1183212920265756678
1183212642552279040
1183212543424241665
1183212467708682240
1183163528397631489
1183128325729988608
1183127891103698945
1183127772060966912
1183127426311823360
1183107802371444736
1183107658791956481
1183107605004197888
1183107520702963712
1183107490709495808
1183105411391598592
1183103915400876039
1183103669010665475
1183103622789369858
1183103185264828416
1183096878868631552
1183087218421911553
1183065143741169664
1183064642270257152
1183064417581359105
1183064396593090562
1183061519749263370
1183061148796686341
1183061017238102018
1183060950041157633
1183019642362761218
1183019502105219073
1183011109244145664
1182814021877141505
1182487993506029568
1182487065356886017
1182304970093289472
1182257465339060225
1182255424533348353
1182255385346002945
1182255332602646530
1182255187932647425
1182254767160139776
1182241598224162816
1182124513498140672
1182124195024687106
1182123790857359366
1181885790936293376
1181734992126365698
1181730039710257152
1181638591136632832
1181532887608369152
1181532763134058497
1181519742370222080
1181519531258372096
1181395125517336576
1181363111229566977
1181362786087194625
1181344710180425733
1181266383499415557
1181266301936902144
1181210435615375360
1181166703918665729
1181166516945014784
1180849972662669318
1180849766206455815
1180592582985830402
1180592451624456195
1180130132784226309
1180129931948363776
1180084486786207744
1180067383135887360
1179942073664987138
1179900888602828800
1179812164628074499
1179181075794407424
1179180916922601472
1179179557108289536
1179179357400702976
1179135481226940417
1179097579105206278
1179031690972401664
1179031508843188224
1179031347538599936
1179031325925347329
1178980403744530432
1178871589703737345
1178871468882616327
1178871383343935490
1178871264011788290
1178870513126514688
1178870331525783552
1178869778896900096
1178869512898252800
1178869187562889216
1178868929655119878
1178637666956595206
1178617726299971584
1178307923690307584
1178307349867573248
1178304694273355777
1178299472834682881
1178299097767395334
1178134344529039360
1178134110117810176
1178133944363110403
1178133526698442757
1178101250493210624
1178101088656019457
1178064396410609664
1177941724829757441
1177941508097544192
1177703568742199297
1177703498852503561
1177703251099160576
1177702983989174273
1177429495294377984
1177282042368802816
1177211373908090881
1177178391176499200
1176985267862986753
1176938791266897921
1176938662161997826
1176308776397393921
1176297811454963713
1176297777564987394
1176297569787494400
1176156647191916544
1176100191423926274
1176100097521795075
1175928388365647873
1175928226499223558
1175798512585445376
1175798287498190854
1175757586521579523
1175543865295679488
1175400427367600129
1175239763252719617
1175092257608912897
1175092196065890304
1175092160854732801
1174884847283838976
1174872359058255872
1174847580888600576
1174730936157646848
1174483309436571648
1174483227211440128
1174285368390311936
1174285170603692032
1174154987590606848
1174154071198093312
1174153588794449930
1174138005042470913
1174137602909364224
1174123717758201856
1174123549415616514
1174123315230851072
1173991008843026443
1173990547012423681
1173924709639045120
1173911486672121857
1173910688399613954
1173910609571799045
1173765644224999424
1173765489950167047
1173762428418633728
1173762086998040576
1173754093225021440
1173752652875751424
1173735576060776449
1173667986533736448
1173667153167421441
1173621869750169600
1173621846220124160
1173621637327020034
1173587072751472640
1173412219557728256
1173399940825042944
1173381445588529152
1173381230873796609
1173370109777338368
1173258795583229952
1173257288615964672
1173240504177348608
1173233786571644929
1173227450748325889
1173224653445324800
1173224559048372226
1173199486031683584
1173199178643714048
1173058624945643525
1173056523200847872
1173056378774196230
1173038709677199363
1173014256767442944
1173013320460382208
1172954062935023616
1172953937189777408
1172872763687784449
1172871253109223424
1172870976285155334
1172870676690210817
1172868399162175488
1172868000678076417
1172867202686562305
1172867089381675011
1172866950311096320
1172866841846439937
1172866624828977152
1172855486942785536
1172855443263303680
1172848859288129536
1172848744360026112
1172684181303955456
1172662616214396934
1172599481210232836
1172475645252820992
1172475412854820864
1172314346933735426
1172312750183239680
1172304688282140672
1172304588776431621
1172218675484594179
1172094930430431233
1171950597928640512
1171905241715019777
1171736296286556161
1171736104799805440
1171735938738921472
1171735815451529217
1171570106696130560
1171243097977708545
1171242589829423105
1171242355694931969
1171154078472298496
1171153697973424135
1171095502433206272
1171071243040301058
1171071206486945793
1170524541044645889
1170439758381834241
1170337740652761088
1170337281787539456
1170337266767663105
1170303983405207553
1170117987036061696
1170117881771827200
1170109506061307904
1169921218599968768
1169775120547815425
1169774968986636288
1169774933381210112
1169773037383761920
1169770786510561280
1169770385455366144
1169770306673750017
1169770216907255809
1169770184481083393
1169737471506178048
1169718829993402369
1169634886682103808
1169634693861531648
1169634484066627584
1169263197192409089
1169075375026114561
1168716228925566977
1168681971918213121
1168681834663809024
1168644202235858945
1168610425128325120
1168587745666764802
1168561682030956544
1168524435059597313
1168492984180072448
1168363092792754176
1168335838754873345
1168335389305835521
1168320279124295682
1168309622626816001
1168309422889885697
1168308949784899591
1168140038191890434
1168004193262563329
1168003437046489088
1168003271757197312
1168003234427895809
1168002990503952389
1167971948816740358
1167922172238516224
1167919244954107905
1167868856892719105
1167842073812357122
1167839636888203265
1167839525223247874
1167817696731422725
1167802298170564608
1167802256516927488
1167801974999474178
1167790714299793409
1167790529477828608
1167616878858113024
1167614261595648001
1167614166456262657
1167569539145621505
1167569046470090752
1167568332679262208
1167239132088848385
1167225514655932416
1167225391314087937
1167050957236199424
1167031019482112000
1167030663264051205
1167030509836427267
1166840492098838528
1166825996043116544
1166824889052991490
1166824282250498051
1166824155079200769
1166823941240958977
1166823751020941313
1166823614223736837
1166773933284175873
1166743743132819458
1166727530914689024
1166675074952368128
1166669558494744577
1166530455757316097
1166524004003438592
1166516072524197888
1166515026229899264
1166498173134811137
1166497983279632386
1166497786134695936
1166497709941022720
1166497661542907906
1166497503245680645
1166481819975503872
1166481714874650624
1166478167449714688
1166436430115233793
1166436268177350656
1166067067524538368
1166011105073860609
1165994543424122880
1165815871996080128
1165747192293990400
1165745118676172800
1165669559526838272
1165669463921975298
1165396653030944776
1165107278648872961
1164870606480953346
1164848598691000320
1164848109010206726
1164704500336267264
1164695111650988032
1164694861590814720
1164694788366577670
1164659539351932929
1164635642699177984
1164626390987223040
1164521115957567489
1164501921476087812
1164322088989155329
1164322012174716928
1164321840271187968
1164192230908805120
1164140695147487233
1164139898313379847
1164007300450979841
1164007140056547328
1163977442463309824
1163977312041406471
1163905460505853952
1163902323241959429
1163901670222368769
1163840567832469504
1163762722519076866
1163762482726526976
1163611858261204992
1163582416361050112
1163538995592273920
1163538535095386112
1163538479957053442
1163486372050722819
1163486072158019584
1163485923989950465
1163448425624588288
1163418409796812801
1163418160982372354
1163417917498810368
1163417874947616768
1163417601483124736
1163415586472366080
1163278763125280768
1163277551592235009
1163277225128599552
1163277142433685504
1163276788224671745
1163276600714117121
1163258584093868032
1163256871555391488
1163256528213872640
1163256131365588994
1163238275798249472
1163235682078339074
1163234723596050432
1163230077590671360
1163213211597975552
1163212169699364870
1163211766752587776
1163210699545501704
1163210584969687040
1163210486327971840
1163176646603657217
1163100301366353920
1163100095396626432
1163099994238402561
1163061612141563905
1162872000144191493
1162871269680975872
1162871239658151936
1162870913379033089
1162769798272565250
1162737784416821249
1162737150686662656
1162736785597829127
1162393649877065732
1162326207402323969
1162322928823930881
1162133721056722945
1161967840947245062
1161964332399366144
1161964088412516353
1161964051657875459
1161600661995347968
1161600217650798592
1161599863026573312
1161444518060859398
1161444252561358855
1161443682052124672
1161377684284465153
1161377548581908481
1161377349021196296
1161337033090109441
1161292218780520448
1161290970954162179
1160938983054032897
1160894658282741760
1160878265214668805
1160733317500719107
1160689827454607360
1160563852012118016
1160271623561367552
1160230595517194243
1160230487841038337
1160230292474515456
1159913013547339777
1159912982450597889
1159912679307403264
1159912398012260354
1159912168172806144
1159640565635584000
1159639990596460545
1159500750323703810
1159429006053249024
1159428836804759552
1159415320454582272
1159414871991234561
1159303039565684738
1159166756885340161
1159084663517962240
1158928258701963265
1158928210798743552
1158927219646980096
1158808046879019008
1158808011890208770
1158807866486218752
1158807773171408896
1158807281875738624
1158742980775337984
1158741102754770944
1158698681023045632
1158571966971990017
1158567031748341760
1158561533997309957
1158547365185409024
1158530904878387207
1158530481174077441
1158530449410596864
1158530315394174977
1158530229343793153
1158433747060088832
1158416568830898177
1158416235685658624
1158337592393457664
1158174790663987210
1158174598405525505
1158174245127671808
1158141644945985539
1158141001283883010
1158140235546599424
1158140177048592386
1158140041962672129
1158027610355576834
1158017980736909313
1158017725475819521
1157990565633544192
1157990250767106048
1157990089127026688
1157978278629695488
1157978187902717952
1157816874480087047
1157816693831471109
1157816639108341761
1157800754075320320
1157800481412014080
1157681678669758464
1157681425367388160
1157621660918472705
1157372443683688449
1157019822728929286
1157015849590562821
1157015545914503168
1157015409494757377
1157015193920188421
1157015104396955658
1156686390094127104
1156649928799805441
1156524354160775168
1156371644212011008
1156353527838629890
1156353351975690241
1156353209549692934
1156257195757113344
1156256109423972353
1156255879555092482
1156255421503614982
1156163712459448320
1155922743424102400
1155894146542055424
1155808931006025729
1155808730522497024
1155795810111623168
1155791854325178368
1155791013702787074
1155617596202467331
1155599518529982469
1155599268058734592
1155599170616680448
1155599057823436802
1155599039389491205
1155566453774520321
1155554510133170183
1155510503202066432
1155474821955883008
1155474658755563521
1155445460850696192
1155445341388509185
1155445167949848577
1155289399065812992
1155269644854448129
1155269564126679046
1155263529039081472
1155263424454172672
1155121697978224641
1155095497608171520
1154928452107210754
1154928211018551298
1154779237938860032
1154758209011441666
1154758068233822208
1154720707873583104
1154720575153213441
1154720541825282048
1154720266955739136
1154720037334335489
1154719733196972032
1154700117443796992
1154542287151652869
1154541976357748736
1154165620369514496
1154165469269626881
1154133058838257666
1154115441054425088
1154058062891749376
1154057711929167873
1153984657861632001
1153856317435580416
1153851876582014976
1153851581869285376
1153814290089910273
1153810058309853186
1153808132415426560
1153807793603764224
1153807351553544197
1153807164697239552
1153806992588173312
1153806483701653504
1153696720192266242
1153696643885260800
1153696445335318529
1153696232042352640
1153695904538517504
1153695818676936707
1153695680625594369
1153617393404567552
1153326987571802117
1153039983151931392
1152942728889585665
1152932931595309062
1152932828570669057
1152931459105206273
1152928125891883008
1152903732889341953
1152724759890857984
1152717488104333317
1152698607059030025
1152689333465493505
1152688820271374338
1152587016523145217
1152586880711647233
1152556528722960387
1152556368458637312
1152345575251206146
1152297966348185601
1152192523835777024
1152187917521096706
1152164940729520128
1152042466633224193
1152041848082485259
1151984963442659330
1151961164416475157
1151961040718061578
1151960867791101960
1151960783141638144
1151901697729601536
1151844840470188032
1151827780448989186
1151824941534384128
1151823533678497792
1151822699330772993
1151822311693148160
1151821835954245632
1151821399843098629
1151819991542575104
1151819805852389377
1151807788487794689
1151807461675950081
1151677773947330560
1151657747735359488
1151657277142814720
1151656915912536065
1151656890872541185
1151646199180660738
1151619394679857152
1151463594812465154
1151460297271644160
1151460060503187456
1151460010158940160
1151459569186553856
1151459548022091776
1151442949282115584
1151438891683057665
1151438715937595397
1151307640980553728
1151304019538849793
1151302480648724482
1151302218731216896
1151285787725615104
1151196087308488704
1151171799507488770
1151085941450321920
1151085645600890880
1151085450112765952
1150967270375612416
1150725335757053952
1150585233001144320
1150584761515151360
1150584673866801154
1150512089468997632
1150511598206935041
1150436698054103041
1150407735919489024
1150407645859389441
1150398783378853888
1150398261464883201
1150395208087080960
1150395038763016193
1150172751166103552
1150172601597251584
1150172146221703169
1150070221299953664
1150069897268998144
1150052136513921024
1149045006839296000
1149001123514200065
1149000130575704064
1148919972980252672
1148815334591422464
1148814753546027008
1148814576881950721
1148814222190698497
1148798937605857280
1148791044303142912
1148725438396735491
1148633795018547201
1148563091120111617
1148562892104642560
1148562276061974529
1148393490717560832
1148380396763209728
1148301677944082437
1148301478987292678
1148301009548169218
1148300662817509376
1148053589581008896
1148053009387216896
1148052658428751872
1148051848311521282
1148051508291936256
1148034934382190593
1148034865515913217
1148034474774544394
1148034088072335361
1148033907826335750
1147921696768368641
1147918669969842176
1147918525702561792
1147918470606184448
1147912112880136194
1147903834079092736
1147903807139057664
1147898701647626241
1147854775851073536
1147708210066968576
1147678465270984704
1147674690992902146
1147666990489833472
1147666793399496704
1147653413968252929
1147653173496205312
1147639756806922245
1147192938562281472
1147192383915905024
1147111410704498688
1146978753354113024
1146978293498941440
1146923525837660160
1146921742071488514
1146921476181897216
1146876739903250432
1146875590458388480
1146875270152032261
1146869925098770433
1146869784564445185
1146860630055510023
1146860430612160520
1146823112656400384
1146822870728880129
1146753900575363072
1146743254391672833
1146743046614212608
1146730742136762369
1146638509899419648
1146630447549550592
1146623819437748224
1146622410491232256
1146602869023498240
1146499690021756929
1146499509637263361
1146499337918267394
1146499023970476033
1146020323739021312
1145881230619095040
1145880732247711745
1145878269377568768
1145854397542481920
1145854309009154048
1145853781147607045
1145779560593727488
1145499310785777665
1145416561701851138
1145416364410249216
1145343364889550850
1145322841459630080
1145167358014754817
1145167298560442369
1145125068164476931
1145124433641836544
1145124394525700096
1145105958747680768
1145102569796231168
1145025054457159680
1144975653193879552
1144970169032290312
1144969958251802625
1144946164082597888
1144765546216534016
1144583958556004352
1144583605412343808
1144583373127598080
1144350201534197781
1144309242993750017
1144309031395348486
1144077684454154240
1144077516648460288
1144071996894076928
1144011134955077632
1143922796797538304
1143922396161892354
1143922143169851398
1143848482933039109
1143606738958131208
1143529472655859712
1143495549435437057
1143487984056053762
1143487656799723521
1143486756412633088
1143247526155472897
1143247167991271425
1143123123006521344
1142914983824695301
1142807783043153920
1142807640025833474
1142784426218336257
1142776273216909312
1142568660764123138
1142563181547655168
1142557723994873857
1142469650858618880
1142272091489742848
1142238918848450560
1142229991293423617
1142161305522057216
1142077828646744064
1141848041714003969
1141847770824945666
1141367566142775296
1141367496584368128
1141305425914159104
1141015285929009152
1141015072883597312
1140818839673946112
1140772860996329472
1140771413059624961
1140279981056110592
1140221700174426112
1139890823699533825
1139890725796143105
1139859177050976258
1139805700975157248
1139704460253356032
1139704067553468416
1139364888667742208
1139364800260124672
1139364601022308353
1139296815696818176
1139296810453876736
1139296737414328320
1139229775640371201
1139229604747628546
1139127397964505088
1139124900466216960
1138974649382055937
1138774232870064128
1138630346046660610
1138630120774782982
1138629862573387776
1138629667315994630
1138619895208468482
1138577227111645184
1138574824132005893
1138574743483949062
1138411008677089281
1138410909196521473
1138410440109830144
1138063208529481730
1138061717999620096
1138061580229386240
1138061410385240064
1138061155530936321
1137883765928321024
1137717743296352256
1137717586874064903
1137531449849131008
1137382900066922496
1137347133818966016
1137346917711712256
1137198954393808897
1137029471511425024
1137029414343122952
1136826717471956992
1136444745968959488
1136432031066480640
1136238495331213313
1136227671204126721
1136227407327911937
1135861503087775755
1135734361091915778
1135685090623840256
1135558259308466178
1134886566957109251
1134886235091210240
1134613020867514369
1134594995095318532
1134594868712542209
1134594371137998848
1134530867643244544
1134530669412016131
1134406621327552512
1134278218310176768
1134277656969646082
1134257891718893568
1134136184668590082
1134055320005820416
1133787109666500609
1133760013057581058
1133732691294269441
1133697025592254464
1133688950474854400
1133682715226791937
1133563800446263298
1133553228086489088
1133470947980337152
1133121579221692417
1132980119683903488
1132978995748843520
1132832945943830529
1132832800665755648
1132789631123120128
1132667099644649472
1132640456985260032
1132640294963425280
1132640033419210752
1132632923721613313
1132627839159869442
1132601539997179905
1132601340323160064
1132130136973877248
1131893461072924672
1131882625944162306
1131736366163877888
1131735533254828032
1131532026048405505
1131521563172507649
1131381969424736257
1131251497294073856
1131218723690471425
1131160386735153152
1131159846429044736
1130999024616714242
1130889581262512129
1130888732159238145
1130888396602257409
1130887884234469377
1130887857558740998
1130811860993957888
1130803645342257152
1130647941050511366
1130141096124796930
1130129024611758081
1130128932760621056
1130128826040631296
1130111455146250240
1129355289793310720
1129345235774054401
1129345005540323333
1129159832047685634
1129103361566019584
1129053593036886016
1128971586768449537
1128970967701700608
1128970840266219520
1128672039504629760
1128671834046648326
1128621811309084674
1128615160111927296
1128436040711266305
1128435433245937667
1127900948272156673
1127894107429453825
1127776242055503872
1127723306835161093
1127377433437536256
1127022540831055873
1126859815240765440
1126817657280442368
1126803675979112448
1126803504075608064
1126803350090076160
1126803214001737728
1126650691789914112
1126650431000719365
1126647644699467786
1126266121261408262
1126265900238348289
1126198444475940864
1126194587477913601
1126076956737507328
1126076327214317569
1125801723266781188
1125719188436389888
1125366006426349569
1125354797916356608
1125354093046829056
1125347484954451968
1125346789039669248
1125171586854682626
1125171455346475008
1125165129329455107
1125164910810402817
1125048737670283264
1125031227411636224
1125030871218761735
1124796187763253248
1124795845445083136
1124789776807337986
1124670850387591168
1124670321674653696
1124627977680113664
1124626933483024384
1124497554476097537
1124496681855344640
1124496453592862721
1124496339327434752
1124481422453035008
1124475972626079744
1124475662532775936
1124472361053556736
1124472144186966017
1124472015610634240
1124471606200414210
1124453121768546304
1124452485547155456
1124449747325083653
1124449621659521024
1124408355525623809
1124407936757968896
1124292356835086338
1124292218288791552
1124292003066466304
1124120121604214784
1124093619227561985
1124074977588805632
1124074946500673537
1124073658752933890
1124073531346694149
1123991046264971268
1123907529099108352
1123893674465689602
1123741671496331272
1123708746180460546
1123699500403568640
1123590268689760256
1123578253489446912
1123564489113206794
1123550663668056065
1123550518993985536
1123550296247099393
1123547871884787712
1123546261347545088
1123533423585505280
1123387457590964224
1123387254846652416
1123275974324510720
1122906576686284802
1122866818115411975
1122821559796809731
1122645021310820353
1122536597575086080
1122534980394070016
1122478096739905538
1122458806640889857
1122152317917257734
1122129728192880642
1122126100556070912
1122125382700941312
1122104566777032704
1121928233958682624
1121859485549629440
1121790105776209920
1121790038956748800
1121789936368111616
1121784636148015105
1121765822668652545
1121765710349447168
1121742406632857600
1121742165623881729
1121454275589279744
1121453819622244353
1121421722144706560
1121218882059026432
1121218444958081025
1121153098137735168
1121128407897706497
1121128066921713665
1121067204051636230
1121002655113990145
1120999471729598464
1120857209670389760
1120832516330590208
1120813558797934592
1120647503697805313
1120647218388787200
1120633844527505408
1120633680765100033
1120633604772638720
1120633400711213056
1120466288227356672
1120453089625034753
1120425003684651013
1120299956840148992
1120117471032299525
1120076177685778432
1119970916421836800
1119951866123755520
1119950052137603073
1119949819701862400
1119758280597889025
1119591785142149120
1119591502039126016
1119588222378627072
1119576925838688256
1119576565027876865
1119373500928679936
1119352603530240000
1119208644929904641
1119208450796523520
1118677283714289665
1118607765738524674
1118516021575462918
1118483888588902401
1118291154989133824
1118290938974154752
1118284992369635328
1118158126589595655
1118158000643031040
1117978078762938368
1117977589627400193
1117977387499708416
1117832890400870401
1117774328119091201
1117740840959512576
1117588938435256320
1117588612307128321
1117560946103398400
1117549178450739202
1117505757329657857
1117431744184107008
1117389144278347777
1117252795193860096
1117252543317516288
1117242600791203841
1117241933162778626
1117241689838706688
1117066918043766789
1117066595724136449
1117030980047515648
1117024771626209282
1117024698695651330
1117001864573329409
1116999620658376705
1116825767571283973
1116825749208621058
1116786362978656256
1116784668609740806
1116774106639360000
1116759564651827201
1116748274126471169
1116748202236096513
1116745087449489413
1116702376868577280
1116702015009193984
1116670597340254208
1116515829120630785
1116515583586119680
1116505775696949249
1116467764829540353
1116467596893794316
1116306093263736832
1116284154868568065
1116272775407263744
1116149565030318081
1116149296003473409
1116027015898042368
1116026827548573701
1115927845824598016
1115921719653556224
1115921622806953984
1115920826006745089
1115791159710945280
1115790966370250752
1115790860195639296
1115712121285816323
1115679608479916032
1115679359740915712
1115679275330486272
1115661794041843713
1115661637892091911
1115656714592903170
1115645904235708417
1115645629420773377
1115435825897123841
1115208083595251712
1115021971442499590
1115021836910321664
1114951366798118912
1114951247377965056
1114895725152952321
1114895601659985920
1114885228189900800
1114884873750241280
1114858080309841920
1114858030561206272
1114857907840069632
1114857770799575040
1114686643418562560
1114686337125376000
1114686306502754304
1114686227134001153
1114686182330437635
1114686015275524096
1114685923898331136
1114669555828260866
1114663108323237888
1114656738916093953
1114656373487353857
1114655972763607041
1114655695650074625
1114655376094441475
1114655099324895232
1114654610751401984
1114653319195176961
1114652554674298880
1114638952563187714
1114638664422895616
1114636420759597059
1114599569734733825
1114599554530328576
1114575206679482369
1114572335984594944
1114572174747213825
1114571812447432706
1114571638568357889
1114571555290406912
1114571450969731072
1114571046168989699
1114570498933960706
1114570184260505600
1114569906622730241
1114569579731275777
1114568688865247233
1114568054011244544
1114559809246957568
1114556413198651394
1114552757405589504
1114542878439743488
1114529211967070210
1114529032119492609
1114507004062650368
1114504814543671296
1114504707085623296
1114491156153413634
1114173354808938497
1113967881803448321
1113939274817261568
1113860244579540992
1113859973782568960
1113809513658900481
1113802802470498304
1113795273258602496
1113779488968642560
1113771010849943552
1113770655227551746
1113764270188240896
1113746396459491328
1113626978886795264
1113436562111508480
1113391607498276866
1113383501380898816
1113227828496162816
1113215230266490880
1113214507109748736
1113204790660669441
1113190005122523137
1113182911560380416
1113134815707062275
1113116677812748290
1113062474767425539
1113061909442584576
1113057435869237250
1113052551086247936
1113050695358468097
1113050552022204416
1113035539568119808
1112890266061602816
1112854103414226946
1112851498701086720
1112748030254608385
1112747504985096192
1112711708949266434
1112687835314900992
1112687656364920832
1112687637729632256
1112677041357377536
1112676968061906945
1112668633757614081
1112668433894817792
1112668338226905089
1112668298209099776
1112668233587441664
1112657688830377984
1112657624586248193
1112657565161320448
1112490242349633536
1112477482429702145
1112477424581836801
1112462550187364358
1112455073911762944
1112423975353757696
1112423896735760390
1112423832906854401
1112423771925897221
1112404143170306049
1112340776271400961
1112322520261292032
1112310233966280704
1112172417013690368
1112170110238756865
1112157133284540416
1112147915353587712
1112138564077268992
1112129250692349953
1112124623330729985
1112124616196190208
1112124552677605383
1112123654773620737
1112096347317026823
1112096211878719488
1112091288139153408
1111989215078858752
1111976360703127552
1111959780363563009
1111959751141658624
1111833169039380486
1111833055189188609
1111805249742954496
1111805123343339521
1111805113205735426
1111771352472735747
1111746415905128448
1111746211076325381
1111707487328186368
1111707305870049281
1111706392451313664
1111618947902828546
1111616964915589121
1111613198132744192
1111612417803472896
1111611419131293696
1111609640641613825
1111584160966160384
1111396317580922880
1111395766625550336
1111395217498877952
1111392635489386496
1111389749850181632
1111388546101739520
1111361758373896192
1111242831371386880
1111232115444719616
1111231992597827584
1111231766340268034
1111231645191938048
1111222116081418240
1111222051279380481
1111213986068996096
1111091000968134657
1111070403361996801
1111044884100771840
1110994444919230469
1110953852327600131
1110934500320645120
1110872154931900416
1110871932818415616
1110871868364468224
1110848990592098304
1110848886376140800
1110697292934402048
1110632206895058944
1110576909463838721
1110576788453933064
1110544715894657024
1110498792405639168
1110498131723124736
1110349388612812801
1110332122525589504
1110317437084409856
1110238337565159424
1109997253916278784
1109992772247998469
1109992493825830912
1109926515737796609
1109926419243696140
1109924963887300608
1109911759081623552
1109911472937816066
1109857972581212170
1109857548922966018
1109857425023221760
1109842939017076744
1109840173125300225
1109826598805618694
1109797337726177280
1109797171342311425
1109795501363417091
1109783391132626945
1109651493123248129
1109642902433644544
1109642626897195010
1109581687787343873
1109540566327590912
1109540564243021824
1109540303323779072
1109481466898141185
1109466836113022976
1109456762774712321
1109455540210618368
1109354943016767488
1109341965261377538
1109249980445933568
1109186139334811648
1109144372782813184
1109142733053136897
1109142606502678528
1109142425392635905
1109103700553940994
1109103680668778496
1109102827526385664
1109092172719104000
1109060596077604864
1109058702064144384
1109043014138318850
1108913385125621760
1108894066853511173
1108874351984693248
1108854896504332290
1108821065109827585
1108820996222533632
1108820894825283586
1108820803414577153
1108820778362068993
1108793196253990913
1108742047580807169
1108687922306433024
1108682603098460162
1108679368266711040
1108561909278744577
1108561664771801093
1108560749226573824
1108484287303684097
1108473956183535619
1108473225778999296
1108473063786598402
1108468150763425793
1108428743108972546
1108410471923765252
1108337992161210371
1108337799374270464
1108333568147771392
1108332625364729856
1108332535451406336
1108322653264334848
1108170034361307136
1108168921696346112
1108168007031894017
1108167650696404994
1108167573579935746
1108108374066020354
1108046772545486848
1108036224684617728
1108035902759202816
1107987793781972992
1107987588491759618
1107985082374111232
1107984783244705798
1107967573600161792
1107967515567767552
1107827091192582146
1107826741324771329
1107824342098948097
1107823962657091586
1107823299436916737
1107815348127043584
1107814850405769218
1107814459601575936
1107814359475109890
1107803753816735754
1107780187637325824
1107763316653461504
1107684206845616129
1107674698303844352
1107637820980674561
1107634111009693696
1107610189421858822
1107607241715314688
1107446649092276224
1107446420121010178
1107446227212427265
1107446021704040448
1107415612496719872
1107415318434140167
1107401242546978817
1107400847795863553
1107387805926375424
1107382583594311682
1107363679283175424
1107363482180243456
1107363177799520256
1107363128881438722
1107358309466681348
1107357927801831424
1107307609240031233
1107297983127871488
1107292751102656514
1107292374147973125
1107285894833336320
1107273994833661952
1107261370695933952
1107257505409888258
1107254376958230540
1107254286206070786
1107254133625679872
1107240985887760384
1107108533588373504
1107108369981235201
1107108260518289408
1107077615947522048
1107077086316019712
1107057762607992832
1107057398768902144
1106974553107038210
1106974277004414976
1106925008633425920
1106899189987004416
1106898882527719425
1106879648087134208
1106869946276032513
1106720981761048576
1106706481884381189
1106689670056947717
1106689319903944704
1106636725491822592
1106578839759671296
1106539822456467456
1106516477216202752
1106502668837679104
1106502336728481793
1106366517288099840
1106355281326419970
1106354788155969538
1106350054489632769
1106350001654059008
1106327320560918535
1106291194311643139
1106236651825741824
1106236138359058432
1106171784729108480
1106168227586076672
1106167855148687360
1106143523580063746
1106000564008243200
1105970206797688833
1105970035200282630
1105956050208018436
1105954714506719235
1105936147887329283
1105935974897463296
1105926009046618114
1105909452455268353
1105846059685814272
1105845817208958977
1105799634369290240
1105789739821658112
1105781547528044545
1105777376397590528
1105777229462728705
1105652363900186624
1105651680224391168
1105647096915468288
1105646837397143552
1105637978255302657
1105637173372616704
1105524314722451457
1105523954649911296
1105523608200364032
1105522812012367872
1105522536568315905
1105508444298203138
1105508255017639936
1105502260577079296
1105443855971823616
1105417609510612992
1105291783318224896
1105280742802817024
1105235681650069504
1105205790200250373
1105187854047760384
1105181341782552576
1105171318683639814
1105154151258968065
1105088528671821824
1105086947695955968
1105077721418424320
1105064847459389440
1105062914375987202
1104916998235045890
1104916395823902723
1104916136989257729
1104833485661966338
1104820869501779968
1104820335256522760
1104812247266803715
1104774834800771072
1104761565075697664
1104761533521948674
1104759826465374208
1104756121598857217
1104570343795163136
1104526609166544896
1104524978442129409
1104519562106683393
1104488978185707521
1104472360743256064
1104439812482838529
1104438540971229184
1104379163455225856
1104191201157111808
1104190900945805312
1104023078055620608
1104012917349990400
1104012877105647616
1104012659270275072
1103996147025301504
1103830057036984320
1103813202704547840
1103808782080053248
1103808429846609923
1103808394358595584
1103788160327266306
1103751648533512192
1103751367896850433
1103711733066158080
1103663438696468480
1103635814897119232
1103635454530936832
1103634923385176064
1103462468947492869
1103373156344098816
1103136426009526272
1103106255852355584
1103075160532443137
1103013673172430848
1103013412097982470
1102946501486174208
1102894972351717376
1102770485446803456
1102769064928133120
1102758386314170369
1102758186992447490
1102691766208208896
1102689763704877057
1102666130898997249
1102596079932063744
1102546434564472833
1102538598803484673
1102409224288645121
1102383718059175937
1102383502958440450
1102383265896386560
1102371156265521152
1102370043306872834
1102315094464180224
1102314959168520195
1102264321076350976
1102247527968063488
1102247298808115200
1102241072732925952
1102240709644558337
1102238017459232768
1102228008532955142
1102192212551626752
1102036246203981825
1102025357308448769
1101997966817198081
1101962306391543813
1101962193350864896
1101962002107453440
1101931154553352197
1101930960386514945
1101927700917309440
1101927555073011720
1101857607059492864
1101857339047641091
1101853610974068736
1101825524068990977
1101690787019010048
1101645211569135616
1101644641349365760
1101509964802285568
1101488003950743553
1101487898870902784
1101460614973657089
1101445272448700417
1101309118931980288
1101270000579633153
1101266109637033984
1101229238965993472
1101228668762898437
1101228058999226370
1101227941026062336
1101103593946521600
1101095072798523393
1100937227759173633
1100937160734187520
1100937082539782145
1100936754591420416
1100933290985426945
1100932976421027841
1100875039166156800
1100874157309464586
1100870646974857216
1100868748297277444
1100868110557556736
1100866576251793409
1100857513610756103
1100857381649555458
1100853228126855169
1100853006638157825
1100844617187184640
1100824763004579841
1100823882964127744
1100742427567185921
1100741980173361153
1100715460348313602
1100594465255972864
1100431811728035846
1100359447694716928
1100198131986296832
1099111328990535681
1099091461398761473
1099086264706523137
1099083162825777152
1099083161584177153
1099005826268884992
1098966866167504896
1098929838516305920
1098929734547922945
1098903916060786688
1098747481465282560
1098727125929115648
1098624506497810432
1098624445487431680
1098424456224129025
1098424297251618817
1098421733407764480
1098421629833617408
1098420525561507841
1098388124030382081
1098385429143928834
1098379069614448640
1098285988923801601
1098219998508736512
1098204102582984704
1098057399372603393
1098035885055057920
1098035684814831620
1098027243249586177
1098026411531665414
1098026089593610240
1097932807861690374
1097932354637783040
1097932214791270405
1097842084231430144
1097826545337581569
1097822936243888129
1097722040591601664
1097720350987694080
1097719831657410561
1097719330521915392
1097718359569952768
1097717615810830336
1097715455261847552
1097713966225203200
1097710978333097984
1097707078913802240
1097706902925045761
1097700377640738816
1097700275220033541
1097698638229319680
1097533369515163648
1097473568177295360
1097280428287975429
1097274300137119749
1097273908762476544
1097159186289446914
1097145083281985537
1097144043102978051
1097141507927298048
1096953747740246016
1096953325214449664
1096949418690002944
1096939208269352961
1096801649992126470
1096557399975043073
1096457218520768513
1096387693171351552
1096386283016835074
1096221356235071488
1096221044128534529
1096127123234963456
1095905715703767041
1095905440062492673
1095903739662295040
1095894701901860864
1095894374670630913
1095885852163670016
1095885694633943041
1095853463714566146
1095770521537560581
1095706428717875202
1095646633520439296
1095510008215814150
1095499650616954881
1095488490723254273
1095470597398818816
1095432636821106689
1095432433544167425
1095432334730506243
1095386887303372802
1095278869018562560
1095116470000992256
1095113637881106432
1095106848682844160
1095106578682970118
1095106406171267074
1095106176667275264
1095105832302379017
1095099395127889920
1095099394129625089
1095003724819369988
1094977879622995968
1094941943010873344
1094787445441343489
1094786321036521472
1094728827945783296
1094726631330058241
1094720177483247617
1094664384465567744
1094621316865507331
1094616457198080001
1094616350675398659
1094585460775677952
1094456668891566080
1094429805901172736
1094388363963125760
1094387788764590080
1094365621847027712
1094365423582302209
1094355558365315072
1094355380984037381
1094323803440730113
1094323801750454273
1094308905067393025
1094308698560827393
1094308461951766528
1093938930729259008
1093938413823279104
1093938314053337088
1093859570861174785
1093705475697401857
1093705245824294918
1093705162458361856
1093687134756704256
1093672610624401413
1093494194952433669
1093488823663763456
1093486755330904064
1093481186624790528
1093419668071768065
1093109832171819008
1092999837040164865
1092994626351448064
1092991275278745601
1092989128021557249
1092989022375501824
1092988354289979392
1092987679334117377
1092984881108406272
1092984481173131264
1092982266152865792
1092979167132610560
1092975025152577536
1092974750417199104
1092960968391315456
