1329515579611484164
1329454441708314624
1329444637065568259
1328455440951242752
1324493447596707841
1324492888957308928
1323474570334986240
1323102645859438598
1320024264569860096
1320023542415515648
1319824894981361664
1319824796369047552
1319770883662069760
1319739367640895488
1319737912536121345
1319737195880615936
1318921135220690946
1318700539127898112
1318393650242416641
1318393299942604801
1318392557211066370
1318278095011500037
1317822151173361665
1317691647765803008
1317161201474899970
1315041185380012037
1314889035333005314
1314888486080573440
1314378492700618752
1314213800560586753
1314213695145209859
1313302079482417153
1313301799575511041
1313301740247117829
1313267275764436992
1313267009174433793
1312879789867372544
1312732675740848129
1312484117334822913
1312483939190145024
1312480417904173056
1312480194158981120
1312479699839270914
1311824133567598593
1311824047055888384
1311811923189481473
1311810580592779264
1311809783108837376
1311809303011975170
1311808283083063299
1311807893230903296
1310841224006447105
1310794377615347712
1310634357736914944
1309278315945943041
1309239494873288704
1294360168713433088
1294293293811949568
1288957046868578304
1285361095419367424
1284248610876555267
1281694446493618176
1281007674730188801
1279229418955628544
1279225965235732480
1279224743212675072
1278846126616014848
1278845368059359232
1278284333569191938
1278281039664885760
1277814314393407488
1277475661959983104
1277319236092751872
1276558420410200070
1275918637363105792
1274417712266018816
1274417418857623552
1274417174103252992
1274416726273191936
1274396126297260034
1274395606132207616
1274382157620736004
1274373077183328256
1274372792926892032
1257432713591689218
1257431555422801927
1254898228106936320
1244068593135841283
1243738571321692162
1243455455621304321
1233071120854601728
1229776323356196864
1229776033169018881
1229647599726022656
1229588944561401856
1228123051037839360
1227923643553873920
1227803783012458496
1227602840803323907
1225507310333841408
1225393531449012224
1225393380974161922
1225075181858803713
1219826847237586945
1219826340091711489
1219804015946534914
1219745502914207744
1219745101766778880
1219744207759241222
1219744161043111938
1219743841034485761
1219277621130711040
1219212238495420417
1218759656404766720
1218060563835539457
1218037123644657664
1217473778134876172
1217316073105543168
1217298740505186306
1217245060497956870
1217244726279073792
1217244615419424768
1217054759510691840
1217053987641286656
1217053692433616897
1217049936706981888
1216946584295882752
1216946506743201793
1216335979381846016
1216055506034282496
1216055366661722112
1216016637901467649
1216016242764476416
1216010920326860800
1215158385466736640
1214782838827966464
1214329932215717889
1214038509163429888
1214007058883735552
1214006482414366726
1213989982160838656
1213926170888036353
1213906828926472192
1213906559157166080
1213903727381270528
1213903204867395584
1213637158700896257
1213532809769304064
1213463643129442306
1213335955760910336
1213321321515372545
1213320861207289856
1213316699560087552
1213262993938501633
1213188508195540992
1213049122795577344
1212103667207163904
1211898138895605761
1209662489790537728
1207467926917238785
1207130266352799744
1206781747851124736
1205307020263354371
1202976971862372353
1202103856093511680
1202094419815649280
1201945708485435392
1201945600612163584
1201557999640170497
1201557741883416577
1201527559873122305
1201527356386504704
1200785313834004481
1200499643987062784
1200006948483026944
1199909950719348736
1199855164196184064
1199855017324249088
1199841136325677056
1199783375881400320
1199714363164315649
1199495309371404288
1193188922236387331
1193025956958466049
1192991451547758593
1192916814876958720
1192915237445390336
1192892996716380161
1192491833554657280
1192487416348561408
1192485354965622784
1192279842550665216
1191943444043911168
1191913276738682880
1191912448304922624
1191912005466083328
1191911617723654146
1191911342711570437
1191910527716298752
1190267755573858304
1190266742334844929
1190266071661465601
1190056167143198720
1189465830976712704
1188739704113393665
1188739018692816897
1188552165565943808
1187848025781063680
1187784621670273024
1187781137768206336
1186862914440847361
1186862440245366786
1186861488826269697
1186667953191710720
1186560381877211136
1186559167328243712
1186557904045760512
1185377383336960000
1185377235454136320
1182844262959874050
1182607624979677189
1182606825193136128
1182606517234622464
1182589644535255041
1182587924715462656
1182584511365693440
1182583825273982977
1182583021448261632
1182582564856270848
1182464029018558465
1182436455739621376
1182428293116481536
1182427899581743104
1182427383988514816
1182427100688445440
1182425587933040640
1182368990850478080
1181800949418881026
1181428418405179394
1181420330104918016
1181398661240111104
1181371060861751297
1181073527123787777
1180665364285251585
1180268762517213184
1180202528660545537
1180201531968118784
1180197312292782080
1180134796829216769
1179926468886818817
1179886260715831298
1179678304003088384
1179677300272631809
1178679879077777410
1178672001994485766
1178671798365216768
1178644198368526337
1178531096771751936
1175289097331412992
1175283274777710592
1175282873676390400
1173466310937735171
1173093811750260736
1173070631828508677
1171627104141631488
1171211317119729664
1171207112694870016
1170921557801046016
1168500302594498561
1166321522518028288
1166319896038277120
1166318290295115783
1166133419622858752
1165923837063520256
1165770439915790336
1165514451161772032
1165012089049501696
1164749994764599297
1164749407876571136
1164581615000932353
1164581562454646785
1163949155846254593
1163948932671557632
1163948720599126016
1163947977116774400
1161743822943948801
1160761695683276801
1160642594289754113
1160641605511962624
1160584314582646785
1160527664190373888
1160351167085309953
1160343544277508096
1160343395312664576
1160342839579967488
1157720712074817536
1157502939625168898
1157502519838310400
1157217305073291264
1156774289669885952
1156738534847307776
1156600472980951040
1156582671402901505
1156430198063001605
1156430090353274882
1156429588387418112
1156355060265127936
1156025015323598849
1155069113959452672
1154637015725424640
1154580127264718848
1154330575303393280
1154058352256802821
1154031561630556160
1154030218194984961
1154029974803734530
1154029786546626563
1154028792538492928
1154028433694838785
1154028133705646080
1154027105677533184
1154026965260627969
1153882949814591489
1153882757359030272
1153882594871631872
1153511970697568257
1153491240622542848
1153490279933943809
1153489783806541824
1153477687140208640
1152993669055541249
1152947036246798336
1152929886203305984
1152928408206106624
1152794980999548929
1152794591411634177
1152794344316788736
1152793909942050817
1152793739867217920
1152793222248140801
1152742051806453760
1152366145468424192
1152351389965783040
1152276614710824961
1152275028962004992
1152243051449868288
1152238507080859648
1152234895080431617
1152234174914281474
1152229594226778112
1152228381301207041
1152228206969147392
1152227182757859328
1152226725100584963
1152194800415731712
1152192833291317249
1152192024742776834
1152190667184955392
1152189985409208321
1152010537481338880
1152010511476649984
1152010349513605120
1151975288261107713
1151975151656767490
1151942977075343360
1151900507130089472
1151608552714190849
1151532196391292928
1151520058922766338
1151518654791479296
1151494579310362624
1151494335373828098
1151493674208878592
1151078623182389253
1151077837396422660
1150278119061766144
1150277955605557252
1150277745739325440
1150059846785388544
1150040489611030528
1149929189148987397
1149925350526222336
1149924006956371969
1149923839750672384
1149923146071306240
1149922996041048066
1149922770051985409
1149922441885470720
1149922244434386944
1149921950401060864
1149921613141274626
1149921491112226817
1149917964101017601
1149917333390909440
1149876694200639488
1149876600680243201
1149562179152039937
1149410669864923136
1149140190365020161
1149046581355618304
1149043566645108736
1148303530681409543
1148301560033796097
1148300497725657089
1147278295035207680
1147143342670508032
1147132271515688960
1147132134714306560
1147116088573906944
1147114358243119104
1147111469240053760
1146797104322400257
1146636027408162826
1146625271853830144
1146498108102082560
1146497906565718016
1146497106988847104
1146496762019868683
1146486279149740033
1146459840274763776
1146410705437908993
1146401419601178625
1146400043672358913
1146399529127669762
1146398273395015680
1146396967729127424
1146396731434602501
1146392592529022976
1146257736033681408
1146227602077523970
1146227548193353728
1146175299870056448
1146165759581667333
1146152786771365888
1146151159146483712
1146151022982643712
1146150749258149888
1146150703120781312
1146143564667088896
1146143398547472384
1146139618280005632
1146136233115996160
1146134903362224128
1146119115775459328
1146064721193254912
1146064294498357252
1146049700534968324
1146008267107160065
1145900447338622977
1145899370140672000
1145897999777685504
1145884613861969920
1145866282304061440
1145473128107143168
1145473088932343808
1145472677357871105
1145333561798664192
1145285278795468800
1145283374862544896
1145283131521544192
1144688533983993856
1144679860901597185
1144679774989611008
1144673699322220544
1144673249768292353
1144672541056700416
1144259348635496450
1144213409199620096
1144213080039022593
1144212948119744514
1144007225712631810
1144006983525076992
1143912657008746496
1143908907527671809
1143619831393968129
1143619366820315137
1143561872655839236
1143561744364609536
1143447783749242881
1143255112627847168
1143244109160669185
1143243503767445504
1143153296745455616
1142908526982881280
1142886236740190208
1142873009197215745
1142872814153637888
1142872264385282048
1142872060198211584
1142513915412115457
1142473200716173313
1141792687990956032
1141792467135664129
1141003473107898369
1141001248239259648
1141000344094142465
1140638660766752768
1140129296058466304
1139851056794312705
1139850938108317696
1139850754422788097
1139798401309007872
1138661923531235328
1138500321745891328
1138469054820184065
1138468446214053888
1138468219264495616
1138467767357587456
1138302030345265153
1138272283913531392
1137936780508819463
1137924060841730048
1137820483552833536
1137199097801256960
1136941428699832320
1136941104140472320
1136939820507254784
1136830803168509952
1136494189124968448
1136356019301302272
1136335136260145152
1136252533234495488
1136251591135117313
1136250246445408256
1136249183847927808
1136117859938185217
1136039667541762048
1136007491299422208
1136001610318921728
1135999390546456576
1135758621780992000
1135535723069657089
1135534123668320262
1135533832952635400
1135404967924240384
1135026920440176640
1134969355156856832
1134758764915990528
1134657247563386880
1134202024323686400
1134185898835206144
1133953859179573248
1133930909701419008
1133588752469643267
1132857861107781633
1132499282815270912
1131776618773590016
1131405446734946304
1130672517624950784
1130647583817388034
1130262053313241088
1130232591037034496
1130232573727105024
1129928097329889280
1129926801562595328
1129836491033595904
1129820577244602368
1129763366107525126
1129531443439210496
1129500201578835969
1129227973251469312
1129189186290954240
1129188108279271424
1129176178139418624
1129129185522307072
1128798399560425472
1128513622831923200
1128403442492497921
1128139018846253056
1127757412000251904
1127431393003352071
1126320570453364737
1125946891194261504
1124739645806399489
1122969332844310530
1122855381875609601
1122549635136937984
1122517731297779712
1122517350727602176
1122517011546796032
1122310805666406400
1122290307653984256
1121881175469879296
1121499114603044865
1121415909568991241
1121415670523031552
1121415245858164738
1121415089330872321
1121414762196111360
1121197625678553088
1121195852284907521
1120495552314118147
1119979204479557632
1119978856721444865
1119788444757057536
1119174316329979904
1119076804759654400
1119075931904040960
1118206183897092096
1117741137807020034
1117103241278287872
1117029547310862336
1116839495293263872
1116838953233948672
1116757728544743424
1116750662140698624
1114916536492281857
1114283335558164480
1114282922951839744
1114282759306924032
1113517423745847296
1113516706511486976
1111314745125068800
1111157906735398912
1110891302214762501
1110889988793597953
1110835232750469122
1110835002969776129
1110832572265684992
1110832399577841664
1110830536753205249
1110475192634007552
1110370521344962560
1110369703338233856
1110185935612702721
1110010084506034176
1110009539535855617
1109920392859344896
1109853692759404545
1109442975384383489
1109164867733188608
1108715230178074626
1108714203311796224
1108457494316146688
1108373053132595201
1108372897024729088
1108372025871982592
1108371542839197696
1108370605030543362
1108368152902041602
1107782720988413953
1107781776380878848
1107781659351384064
1107780504277774336
1107780065658454016
1107779819557650433
1107778873909862401
1107778555558002690
1107777692953268224
1107777341831311360
1107776829673226240
1107776396011552768
1107776147536801792
1107775888412696577
1107775465844961280
1107775059282673664
1107774859285676033
1107774324373504000
1107774223865380865
1107774066713202689
1107773796306411520
1107773486586429440
1107772974872952833
1107772821613105152
1107772601747685376
1107772069083676673
1107771630476914688
1107771344182116352
1107770859958067200
1107770098759024641
1107738927744471040
1107345045345189893
1107329128951238657
1107328685479084038
1107328608584912898
1106923338696261634
1106922516906307585
1106721161008709633
1106669402278096896
1106332908678070272
1106018695476699136
1105414052367413251
1105268103359782912
1105090685592494082
1104907812243562496
1104759612840927232
1104532109517971456
1104344967063826432
1104083721894846464
1104048176745504770
1104046994564120576
1104046070051401728
1104043595797950465
1104042674028339200
1104041409105915904
1104039876872163334
1104038837326536706
1104037274931458048
1103876058078601222
1103743956561551360
1103743648858988545
1103484896255762433
1103455939745636352
1103455523192549376
1103439016005754880
1103438595354877952
1103438421140238336
1103437135858683910
1103433731149193216
1103433283067494401
1103431124192133120
1103430686789128193
1103428684034191360
1103426376827166720
1103425849414438912
1103425501861863424
1103425400032571392
1103310684446703618
1103306944494948352
1102877010001485824
1102612106254286848
1102330987583725569
1102289384273981440
1102240904608276480
1102240714639859712
1102177746384379906
1102176924963491841
1102176815156617216
1102150906735259648
1102150593580158976
1102063531900362752
1101994344393764865
1101960102347591680
1101940957656707072
1101940782116700161
1101884478576766976
1101842954900058112
1101842919831437315
1101842781381615618
1101661818919903232
1101661667341983745
1101660411672162304
1101641803067871233
1101633076973592576
1101632854851641344
1101632456841547776
1101557483355533312
1101556749318807552
1101556554489225216
1101553391010869249
1101492158610239489
1101267622014869504
1101248808439078912
1100921115474456577
1099856181617745921
1099804692194971648
1099659260311547906
1099506482243166209
1099506292530520064
1099491268864937984
1099491058633850880
1098529606662086657
1098526955526328320
1098285602536075264
1098284399790047233
1098275465918320640
1098275408724803586
1098204469404282880
1098085775709634561
1097968520376119296
1097885449442320387
1097744690286288896
1097739032090427392
1097738868684550144
1097671296920371200
1097670066848460802
1097636602459770881
1097550727453368320
1097515558201831424
1097514625032024065
1097461828966244354
1097269921237458945
1097266657108537344
1097266478963777536
1097266213728616448
1097265867673395201
1097265543835308032
1097263740989259776
1097262700206317569
1097257671059660800
1097257519628443648
1097255596825276416
1097255314540265472
1097249866948927488
1097249483778285568
1097248890615521281
1097157986340921344
1097157804459085827
1097157078097920001
1097156846937231362
1097156184765693952
1097126759244357632
1097126728617537536
1097126590574616577
1096976462924509184
1096976243335979008
1096933848623898625
1096932924652380160
1096932647194976256
1096931771860410368
1096930131644305408
1096929849992634370
1096870827402833920
1096870125657944070
1096743689970315264
1096743367742869504
1096742756259553282
1096533161968713733
1096276354473938944
1096219750273699840
1095981547625242626
1095978413943226368
1095857012083109888
1095855362605867008
1095643198628610050
1095642707400126464
1095489843478450176
1095457262280224768
1095382477516853248
1095382326509355010
1095380803909935106
1095379821826199552
1095378809585430528
1095377500518047744
1095377142114770945
1095363373351370752
1095343348305424384
1095343186052960263
1095342946461728769
1095342043646197763
1095341566799953920
1095340615548563456
1094888855805685760
1094665540251971584
1094599402646327297
1094577879667462144
1094576140495183873
1094575107828154368
1094574635968978944
1094573951483691009
1094572779368660992
1094571294597632000
1094570049141071872
1094569302047416320
1094567742735245312
1094567415587909633
1094567008891334657
1094274213731622914
1094274065781600256
1094248189912174592
1094240398191452160
1094068414509764608
1093965365573382146
1093940266900156416
1093940063283466240
1093743587643158529
1093706778569666560
1093706681899409410
1093673645732294656
1093655227062833152
1093654877673160704
1093310280933597184
1093299382122758144
1093174021846233089
1093162472498843648
1093007685186777088
1093006423565332480
1093006001379336192
1093005416324157440
1093005286309212160
1093004661995450368
1092942149174194177
1092859021273358336
1092813685490311168
1092810083409395712
1092586740592734208
1092586444252573696
1092584655079915520
1092584605813637120
1092584227005059073
1092583950147407873
1092555146368667648
1092555122943479809
1092419769163116544
1092261112966348801
1092237872877338624
1091860722978443264
1091844059553980417
1091843332299415552
1091795982335991808
1091784101198065665
1091754568927461376
1091754258179907584
1091753371122380800
1091726769042804736
1091726354175803392
1091725969885298688
1091646142889086976
1091645232553160705
1091640842211667968
1091538424413052929
1091521633724952576
1091521509900705793
1091100580389445635
1091047450763096064
1090766310160556038
1090766187347079168
1090765794512822274
1090658449011003393
1090658067832758272
1090643743500189698
1090587696584581121
1090544292022501376
1090449866491232257
1090368507202625536
1090087917706391552
1090035366986280960
1090035300733091841
1090035263500238848
1089952415002939392
1089951178329333762
1089950381352853505
1089950195155193860
1089711422982959104
1089710523472474112
1089628979940610048
1089340012800335872
1089247165724057600
1089246708033179648
1089034085714907138
1089033811902357504
1089033065106530304
1089032525123469312
1088985160542912512
1088875195211833344
1088860919667408896
1088659013628157952
1088658694877806592
1088658449653592070
1088658076243091456
1088657981426720769
1088651633183997953
1088651433073725441
1088651285597847553
1088651153825382400
1088632295316107264
1088632140449820672
1088631989400350720
1088505492350164992
1088423114118070272
1088422986107871233
1088344887316013056
1088344418485071874
1088344103903944704
1088258725595365381
1088258599757836289
1088144320014630913
1088144095296479232
1088140798980325376
1088074032598011905
1087937228796555264
1087888084627161088
1087812981738487808
1087773192788180992
1087700504799469569
1087700206534111235
1087591621468680192
1087418385023922182
1086488748945113088
1086488009648689152
1086468225120985088
1086468080450990080
1086414798718300160
1086413932959490048
1086413628473991170
1086413241960427521
1086413074771234816
1086385122272628736
1086245072440619009
1086234953296146432
1086102591044444165
1086094119603040256
1086093932386111488
1086093833249517568
1086093579116630016
1086093271145705472
1086071253255913473
1086070818176565248
1086047876386619392
1085994766523756544
1085959513545437184
1085959393282150400
1085945994884206592
1085813745081700354
1085778144693370880
1085754292034629632
1085746734163156993
1085697631655911424
1085697503029161984
1085696685311815680
1085696414410145792
1085682471994191872
1085682368596271104
1085594077494685698
1085555994921299968
1085555770530312193
1085555020848803841
1085553328405147648
1085544574766833664
1085540997935714304
1085529964189966336
1085523511018307585
1085522987959209984
1085522683142406145
1085522050049929216
1085521833070288896
1085357503120986112
1085329110820220928
1085328868922163200
1085100801851154432
1084977300381130752
1084967254838566913
1084966241725337600
1084679983597928448
1084679893441404935
1084604827584290817
1084574758329438208
1084573944038842368
1084424029883183104
1084259542987227136
1084259383750479877
1084229070915661824
1083854340941438976
1083790506633510912
1083712744388358144
1083564395274240000
1083470867269439488
1083381470033371136
1083381120375304193
1083380122164449280
1083379605090652161
1083361239261011968
1083128700797804544
1083122841292165120
1083108249925083136
1083026447172661250
1082959087539638272
1082875938986049536
1082835490691112965
1082827715386851328
1082826219211485186
1082756474508472320
1082755649723756544
1082645557489786880
1082640826734325761
1082640619552403456
1082639771686457344
1082637965090684928
1082637142348558337
1082635650728321024
1082588872108736512
1082494146877652993
1082471911538360320
1082470748856315904
1082463606682222592
1082463335256227840
1082463130041499648
1082461920643362816
1082461399714918400
1082459669631623169
1082459357386760193
1082459060752998400
1082458707500253189
1082458288791277570
1082457688871596032
1082457379927613440
1082457080483565568
1082456817341321216
1082428907565928448
1082355705099632640
1082257772178112513
1082249656837464069
1082246908016357376
1082131754947829760
1082131403402137600
1082128812542877696
1082124872451424256
1082121655629959170
1082119260971749377
1081924583349874688
1081922896937725954
1081918011026505728
1081887333727649792
1081880357509595136
1081879902662516736
1081879472775716864
1081878262723141632
1081877330702680065
1081876767650926593
1081875864587911168
1081778324026748929
1081711888659038208
1081625319138779136
1081594842486960130
1081594694688067584
1081514338186231808
1081503419204923393
1081421866194034688
1081421185332592641
1081418468879036416
1081417336756654081
1081415638680100864
1081321745192079360
1081321319508000768
1081319111215308800
1081318796843831296
1081302704289271808
1081302511594565632
1081297457630261248
1081226749336145921
1081226558176604166
1081221391238582273
1081221223734890496
1081220104090640384
1081219889971441664
1081218673333792768
1081218438603845632
1081217704558620672
1081217164164554752
1081216476055359488
1081215610795651075
1081214626346393600
1081214013294370816
1081213815470010368
1081140137218560002
1081139928308711424
1081139680031068160
1081139039384657920
1081138907889057793
1081133483026571264
1081132069890093056
1081130956927299585
1081130454583922688
1081130165453770754
1081126492774383616
1081120610707591168
1081025265206083584
1080958766768476160
1080953272226144256
1080953049147789312
1080952686663458816
1080939884431343617
1080939439419871234
1080816662150926337
1080555850886836224
1080150293705240576
1079263183813042177
1079262710976503809
1079032213985869824
1078707015671672833
1078659662109523968
1078629715613634560
1078616559038357505
1078399037248696320
1078398252985143296
1078051385441103872
1077761715326963715
1077590502499741696
1077588405398073344
1077496793435299841
1077496151018942464
1077494762440089600
1077494249376014338
1077470587746799616
1077448637855129600
1077078215041069057
1077077156725907456
1076954449703165952
1076853288761360385
1076851020330721283
1076849739147051009
1076728791416791041
1076721593525522433
1076721309596282881
1076161471300554752
1076127889743958016
1076127549686636544
1076126938148724736
1076126427144024064
1076125378698084352
1076124176367271937
1076123471866781696
1076122621442314240
1076121372672184320
1076120461279297536
1076119953575538689
1076119389374636032
1076118554380886016
1076117463492743168
1075904494527889409
1075904309919797248
1075903994449453056
1075781581984264193
1075634351184855040
1075633989178683392
1075633848010960896
1075633664917041153
1075492243622977536
1075429710690082816
1075416258676326402
1075415588082638849
1075413429362380802
1075271863951978496
1075271415819988992
1075271140828835840
1075270639861125122
1075270220283928576
1075269903907618816
1075269901374222336
1075269291497279489
1075269157514428416
1075157766820360200
1075133432177483776
1075035181109567488
1074706947096498176
1074706830650048515
1074521456854233088
1074115954555052033
1074114922886311936
1074104866652413952
1074059948131110912
1073990285523181573
1073976721093918720
1073972051268984834
1073971753515270146
1073970604716347392
1073970198846234625
1073925438966132737
1073914407430762496
1073913094714216449
1073912169098444801
1073911312713801728
1073910975433138176
1073907583419744256
1073792259294806017
1073791852778741760
1073790930115690496
1073747275896123392
1073746836567908353
1073630549791526912
1073576749668065281
1073574970255503360
1073574667955273728
1073571351728803840
1073570064207466496
1073533469542633473
1073533216831590401
1073532810638483456
1073530768352108544
1073530367502512128
1073530090615525376
1073529295278985216
1073528953535574016
1073526890739060737
1073526111252836352
1073524993605042176
1073433642607628289
1073432311058685952
1073432075552739328
1073431858149392385
1073431397015015424
1073431022971236352
1073073575786033153
1073049356415074304
1073048309655166978
1073005393838632960
1072927736988033024
1072853481935925249
1072853243867258881
1072852919492337666
1072851856324349952
1072851705048514561
1072719079641772034
1072715785779331073
1072687533325115392
1072076393020674048
1072075968318124034
1071831566182055936
1071830598799437824
1071742654268882950
1071139573105717249
1070785504533078016
1070783968725819393
1070452052327710720
1070155489021853696
1070097810643542016
1070096862932127744
1070083414106099714
1070040987177644032
1069784365964509184
1069779560152031232
1069774203992236032
1069447852894511104
1069445975146545152
1069258102761938944
1069235829573222401
1069105729670307840
1069096099619602432
1069093469166067712
1069092883414769664
1069092292860899329
1069091333405519872
1069089921879564288
1069083754897920000
1069083035520266240
1068670708341850112
1068595033614372864
1068553074325676032
1068542826646953984
1068539953448050689
1068539518175735808
1068461245299228672
1068425707913527300
1068425449687068677
1068424953115144195
1068344209948602368
1068343855081082880
1068343688886071297
1068343463794532352
1068199249672687616
1068154715769233408
1068103382450073600
1068005895987126273
1068004743962710016
1067990189400682497
1067938767061708803
1067938387389116416
1067937894361260032
1067654171006951424
1067616675518808065
1067615373317496834
1067568132510801920
1067538974984495104
1067515653823725568
1067282983164436480
1067238249100337152
1066821378563747840
1066699865802006529
1066666720247525376
1066656765595402242
1066655698841350144
1066655179511017472
1066653481367261185
1066649725590364160
1066649218721271810
1066647203433766913
1066544643943280640
1066486675042226177
1066357040551944192
1066080750636650496
1066077925127024640
1065877610469634048
1065793124914491392
1065793036070793216
1065791209086496773
1065790224494616576
1065603105314746368
1065374424289820672
1065339441571495936
1065322485065822209
1065316879961513984
1065277207981940737
1065273598686900224
1065270292187033601
1065269653105078272
1065264138715193344
1065263495611015169
1065221987683844096
1065221389773230081
1065220754185191424
1065220294187446272
1065219583664054272
1065218709537472512
1065218225237946369
1065217243292659712
1065214701288607744
1065214473349169155
1065213562296008705
1065108411782590464
1065107062156218370
1065078481036304384
1064921448597188608
1064908160744517634
1064907960520978432
1064907623538073602
1064902503366569985
1064901140914102273
1064869554008936448
1064868962779852800
1064725094893674496
1064723974699933696
1064708274333745152
1064679531678552064
1064665677238173696
1064663526302605312
1064662473129652224
1064522387457159170
1064521823260295168
1064521177425600512
1064473780003557376
1064469706470379521
1064463401630359553
1064462558097076224
1064380786453823488
1064280515954401280
1064280431774785536
1064280159648309248
1064279559997030400
1063922760454262784
1063854919814266881
1063848618199736321
1063790203515547651
1063653462741798913
1063560990497730560
1063536492146913280
1063488358540705797
1063480712517451776
1063478962020540416
1063478623573749760
1063475729126412288
1063475186052194304
1063114681462620161
1063114618405498880
1063085087393120256
1063082775656296450
1062921477677211648
1062921071895035904
1062920763546624002
1062919444387651584
1062900840824954881
1062897121798443008
1062896341980917760
1062894951023894528
1062893324904804352
1062864060146831360
1062687237865799680
1062445325053378560
1062366745548120065
1062366549351137285
1062366348712374272
1062339406080565250
1061972512169353217
1061423207134126080
1061420640408821760
1061355590444756992
1061320137070891008
1061267779242811392
1061033635564924930
1060971146588241921
1060756340753104897
1060754242909040641
1060673938898833408
1060562116497702912
1060379142342897664
1060346438628982785
1060023352226500608
1060016987957383169
1060016384950714368
1059980919866449921
1059756632869990400
1059743653592068099
1059743311903129600
1059742881680830465
1059563447262707712
1059460888195780608
1059248858142695424
1059234417950961666
1059206835255693314
1058795900191956992
1058537733285507072
1058533480940748805
1058533075179659264
1058532875786608640
1058519482333782016
1058517766892793857
1058441659736764416
1058441502513258496
1058392950793691136
1058292344590491648
1058151741336637440
1057956016824799232
1057828295209758720
1057665671931129856
1057483975961337856
1057480385326661637
1057329442484236288
1057326816606617600
1057263841569005568
1057116554163183616
1056919030693474304
1056733504111693824
1056733218865537024
1056731367877165057
1056731131821858816
1056730755110322176
1056719293121871872
1056697028686692352
1056374522104795137
1056347846989930496
1056274425245401088
1056243640014696448
1056050416792883201
1055903429682327553
1055895009830924289
1055833608038965249
1055832921771134976
1055779031298191360
1055778433148477440
1055778315313676288
1055778023272640512
1055686276257443840
1055681377255845888
1055681013911760896
1055680955556360193
1055667770107428864
1055648195542364160
1055648008677675008
1055647643307626497
1055647356102696961
1055646723651956736
1055603776520773632
1055332566469881858
1055332565912117248
1055332180803641345
1055331420829310976
1055331420523192321
1055328538595856392
1055328536238739456
1055327858447532034
1055327051664756736
1055326823205269504
1055325577853440000
1055325577832554496
1055324480405491713
1055324479235244032
1055324479210090496
1055324479067488256
1055323171455418368
1055322917616132096
1055322824825495552
1055322824670437377
1055322036157984768
1055322035587555328
1055322035570782208
1055318592642641920
1055318216954671105
1055317985810800640
1055287431702884353
1055286343645880320
1055286015533834240
1055285219383595009
1055235010393849856
1055233888023306240
1054744544971911168
1054717728471179265
1054717653170831361
1054415923082215424
1054380691767517184
1054380194910240768
1054172980505305088
1053966821735321600
1053965541730332673
1053964672586604544
1053676067238567936
1053675903874551808
1053515516252307456
1053276749314711552
1052909139079229440
1052906990458957829
1052694410779979776
1052693595319230464
1052668772643819522
1052553820192964608
1052553133585444864
1052550632610004992
1052550062063013888
1052186916240547843
1052184898641874945
1052052394169622528
1051544252943982592
1051543528398942208
1051543321753968640
1051500246478376962
1051493834935296000
1051477490898587648
1051476783013355520
1051476306318131200
1051474955051839490
1051474469976330241
1051474204405551104
1051473896958902272
1051473057527681025
1051472881031335938
1051472273574510592
1051472001678729216
1051471137584996352
1051463101432778754
1051462718643830784
1051461923126931456
1051461546906247168
1051461263379836928
1051460805886062592
1051395472739332096
1051394976083374080
1051394435164987392
1051393982545125377
1051393685701648384
1051320412926140416
1051316383231836161
1050836565436424192
1050545357980098560
1050543108801343488
1050542367948697600
1050541848484175872
1049769504539111426
1049659075691188224
1049381989814599682
1049381904993144832
1049353989551214593
1049329590718660609
1049322427669512192
1049322274803867648
1049313464135684096
1049234389526298625
1049232470716108800
1049093498035744768
1049093149556203520
1049042531776974850
1048725133332893696
1048535261297106945
1048270862170771456
1048270474994626560
1048218532498923521
1048209817301479424
1048070615112933378
1048060574150549504
1048060199502635008
1047953312727715840
1047952754809786369
1047636949152854016
1047632106229137408
1047631426844123136
1047630670640570368
1047594092757114880
1047593263773831168
1047531723649560576
1047531438294282241
1047500568632029184
1047206727752409091
1047202809093939201
1047202640164139010
1047131349776101377
1046970996912267264
1046970548167872512
1046965594996793345
1046939222534381568
1046908450603585537
1046866450172932096
1046859360599605248
1046829586296832000
1046829217797804032
1046828421928620032
1046772728982691840
1046762408214065154
1046574896732499968
1046574096257970183
1046572612871024641
1046572196297039872
1046570929201995776
1046570257245065216
1046567934154268675
1046566788559851520
1046564838191726593
1046564157787582465
1046561211557396481
1046558045226946560
1046557814045339648
1046557087562526720
1046556445431357440
1046556337289621505
1046520325284872192
1046419936787267584
1046419500097302530
1046417094055583744
1046416723455303681
1046416208096976896
1046379380769869825
1046254658086363136
1046254241822588928
1046252402616090624
1046252200026992640
1046251612858068997
1046251059478376448
1046249621641523202
1046248579004694528
1046247627354828800
1046247494038896640
1046247141297946624
1046246701697130497
1046246352462598144
1046246060643954689
1046244986352623616
1046244041032052738
1046243599778639872
1046242645301817349
1046242274265296897
1046241362725593088
1046240670648696832
1046238202564993025
1046237453349060608
1046236577746186241
1046236171494338561
1046235785891000321
1046235407950610433
1046234519722844160
1046233755302555648
1046209074461696000
1046208061948420096
1046206242404749312
1046198248510095360
1046197853394104321
1046197764927893504
1046197688067194881
1046196086962937856
1046192990018891776
1046082593601581057
1045673819258552321
1045672065552924672
1045671756248174592
1045671087109861376
1045632493888499714
1045632088026767360
1045629797559230464
1045628619584761856
1045627539488563200
1045623243086880768
1045621820798296065
1045619118269820928
1045618722407309312
1045523686432825344
1045521305452216321
1045520638247456768
1045520305819533313
1045517216207101953
1045512052138074113
1045511374699282433
1045510528112545792
1045508555825008640
1045507173571153921
1045506853621227520
1045506132591042560
1045499780363776000
1045441976034713600
1045441311354941440
1045441141401772034
1045440647333736448
1045440437886930944
1045439494235729920
1045439367890665472
1045438185226952704
1045438124325662720
1045424372222111744
1045424336838905856
1045378082964525056
1045303166131101696
1045302626701590532
1045257151244001281
1045256593070219265
1045256360894423040
1045256060120920064
1045255759158628352
1045255646851944449
1045097588460904448
1045097150298828800
1045097017188306944
1045096940311011331
1045072663507492864
1045039698375139328
1044916555287474176
1044915630036545536
1044915106465730561
1044914839812898817
1044710371590729728
1044707088289619968
1044706512625487872
1044702088805019648
1044695621263753216
1044695422604693504
1044679622472851456
1044675181522780160
1044565336471691266
1044455396864184321
1044454850363195392
1044451002106015744
1044450761499860993
1044412624736149505
1044412484172607488
1044412119104417792
1044388974255427584
1044388888997855232
1044383831610994689
1044379587520606208
1044348692830945280
1044348657464569856
1044341080437645312
1044338127677083648
1044337786516467712
1044325199145910272
1044323909074440192
1043706915639808001
1043651261327785984
1043650910595866624
1043585906358120449
1043584265806479360
1043583994099523585
1043583944233369600
1043583795578822657
1043583120941842432
1043583077044240384
1043360707067043841
1043356638571192320
1043327696749522945
1043327616374079488
1043326067665133569
1041510577225396225
1041146307950174210
1035703547935899648
1025558647894462466
1025163986814156800
1025161524032167937
1024836811087077376
1024682662395617280
1024680034928418816
1023405447708127233
1021429235099918336
1020282696776503297
1019941232288681984
1019935256177250304
1019935044549337088
1019601604314648576
1019181862114250752
1017182627231608832
1017168886884716544
1017155266587086849
1017152172625137664
1016535628509429760
1012998764922114048
1012518494108200960
1012205781603799040
1011628410186055680
1009218905020289025
1008909498608521216
1008440202983923712
1008094728582201344
1007835972376014849
1007831692508213248
1007831522282430469
1007077279858659329
1005507530292776961
1005507208304418816
1004080961015857152
1003443162172440577
1003413480605650944
1003286936285413376
1002432035368161280
1001524214476652544
1000528027489525765
1000208102191521792
996972251781124096
996971921932615681
995513471721791488
995512507312812032
994805939403476992
989625444533133313
