1328779560091992064
1327960224800509952
1322913178230030336
1320601910987026432
1320600737223593984
1320143799255928832
1316226559594778628
1316224971731988482
1316224402095177728
1316223949974380544
1316034648074407936
1315466779225849856
1315157682018344960
1315116133368774657
1315083199429574656
1315082797137031169
1315082658297253888
1315082469574549504
1315082141462536193
1314942398049337351
1314940951522013184
1314595410489430016
1314572940789260288
1314569462998200322
1314569437924610048
1314256971495743488
1314256712669425665
1313664202595201025
1313663808779378693
1313645372644888578
1313645057350627329
1313645029685043200
1313644729322536960
1313644636636762112
1313643989573144576
1313641606717685762
1313641378354589696
1313641102017138688
1313462146177495042
1313306632126824448
1313305543918845954
1313228732216291328
1313219705654530048
1313219226442756097
1313219077184212992
1312529807796654080
1312418106845794306
1312136611572801537
1310961870103339014
1310961618168082432
1310960853513052166
1310959817087954951
1310958697481293824
1310170557233545217
1310169941602000897
1310169666455703552
1309577951424335872
1309443708710912000
1308555694514212864
1308195014669791232
1308193635993677824
1308192909984841728
1308192053633757184
1308191349326274561
1308190709258711043
1308190446129000448
1308190076040482817
1308189733638471680
1308188542238040064
1308187388733083648
1308187270667628544
1308186806534328320
1307888290926788611
1307885470215368704
1307875318204571648
1307685470155862021
1307684444141006848
1307683901029060610
1307683847929167872
1307034352954433536
1305023628879130631
1304991205822885888
1304990037054906368
1304989994101035009
1304989858012655616
1303820789959942144
1303245373943640064
1303245290296598531
1303244436520841216
1303242586371444741
1303240894712143872
1303240472744218625
1303239929212727299
1303239044663394304
1303194756038553601
1303193753130156032
1303193051154714624
1303192756261535746
1302788974881071105
1302616969657503744
1302615621939593218
1302615017506795521
1302614376914976773
1302613548825100288
1302484515047182338
1302483454026678272
1302482532798062597
1302466625635975170
1302466103814184960
1302465338752118784
1302453823852523521
1302431899638403074
1301548610505465857
1301548481799008260
1301548366250213378
1301547342730948608
1301546691355574274
1301530236970909696
1301526846215868416
1301522709004738560
1301522528486137856
1301512647012020224
1301409877164609538
1301396820250116097
1301396432939753472
1301393305364623360
1301390306504404992
1301386964432691201
1301370155620990977
1301369395202068481
1301367666473459712
1301275071449714690
1301274487728386049
1301274348712464384
1301272141443117056
1301271996081217536
1301270257240211456
1301249692508938240
1301236118193467393
1301218727342604291
1301217556167036933
1301215384306094080
1301214650609143814
1301214364607881216
1301209422971260929
1301209189155565571
1301208439700377600
1301207929706610688
1301207912338001921
1301207277899194368
1301206736485851139
1301205787373568000
1301205008931844097
1301204578927546368
1301196655316709376
1301196151031394305
1301195095006310401
1301194707813326851
1301171918217703424
1301165446750597120
1301165164624932864
1301164663288115202
1301164142292729856
1301025690846769153
1301025195658895360
1301020692687716352
1301017249948475392
1301016343731290112
1301015588987236352
1301015054825873408
1301014828236959744
1301014436098965508
1301004186276917248
1301002272097234944
1300997905948372992
1300996614522191873
1300995174907043841
1300991535262003200
1300983273691033601
1300980241020514304
1300979021988077568
1300977787642101760
1300972298808078336
1300907521704472576
1300905055541800960
1300903610688000003
1300889967170781186
1300888966665707520
1300888599634743296
1300888273133346816
1300887958480855041
1300887080784945152
1300886656824688640
1300886355929571328
1300836638596177920
1300835647834304513
1300831769369825281
1300831449805811712
1300830502312538114
1300826991734652928
1300826528238854145
1300826190521856001
1300825648076783616
1300821496571424768
1300820549195591683
1300820339849531392
1300819440301301760
1300818525771104258
1300817891193888768
1300816949207732225
1300811999505313794
1300810990922002435
1300810879924019201
1300804278953545729
1300803309100388355
1300801365451530240
1300800790618017795
1300800458953424896
1300800239310262272
1300792791891677185
1300788142195105792
1300787444246175744
1300786579057770497
1300782670046093312
1300782176342999040
1300780947311226881
1300780669690232832
1300780322527744000
1300690062934302720
1300689419528069120
1300689031345315840
1300687344824066048
1300686857223639040
1300663527124815872
1300663144759525376
1300655635852226561
1300655356444512257
1300642048039501828
1300639773371985920
1300639317996388352
1300634194347831298
1300627506102325248
1300625897616105473
1300624966488973312
1300624634111381504
1300624328422088704
1300623775906500609
1300622951780245504
1300622782456188928
1300620328951902209
1300581738058448896
1300579802747813888
1300578850137493504
1300578224049500160
1300529252945723393
1300528699847004162
1300528067895422976
1300527529854251008
1300527336626900992
1300527113901023233
1300525949289598976
1300522695306522624
1300521183029243904
1300520923062099968
1300520763024310279
1300520447209947136
1300520160558604288
1300515063040626695
1300514819347423233
1300514528606613505
1300514350487097345
1300513572846411777
1300513399483191296
1300512639232045056
1300512478925737986
1300511499232751616
1300501741599744001
1300497739583635456
1300495820945371138
1300480274396971009
1300479847009939456
1300479341256556546
1300476036094726145
1300463873221296128
1300463170318868481
1300296958561497088
1300296706144178176
1300296544940257280
1300296278568394752
1300295050513936390
1300293814783897601
1300293458268020740
1300293055765864448
1300264010911162368
1300262889979179008
1300248921399197696
1300248346347536384
1300247321255403520
1300246980547940358
1300246631833509888
1300246333945651200
1300246037811138560
1300245673976053762
1300245412213743617
1300245014732136448
1300244260277559297
1300244143948488704
1300243958899982336
1300243470691397635
1300242906985320449
1300242375659282432
1300241911169474560
1300240731345358849
1300239556764037121
1300239125904146438
1300238768679473154
1300238662358114310
1300237915985903617
1300237475458117632
1300225432080449538
1300177995357855745
1300176778028175361
1300176312577925120
1300176020943695874
1300175746237788160
1300175524132581376
1300175100025561088
1300168617183514624
1300168311779414017
1300167350734315520
1300165860661686272
1300163676729606144
1300163313804824578
1300162718373015552
1300162560822370304
1300162306093977600
1300160445601296384
1300160014158426112
1300127159059533825
1300126875918843904
1300125527609540608
1300116499625947136
1300115631069487104
1300115019070226432
1300114241748217857
1300109100919840770
1300107384044437504
1300105511807758336
1300105183800643586
1300003346464423937
1300002019491500034
1299999861513678848
1299999505677389825
1299917051373346817
1299916816085430272
1299915312024842245
1299914867428585473
1299914635949174785
1299914059387609089
1299913917825560577
1299913699080065024
1299913316098138113
1299905271456694272
1299904238647083009
1299903602358591489
1299903065517031425
1299902765083160578
1299902337993981952
1299901224754450433
1299899992077815808
1299888281874657280
1299887433727660032
1299887068030464000
1299884416001478658
1299880957546119168
1299880232661344256
1299879352373399552
1299878670736130048
1299878206640594944
1299877951408758784
1299876117961084928
1299875460122255361
1299875081976336390
1299874388519469056
1299873026050195458
1299872010764345344
1299871029020385281
1299861908489531393
1299861438278713344
1299860286480891904
1299859756832628737
1299824152325496832
1299822869807947777
1299819548594462720
1299818906496892928
1299818614720098304
1299807581636943872
1299803518803406848
1299800917970046976
1299800019080413184
1299797470776492032
1299795595729616896
1299793395154518016
1299793021777534976
1299792454028201984
1299791328142741504
1299790887182950400
1299789671765962754
1299788897111560192
1299787138599284736
1299786282617327616
1299785274310836226
1299774901411172352
1299770451753754624
1299770108919726080
1299769384081088512
1299767967857569792
1299722925700857858
1299720252066902017
1299717492663709697
1299716031405932545
1299715947943481344
1299714985430364162
1299714625039073280
1299713819170820097
1299712555301044225
1299707871211302914
1299706670591795200
1299705778933121025
1299704542825644032
1299704199475683329
1299704095305949185
1299703722121940993
1299703554408497152
1299703362921721859
1299702819008557056
1299696842888769545
1299696447030325253
1299696011535810562
1299691149699940352
1299688640264560648
1299687873755504643
1299687777911468038
1299685624761335809
1299684986195382279
1299683949006921731
1299579028672708608
1299578283739107328
1299577622976847872
1299576333031231488
1299575400117366784
1299574338111156224
1299572874760527872
1299571917259644929
1299571427020996616
1299569310130606086
1299569055867707393
1299568593416273921
1299567699261976576
1299567479048429568
1299565376267714561
1299565198764728320
1299564523729252352
1299562775136464897
1299562121651351553
1299560456541986816
1299557994733006848
1299557066680406017
1299555907668385792
1299555254611013632
1299554508603666432
1299553848218890242
1299542325920579584
1299538183634345985
1299537833846169600
1299537271390044160
1299534766337789954
1299533639382790144
1299532389857648640
1299532337105915904
1299531580436701186
1299530961781100545
1299530471320109057
1299529708925722624
1299524723030646784
1299523933406863361
1299523461123985408
1299511666120351747
1299510548195811328
1299509729010491392
1299497518904913921
1299497182236614656
1299496676109893634
1299496144737714176
1299495252223430656
1299494585383624704
1299494117257355265
1299493421623599104
1299492987412426753
1299490750762164225
1299489785162027008
1299489014408306689
1299488841468751872
1299488262747164672
1299487865928183810
1299439047366959104
1299434658883465216
1299433766188797952
1299431418305503232
1299429505149227008
1299423039545847808
1299422612255379459
1299422058473050114
1299421717383831552
1299397985000800256
1299397590555873280
1299397021116190720
1299396477505007616
1299396038873157633
1299395663499673601
1299394924513619968
1299381401830055938
1299356338439381006
1299355274776580097
1299354587728474113
1299353760439779328
1299183432396800005
1299182790253015040
1299182252543229954
1299181718344089600
1299181371194142721
1299181072027066368
1299179780571496448
1299176146412527616
1299172065627369472
1299169638467563520
1299168441727811585
1299166909036810248
1299166486938791937
1299166028505604097
1299165899014852609
1299165535771357184
1299164771128811521
1299164259872579587
1299164034348937216
1299163099958636544
1299162870660300801
1299162432766488576
1299162291191992321
1299139153938980864
1299138326553702400
1299138043920572418
1299137914341785600
1299137444747440128
1299137215948226560
1299136754952282112
1299136103115448320
1299135804724228097
1299086597179105280
1299085948089634816
1299084065664987137
1299083678711033856
1299083138686091265
1299082705364070400
1299082403512606720
1299082153242718208
1299067682004725760
1299067315326078976
1298840259594051585
1298839742331514880
1298687592691466241
1298686745907613696
1298686032305479681
1298685757045915648
1298685258888486914
1298684869262753792
1298684622088204288
1298276399145316352
1298055797528621056
1298054702718808064
1298009695240646656
1298008427852001280
1297974440219643904
1297973544840658945
1297949692022550528
1297949269882621952
1297948809004163072
1297948675000303616
1297948522717691904
1297948220698398721
1297947813414727680
1297947272731168768
1297946880521826304
1297946073525137408
1297945486351990785
1297944449574567937
1297933274984009733
1297932595108356098
1297931387488497665
1297931136862007296
1297904428201082880
1297903616716505088
1297902919803531264
1297902311834963968
1297901569506029568
1297900374662107137
1297899790521364482
1297826406974369793
1297825045041917953
1297824651070943236
1297823706190712832
1297823674318245888
1297823486522486790
1297823261321879553
1297823082057330688
1297822939488763907
1297822739730853888
1297821982394736640
1297732134916861958
1297731650143436802
1297731226250354689
1297729248392671233
1297728904719818752
1297728736809246720
1297728045516644353
1297727661108686849
1297726078056767489
1297724277538435072
1297723326895251456
1297722892696748032
1297722366315753472
1297721991080730624
1297721340699402240
1297622357159235584
1297621899447373824
1297621070514593792
1297617152007114754
1297616860716834817
1297614751015383040
1297614077536083968
1297613535451652096
1297612186932527104
1297610312133128193
1297609819881222144
1297609266396672000
1297608620222238721
1297608294861647872
1297608161277251584
1297606284414353408
1297605153227280384
1297603580241690624
1297602275368513536
1297601577729941505
1297600944041943040
1297600409670836225
1297598923041718273
1297598014169575424
1297597456432037888
1297597007150817280
1297596522108878848
1297596181019729920
1297274273644417024
1297273903966904320
1297268317334286336
1297248625186099200
1297230984740364289
1297227208960794624
1297225686843707392
1297224611902312449
1297223119795494912
1297222703435223041
1297222140169617414
1297165667339087872
1297047294177509381
1297046286604972032
1297045411270504448
1297044877608235008
1297044422413053952
1297043725164531713
1297043411678064641
1297042580266299398
1297041706433437697
1297041309941682176
1297040541176143872
1297038916474646535
1297038309256880129
1297036377515728896
1297035371138621440
1297033301668933633
1288552674464419842
1288552602032943109
1288551931502182402
1288551739042312193
1288551557001146368
1282160302818127874
1255928915203207169
1255928747254968320
1255928393243045889
1255928231552663552
1255928028661600257
1245337837693587456
1239975059004915715
1239974353455820800
1239610996760530945
1239609910104473600
1239594208622567424
1222267391641448448
1220846116692025344
1220754136389558272
1220744839689621504
1220511241120243713
1220460578956894215
1220452184992681985
1220444685581324289
1220435890343903234
1220389946600706054
1220192541334736896
1220095547555512320
1219695365772972034
1219481687052210177
1219322457393332224
1219307941980971011
1219107293129859073
1218661745180520449
1216877259300188161
1216873607416205312
1216550943204003840
1216407781521199104
1216059424009347074
1215337563256426497
1215329774836555776
1215277914343735297
1215058782889369606
1214369235838918656
1214340007705677825
1214004396729753606
1213570435851288576
1213115513099968512
1212793241256546306
1212595138586910720
1212535364533063680
1210590669527506950
1208474791818256385
1208253012227108864
1207938035259760640
1207497710582013958
1207390714532753408
1207388690839822336
1207096122528976897
1206697924094246912
1206417815764439040
1206015112034820097
1206014642197270528
1205920615095525377
1205581074493034496
1205333060226617346
1205294199827914752
1205293409633632256
1205292448806666240
1205291670339612672
1204872734322200576
1204871256547328000
1204866608587575296
1204866194915770368
1204815986446090240
1204815231332913152
1204813198206984192
1204811240826011648
1204477538954690560
1204138125796106240
1203709448767733761
1203709140264030208
1202649385953153024
1202606283238596609
1202444264904331264
1202443223215439872
1202434330649337856
1202327299401469952
1202293357285797890
1202291494834466816
1202289001698230273
1201700747068497920
1200579151062847488
1200189869764435968
1200133498809593858
1200119723163312129
1199133107175264256
1198125825608048640
1198001845102362625
1198000822732197888
1198000421572235264
1198000080956977152
1197999761753690112
1197998808224821251
1197945300314447872
1197619342570971137
1197618727472123904
1197343377739698177
1197342252286263297
1195377619296014339
1195094384221409280
1195088548774338561
1195087424407273472
1194963197498970112
1194743641987829760
1194682733739610114
1193935569530830850
1193602404761133057
1193009424996143105
1192936716618883073
1192861429113769984
1192571637293600768
1192563787250823169
1192561367338737665
1192271409675997185
1192205444355411970
1191104232683757568
1190744359693512704
1190520710395056128
1190300776083709952
1190299103495884801
1189989693254860800
1189322604311732224
1188889839367872512
1187931388961591298
1187155179155660801
1187139246248755200
1186729179443675136
1186726245704200192
1186724151920193536
1186347634426109952
1185022382198710272
1184513638226415623
1184449338514255872
1183274847675338752
1182860748252422144
1182675767337144320
1182650038872358913
1182358816995893253
1182294257769615361
1182293863777652737
1181818846157692928
1181779916481683458
1181779605612417024
1180913264705728513
1180354822383554560
1180178226695553025
1179800233561210881
1179469629934059520
1179457853683195904
1179242610701078528
1179233027274051584
1179115202035507201
1178845410128850944
1178844565979058177
1178792771911438336
1178788532460146689
1178777011575123968
1178272430382571521
1177331829285605376
1177226913699508224
1176999930038312961
1176994208361734146
1176981557367713793
1175637413701574656
1175466211120803841
1175464501564493825
1175460628061966336
1174210363077943296
1173604907221495810
1173075001588797440
1172905659043651591
1172605659818250240
1172283002606542849
1172279498550763521
1172231525418426368
1171819073170235392
1171121155547291648
1170487687335292928
1169938785771118595
1169628653954699269
1169088567391531008
1168981264361304065
1168566505627377665
1168474854590484480
1168326030370705408
1167958047848718338
1166575053829562368
1166540761745121280
1166408868508909568
1166131909946171396
1166061252927524864
1165683638941495296
1165304712725483522
1164992155221282816
1164779951112876038
1164166379781513221
1164165913962147843
1164051645602254849
1164051237123137536
1164050703104352256
1164050129164230656
1164028685751484416
1164028141913853952
1163988559717519360
1163985432117334017
1163984901172891648
1163972567603929093
1163972279132233729
1163672019084308480
1163485966964629504
1163101380825026563
1162833471099662336
1162437546233778178
1162182497289089024
1161760356479447040
1161176033464410112
1161014587384197120
1160020466532331521
1160012008072327168
1159829079476113410
1159505099196194816
1158972222087860224
1158968765821923328
1158822872434933760
1158583200240820225
1158000219562369026
1156668176400187393
1156335934314549249
1155930632158994433
1154229469823025152
1154173686779432960
1153843015632510977
1153744432279126016
1152649123172114439
1152361978746331141
1151933699828547584
1151933239017144320
1151932879665975297
1151915660106240002
1151634284312170496
1151534913683906560
1151532757853581312
1151532124375269376
1151292300586291200
1151168016777977856
1150877386830782465
1150063694841298944
1149559374446096384
1149451981066526721
1149451336259461121
1149166706440331264
1149166419042455552
1149166192612921348
1149165930812858368
1149165448912494592
1149024606818316289
1148665389490069510
1148658032735244288
1148269686401961984
1148117712729776129
1147958013568983040
1147919997181841408
1146551223610478598
1146281843848896512
1146230006609326080
1145773739537076224
1144818719312568320
1144807737798332416
1144722444663439360
1144270322859991041
1143779301478797313
1143410083516375046
1142661122803326976
1142501004346363907
1142196499440381964
1141886702782418945
1141771827997360128
1141771121026576386
1141533184061894656
1141532613108043778
1141532437836517376
1141512572140576768
1141511840729485312
1141472211171074048
1141471249832353792
1141470396501225472
1141469941721288705
1141433054566576128
1141431374148014080
1141427667633225729
1141422370734739456
1141422181437456384
1141422128438239232
1141422065938944000
1141421952612966400
1141421400109961216
1141421094370340864
1141420307682484224
1141417921811382272
1141412367080624128
1141411719329095680
1141410595842867200
1141410175229685760
1141409826125127681
1141409504770179072
1141409187743723520
1141408490390339584
1141407844517814272
1141407318719922176
1141406867999952897
1141271517247856640
1141106539379302400
1140705884051427328
1140705729197686784
1140705216142032897
1140035861695750144
1139995451342696452
1139300230375936000
1139266274729451520
1139265870536986624
1139252384473874432
1139252119695835136
1139251429451825152
1139250783822610432
1139249958647824385
1139249383919087617
1139249048718675968
1139248058259013634
1139247511816658945
1139246414616121345
1139245638288175105
1139245479277953025
1139244934693715969
1139244337068302336
1139243697013313536
1139243188172886016
1139242315531214848
1139241515421585408
1139241288425857024
1139240870270517249
1139240632851976192
1139240322309824512
1139239651607138304
1139239249260105728
1139238477864689664
1139238234112679937
1139237604430249984
1139236587106009088
1138855054968885248
1138839147056062465
1138835887549108224
1138834899186569216
1138674048437669889
1138673750507790336
1138673558182420480
1138673067679334400
1138672177215971334
1138671958583697408
1138671443225374720
1138671240195928064
1138670830412476416
1138670466221060096
1138541914909601793
1138541421596618754
1138540645952262144
1138314373909295105
1138229165164048384
1137977328099766273
1137805065429741568
1137540346873884672
1137311202890080257
1137127410040598528
1137093822515560448
1137093385771077632
1137092252256182272
1136510370678362112
1136468124574916608
1136383789075091456
1136182043610570753
1136148833102995456
1136092771570393088
1136091530152644608
1136090418632806400
1136058762983165953
1136058533181476864
1136058076249767937
1136057681339269120
1135897284909195265
1135656641519480833
1135644214094487552
1135643857050165248
1135383462502752256
1135169153176784896
1134971774926434304
1134971366506082304
1134971077266878464
1134970131665129473
1134901360200015873
1134676304454774784
1134675075104354304
1134674143138344961
1134673691206225920
1134672037232795650
1134670189310537728
1134669016176496640
1134668211809423360
1134667782442737665
1134368287867846656
1134367584416018432
1134367005945917440
1134297325063614464
1134283999621333000
1134174630904655872
1134174281082949632
1134157232361418752
1133980613713616896
1133955519377563650
1133777480630689792
1133775369947963392
1133774834318471168
1133774380884824064
1133563818733375489
1133383432564645888
1133090990766473216
1133090433246978048
1133089916231999488
1132929432815976448
1132928968837910528
1132928373359988736
1132927597728321537
1132504758336405505
1132471100783439872
1132106218221252611
1131909461868605445
1131907805722468353
1131907528508338176
1131906304107139075
1131419079699517440
1131192638634221568
1130851566418685952
1130820161739509760
1130819717680099329
1130819140963299329
1130818131239137280
1130818013475643392
1130817666111774723
1130817119245832193
1130626483272077312
1130625634655358976
1130541705780817920
1130287821636407300
1130203810368897024
1130190038015156229
1130189013384437760
1130096710225616896
1129911330473775104
1129910690142048257
1129773062130417665
1129772594356293632
1129745990456631296
1129745648113332226
1129745538973339648
1129745401488302082
1129744850943975424
1129744351117139968
1129744223266328579
1129742685189955584
1129333294883979264
1128794629715849216
1128114512333119490
1128019568742375424
1127027536733581315
1127018067790266373
1127017471226068997
1126960343249342464
1126959350549925888
1126958911410413568
1126958301885788160
1126956774655807488
1126956100857675776
1126801704085647360
1126687941042921474
1126687623462866944
1126687111212457985
1126686477490855937
1126568614671208448
1126566219044098048
1126381116334723072
1125937127508795392
1125936530415992837
1125936299351760896
1125935567693201408
1125935335974694913
1125935107276021760
1125742511538835456
1125741876957499392
1125741348173148160
1125470587986386944
1125470258557476864
1125468929478938624
1125468171085815808
1125189753366667264
1125188239021596672
1124519848711561217
1124519574416740352
1124518825389461504
1124518354213933056
1124517118307733504
1124516886438223872
1124515588561178624
1124513081558614016
1124512285777522688
1124510620051693568
1124495940633554945
1124495314155495424
1124493969197490177
1124493578569273344
1124493371689451520
1124492756699701248
1124405490958475264
1124274996417667072
1124272209390755840
1124271796834918401
1124271183258505217
1124271018938257408
1124011022363299841
1123994298796658699
1123681085974568966
1123680142386241536
1123109175968419840
1123108882295836672
1123108537364766720
1123108349673795586
1123106640662712321
1123106522827874305
1122897565093990404
1122755446018678784
1122755063628193792
1122754833927135232
1122753599019212800
1122752554515832832
1122752230665273344
1122548799577055233
1122547797696241664
1122547098262462469
1122536401768050688
1122535257423532032
1122372417291030528
1122372063807754240
1122371255066218497
1122234879075241984
1122183536289599488
1122183232206729216
1122182989851451393
1122181881250770944
1122017538307547137
1122016414900953088
1122015735247589376
1122014977454297088
1122014714744041473
1122014580304035841
1122013869222686720
1122013325095661574
1121927381101338625
1121917600571650049
1121917153655943168
1121907343225004033
1121904781302173696
1121904586350981120
1121904177754492929
1121903304626192385
1121902700348600320
1121902325927297024
1121566215892115456
1121504316001374208
1121305142031110145
1121301660398022656
1121300715152896000
1121299833627668480
1121298998403276800
1121298021247926272
1120862886862016513
1120590752919064576
1120590134661881857
1120187096872787969
1120186891611955200
1120185918504128512
1120185423454556160
1120185231581913089
1120046968078659584
1120046604768006144
1120045404114968576
1120045157150105600
1120014761033224192
1120014536671498240
1120014088296288256
1120013355815563264
1120012600899588097
1120011886764806144
1120011198907289600
1120010793381052417
1120009353354858496
1119995284132487169
1119994967399624704
1119992135334285313
1119991386860691457
1119990605340262400
1119990026819891201
1119989017229967360
1119988765584265216
1119988398876323840
1119987690806501377
1119987542651052032
1119987104983863296
1119986593857597440
1119986101228191746
1119744465088868354
1119549178294624256
1119546318861398016
1119546086828298241
1119268866331271168
1118694864202469376
1118688036923924480
1118687374911741953
1118686623829413889
1118558492313309184
1118306165249601536
1118304745905479680
1118304314890412035
1117801417270390784
1117629268651941888
1117628360505434112
1117590926631661569
1117279545453887488
1117135867573751808
1116880600491810822
1116806620132937728
1116805867880370176
1116805481937301504
1116804898736107520
1116804122479513600
1116803729569632256
1116803446886109184
1116803248579469313
1116802888230031360
1116751447402565632
1116596390610604037
1116595787960475655
1116521824085532672
1116420979633164288
1116402000931876864
1116201802628620288
1116167419465064449
1116166811228065792
1116164661072687104
1116052947731767296
1115142623662972928
1115142093976924161
1114754065043353600
1114752933793370114
1114752452266418176
1114751638483300352
1114750928458936320
1114749979933810688
1114749385349287936
1114255243552772096
1114110892570865664
1112955210232709120
1112793775712034822
1112751803685199874
1112291006337220608
1112018456679858178
1112015121176354817
1112014702853259264
1112014348929503232
1112014029000601602
1111863614065922048
1111863281579229185
1111862649237602305
1111862068485865472
1111750178208251904
1111410925825753089
1111346788949258240
1111345742507962368
1111344572397830146
1111333948003487745
1111311491997663232
1111008971043688448
1111008058941956096
1111007266868596736
1111006309279662082
1111006039019671552
1111005132504731648
1110861108460441601
1110381569515180032
1110373335299440641
1110318847452545024
1110260685324210176
1110116790103764992
1110116285294108672
1110115436970967040
1109514415508844545
1109104239102418945
1108849406789349376
1108802612378296321
1108557964464414722
1108557688374358016
1108557266381205504
1108553877438132224
1108499887547547648
1108274713833271296
1108108185590599680
1108078429549715458
1108078239333797888
1107828147712483328
1107826964599967744
1107429332123738112
1107360067181903872
1107359829658464256
1107344206454906880
1107343696809254912
1106428016274624513
1106427182962876416
1106362760021970944
1106362262774661121
1106361717494169602
1106242866215448578
1105705403134947328
1105507329024245760
1105359558887665666
1105217752585793537
1104780685728833537
1104607469576179712
1104606545101221890
1104605388287074304
1104603986366287872
1104441145722003457
1104404934378713088
1104404710704918528
1104127173160361984
1103498663110688770
1103498243919364097
1103497216742776832
1103496936147935232
1103350125777178625
1103349591058014208
1103348498487947264
1103042681335275520
1103016897170137089
1102808939119337472
1102808277711126529
1102756854902505473
1102400680549969920
1102280098839851008
1102138821204832257
1101723171995246594
1101593093030047744
1101591261960531968
1101309841597820929
1101309001709510656
1101224136217526273
1100968212915675136
1100967791258099712
1100966553288237056
1100817790628319232
1100533711588610048
1100523673998438401
1100518532293390336
1100517979949690880
1100517254960078848
1100485580356444160
1100187788987645952
1100097845988708352
1099880696678539265
1098954778632118272
1098945871234793472
1098654101196292097
1098402336097988609
1098001869534679040
1098001283485642752
1098000993332031488
1097215392089436160
1097214473155170305
1097214124239446016
1097213661867732994
1097212880405946368
1097212145366781952
1097211621934432256
1097211080030400512
1097208519583969280
1097206474290253825
1097205333645094912
1097204689165139973
1096974454620487680
1096974053028507648
1096973598206570498
1096972588264214528
1096971990248771584
1096971580167544832
1096970802069528577
1096968928289382400
1096769603236032513
1096767452912861186
1096767031301423104
1096765883152687105
1096404158062579712
1096403697779695617
1096403478979596289
1096402639112278016
1096402083740147712
1096401768387244032
1096401567769456640
1096400818553536512
1096400178414678016
1096386962674446336
1095490476663140352
1095489914387365891
1095346277364068353
1095311483301314567
1095145566655270912
1095145213889110016
1095075485040619520
1095073502992916480
1094860743688646656
1094860415954112512
1094842798736531456
1094842566535565313
1094795208217292800
1094703838534131712
1094699131799367681
1094489779469672451
1094489097526071296
1094338048421023744
1094305941552390145
1094305423870447616
1094304646779138048
1094163052943966209
1093936654958514176
1093936000277991424
1093934729932431360
1093746423672168449
1093746092687015936
1093578462126845952
1093256249498423296
1093196242677428229
1093195735804174337
1093056136998117376
1093055289601929216
1093054755037802496
1093054373838565376
1093051027731828736
1093050535056293888
1093050254608355328
1092607802063929344
1092182368381689856
1091854714193342464
1091853005664600064
1091852646405697536
1091192907032231936
1090780976144416770
1090694968182591488
1090445646509699072
1090392305780092928
1090329987213864960
1089359588816695296
1089269582102188037
1089027467296362496
1088716211855081473
1088282726787014657
1088147611842826240
1088146865646841856
1087965033722757121
1087953340233863175
1087789589052428288
1087552985155002368
1087552412724846592
1087466467531112467
1086890354270363648
1086890226411220992
1086707817220792320
1086707514945593344
1086398855770337290
1086036989214842880
1086036821832695810
1086036359016472576
1086035719280185344
1084535216281022464
1082058305013456897
1081689106869043203
1081425792477802496
1081425561619070976
1081424886394904577
1081244748550148098
1080887205525155840
1080882131436429312
1080880848545574912
1080332411706064896
1080129319492448256
1079791109365092355
1079790602114355204
1079779799315476480
1079221669103714304
1079221268145000448
1079220705030430725
1079219851682447361
1079105900730896390
1078866444215934976
1078865396650860544
1078864453947412485
1078317824966221826
1078304350307405825
1078302300500746241
1078302037488545793
1078300154870943744
1077626246652194816
1076651808481820674
1076220825278263297
1076192131302092800
1075882076191129600
1075881243558858752
1075863018246828032
1075855456252375040
1075591107298410502
1075583567915302912
1074144550078173184
1073803704665485313
1073801094243934209
1073657476900220929
1073637415703592960
1073637219611467776
1072681297921888258
1072680524429361152
1072680387254587392
1072382593881042945
1072376679480336385
1072376029782687744
1071249085489795072
1071205341210193920
1071161601330278400
1071160670786248705
1071159580460146689
1071159110345797632
1071158515618594816
1071158012088184832
1071157136795688960
1071156003087892481
1071155160540360707
1071154734730366978
1070750532569055233
1070551709188014080
1070528249313161218
1070527889794203648
1070408054292791296
1070020922055094273
1069823032473006080
1069462793341018112
1069339934564089856
1069336937855574016
1069336626608762880
1069336020926132224
1069335132509679616
1069334601150001152
1068731566237646849
1068601932967641088
1068555190964379648
1068554898478850048
1068554635378487296
1068350264208429060
1068245700616445953
1068243433221840896
1068242971638693888
1068020374657486848
1067895518074875904
1067895144496553984
1067894347226537984
1067893476182769664
1067892822689214464
1067892013557665792
1067644943491989505
1067641102021255168
1067639355391365120
1067637999859449856
1067232632042397696
1067189169653456897
1067188832326508544
1067146359290105868
1067119751485431809
1067115650823348224
1067114710984609792
1067114462346264576
1067114218455879680
1067113654686904320
1067112793340428288
1067111655580950529
1067109976471031808
1067109610119524352
1067108197515722752
1067107981093785600
1067107031729893376
1067106281972883456
1067105150756544513
1066885415934689280
1066884116002402304
1066883892982870016
1066819873353998337
1066737462616018944
1065851725649727489
1065849187890151424
1065726938264653825
1065726616477679616
1065378309784174592
1065315453596164098
1065315038330638336
1065295905962651648
1065144169105113088
1065143136333180929
1065141972673847301
1065141638115147777
1065140811875020800
1065140629938692097
1065140432349224960
1065139556712800256
1065138450960080897
1065138319623766016
1065136992445390849
1065136563808423936
1065113276252676102
1065080489474580481
1065079890951647232
1064397220651257857
1064391957240143872
1064391885643370496
1064380380764004352
1064379624069640192
1064378825461526528
1064374231239057408
1064372882875199488
1064371190209245184
1064370754328813568
1064369455952621569
1064212887227564032
1063155756218773505
1063154563597778944
1063079198401724416
1062941912091557888
1062563868784742400
1062563343083352065
1062424517216104448
1062204570657423360
1062133646306541568
1062077109676335104
1062076550751895553
1062075727686774784
1062074839987441664
1062074226503380992
1062048378756902912
1062046537415413766
1062045508565225477
1062042767918940160
1061836675205058560
1061834540111413249
1061834012258258945
1061816299414740992
1061814133371285504
1061809460903993344
1061808685725315072
1061732257453359104
1061714323234418688
1061693996085301248
1061692991876681728
1061442660639006720
1061333849253175296
1061283836691136518
1061097184194715648
1060983004426891264
1060722889136074752
1060382159595175936
1060249517252067328
1059687836545413120
1059323318640107520
1058771683849461762
1058764269372600320
1058556815150080000
1058442852139786241
1058159509405925381
1057912179389804544
1057870330323132417
1057870059073298433
1057869401469280256
1057868776048226304
1057754892528320512
1057754644242325506
1057667636736258048
1057321578084610048
1057138338652610560
1057137904579829761
1057137090637352960
1057136470635425792
1057135692327739392
1057135499272347648
1057135268271022080
1057134525132627968
1057133936504037376
1056990268434444293
1056986046129422338
1056954866407358464
1056954311219924992
1056698344276455425
1056681276046958592
1056643432674820096
1056642490487328768
1056570961334538241
1056225031007715330
1055305988042039296
1055302653104676867
1055296976185630725
1054982684668235776
1054921233110892547
1054858076451307520
1054804117980213248
1054786061027598336
1054771377608093698
1054460637290610698
1054351781885628418
1054175034774876165
1054167807380738048
1054147160554463232
1054100850262634496
1054096370255192064
1054092671600521216
1053504000706912256
1053023189922533376
1052772024421142529
1052601370749149184
1052321380761399296
1052318072575483904
1052311421516574721
1052300758513840129
1052258364716187648
1051335947244249088
1050833498267774976
1050783190959435777
1050581632745447425
1050479353979645952
1050453618908790784
1050248749988106240
1050041829192855552
1049890981309497345
1049889429677068289
1049881432737374208
1049759568128020480
1049691722186444800
1049673680953851904
1049673289465884682
1049672805162184704
1049672379402674176
1049672107477487621
1049671749158105089
1049671536699822080
1049671179177357312
1049670805381033985
1049456742927458304
1049355248509366273
1049265274212339712
1048981597121171456
1048981321039527936
1048980879589048320
1048863434723418112
1048597690358161408
1048399291537154048
1048258351841366016
1047925809938354178
1047903133500956673
1047687843525537792
1047618180368293888
1047617900679331840
1047609392533667840
1047608631531728896
1047585710893662210
1047527785214951425
1047509510619840513
1047484504628056064
1047483938048892928
1047416974311968768
1047340047912058880
1047260217833148417
1047257979114991618
1047183144036777991
1046864084132552706
1046863990234599424
1046800609578430465
1046800125283074049
1046567542305697793
1046567117267456001
1046566743634661376
1046566219694792704
1046565738620702720
1046546777497718784
1046546414094839808
1046545885545422848
1046545590866169857
1046544737577009153
1046543809666895872
1046266562980732934
1046228779276881921
1046219459587768325
1046115557915987970
1046086079969996800
1046085714851573760
1046085208188039173
1046084830377771018
1046084358770249728
1046083302669643777
1046083056766005249
1045917789045702656
1045916492485644289
1045916092147757056
1045876375473836032
1045872440428122112
1045870062215749632
1045869440997285889
1045694084860563456
1045683837626470402
1045445316919668738
1045382548136718337
1045355606335459328
1045127376034643970
1045088066988171264
1045020812632363011
1045014063699427328
1044968630260305926
1044759231058984960
1044726736410300416
1044293331868676098
1044291636589617155
1043908222220939264
1043189934595747842
1043164887604781057
1042990194784256000
1042964082167443457
1039667819313553409
1039242384876482562
1038906033996029952
1038494490216951808
1038254417609412608
1038217035946311681
1037782453384097792
1037521129597034497
1037433258441551872
1037082487078379520
1037031017410912261
1037007567644372992
1036760303189540864
1036738311195385869
1036728470259281920
1036658157781696512
1036656880196706304
1036006746475692033
1035574890479464448
1035365283282792449
1035360647708635136
1035245981326032898
1035210978181439490
1034924769530077184
1034516375128231937
1034480252360249344
1034241506901676032
1034241044223852544
1033874359453143044
1033854201506488320
1033848283012128768
1033847240345845760
1033480440634593280
1033369170170339328
1033164359478984706
1032876977689186305
1032725718390714369
1032713518141853696
1032700362870992896
1032471557124313089
1032471293977874432
1032456483034816512
1032438657175756801
1032320917815406592
1032136130978869248
1031663148384698368
1031647197157310465
1031645892720381952
1031645463794069511
1031527810446385152
1031409987078291456
1031290144949714947
1031023405791961088
1030919380345995264
1030550329929150465
1030082815768096768
1030076197164670977
1029821356530130945
1029416220234108928
1029411465424322560
1029410328239517696
1028720812646440961
1028005082628014086
1026904008496177153
1026617552020140032
1025785090159403008
1022715973076492288
1022713540816396293
1022710420929437701
1022670611129090054
1022567733047775233
1022555246789320704
1022532368815538176
1022489680841990145
1022336332365004800
1022310970679615489
1022206218243383297
1022202081959194624
1021582048807583744
1021580576002850817
1021304595845349376
1021113185473040384
1020807340646428673
1020805678036856832
1020510151969787904
1020425612916330496
1019289381209890816
1017309733332582400
1017111412223676417
1016775244659511299
1016760828773707778
1016137032807022594
1016034120496046080
1015745008870322182
1014998673921634304
1014983835958816771
1014957525106679809
1013875667379744768
1013599588333256705
1013142191823314944
1012382931694874630
1012034419585175555
1010989781017382912
1009836205788356610
1009525209118969857
1009151982018363392
1008971109893455872
1008417074564169728
1008223464875061249
1008223200373813248
1007441702829912064
1006979328737972224
1006599598423433217
1005956613411307520
1005116443095191553
1004914640667791362
1004069203048042497
1004019649942577158
1003526175828971520
1003306085728575489
1002308760856092672
1002299156571066380
1001573167025008642
1001523104680677383
1001169134137368576
1000876382686269440
1000127433293664257
1000116354140155904
1000115788466946048
1000054149470277632
999871860081864705
999308724886962176
998606854182727680
998606591619289089
994737512944812032
993919398359511041
993873765594431488
993574756640313346
992633938509053952
991386156960047105
986672689145360397
984973496081174528
983419059244019712
980663481996324864
980506402362884096
979931307235999745
979563754231861253
979559637463711745
977252622758539264
976586977326845952
976520182515617793
976254337331744768
975512857180803072
974710102212202496
973987251980939265
973965803681865729
973607616604712964
973225865206226944
972639754612281350
972148816936886273
971998927548383232
971423948306092032
970741143091793921
970503226779893760
970357885078245377
969968281372250114
969788709687226368
967822982570807300
967513030480277504
967078474618933248
966911461044862982
964884992856903680
964212156588806144
963927582025703424
963548525131980801
962626445108563968
962614682598166528
961750091861315584
961706114445463552
960555109506867200
959452198362144768
955336839707201536
947932589255479298
947412522554085376
945277508877987849
944924800748843008
943892215167938560
943505363256692737
943368359466487810
937001590120222720
933747948860596224
932814872575987714
932071378777509888
931659587308216320
929987347076321280
929004121578905600
928756835947106306
928756793039376385
928516378843336704
928360976000352256
928051210111913984
927587964955238400
927587095354462209
927586700955607045
927585984287465472
927302199197163520
926664234351591424
926555279952621571
925933779746787328
925912924517957633
925816183714123778
925752164412207106
924690118878707712
923045440538533888
922688005244162048
922503894931947520
922320047175077888
921940627352358912
921844999938965504
921617322388938752
921453674743857152
921441937437089792
921071045397712896
921031987946668032
920866020889374720
920806697639100416
920000683117502464
919084783178743808
919059233492144128
918531185206214656
918333960089948160
918160591050612737
918160548394549248
918153330706210816
917488505801949184
917070785168019457
916736823560253440
916173446362435584
915597797818212352
915230601304711169
914963119847333888
914146431665020928
913090728472985600
911322006511001600
910731965497671681
909867400627085312
905271470045237249
905111391224418304
902960338068316160
901889846976831488
901859890951462912
901858649110339585
901459318486126592
899643238008594432
899138729662496768
898255885826367488
897693737735815168
897183863537119236
896534637001940993
896219690531381248
895207110270570496
893715502530347008
893149742254796801
892850163902853120
892833973579075584
892432410549207040
892081520206266378
891701390388510720
891006715960803328
888428821711540225
887533834798899200
887037462383427584
885314597162450944
884835467190874112
884831180796960768
883755888674078720
882296347457671168
881574215945568256
880219187976617984
879832213088477184
879511050705489921
878848286181933056
878676943641522176
877951323265564672
877708062902976513
876870855208312832
876483541139283969
875573797117501440
875106424799469568
874299098425245696
874117110603030530
874040579620880384
872647455128428544
872081831612473344
871948832635994112
871748181578596352
871388821790703616
871054595941818368
870830550277177345
868989232722968576
868945900596482050
868229541550018560
868229208748830728
868228855613595652
868228715746131968
868228565527089152
868228365525946370
868228171677802497
867352903391952896
867193703953088512
867100740883369984
866831144704069637
866430414025392128
866057575325814784
864678460882509824
864398527694200832
864113305761202177
863808311677788160
862577164301946880
862412209942650881
862052493131366400
861687569087479808
861421722192420864
861167068577529856
861004334317748225
860532046120144898
857814986604904448
857091655630979073
856547161940443136
855127654080462848
854910500655714304
853641112698748929
852934682266218496
852338526914064384
850305426780332032
848599892612177920
848195809627652096
847657895835521024
847127457182367744
846890695105261568
846884151710007296
845897247854243840
845732172145283078
845719321733083136
845675892412104704
844987279370215424
844606493999575040
843571032057237504
843531622859206656
843325253904302080
842967533187547136
842835359071322112
842695604748800000
842597836155899904
842479957641117696
842451315389169665
842040140860026880
841627112322682880
839555241645240320
839179109699883009
838420910608547840
838168250730999808
837403880027750402
836784331733549061
836605913695842306
836216166381207553
834906197832552448
834817780968886272
834534117588946944
834127981253582848
833408861671272448
831594217319194624
831520445497110528
831175131619745792
831067136512503809
830949855904231424
830537640852099072
830537357262725120
830537119101771777
827285521114083329
826123173766668288
826121529045852160
826060691710758912
825911666793537536
825840757281939456
825732643215929344
825416641890615296
825157827761090561
825036667912220672
822904405116612609
822902674131533824
822700401053073408
822621438670671879
822579569131659265
822551041094942720
822529348330749954
821194508016594945
821132185595834369
821052093565833216
821051693702021124
820352660154912768
820327477599825921
820005805059514368
819693038876430336
819690697020293121
819675828338491406
819671767996399616
819561279023030272
819277695590596608
818934042909229056
818351583008169984
817419313481035777
817077492397674497
816730763018182656
816536470072627201
816333441708867584
816167195809984512
816098722987802624
816031303539814400
815643501199114240
815624362409725952
815623870845579264
815621775157592064
815616409375887360
815427011720151040
815303701149679616
815269102482694145
814994057835315201
814971688731316225
814969357834952705
814904027217395712
814707532740468736
813531278595092480
812382845276557312
811662196635668480
811437551307333633
811275455416279040
810947818047188993
810355798408728576
809847023822323712
809841106456231936
808559181372395520
808539504340398080
808190491103633408
808074051696689152
808026018166542337
807647788666191872
807644952444313600
807428123918598144
807291288793944064
806261959536545796
805823542411476992
805444976205185025
805440253188128769
804071922409545729
803666665057587200
802954656330575872
802595977307758592
801877668673290240
801246356807569408
801192318950899712
800820517330530304
799650211588997120
799449900417220608
799445999370563584
799443955129679872
799338326692007936
799331054154878976
799329655887167489
799290491732836352
799284423401164800
799266788177420288
798205931569827840
797808870144016384
797805066421944320
797151524317118465
797148735364993024
796947842149580800
796945985293447168
796942079435882496
796823184657948672
796789195972804608
796705897661616128
796695387402747904
796693960974475264
796688345887670273
796543090127421441
796512637190373376
796242177282088960
796110086561153024
793968387345018880
793900982673571840
793200375562067968
793199950997749760
792799354671271936
792768892187705344
792387813257863168
792073864427601920
792044655999324161
792033206509920258
791410013579386880
790246912213393408
790244144878714881
790223040361607169
789917030627483648
789850791305621504
789585687506849792
789329098053029889
789156994800168960
788834178842267648
788761880588197888
787517477106450432
787506546829692929
787390113118466048
787380022336032769
787362078004645888
787345609049067520
786270914560217088
785979074980245505
785977306418405376
785863335719866369
785608479138459648
785517076840525824
785338412735660032
785129178320424962
784894473083813888
784886125793988610
784886073771995136
784884271332794369
784811564968706048
784786943120781312
784441558200295426
784432026107555841
784349498633965568
784201755454218240
784058180548513792
783714354717794305
782726824124035072
782602766648737793
782124205965975552
781954797180190721
781952560177487872
781885902423363584
781660934557270016
781547112005718016
781547019412312065
781547003847245825
781521411844243456
781274152787476480
781145965860380672
779185751527264256
778849824372322304
778800874965524480
778684514356695044
775454501964832769
773938759242874880
773936949115531265
773561043410821120
772902631962513408
772126980338659329
771378234617311232
771377645749620737
771128193784897536
770342535675858944
769215360340004864
768663793689735168
767640773806264320
767541675929501696
767406684016816129
767393074112626688
767386933085425664
766799968636051456
766455976534822912
766317648414056448
766314475150389248
766314411023749120
766314291893006336
766302012606742529
766277242078932992
765783887893106688
765756225363390464
765741050103201797
765736776954630144
765650485785169920
765420591893536768
765219168530554880
763465028175409152
763464617049722880
763193387516211200
763192743543713792
762377986221879296
762318506905903106
761599570161774592
761597463815868416
761056432867291138
757841719517863938
757581875506544640
757477947028697088
757414901396758530
757363698503671808
757361037570105344
757256511588560896
757144736293609472
756940741662875648
756922069623926784
756167479789883393
755997717776756736
755985861297201152
755985256457576448
755935241320165376
755628607008112640
755503289144336384
754341539409752064
753812567651344386
753718047643492353
753348471625842688
753060959204151296
752866986594414592
752669870718717952
752560255960178692
752553263069667329
752553193255555072
752552062307536897
752321201557671936
752195605217304576
751908089910165504
751868705643044864
751853302376267776
751746175724838912
751653366191849472
751598052385890304
751539659981946880
751528976779087876
751524077215420416
751467277271392256
751269244872953857
751216004462706688
750476139362185216
750466340188807172
750409314066657285
748949176474542080
748589665129758720
748580823071264768
748418128317657088
748191709184458752
748188674257457152
748186962356502528
747451504232108032
746975126466473985
746838677372944384
746825372684132353
746582303720218624
746582035871993857
746581870184374272
746580277384843265
746580072933502976
746350446093152256
746349395684134914
746025962802929664
745999802471690240
745992398656806915
745855803006009345
745854238484480000
745677221973626880
745672310166790144
745614946176729088
745368322242338816
745368175395614720
745363871335092224
745008273863151621
745006579603357696
745006278729175041
744386872009494528
744249568615792640
744241755135021056
744192312717225985
743935617889771520
743115675586138112
742076516411027456
742076463206268928
741343745673592832
740552031585239040
738031103005630464
737357394917789696
737357157537058816
736602078663970819
735547660208214016
735547421493694464
735536739121561600
734758064482459648
734090083486171136
733158336183459840
732679583489609728
732608310701002754
732390139431817216
732224810936193024
732215717647409155
732100067687956480
731875663083278341
731852087391178753
731575834276855808
731177214209712129
731119683407990786
730631531165704192
730094183759945736
729530999571275776
729530773800419328
728583665148518401
728455949816487937
728262086724227072
727760529943580673
727756448952881153
727742776654319616
727594800262717440
727210492700192768
726466256044363781
726466092571365376
726465682590806017
726089201456828416
725407785999949824
725386437043085313
725174032551673856
725070459528564736
724244212124766208
723731499686584321
723730873946791936
722798577836097536
722506047257124866
722495299667632132
722485014814961664
721958412704047104
720995194754048001
720823634428702720
720525316368703488
720427128500543489
720325947757502465
718893911960199168
718831298173739008
718644971406893056
718629821081780224
718114858487549952
718111307933683712
718110726355705857
717932349644607488
717817410166923264
716648627066638336
716645414989012992
716434867198644225
716187046356725760
715613389574299648
715612923545038848
714695232647008256
713233684870995968
712864703941373953
712853358235750404
712719622680612864
712340953202200577
711945878722904064
711936687065051136
711936125925888000
711934449340932096
711249470344663040
711019409612132352
710893776839966720
710888302413352961
710690596747223040
710076881261842433
709821572106686465
708741347046363136
708734575367708672
708734100069154816
707758861462077440
706907343791857664
706725211060580352
706620676849868800
706540800004325376
706377682234142720
706232815839383553
706232648860090372
706220686314868738
706220542274236416
706218971830181888
705947469457158144
705565459345616897
705556570692661248
705477914645495808
705449964076273664
705441137243197442
705282946308026368
705126765618864129
704789226806599680
704789226005528576
704736763441340416
702982396509949952
702921301313212416
702683912074440706
702034487236911104
702004259236159488
700419641852588032
700143000282746881
700138948719345664
700026801364467712
699726330980495361
699652946825318400
699342627712270336
698918703736336384
698917059762135040
698916464015777793
698916129079595008
698866159618134017
698723927351119872
698723621825433600
698722641696260097
698658273545875456
698391014596153344
698272385116405760
698252271671504896
698250258137116672
697454911642972160
697108558236651520
696412181051494400
696065042660220928
695769226498342912
695340690096521217
694651992409387008
694642790337114112
694628912949653504
694587947991986177
694413030747037697
694264393073164288
693281747312603140
693258414726582272
693210676928512000
693019331156774913
692908627552653312
692908253458530304
692760524900167683
692759403569770497
692758993014382593
692420027106983936
692408100762980352
692309878031790080
691712954635386880
691026366129528832
690688473041211392
690255792000229376
689540064691392512
688835249237692418
688079514102927360
688079415687942144
687323510394388481
687037199116713984
686799384973938688
686797286257459200
685232893296128000
685155163024179200
684978622877188096
684851282784354304
684438201885306880
684079638289645569
683431402252050432
683000867302211584
682428424225292290
681919942380290048
681547334631591936
680479195886043136
680475270428495872
680108869255757824
679905228674629632
679244286181769216
679066662092410880
679064905840898049
677327349633822721
676429960219770880
676256162858139648
676185691261300736
676180393133924352
675854895296069632
675823475433406464
675654349289160704
675571208411152384
675416664125538305
675060454457241602
675028742876499968
674746265448550400
673601412526292992
673250517175283712
673038996352532480
673029499307474945
672948051678380033
672841354532159489
672837904943616000
672518442243723264
672482132111921154
672274216822030336
671527054580420608
671023748393250816
670692113219104768
670098260250501120
669623301916901376
669043475703201792
668943138220675072
668667631931514880
668661900595458048
668541156523806720
667812978981400576
667440038599393282
667235981498564608
667209304504561669
667083755312386048
666372172441489408
666303401873969153
666183490312863744
665411041505996800
665367989118611456
665362779637833729
665263981615910912
665001860768489474
664191591834226688
664189391909228544
664183480868192256
663954093203853312
662694563832729600
662545891081875456
662542407913705472
662364609240653824
662256769557639169
658853431839318016
658321130940268544
657994414304858112
657957303975440384
657261745992437760
657240591810490368
657236956443639808
656999164895621120
656929734698233856
656845455389646848
656666570433794048
656180982870089728
656124598166007809
655812764896628737
655580426862481408
654834335787298816
654703580138483713
654702375710552064
654700226033283073
654687614398656512
654301444275703808
654103404835270656
654098862622138368
653984846901964800
653979975364706304
653716241325035520
653658908574117888
653654601208467456
653344488614596608
653319917362515968
653270385194962944
652710009294290945
652518667909918720
652322392543334400
652302354847395840
652292049618604032
651978088780136448
651958338125627392
651157462758768640
649603491971764224
649072549897203716
649066633672065025
648162271433089024
646393532949917696
644738052552683520
644237154311233536
643807886934605824
643607967837782016
643484275187187712
643460085604155393
643103137096531968
642489133894471680
642360997127192576
642200376012247040
639745074297856000
638815617844318209
638756412240228352
638644999526027264
637360871610585088
637335828092420096
637225873704288256
634751953134833664
634042105384452097
632210177421279232
631992602380754944
631544993849552896
631176344324313088
631176300045078528
631155975815331841
631155734802116608
631155512063582208
629320414003527680
628979117732532225
628263516395323392
627883475782111232
626951819839696896
626950740846620673
626771971380871168
625953626641403904
625838418463883264
625424680409640961
624295690747953152
624266284520206336
624005312450682881
622817535109365761
621750583129698304
621732188715810816
621731200952987648
621699856319426560
621589626214420480
621389230934110208
621158306548072449
621054359418204160
621032170908299264
621031411072417793
620934911805919233
620933439022170112
620801182852759552
618883855840227328
618482675557371904
618454471111147520
618084278572728320
617360622921986048
617108119210950656
617105116248735744
617079142693994496
616780077062172673
616777970602999808
616770213825003520
616715264499933184
615255196013191169
614875523093696512
612987922569162753
612654086450626560
612650109763915777
612030457341808640
611958722907107328
610458666941091840
610256090425528320
610174681312657408
610113979986214912
609223859137482752
607978063490465792
607954913855979521
607048410890272768
605976950918672384
605588035267207168
604793488727621633
604293730485428224
604117311893553152
604090483497820160
604056570759020545
603775101339738113
603768969355403265
601258129544720385
600827700836573185
600826532290895872
599485777244880896
599299008742330369
599282609806409728
599276461032280065
597588720749969408
597557100781309952
597107558860500992
596567061133852672
596388703045423104
596105761849126912
595783266357096451
595438043722485760
595299781213179904
595285690671202304
595127418362273793
595040252466716672
595007223987720192
594204954136567810
593843647608557568
593513974227800066
592373857480118272
591217759180222464
588219751962435584
588218003172368384
588026551435931649
584400269829517313
583376196148199424
582938745483046915
582251997279076353
581163210121809921
580105352131125248
579772424998248449
577927594944913408
576952510226821121
576926810975285248
573707503722082305
573683776460492800
573682970160050176
573682223901073408
573681414366887936
573679518856183809
573584956976414721
573276521764274176
573142512296054784
572999696706359297
572979733417226240
572924504638267392
572803493561540608
572791705092505600
572153396989329408
572082575214190592
568436915193688064
566676592156762112
565943090389979138
565942615892582400
565828616471445504
565309685365215236
565292392224657408
563424243757510656
563048410870448130
562474307226718208
562435996462379008
562421270793314305
561302621932507136
561200942075232256
558709211287150592
558346963481939968
557615995565899776
557612104317165568
557317524929654784
556191013039915008
556182058515456000
556150014964031488
553273514254282752
550548267055185920
548656712656617472
548208607515254784
544521614751064064
544184050085146624
542503119486058496
542502272794513409
542326856150560768
541118822347202562
540568512041713664
540265076620423169
540264615574118400
540263910914654209
540182632748052480
539898947754786816
539399202984706048
538438514124541952
538372969014521857
538015632454090752
537823590276947969
537821477710876672
537328587129761792
537265226778177536
536996490175328256
536324511193645056
535478992531628032
535267347561725953
534796090101739520
534696170548113408
534681906471006208
534020790090743808
533703381894717440
533702919926087681
533318098129281025
532991845836816384
532544631888957440
532403985995821056
532383140787290114
531860698016780288
531795853145800705
531657581765595136
530953602878410752
530952005179949056
530951213144375296
530867986580910080
530847748497899520
530721396876640256
530158412466630656
528950275760218112
528568922648608768
528367196041646081
528363679113560064
528211079642775553
527827566535901184
527200996062412800
527169125991600128
527153101036593152
527140199999213568
526422311935938562
526418417847664641
526074604927070208
526072848616796160
525320026900135937
524988529433378816
524267674826985472
524234422259036160
523130430640627712
522926786779549696
522792660592254976
522420577790070784
520717548770574337
520439641703743488
520437033299640320
520280483184533504
519719490074849281
518118006212558849
517884159478730753
517881968621780995
517839698098941953
517331014730125312
517123296870289409
516620269344268289
516278368762068993
516061122685059073
515280513859600384
515183694592901122
514821434737438720
514463501495308289
511577383674322944
511139459413598208
511134355671228416
510436883848265728
510121416411582465
494155799003136000
494150500913524736
493925789835227136
493421963667197952
490573799004602368
489827335299166208
489603086663831553
489597319080579072
489547922959503361
489441263511670784
489278446582104064
488749767166816256
487643050710433794
487417085572939776
487062616242929664
487010757054566400
486616062021357570
486165720527802368
485117254179094529
485116966688935936
485115819375214592
484267492911894528
484266097051701248
484248791823159296
484093019709509632
484017235846262786
483639009017888768
483638007233523713
483441483346112512
482174119220621312
481999870967185408
481105782382284801
480820629441347587
480461309973372928
480031483252723713
479750131886333953
479681087598505984
479627518677626880
479621946439897088
479401050722828288
479373611942567936
466673476796153856
466432486197981184
466247002125131776
464205750613864448
464123278085599232
464002153728966656
