1330177404678139905
1330003956119052295
1330003761679523841
1329384497545089025
1329384064533417984
1328754308767244288
1328732846912139264
1328183973760135168
1328155621330444288
1328155533057142784
1328155319386697728
1328155194954231808
1327949177985314816
1327260101321887750
1327248418918567936
1326673343580397568
1326673062939471875
1326352384755441665
1325826277908025346
1325616264820232192
1325553678422585345
1325553551213535233
1325553112594182146
1325114508730306560
1324818283124662278
1324416294049980417
1323687063795998729
1323686694537842694
1323685871175032832
1323685718187741186
1323685532543627265
1323502893522104321
1323295731927654401
1323053788358389768
1323053468232331271
1323053089297960962
1323020176439365632
1322618915206406149
1322216755100590081
1321852897148260357
1320533819058016256
1319528578690801664
1319497512374407169
1318824720163364864
1318824415023464448
1316003993320030209
1315289224648814593
1314917241780146177
1313836617027719172
1313835129249378311
1313833099738976256
1312797553705000966
1312797008651005954
1312752612131901441
1309181997483528192
1309180340641189888
1309165106660601857
1308689488995123200
1308689232744116224
1308458676659859458
1308245926591500288
1307677564039766016
1307438228824305666
1306978022583656449
1306656338945204229
1306593054095110149
1306567818649927680
1306341681135063040
1306336655306088451
1306335017430376450
1306324323414745090
1305760715756666880
1305152527068000257
1304939566785232896
1304785344001454082
1303852696743669763
1303749130674671619
1302634736456806400
1301978437565976578
1301938855990489088
1301938560614969344
1301495198816575493
1299178363681157122
1298303174453993473
1298243199190925314
1297156371729854464
1296921256697237510
1296355018858287104
1296354416581369856
1294988439558017024
1294283098365059072
1294283028165013505
1294001150556016640
1294000891184459777
1294000800973365250
1293007067700232193
1293007050365165569
1293006076162572288
1292698944485687296
1292645244098551809
1292644823472787456
1290505529064857600
1289204062919901184
1289203909068636162
1288462122775711744
1288379128505339905
1288227431158091777
1288222094740852740
1288217078202281984
1288216958983376897
1288139714923503616
1287832009751113733
1287823371288350720
1287757139407187968
1287756299263004673
1287756213405601795
1287756162859925505
1287756054038806529
1287740246143139840
1287593042741006340
1286647832179507203
1286485258960084993
1286484905933901824
1286484779446173697
1286484762744455168
1286484727206154240
1286277042057641984
1286275926150598658
1285947758847950856
1285943143582576646
1285868792346746881
1285866570129055745
1285772965406224384
1285753293071933440
1285594092320301056
1285568331567771648
1285439046995632128
1285425559321956352
1285392380338872327
1285389337018982402
1284996030241615873
1284488251919806467
1284488019949625344
1284487802483281922
1284487559066849280
1284487330636664832
1284487168895922176
1284164329303154695
1284078963971764224
1284077920093458434
1283796008649076736
1283795991754420226
1283383670838091776
1283245273897107460
1283245168779567104
1283244934087221248
1283199984662454274
1282760212022165506
1282682039385366530
1281804311069167616
1281803038462705664
1281802979826434048
1281737180902293505
1280539409058758661
1280539133086138372
1280538650137309186
1280538367000743938
1280538095344136197
1280537946203066368
1279279474027233281
1278463781585240071
1278463374112800774
1277999222671978498
1277998907457486851
1277908773764464641
1277893852087701505
1277893143833214976
1277824610348740609
1277662087314051072
1277627198825005059
1277100407026855936
1277100035994537984
1276759257975791618
1276714100832317440
1276409964236595202
1276159054902157312
1276158704795213825
1275796491408478208
1275787964539383809
1275417599359299584
1275109339368493059
1274335250437607432
1274276779289706496
1274054022291501056
1273889761309134848
1273889228519284736
1273651597445337091
1273277907415248896
1273277820983218177
1273274783011090434
1273271193282510850
1273256194614923264
1272910116879302657
1272909913048702980
1272909586488610817
1272908376545153027
1272908200195612672
1272908046335971331
1272810368545566720
1271923153065914373
1271438794919731200
1271066138592641024
1270573544343248896
1270056379722629121
1270056341147660292
1269301057257123843
1269300122300624897
1269003825379229698
1268981063696646145
1268094040358236161
1268000105728270341
1267999926061015045
1267999793894350848
1267999573408169986
1267571068484583426
1267546441196724225
1267546421739339776
1267476874650927105
1267474486246420482
1267474365689540608
1267473704474349568
1266957106944659457
1266956700571090945
1265721538948497408
1265706969895141381
1265706181806288896
1265706128446537728
1265706080530837506
1263851143836266497
1263850986436808705
1263817448580669440
1263283877281501185
1263283679679451138
1263283592974798860
1263087981499424772
1262756138187018244
1262756060831477767
1262749433130741762
1262161325712687104
1262161249430839303
1262126723522592770
1262124979572924418
1261338257989627905
1261168566298185731
1261167983134674944
1261167941938184193
1261167585783054336
1261167051554635776
1261166637027336193
1261166532161343489
1261166434350178304
1261106234293456898
1260588982506860546
1260489975814131712
1260059413731303425
1260039857784729600
1260039618805760000
1259932741484924933
1259917530891780102
1259862677108776962
1259862378612695040
1259862209829748738
1259861900726337538
1259861839682338817
1259861091548610566
1259846273638825985
1258763954714808328
1258759579258798082
1258053175506014208
1256112887845785600
1256112357027307520
1256112288383328256
1256112090374443010
1256111979107885058
1255775455019503616
1255599912127016962
1255134962874892295
1255078930211581952
1254727126059753474
1254726023658254339
1252870320366600192
1252870244533628929
1252869223262511104
1252869083407638528
1252868619534364672
1252258622228307969
1251862783722913792
1251558797539184640
1251537625736974338
1251537269460213760
1251536844665294849
1251536659847528450
1251129732604874752
1251124899827023878
1250918620986855428
1250066956658540546
1249869646699905024
1248987934184914944
1248987804471869440
1248545107420291073
1248542896938196993
1248541879727271936
1248541451346157569
1248540819478495234
1248425353472659457
1248409403293757440
1248409137316114432
1248382837318758401
1248299733732425729
1248293461989699587
1248258615284248577
1247950154818297859
1247950080516161538
1247930006417915904
1247861915524759553
1247861127356260357
1247630659247583234
1246819632167649281
1245984409460912128
1245984313973276672
1245983759515648000
1245983549200703489
1245983351477080064
1245983197453848577
1245982131223920640
1245981936406999040
1245981435837796352
1245795834949701638
1245724601314762752
1245711143861174277
1245635323997999104
1245634708580360195
1245556087253860357
1245114352564342792
1245113763302379521
1244283713984303105
1244114185111384065
1243906459085266950
1243906413220544513
1243817825933934592
1243562753387835394
1243033094560587778
1243033066744025089
1243032929678372865
1243032381713461248
1243032154801688576
1243031868880097280
1242944105652588545
1242907551022428162
1242860634099912710
1242812190832418818
1242811731044433931
1242811597237751811
1242810563475931136
1242668077512261633
1242523925222961152
1242521937483612161
1242521602975313920
1242285927000662016
1242281961072275456
1242127117149667330
1241952938085494784
1241951549095583744
1241428489020100611
1241290284530651137
1241192667675066369
1241189016390840321
1241188702283616266
1241188430211690497
1241111302656974848
1240999918292152323
1240447768377864192
1240447735230316545
1240447696684621830
1240269963618930688
1239929409404129281
1239929192864759810
1239929020873150466
1239446952443609089
1239446614189670403
1239446277903069186
1239445391273267201
1239445164218867712
1239355975062208513
1238857957833572352
1238857726110941185
1238857553393651712
1238857255619039234
1238366065169760257
1238365940728893441
1238349017354047488
1237563028733693953
1237562941882261506
1237374122222632960
1237203864891383808
1237118790548312064
1237037708352028675
1236682963066261505
1236682742605152256
1236682657683169281
1236682335325696000
1236681564232339456
1236681112321167360
1235998921358483456
1235931046887206913
1235860261828878336
1235721690249863168
1235626846223560704
1235592001631879168
1235218740050120705
1234957581489229827
1234707147885289473
1234701411344142337
1234512281314131969
1234279819099156481
1234153592187183105
1233502827172986881
1233396580293775361
1233396359040053256
1233396217427714048
1233396061798064128
1233395892729892864
1233394683507826689
1233184805149433856
1233184239866335237
1233184111981932545
1233005981317173248
1233003580698824706
1233003400763248640
1233003232802332672
1232848789209305093
1232708776391737345
1232698148654665728
1232577388493623297
1232571384942997505
1232522172217876480
1231616664942383104
1231616204625846273
1231615996823265280
1231615428268523523
1230314770601009166
1230314238595522560
1230169804541218824
1230131818437005319
1229997229554855939
1229996424613519360
1229982668642750470
1229938898710810625
1229938669135507457
1229545658085933056
1229523311803224071
1229246542109925376
1228319575932051457
1228319302807408640
1228079987116462085
1228079786536423427
1228052661087408128
1228050983718178817
1228045392752889857
1228028329523105793
1227604863938416640
1227604681444253699
1227604478125322240
1227405616089632769
1227243535587586050
1227026160300720129
1226173914751160320
1225801040114659329
1225800910095495168
1225800326046867458
1225643386218008577
1225551681003364352
1225551609188491264
1225551577605443584
1225551420402827264
1225551399725027329
1225167139985920004
1225166920221175809
1225104666805133313
1225070939970375686
1224885878524403712
1224852628024299520
1224852286301777922
1224847010651611136
1224838296376836098
1224838121164017664
1224838003694153728
1224835821053849601
1224835463174873092
1224451010241810434
1224339005711507458
1224141734843756549
1224080013177257985
1224056920211951616
1224042433043947522
1223992532603936768
1223736048766853120
1223611403866689536
1223077052678647808
1223076825980686337
1222800318397845504
1222687706448306176
1222687355552837633
1222628167917146113
1222399033626570753
1222259322765242369
1222206005636788225
1221957014609285121
1221486052809957377
1221165747260407808
1221116908063191044
1220939438005477377
1220711809600180224
1220709928400236544
1220586913842827264
1220586556144136192
1220538875912884224
1220372111258214402
1220372038969450497
1219828055557976064
1219826772864380936
1219348537877712903
1218853426752344064
1218851262797635584
1217843871729750016
1217597189150728192
1217236697353768960
1216794974198562818
1216576105525792768
1216571841894060032
1216571398195503105
1216569556380143616
1216559257174401025
1216396168952975361
1216006575606960128
1216006304914911234
1216006224950546432
1215128069381545985
1215029614390714369
1215029150513319936
1215001139009249280
1214977002731712512
1214963224451387392
1214946156335312897
1214769004499406849
1214433611417563136
1214312937021673474
1214312438864195585
1213975351208095744
1213975289145053184
1213975117899935745
1213888473226252288
1213638484893851649
1213479264043126786
1213213843251437569
1213082073105420289
1212949995147665408
1212816118257246209
1211984505181016064
1211691823674150914
1211505035768668161
1211336639039098880
1211336509384732673
1211336410302763011
1211336022354808833
1210271526018306050
1209294478869176320
1209293784737091584
1208462724285521921
1208462683596632064
1208462606798901248
1207518127547985921
1207517550541717504
1207453170571579392
1207452939981328384
1207044863893606400
1206985863651086339
1206985794663137280
1206772173660135425
1206771855371251714
1206771628895543297
1206346510608281600
1206344815488765954
1205979251700305925
1205978884698714112
1205978490740379648
1205956841810931713
1205954575410352128
1205527065954521088
1205423848042254338
1205116051962372098
1205115794486632450
1205115733375631360
1204923716246867968
1204828963773833217
1204591412391632896
1204590901986766848
1204470900369825792
1204386850799927296
1204031808159068173
1203896721287372801
1203895754626097152
1203694836265693191
1203694654262333441
1203327787018395648
1203327527370002433
1202975450240290816
1202966285782523905
1202867425261301761
1202750566981652486
1202455958879911937
1202282260688515075
1201967459735154689
1201962217815584769
1201935766986862593
1201935259824201730
1201934311416639490
1201731282692169729
1201715384119971841
1201714875833171968
1201714554536890368
1201564568352428033
1201378823272579073
1201374390681841665
1200437864426823680
1199720675109416962
1199469130656694272
1199455309380685824
1199449598458249216
1199449453851283456
1199155937782697984
1199153479660515328
1199070107277938689
1198586108751298560
1197980682754174981
1197861486259048451
1197860824947347457
1197664909879906306
1197369912160899073
1197283798200836096
1197282782080356355
1197282386909835269
1197282236174929920
1197282133510889472
1197000893302001664
1196973078154285056
1196817012523188233
1196610781397344258
1196610451183943681
1196610380107264001
1196434125663723523
1196433946646646786
1195892052300566533
1195691517417013249
1195539814323494912
1195344536245022721
1195321618618302464
1195321525144080384
1195321003834052608
1195073787957587975
1195073748417830912
1195073485015592965
1194771724652466177
1194385067520475136
1194002150441078793
1193919133404073984
1193537836160626690
1193423636234952705
1192683665136013312
1192665927550156801
1192665533663105029
1192266297016569858
1192266140887789570
1192265976919842816
1192265404044984320
1192090634733178880
1191558505083355137
1191406927214981121
1191406829454139392
1191136691488264192
1189946333471428614
1189945997373386752
1189703269372899328
1189669856037224448
1189669805865000960
1189669713753849856
1189669674331639808
1189669487374688256
1188661172855332864
1188447545300791297
1188093955000492032
1187289945238626305
1187289797896953857
1187289758944387073
1186961310711500805
1186959357080231936
1186706604508532740
1186702763528466432
1186417156629680130
1185438693231943680
1185069619306008576
1184617340295626752
1184488197377744899
1184341628548501504
1184341245990191105
1184334465176395776
1184075540174643200
1183876311552532481
1183785668792803328
1183751079386857473
1183750959119437824
1183738034652626944
1183737732100689920
1183490304772640775
1183490247000297473
1183134982254059520
1183134606528303110
1182344943546880000
1182219315967344646
1182027900201177089
1182027456112402439
1181417312508882944
1181006357908066304
1181006271689973761
1180570474813755392
1180301269182885895
1180129362647162881
1179978896181268480
1179978797543837696
1179458944844140550
1179454391159545858
1179264450127433731
1178860288457752577
1178860095561711616
1178859962036043776
1178782069926895618
1178562363274022912
1178474627951144960
1178181217021284352
1178180607081402368
1178180420887875584
1178179522442780672
1177842954330939392
1177841139141025792
1177840360623689729
1177830144926457856
1176193547055370246
1176165512193200130
1176165457008758784
1176164104584798208
1175829624430968833
1174910950807179266
1174772885048762372
1174732375936385030
1174577512992661504
1174524740293316608
1173885905448394752
1173587033916354562
1172275434643513346
1171887754734657538
1171416661217488896
1171410980808593408
1171410735030779904
1171410568433012737
1171410238223912961
1171400159986618368
1170978794175438848
1170915269193191424
1170914916502519809
1170888343535665154
1169873693025038336
1169872418464124928
1169871427568144384
1169786142960627714
1169786086639439872
1169785965793153024
1169281343362146304
1169144072398942209
1169143161928790017
1168379781462876160
1167682504976936960
1167681566576914433
1167677305164091397
1167446645677666304
1167342815371845632
1166891480289595392
1166717888985784322
1166708935614771200
1165554958114131970
1165371587044020225
1164793342523133954
1164788096270884864
1164784800667852800
1164784631171825666
1164669234997334021
1164669164184907777
1164668315857539072
1164667276974526465
1164110582519357440
1164106340920373248
1164106142009712645
1162279564430606341
1161387048089083905
1161386494055133189
1161265111971110913
1159620684642947072
1159620598131240962
1158812939987668992
1158054574583889922
1158041525366022144
1158041313822068736
1158040135163940864
1157508480829394946
1157508249735892992
1157507346941259777
1157504172109045760
1157503869167046656
1157275328575934464
1157059506448347136
1157059075408060417
1156778247046217728
1156777569842356226
1156775013485293568
1156773186874302469
1156760291763470336
1156760084954910721
1156533463484456960
1156530494655422464
1156295752827768832
1156081942678462475
1156081733105856512
1156081304422768640
1156060689309622272
1156044671371612160
1156006021032058882
1155215535174537218
1155215219066585090
1155130494427762688
1155130322264231937
1154766450642563076
1154766414147915776
1154762710321651712
1154673764120113152
1154662700435279872
1154662548521836545
1154536678356242432
1154536593555972098
1154536382640955392
1154536007531819008
1154508147655974912
1154507910312951808
1154371411189932032
1154371223125667841
1153794575481229313
1153516763247718400
1153281003127001088
1152989292593070081
1152862008666152960
1152860041617321984
1151929857191944193
1151709627597410304
1151583358956314625
1151583135160778752
1151405105654222849
1151404509203222528
1151346677325946881
1151345672190386176
1151198630730244096
1150974793593888769
1150632895842848769
1150632615352918016
1150626682920980481
1150621058246086656
1150620240902021125
1150600840950009856
1150496304981786625
1150408395591172096
1150316273915637760
1149686872265940992
1149674457147105282
1149623327247331328
1149619117457960962
1149618622051975168
1149617610213871617
1149521322210254848
1149520784223662084
1149519881261293569
1149325339287576578
1149324451621814274
1148890811691610112
1148325188158853123
1147882222449565696
1147169826231783424
1147089142486065152
1147088983513604096
1147018371000668161
1147013357301633026
1146471016228675584
1146452430428807168
1146279476562673668
1146248766619627520
1145737872064045056
1145538716477329408
1145257606635773952
1145257103730388992
1144953347927093248
1144915375999655937
1144808872877666306
1144506046473494528
1144044613579284480
1143957483268038656
1143726027866292224
1143659455470624768
1143292115142811648
1143272480800460801
1143246964953423873
1143062346195177472
1143061508307521536
1143060476894556160
1143055716460183552
1143002268553437186
1142899511351791616
1142294327332409344
1142283214788222977
1142282022896975872
1142279406418837504
1141620931380617217
1141491598045458433
1141389762797981698
1141344353530589185
1140812653578936320
1140138409538793472
1138357619725406208
1138355142124888064
1138302793813544965
1138072733961658370
1137925491057467393
1137056528781991942
1136899792318193664
1136898403202265089
1136890777383182337
1136889978158485506
1136887245733081088
1136886573289607168
1136886255894052864
1136555792243601408
1136554903202127872
1136554293585240064
1136406824343822339
1136405375878606848
1136404477546848256
1135920134839820288
1134720263436849152
1134718627318571008
1134718277127684096
1134717335355502592
1134302076970917888
1133510824314757122
1132640482650148864
1132639872051765248
1131760114556461057
1131539681416548352
1131452959286595585
1131449218940514304
1130892434156732417
1130873995195310081
1130873663992061953
1130112292643848193
1129126768781217792
1128910672690069504
1128355026332803072
1127856675258552320
1127092655689732097
1126827002760183808
1126387250948902912
1126060150656262144
1126057784691314689
1126057411842908161
1125754558809104386
1124576560437133312
1124544731663544320
1124535357511557120
1124532052454531072
1124031957929795589
1123948034453327872
1123258434550366209
1123099591287681024
1123099282800877568
1123097875553169409
1123097000403251200
1123096350529335297
1123080642588225537
1123076806855282688
1122017861093011457
1119653666548527104
1118726176405622784
1117920515644174336
1117469212925210625
1117468612749602817
1117465076452200449
1117464783341670401
1116576788698652672
1116561747995844610
1116561230250926080
1116222530665230336
1116221792396500992
1116220654771212288
1114958069551726592
1113854387544371202
1113850065955770368
1113840007087906817
1113471600530264065
1113442707857342466
1113441322826911744
1113435688538652679
1113435175696912384
1113434960671776769
1113434873358954499
1112987318330277888
1112538443983347714
1112538104261500928
1112350789165633537
1110721600897409025
1110721132829659136
1110430639520661505
1110428141091282944
1110348455640268801
1109375670063378432
1109259173655691264
1108953716751634432
1108767932019023872
1108651073785479169
1108501329406763009
1108202849245237248
1107891884721086464
1107841805595410437
1107544471426818048
1106917603807817728
1106587895136206848
1106587186928013312
1105318843323318273
1104986103235444737
1104986049367982081
1104985852474785792
1104767598644867072
1104458579908677634
1104442027209560064
1104441296440172552
1104440030548934662
1104432054622736386
1104025220090904576
1104018668344745986
1104007540248072193
1103918079233351685
1103866562077958144
1103827165454454784
1103826411037622277
1103818760937488384
1103818443185446913
1103678792764133377
1103678422277079042
1103555906766340098
1102776128350105601
1102775898321928197
1102775582444662784
1102706988935450624
1102676456541511680
1102676080018755585
1102674140300001280
1102434400803979266
1102270478440374272
1102236665219858432
1101400466347442176
1101287308572151809
1100533750562242560
1100415356542337025
1100317751950888960
1099684284145778689
1099320416835981313
1099235329897304064
1099233602389323776
1099020316540616711
1099018912128217094
1099003184390029312
1099003172524298246
1099003114902962176
1098995522638176256
1098984637446148096
1098836814541012992
1098836444934750208
1098772604729602048
1098352671629733888
1098344565197570049
1098344143242309633
1098276587475267584
1098135374466084864
1098135256765480960
1098135155267518464
1097946052718718977
1097944598729629699
1097684985157439488
1097336853638844416
1097294755929735168
1097293470291714049
1096818547601346561
1096818233624223745
1096428144490360834
1096425898906140679
1096336681609973762
1096336102649151493
1096335486937976832
1096328208478322688
1096327944526548998
1095380284588085248
1094603933501280262
1093522644471824384
1093515161271521280
1093372194841870336
1093160110334070784
1093142311050117122
1093021666077233153
1093019930369376256
1093019608347488256
1092956603966504960
1092948778410233856
1092494107497369600
1092276951929311233
1092275953068376064
1092275580110807040
1092275039053987842
1092274725999599617
1092167137387528194
1091822348876038144
1091822218022141952
1090967572051357703
1090967344426483712
1090836469168721920
1090832438232842240
1090831946144468992
1090533243747741696
1090530285454794753
1090528569669881857
1090480850687459333
1090411798807891968
1090044986794471424
1089907961655320576
1089664368852185089
1088448571819597824
1088291215802580997
1088289772714541056
1088288458769088519
1088113730741784576
1088106740384710657
1087786088729591809
1087705551876833280
1087704913986105346
1087559261213900800
1087556503807107072
1087458274751008768
1087287044982870017
1087285143956537345
1087284869300920320
1087284615331622912
1087284458850533376
1087284306609926144
1087283324790497281
1087279101726113794
1087011423195201541
1086994778858901506
1086794227370115072
1086742938288295936
1086742714165743617
1086637129617285120
1086621444291940352
1086514346686070784
1086511885271396352
1086059470273302528
1085922744355692544
1085908207707537408
1085768801495310336
1085768419209814016
1085767293966139392
1085728910199779329
1085728393973313537
1085728253640392704
1085728108483829761
1085631197542342658
1085629991994445824
1085611606992699392
1085508076592156673
1085284671875936258
1085282972012556289
1085282181440851968
1085281849105137665
1085281554203594761
1085281356488368133
1085281258647752708
1085277150368972800
1085230894141632512
1085189088112590848
1085177887731445762
1085177822799429632
1085154530470359040
1085154117885009920
1085153756218572802
1084958652899999744
1084954621427310592
1084816103061315589
1084814161807323137
1084813663691780096
1084348833490972673
1084209933380399110
1084027057590489088
1084021738235744256
1084020572919681027
1083599499237429248
1083599030750404609
1083594690946105344
1083594599753543680
1083588745029394433
1083553152014659584
1083494566601392129
1083381932602413056
1083380768645267456
1083380592086003712
1083380234966175744
1083375319577489408
1083375079407435778
1083375014039220224
1083223074273673221
1083222961702780928
1082879407931445248
1082878732128407552
1082638990627520514
1082569558538547200
1082568859469664256
1082568543651094535
1082098196480966656
1080923670011396102
1080707748101267462
1080707642639765509
1080707293946281984
1080146271183224832
1080128336670744577
1079817779585474561
1079662837977546753
1079656086687399937
1079611306733375488
1079609517627883521
1079598634872782848
1079598182131294208
1078569732461289473
1078549981689233408
1078549925246521344
1078549397166800896
1078456675152154624
1078456187866230784
1078455795933687811
1078248146722086913
1078245514297200640
1078245347430940672
1078245021898473472
1078244901668773888
1076048058234871813
1076047631330304000
1076047391554527233
1076047318011523072
1076047095583395842
1076046215882657792
1076046120437141504
1076045957601677312
1076045734896697344
1076045513466789889
1076045458693373952
1076044788762333184
1075223939306151941
1075139746505113600
1075084282459250689
1073304273751035910
1072633528465137664
1071928302636580865
1071666559909793792
1071650732942811141
1071556398960574464
1069814468266348545
1069814132256501761
1069799501370675200
1069719030821466112
1069679628195913731
1069672057078730752
1069671721496649728
1069451545794789377
1069336649342091265
1069259034052755457
1068877434320289793
1068877154488905728
1068400439807393794
1068398746386554881
1068398465720430592
1068180089752440833
1067419915412480002
1067419825432141825
1066952740646072320
1066952334373199872
1066949680729337856
1064064697077563392
1063337211330998273
1063336769008136192
1063336726087774208
1063336589496078336
1061630827908489216
1061400511637843968
1058764617911058433
1058204619682312192
1057845154655158272
1057407616756998144
1057407523580309504
1057407244931883008
1056604219296436224
1056463928681791488
1056463670891479042
1056463338908061696
1056462754851274752
1055826414795218951
1055358781931044864
1055358496286433280
1055352667051122688
1055159762403385344
1054266084172410880
1052179671062855683
1052022062825521152
1051663859088576512
1051422994223034369
1050757733765603330
1050610722424541184
1050549166575898624
1050251267828838401
1050251251806601216
1050251174115307521
1050250809588543489
1050250702394658816
1050250569514934273
1050250247220412421
1050244951622242304
1049805879439179776
1049805208514113536
1048434771293028354
1048219915419828226
1047533269301039104
1047532923023450112
1047126720317394944
1047030761579253761
1046987094638383104
1046935513477910530
1046935405029994496
1046934864728117249
1046785413434740736
1046013557522010117
1045961956539207680
1045959766269472768
1045958811851378688
1045753242737610753
1045753004497031169
1045690609464463360
1045690057728897024
1045240467905040384
1045239731448156162
1045239607682576385
1045068797009424384
1045033055491162117
1045032687495516163
1045032402958135297
1045032273115062272
1045031929907736577
1044668429423300609
1044583956212060160
1044442923893489664
1042063467182731264
1042063363050811392
1042063155382439936
1041870927376646144
1041852901973532673
1040996365034242048
1040890832872779776
1040293529472442369
1040201980084453376
1039939017993854976
1039550429879775232
1039527870849273857
1039512714161225728
1039512164095090688
1039194963177861120
1039160320001040385
1039061534348140545
1039026054990581760
1038993837518143488
1038993746698948608
1038993581443375105
1038976824326410240
1038968890318102528
1038434340886204417
1038433832951865345
1038433450636832769
1038115815629967363
1037973789324308480
1037957954761306112
1037957809671950336
1037957791963639808
1037957425536663552
1037900032563994625
1037734774067142657
1037517501813415936
1037515116386893824
1037514961319329792
1037425366279827456
1037424228121931778
1036653513043058689
1035829036554051584
1034848121149423616
1034791334106808320
1034703886760771584
1034434364317343744
1034285356173209600
1034281967490138112
1034074165140025344
1034072116730228736
1033365585630060545
1032190219636957184
1032189970784702464
1032107951190892544
1031844641652580352
1030465841115086848
1029168298171289601
1029007702683471872
1027915530269876224
1027580298844942336
1027579965536169984
1027262353698631682
1027210774106828802
1027081768711725056
1027081399650734080
1027080597091569666
1027080262738432001
1027080139782451201
1027080034182475776
1027079973729914881
1027079740694441984
1027079670347583488
1026840807385522177
1026599540353363974
1026513151511207936
1026510860339105792
1026510678314680320
1026510596471250945
1022773244552794112
1021317135035977729
1021317079532810240
1021317034439847937
1020329286551601155
1020327817626685441
1019947311693205504
1019339632700477441
1019334273265033216
1017317012324876288
1017311246218092544
1017309310211231744
1017308804906708992
1017308680277188609
1017307733849268224
1017307620493979648
1017307360031858688
1017307312250343424
1017307109443153920
1017306561826447360
1017138556236713984
1017114856259014667
1017114580605161485
1013683680190128129
1012760475786936321
1012246829466079232
1012246705176219648
1012246314602717184
1012246208751067136
1012246144838197248
1012246008582098945
1012196654592790528
1012044266288439297
1011617396266848256
1011586458644353024
1011582711813804037
1011175239718506496
1011175065864548352
1011175014530535424
1011174957307572224
1010869924871458816
1010568836867911680
1010235304547057670
1010234668275372038
1010221817095688202
1010210799418306562
1010194975026446337
1010194845506375680
1010193794346770438
1010188738117464064
1009160014119014401
1009159971513266176
1009159483354951682
1009100728584101894
1009091775376617473
1008819098778832896
1008705621527597057
1008705377574244354
1008705160401604608
1008704954146713600
1008704601925832704
1008345972185927680
1008263705480564736
1008263120266067968
1008131765884604417
1008131686310318080
1007985487317995520
1007985214411497472
1007985035415310337
1007984814971121665
1007984343384514560
1007983818337341446
1007902048841551872
1007785179807649792
1007784645210050561
1007244206052700160
1007243667118215168
1007243023661576193
1007242946201227265
1007242616721870848
1007242295241072640
1005841690501009409
1005702711243890689
1005701785133166592
1005701694943096832
1005490316823101442
1005490189156876288
1005489761958727680
1004759402581254146
1004420237381562369
1004419915909083136
1004399112987521024
1003636006439047168
1001915734459650048
1001432735938998272
1000013042535555072
999650648181354497
998500321419845632
997841310617923584
997840515906318336
997473153524871168
997473079017328640
997431763264856064
997095173019652096
996190782666297345
996051061537497092
994069661825355782
993495734556258305
993484078916784130
993344134898507777
992771855860862977
992771787028156416
992771703347564546
992088948187910144
992088189174087681
991046881957564416
991038425217339393
991038322624598024
991038272058118144
990803766252392448
990803715711012864
990802918512177152
989878889567617025
989255158981955589
989255103340253184
989254478531579905
989252761010176002
989252607184162816
989252261065969664
989252162348834816
989252120238088193
989252044010778624
989251953099247617
989088850956967937
989085240730800130
989081966715777027
988069587316101120
988069219286822915
988069000365174785
988068959638491136
988068849781223424
988068563805143040
988068423455428609
988068168160743424
988068119095791616
988068026594545665
985338196467879937
984453484727726080
983727711817433088
983727609384235013
983727539314143233
983727503394123776
983727378106068993
983527902754025472
983454686551400448
983454629915774979
983454517193854976
983454353804681216
982271617706242048
981817358175096832
981615273659813888
981615199378649088
981614884554137601
981582031841882113
981581925482627072
981522425618804737
980866712869462016
980866398778994688
980864950288703490
980727152713830400
979757603311030273
979690576630157313
979635959498145792
979635899066699776
979469851550015488
979469647123804161
979374570321973248
979359501437595651
978931986650853377
978235945358102529
977894870810587136
977894471076646912
977894395549769728
977894342500278277
977521987340898304
977130372113883137
975761010232643584
975032311497547777
973006171014656002
971566123526303745
971565954697236481
971278839610593284
971216067656867840
971215877201973248
971215717298253824
971142620440383488
971142544515129344
970776058990604290
970450229521772544
968862259228356608
968699567792377856
968402037913325568
967995161480519681
967993818187476992
967993712793063424
967982859981074433
967526193506455553
966901544250589184
966901489967947776
966901175197970432
966900965902204928
966852257605177344
966620381791555585
966620140191277056
966619924667031552
966619787962011648
966156816693563393
966119622809354240
966071204539969541
966070953418657792
966070756500213761
965736440360591361
965709606616956929
965697679216005120
965697089719193602
965696560783863808
965696471516540928
965695756983263232
965693894020206594
965693782208499713
965693711433764868
965293119569842177
965293006923423744
964818760338198536
964818577760182279
964818450240671745
964818300868980736
964818073386733568
964818017912852485
963105442720296960
963105426123485184
963063727389069313
963063515744530432
962359571296681988
962359364236578823
962023991849267200
962023688546566144
962023548352020481
962007159486623744
961320411131797505
961004405956005888
960982508035870721
960981096220561413
960980998359044096
960739534391701504
960739247002185728
960739201774964736
960533811636457473
960237324071243776
960179493997629445
960178725043298305
960008223687413760
960008014462930944
960005371141214208
960005297921298432
959997598533869568
959140053019693056
959139462285615104
959074594190655488
958193730154061824
958193644040802304
957996425744453632
957996029806292992
957708194301841411
957675046792724485
957380350988169221
956544204079075328
956231379880239104
955718017962467328
954866473289355264
954747675878019072
954489478248390656
954393036297039872
954182757244198913
954021477040443393
953834899655614465
953443955789783043
953411999282663429
953314299144998912
953313608699645952
953083727470645248
952963902924640257
952749553702273025
952749493501530112
952657924920406017
952412150257025024
951898923182055425
951740553242259456
951740060038320128
951739632814784512
951739411649236992
951431047841009664
951431027414663169
951430651923877888
951234159363743744
950886084392734721
950860597213745153
950855689521508353
950808106040221696
950807775088652288
950807537137446912
950805090683752448
950803588971941888
950800206030888960
950742796507508736
950499598900125696
950499540427210755
950497692790280192
950440542692929536
950440188886601734
950432727316168705
950424345364566017
950424188405329927
950423897371013120
949933635829944320
949927769781219328
949927596392964097
949782387864559617
949645512860405761
949645409869328390
949287230815784961
949200665422725120
948826943977349121
948826647268077568
948826526165929984
948822414816894976
948691976219774976
948690448142520322
948682872130596864
948626382795534338
948607424520482817
948606943874179074
948604486896975872
948604176476590080
948603942317056000
948603806685810688
948342149464166401
948327627101786112
948297520186318850
948297010075103232
948292033462063104
948291491545387010
948290767918944257
948288540663861248
948049310461104128
948049270078431232
948049087043129344
946819125946585089
946631540418777089
946631480285040640
946631323602612224
945887772149190656
945120769138413568
945120684858138624
944501829542580224
944240830172291072
944239622133084163
944239455275188224
944206522657239045
944204485865467905
943885930401845249
943879719954583554
943686330676064256
943521903771308032
943521311824936960
943520895481647109
943518777643282432
943518308304916480
943517206389895168
943516315993731079
943514754731204609
943514651089874946
943514568269189120
943354598965866504
942965288563281920
942858958166986752
942442430074441729
942413426894278662
942413313224429569
941818516826501120
941741528199974913
941734156584869889
941677177455693824
941224220880760832
941027905953550338
941027721328685057
941019427746795520
941019231986028546
941018820168376320
941018484049399809
938082551201181696
937948815734210560
937779630471372805
937732561614360576
937730740590170112
937730564584562690
937591176022183936
937511989169016833
937511941823754240
937511742388785153
935624248168779778
934710164833341445
934709793800978432
934709704080674816
934707192598532096
934707124449566720
933285562168905728
932535381706334208
930824031691051009
930823484623728641
930591186703867904
930384194789920768
930166720563642369
930166557036220416
930166244459806720
930166152042614785
930153434224955392
930153245523300352
930152818849271808
930152457463877632
928910296613302272
928910167109980160
928910149762387968
928910073648373761
928909871482851328
928807573666574336
928798696380227585
928653340807974914
928316205844303876
928316153994334208
928290078429990913
928281957707976705
928281562080337921
928281023754002433
928074645982580737
926708830607724544
926377977583161344
926377335221358592
926374697905860608
926292000923627520
926202473659949057
926172501029335040
926172315313983488
926171488058859523
926076275600646145
925942085919936512
925375539610902529
925373480044023811
925372589253578757
925371934459777025
925152567201533953
925145420355031040
924922527515860992
924915136632115202
924586236467122177
924182971854348289
924079682173177857
924079528208752641
924078542186524673
924078436804710402
924035867953516544
924035782272258048
924035709073313792
924035125347799040
924034991625003008
923979126259814400
923685871219601408
923685691334242304
923597755754401793
923592078143213569
923591871649255431
923591614412607489
923591100304117760
923590877183905795
923590576523575296
923590353244090368
923383463746637825
923176393088946176
922838721032019969
922661059152007168
922361002192228352
922360431347421184
922359392850333696
922356306102640645
922299967213010944
922299431046860801
922298746737750016
922298593981161474
922186403362037766
921736543961780226
920953744673656832
920570054089027584
920566440863895553
920565422440812546
920340974378856448
920183099941670912
920183041510830081
920182987479797760
920182845498372097
920063297583493120
919681961458917376
919681901383901187
919503694336610305
919503279721205761
919502429103775744
919502258538209280
919502032893071360
919501951959740416
919501792161009664
918274918172839942
918274684466221056
917914944825430021
917614070819381248
917613892943130624
917082842252959744
917082608999247872
915835826118021120
915635769737441280
914926834512482304
914926761762226176
914054584930365440
913405685089652744
913405515631353856
913146808871804928
913137425500827651
913137339890794497
913137194642132992
913106826903920644
913106751205122052
912928611287617537
912928552726736898
912928264347406336
912685984281702400
912381075778924550
912369248563073025
912352003996684288
912318934690533382
912144901722255360
912144851893985280
912144795572858880
911039624566460416
910528547504234503
910366552683352064
910215451115966468
910212801217654788
910183508869632000
910183202635034629
909899592581435393
909829756027367424
909816154570534912
908383679323541505
908374025499545600
908362886371831808
908242515274461185
908237698661588992
908013650027347968
908013381155729408
907988591439224832
907983900890234880
907978152160501762
907860407301410817
907579085643288576
907484946935287808
907149651912089600
906802016156090368
906576633322188801
906157975068434432
905453964644241412
905453695994912768
905453255257415680
903257420805308416
902893423371456512
902893211907174400
902892958390870016
902892816896024578
902879895793143812
902781818268782593
902696194157268992
902474586348019712
902344394908557313
902344341007593473
902248371510968325
902211070353448960
900912796581462016
900517450252521474
900508448349192192
900202141540810752
900201889723240448
900088447137984513
900057499495268353
900024159228616704
900020564399710210
899660744429580290
899658636787687426
898220374067904513
898219674957209600
898215280673001476
898186163663589376
898184845653921795
898178134977253376
897930018466050048
897927859364175873
897908919212879873
897875233415323650
897875024438231042
897871791766556672
897871621645631488
897542165907341312
897297663267414016
897232995853242368
896523073649639424
896493273845448704
896492740921352192
895333943586701312
895300283814858752
895021020993728515
895020791783456769
894919580489064448
894919475694272512
894533062347943936
894256819702571014
894256587656900608
894234703712186368
894233823776571392
894195613310603265
894007623531601924
893131267516092418
893115543967997953
893111675280400384
893103580470792193
892935426213904384
892935085615452162
892613611054616577
892613427020963840
892613341977378816
892613289146036224
890752616879329280
890354015313297412
890313588862308354
890219053264117764
890216895139512321
890216317084676096
890096880637677568
889871287891275776
889847395361714178
889580996542287872
887757212432695297
887740458629296128
887146073176776704
885498092577058816
885221869871394816
884965089048223744
884964099695665152
884963880811843584
884963794052689920
884800380131041282
884800232537686018
884799999032397825
884794207570972673
884794011009126402
884413287080882182
882876772408229889
882876734017871872
881914977262735361
880610312881418240
880610176453226496
880095411226247168
880095239293345792
879716484779573248
879716292562964480
879413149098790914
879408594567000064
876454093992083456
876436600665788416
876069529788456961
876069028397174784
876068469074141184
876068378502283264
876068341693030400
875435231326515200
875435025663000576
875391910977822720
874753443025620992
874655831391961093
874655730711900161
873208367250104321
872489143728840704
872112969106284544
872112443866198018
871566402892812288
869984835032502275
869654516572065792
869654362276155392
868094617677438976
867559730000142337
867559109100523520
867558886089379840
867558859715510272
867558817952923650
867558719156039680
867420058074664964
867083881773764613
867078437806239744
867078381057318913
867076790254227457
867073785849139200
867044134309294080
867040468395323392
865576145189785600
865347118474682369
865346980733702144
865346713674014720
865251013598605313
865211016631767040
865207309697519616
865206986853556224
864922534759849985
864922496964997122
864867847629135872
864863586769928192
864862655932231681
864862345050324992
864500229302882304
864483459003232257
864483326127636480
864483206111920130
864288975095287809
864205354997035008
864176363330314241
864175754879348736
862922043829911554
862921764795551744
862920867994640385
862920737052659712
862920686637023232
862920617158483968
862427695766020101
862377910866505728
862252373502242817
862251919364030465
862251035297030144
862250770984521728
862250724033519616
862249433647525888
862247733146603520
861968717067857920
861967321333510144
861966953765666816
861823155727421442
861677819570606082
861665581803728896
861148919656570880
860306485204668416
860182211022213120
860181217571991553
860135894396882945
860135678440558593
860135568688205827
860135508990726144
860135474320609280
860130522990874624
860130111462486017
859783297660059648
859782492848566274
859768560729546752
859768032603852800
859767866761125888
859661681374396417
859661571945111552
859660525147475968
859659753047379974
859659060588707840
859658811682037760
859658521247444993
859658271443099648
859476592841682945
859468538486161409
859468049778397186
859425526016069633
859425335384977408
859425142006525954
859077916445077505
859077812870946817
859032621329911808
859021597847556096
859019623907430400
858833510525788160
858833365386055685
858758951273476100
858725032243195904
858174439485263872
858064024289910785
858063968887328769
858063671834161152
858063584412266497
857803860580212737
857616993490489344
857616824367812609
857616162431135744
857597901903732736
857597632411299840
857597382669815809
857597230567616513
857596590877540352
857596466612903937
856882337430286336
856867591486361601
856423004766654465
856421848665468928
855454848917131264
855453930226143232
855326824397549568
854766994788421633
854692936847642625
853630949472514049
853214523582492674
852736105673744384
852603220564291584
852595920097202176
852525835890421760
852277448523878401
852277151701323776
852259793679024128
852259695733637120
852259260906000384
852258889680769025
852258706704261120
852251618670243841
852231437885558786
852229665930571776
851823486213525510
851819043287957504
851780831215587334
851602967342002176
851579878319280132
850423006342074369
850418012498866176
850410055786778624
850339268920836096
849914827623583744
849914665425612800
849914556151410688
849914311816482816
849913783619342336
849913095107387393
849912564775616512
849912264824049665
849911965678022657
849911249622233089
849911098669137921
849803160080314369
849802497325748228
849798478083575809
849797971491377152
849797721087148032
849617070786564096
848936872567070720
848936475576107008
848936142909177857
848936092967608320
848935341977477121
848914958888861698
848914453441728512
848914045340143616
848913753949208578
848913456489263104
848913372284375043
848913132915392516
848912987876458496
848912613346086912
848912214883000321
848911308972019712
848910953039179776
847515669834973184
847515618513440768
847515388891897858
847513432073129985
847348620961619968
847340795518566400
847275448849448960
846979424226562048
846789648886218752
846789530233552896
846582606749667328
846518725528424448
846500337599086594
846365800776830977
846361181917003776
846253163351027712
845865695648894976
845004062231855105
844938507391025152
844931236082659333
844921749540130818
844213258265509888
844049500385804288
843155546144477184
842518353537351680
842353069073428481
842109670810632192
842108381104078849
841461939972759552
841356724405690368
840918505507680260
840644938832453633
839936860000505857
839932350314196992
839922802257952768
839521156738736129
839498692675702785
839488021988786176
839414719438065664
839414122936745984
839413384974053376
838864250831515648
838854508511903744
838837460348059649
837765268403273728
837685048023339008
837644254512046081
837392753214500866
837392430525788160
837352123620786176
837340972702916608
837068602289307648
836846209281241088
836844976336224256
836844735444713473
836843485621813248
836776468608860160
836766305088913409
836336361145843714
836301423889551360
835876103805874176
835405677124325376
835216520594739200
835216331024789504
835167538820616192
835156710494973952
835156403610341376
835156188622905349
834888627104727040
834840734075351040
834768152932278272
834484028879286272
834471264580411393
834422873703981056
834200570596560897
834161873167720448
833763085345234945
833691108777553920
833390865137610752
832371798276706304
832371168258748417
832363252734623744
832361302253240320
831917068824039430
831907583208386561
831905780819435520
831879886000254977
831522500781699073
831522301850038272
831190815087194112
830801496346329093
830101800833384449
830065683971072001
829909305625284608
829854471291359233
829852256686186500
829412103886880768
829411707596443648
829411106573713408
829410521715789826
829354712126349312
829351190353833984
829177557710995456
829170038406074369
829143108512145408
829057856972406789
828959331064356864
828778679220178944
828778480066244609
828747395357872128
828747091769913344
828747030658957312
828735830286016512
828691750357200900
828675464986234881
828675334530822144
828627695294640128
828627364229812224
828614578028347392
828089605320798208
828066491090223106
827975408779931649
827974489396957184
827949520440922114
827949416850014210
827949340622782464
827937671540514816
827910465095335937
827612654701314049
827582189294460928
827578973756481537
827502512899026944
827366418920390656
827366176493797377
827366126069960704
827338263396487170
827337609764564992
827337409729806337
827337038307422209
827336931843440640
827335998178783238
827335412012240896
827335166444109824
827334121005400065
827330965106282496
827277049324728320
827276549204291584
827170110989164544
826619461134344193
826619295606112259
826531097215430658
826524721697128448
826523001839575040
826448959413555200
826260792626577408
826260341256495104
826247061825806336
826246902370951168
826211688999481344
826086152591519744
825776467686547456
825774913977856000
824710986238226435
824703574827565056
824579680309309441
824289944327847942
824289276200448000
824267484983414784
824266913761071104
824266690515103744
823521521733926912
823519534472724480
823337338109644800
823221399548493824
823171517475356672
822477471098478592
822126518939815936
822120353480769536
822119863799967744
821898108976111616
821897903027392513
821897586244198400
821809425010794496
821521522976288768
821413238550261761
821390291236229121
821389606247600129
821387713874116608
821386585124040704
821100304619937793
821100138785542144
821098758553436166
820672558454472706
820326299998752770
820326173364330496
820326044649537537
820325951116627972
819920402499731459
819920169761984516
818836560925708288
818836144955629570
818832901101993984
818680499954663424
818621285437755392
818472104882536449
818455496873115651
817416166855639040
817415968376979456
817392419717206016
817392329006940160
817391156568977409
817063888273502208
816965894354116608
816962811070910464
816962281384902656
816962051688005632
816765216314822656
816664472806916096
816663779194916864
816663412381978625
816661801437921280
816384429815898112
816125776651321345
815156064857493504
814976708554137600
814854160017461248
814834702045552640
814128637955948544
813392430158462976
812638943820840960
812638186883129345
812638165089533953
812637849120022528
812637678512566272
812518822779490304
811955089665622016
811950009117802496
811769594700582913
811687973708242945
811683515091812352
811683097100091396
810852088779575296
810679197505097730
810678749456957441
809782825750790144
809689568731660288
809418380100988928
809418283933908992
809418032619655168
809401240601890817
809400939790630912
809400735221870592
809400380350197760
809400120315965440
809194787647655936
809073169936027648
809070483333386241
809069654094315520
809069448913162241
809067715562524676
809066927813492736
809057801712660483
809055186945769472
808717281769492480
808716935726825473
808714168643751936
808713987210801152
808713713154924544
808713443616452608
808396687916077057
808385205287329792
808332928342233089
807599375664955392
807599119988621312
807425883799687168
807424962428542978
807299298862006276
807299140405329920
807299092862869505
807298796577320961
807298341101064192
807240837386108928
807240110982987776
807239231949176832
807234504519716864
807234381677031424
807233191207702529
807232543682658305
807215353696751616
806623257453535232
806523807020314624
806522046368940032
806521152432734208
806505018530611200
806422825917681664
806422630924505089
806419345169678336
806419119990075392
806418977308233729
806418418920464385
806415340976611329
805841830667493376
805819217832460289
805814079411654656
805800880440299520
805051863221485569
804694679958630400
804677974800809985
804658863563644929
804658335177797633
804512124395343872
804381591724179456
804031426056298496
804031240961687552
804031083151032321
804030958563368960
803711403802533889
803711343052394496
803615903556321280
803615544574431237
802903447703957504
802902395965489152
802900922502434817
802900540350791680
802832279051661313
802698830152134656
800867693129777152
800867577060851712
800737843182243841
800737539497852928
800250223771537408
799343894311772160
798659177140932616
798565639082442752
797496352557174784
797404927538720768
797159898069028865
796855730481623040
796855726199152641
796855648894025728
796855621291298820
796810044763500544
796809745780895744
796809518919405568
796258388216836097
796257920354840576
796257607472336897
796257095041609728
796256905568067584
796256566211203074
796198695582728193
796086858811928576
796004533952516098
795989564510928896
795695251549810688
795447366010728448
795273359542124544
794972411385040897
794971775989911553
794971651377135616
794636738710958080
794280315581857792
793904901063524352
793803830525779969
793502808024711169
793450280058810370
793410821694955520
793407450103762944
793407194607734785
793059527860027392
793059408775446529
793058641268117504
792988738355728384
792719134312259586
792356964118306816
792019330099740673
792017226484346881
791720700977577984
791656931941310464
791625460409065472
791610566896910337
791462462147158017
791462422703996928
791462301752786944
791381690400792576
791380953918738432
791375843327180801
791251690775277569
790988500275437568
790987781719920640
790949658927460352
790939272891236352
790939146911186945
790930695552139264
790929875435720704
790651021307613184
790635151038504960
790566391342632960
790565806883147776
790469533651836928
790468896176340992
790466209963708416
790356396956983296
790203513028608002
789471531634130944
789149629673721857
789142825040347136
789116084750200832
789111185882742785
789107486821318656
789101926637981696
789101641093877760
789101083482140673
789060466714836992
789060374859489280
789060198543552517
789060119938072577
788949518532435969
788927147951828996
788826165876228096
788826144686604288
788752886067060736
788745212294201344
788743934189170688
788523202003800064
788448671322996737
788412276646830082
788172343852011520
788170993504284673
788097438343131136
788085172235333633
788084929712095232
788026770956161024
788026669084868608
788008177015132160
787924550789042176
787924431054237696
787918023650865152
787917525417852928
787304434820870144
787233941656920064
787233712715010048
787233107766284288
787230106376736768
787121136135991296
786965535535792128
786945971490086912
786945733702352896
786941895872286720
786941208769728512
786939923634982912
786933821111402496
786933007483539456
786932623746666496
786697927360143360
786354577205436416
786354213567668224
786209332777988096
786209097230102529
786208733995028480
786208458647347201
786208241936011264
786204245980688384
785879630053904384
785596371403284480
785533983350222850
785530409853607940
785528904534687746
785528633247039488
785382414994575360
785376965767213056
785374245861724160
785090547568508928
784491069673209856
784410515313426432
784013772818030593
784013601958944769
783955705015463936
783955292698599424
783955191993344000
783955099894906880
783497317219524608
783308146575970309
783306958308638720
782742322668789761
782503152159305728
782497340527484928
782494425389813760
782494008467595264
782492717171351552
782394568239046658
782358001587920896
782328223367651329
782311203494387712
782306587176239105
782279860584583168
782279569495695360
782279232105906176
782278913561128960
782254389083926533
782242916899184640
782213019338178560
781921868341215232
781837855073169408
781837259763048448
781836935094530048
781836878374985728
781836702843277312
781801472203816961
781801400783269888
781801363848237056
781787278867853313
781787206721634304
781787045542948864
781569823096639488
780752827559907328
780586544189046784
780586302890713092
780586188230897664
780585885830119424
780582899741581312
780582360777646080
780581952734756864
780580704736468992
780411868414435328
779652847512252416
779427668668346368
778958990952640513
778702935765110784
778699350511800320
778610242510811136
778609782622224384
778399187025195008
778302664392179712
778268957123809282
778076197213179904
778071788265705472
777493690063269888
776756527348670464
776532695023312896
776532592711593986
776532482195849216
776532320883007488
776532266017296384
776532155996467205
776030129982091264
775434714136076293
775388812834922496
774336776735424512
774332888749895680
774332411555549187
774324112525258752
774323813525950464
774276836054491136
774067142362746880
773961436095709185
773960879721308160
773642501001506817
773633560368517120
773627037894467584
773584620789108736
773582051438104577
773544483480678401
773299873781280768
773267724558565376
773232919297060864
773227042687033344
773007204895121409
773000157407371264
772972086247776256
772849885661978624
772142151681601536
771847741882437632
771843501021552640
771843232946761728
771843191985188864
771753911380312064
771752712170078208
771347914295738368
771346657564852224
771343093513740288
771179241329143808
771065413866295296
771025719778480128
771024639019679746
770995170938654720
770987345629806592
770987037587562496
770982119346737152
770952187656695808
770685413862367241
770676621468631040
770676105074319360
770676017384005632
770349680366616576
770331764204109824
770299453723074560
770266919379218432
770265289204400128
769645736816418819
769522656538398721
769521820353560576
769518867425202176
769240645194149888
769236492896067584
769236372108546048
769235669432537088
769229882920501248
769206600171196417
769182474471563266
769178227239743488
769172374143037440
769171876585373697
769171625707208704
768567337461096448
768567312777609216
768567287527813121
768548796087361536
768548265348501504
768541449969295360
768453556173025280
768452446116941825
768449638705815553
768449094482292736
768445359475404801
768445112045056000
768137422798458880
768137357858054145
767750524317892608
767741463455272961
767731298324606976
767725326310846464
767283210350911488
767061211758354432
766776430051065856
766675375191654401
766648563719864320
766647975309434880
766647742475145216
766644750476861440
766640243126706176
766639990587654144
766637857356312580
766635614980673536
766623728868454400
765634535631368192
765632795062525952
765573546689036288
765548868738187264
765546211269046273
765281483313541122
765204165001969665
765195617694089217
765188973140537344
765187949684101120
764505814166016000
764503519936311296
764465122110832644
764222515237486592
764196924140425216
764195785038626816
764190771616608256
764185044093177856
764184528537649152
764182533747585024
764177739582615552
764176646156857345
764171532880969728
764166991242366977
764165976359313408
764165607600381952
764164970468737024
764164312176922624
764159196942131200
763940324053876736
763874556457123841
763212779813765125
763208733815996416
763183635683946496
763183024691220480
763181514993508353
763055758825095168
763054353951387648
762705097570779136
762701131499859968
762673726806695937
762665223761244160
762000870531825664
761965423273373697
761707052758667265
761652751038238720
761641201493643264
761632737803505664
761612128411418624
761593221407510528
761584702146961408
761578366659100672
761570833651343360
761272670386262017
761207957367455744
761207157060755456
761204153687367681
761200615317909504
761199905222254592
760972390675386369
760972039910031360
760852582814343168
760580667658870786
760561683286913026
760552259155439616
760523352700166144
760518946520956928
760516675926130688
760220193536827392
760166247413772288
760141596247617537
760121245040017408
760121007327834112
760027136761683972
759715960030896128
759715823283994624
759715306176675840
759714860196360192
759714662376173568
759714495635845120
758659742717706243
758540813404082176
758540517084921856
758540239912722432
758539527254343681
758486719146684416
758477920943898624
758477235439411201
758355545568849921
758354649460068352
758354507235336192
758315713320845312
757844576216322048
757676203725713410
757676015229468672
757675969066901505
757675892722266113
757494161830535169
757305619120549888
757305415331897344
757304880579108864
757304258849042433
756671640352722944
755588382466662400
755588043734650880
755587443286482944
755586362670211072
755586234659942400
755584930235682816
753955922695905280
753924892274397184
753923360971776004
753923004502016000
753922994867666944
753916436297486336
753588885326823424
753521607830802432
753339137307054080
753337089974996993
753257034330566656
753250024998469632
753228642877046784
753145850382192640
753144689482686464
753144119854297088
753143935049105408
753143748796751872
753143467564380162
753142949404348417
753142000728338432
752865954892279808
752793244862406657
752792600294326272
752791743712620548
752791694978977792
752718953953292288
752548114180038657
752523407749767168
752514223633272832
751656706225168384
751446009964814336
751432747969761282
751421578601259016
751421361306923008
751420849673175040
751420490150019072
751419462440652800
751411654064209920
751050465605984256
750848783374745600
750819724204904449
750819320947675137
750818810672873472
750818283788599297
750812691313205248
750808381301010433
750766153019092992
750765476721164288
750765246889984000
750765045328572417
750359842100015104
750352259721068544
750346074473238528
750345559697920000
750327779296706560
750326506358992896
750316151905869824
750316101528150016
750316057773105152
749937193360195584
749937090054479872
749937001789591552
749532779625545728
749327140529827840
749326312037355520
749101890978222082
748969686876946432
748968543182520321
748968473469018112
748691306394845186
747051031410974720
747050947185115136
747050858634973184
747050803685429248
747050766221910016
746887852965912576
746687350638424064
746687240516968449
746686888086372353
746686471906594817
746441686755254272
746433224436383745
746422745441808385
746415517263527940
746075129629794304
746033191446806528
