1321211667829739525
1086000447821889536
1086000446362316800
1086000444659372035
1086000442876801025
1086000441090019328
1086000439081033735
1086000437021630465
1086000434693705730
1086000432328130560
1086000429983506432
1086000428045815808
1086000425910878209
1086000423469809665
1086000420932194304
1086000418776367104
1086000416087773184
1086000413441171461
1086000404175953920
1086000402024353792
1086000399612555264
1086000397054078976
1086000393757360129
1086000390158594053
1085999601843347457
1085999599763050496
1085999596722098177
1085995777250471937
1085988232330911745
1085983288584474624
1085975764439392256
1085975759523663875
1085975754779881472
1085974395758264321
1085970596318593025
1085970194936274945
1085970192994390016
1085970190880395264
1085970188619649026
1085970184026898435
1085970181833351169
1085968100703592449
1085960684712669184
1085960682649149442
1085960678857416705
1085953157971300353
1085945575864971265
1085945573688205312
1085945568806031360
1085942965342740480
1085940455420903424
1085940452317106176
1085940450563944448
1085940426278952961
1085935326361731073
1085931581091516416
1085930393889591296
1085930390651572226
1085930385765208064
1085926618361708545
1085924002785300481
1085915284366655488
1085911450701434881
1085909728918568961
1085909726758617089
1085909723512274944
1085902647389876225
1085900329907089410
1085900326266376193
1085897670013665280
1085881300047880192
1085871200943964161
1085871197546598400
1085780726719475712
1085765472417665024
1085758695424880640
1085734085350379521
1085728447006003201
1085728444950896640
1085726541860941824
1085718891941179397
1085718888438853632
1085698396470562816
1085698393815568384
1085698390682492928
1085698388430069760
1085698383640252416
1085698380012179461
1085698376400859136
1085692516572319746
1085692513116217344
1085692509974679552
1085677394726436864
1085668071040270336
1085668066275536897
1085668064123867137
1085668059589869569
1085668057794658304
1085668055693357056
1085662318086815744
1085658681629302786
1085654973466046464
1085653725052526593
1085649717353041920
1085644760788873217
1085638403826294784
1085637092577890304
1085637089281130501
1085634674716786697
1085628466609963013
1085628199894171651
1085628197214007298
1085628194064138245
1085628189991464962
1085628186141036549
1085620784188526592
1085613498468614145
1085613495557726209
1085613488188342272
1085608195102593024
1085608191566757889
1085604452701298688
1085598255910662146
1085598252630769664
1085598249371742209
1085597958429659137
1085597954101133313
1085597951022587904
1085597948510130176
1085597946358497281
1085586848070676482
1085584362018607104
1085583203979718656
1085581923626508288
1085581920614973440
1085576686995943425
1085573042896556033
1085568007647256577
1085568003901657089
1085568001200529412
1085567809671843840
1085567806949810177
1085567805334925313
1085567802285703169
1085560414535118848
1085541513118056453
1085537800387284992
1085537797333753858
1085537794099986438
1085537707034578944
1085537702156607488
1085537698868330496
1085537695441584128
1085537693369597954
1085537690047660040
1085535320345595905
1085508752139276288
1085508750268661760
1085508747647164416
1085493444246716416
1085418266657476608
1085403075135893504
1085386743992512517
1085386624085737472
1085356607964409859
1085356603124129792
1085356484207263744
1085356481963274240
1085356478117089280
1085356475902578688
1085342778396155904
1085342775254700032
1085330216912936960
1085330213087649794
1085330210596290560
1085326072344924160
1085326070268739584
1085326068347817985
1085326063276822528
1085307479683227649
1085299972445220864
1085296403214143491
1085296397308649473
1085296037454057472
1085296035386327041
1085296033461166080
1085294838285811713
1085291076494282753
1085287334382370819
1085282377620963328
1085282373976104960
1085282370817802247
1085279764338933765
1085278488460955648
1085277239086907392
1085274762362920960
1085273303089143809
1085266170691928066
1085266015636856838
1085266011811647488
1085266010096185344
1085266007168565255
1085266003842326529
1085266002168999936
1085265999795023872
1085252213684006912
1085250981527465984
1085250977974890497
1085250974380421127
1085248343981346816
1085247182285008898
1085243253987921920
1085235905814769665
1085235902119583744
1085235897619136512
1085235894511112194
1085235891772248064
1085235694837133312
1085235692224106496
1085235689048948738
1085235685819379713
1085235681927020545
1085235677262942210
1085235673442017281
1085227072300171264
1085220771436343296
1085220768433270784
1085220764125724675
1085206842840633345
1085206841213231104
1085206837195128833
1085205640270802944
1085205636479111168
1085205425765650435
1085205424113094656
1085205422146027521
1085201865380380673
1085199200890077184
1085199198931300353
1085190623173304322
1085179237873659904
1085175439038054400
1085175436890554368
1085175432197128193
1085175299183136768
1085175295466979328
1085172961785638914
1085146346439540736
1085146343277019137
1085116201087496193
1085055945821044736
1085040673097691138
1085028085798486016
1085024399336591360
1085024263185289216
1085024260396060673
1085024257191657473
1084994236385251328
1084994229686935553
1084994222573395968
1084994220115529728
1084980363716378625
1084980360142831616
1084975219272491011
1084975217204703233
1084975214457425920
1084967716111421447
1084967713678807040
1084967711019544576
1084963734748127232
1084963732097249281
1084963728632791040
1084963725940011008
1084960237130534912
1084947588510613504
1084935240559353857
1084935237107417092
1084933804245041153
1084933802307145728
1084933797999718400
1084933795650912256
1084933792417153024
1084928064138686469
1084919342284918789
1084911552086659073
1084904179825627136
1084903417024270336
1084903414797164550
1084903412481867776
1084903407578697728
1084903403824840710
1084903401069166592
1084897803749548034
1084890239531958278
1084889129622663168
1084889126363676672
1084889124639772673
1084874072738156551
1084874070418698240
1084874067038162944
1084874064727023618
1084873323979460608
1084873321282453504
1084873318346428417
1084873315267891200
1084873312923250688
1084866433606139904
1084858906030080000
1084858904037810176
1084856255842263040
1084848713284157441
1084843756640264193
1084843752915697664
1084843750260641792
1084843045265334274
1084843042266365952
1084843039615582209
1084843036478197761
1084843033114431488
1084842377565614082
1084828595145584641
1084813509781794819
1084813507739242496
1084812986534060032
1084809731896758273
1084795884095848448
1084790793565540352
1084783275925823489
1084782654212452352
1084695214936260608
1084663672251793409
1084661882521337856
1084633484537278464
1084631571158745089
1084603305182052354
1084601261410926593
1084574453055537153
1084571264289787904
1084571261924077568
1084554322103451649
1084554319284842496
1084554316395003904
1084554314314641411
1084554310883655681
1084549199788756992
1084529095512375297
1084524048850259968
1084524046291734528
1084524043137617920
1084517779850645504
1084511493087997952
1084493949325230080
1084493944753401856
1084493942824026113
1084481273547186176
1084481269973610496
1084466224384434179
1084463683147837442
1084463653842313219
1084456140266766336
1084451060083765249
1084420951809449984
1084418903806222336
1084332761991839745
1084301306414727169
1084271141148114944
1084252315115245570
1084252311654985728
1084240906419617792
1084234668726276096
1084222045280522240
1084222042315153408
1084222039379066881
1084211975889006592
1084191853061246976
1084191849819111426
1084191847214387200
1084191843913478144
1084191841971519493
1084191839085883398
1084186787231215619
1084180570517762050
1084161664210079745
1084161660661743616
1084161658828791808
1084149070640353280
1084149067591155719
1084131522020548608
1084131518132482048
1084131514474991617
1084131510473641985
1084130217059336192
1084118821550673920
1084118819013046272
1084101252621975552
1084101248079589376
1084088730103750657
1084088727432036352
1084073561508196352
1084058478812037120
1083980464778592256
1083970363388768257
1083950286895570946
1083950283015811072
1083939042553675776
1083908819300814848
1083908816666849280
1083898698134966272
1083889845234270210
1083889841664901120
1083889837529284608
1083878660585721856
1083878657846853632
1083862200580755456
1083859646459330561
1083859644630614016
1083859640935419904
1083859638234370049
1083859635075989505
1083859632488177671
1083844929045045249
1083840994519535616
1083832331213983745
1083831138681044992
1083829455901077505
1083829454076563456
1083829450268180483
1083829447676047360
1083829444861747200
1083829439417499649
1083828557317656576
1083825950876450824
1083823544650338310
1083823540174901248
1083815990679474176
1083812114261856256
1083809556717862912
1083801174300651521
1083801169531727874
1083799284431183872
1083799281541226496
1083799279427301376
1083799277200134144
1083794551494664193
1083793248647372800
1083787107846549504
1083787104256176128
1083785809113829376
1083778141301211136
1083773135747465218
1083770822546911233
1083770820093231105
1083770816557400064
1083769555057590273
1083764280518938626
1083756822060822531
1083755642026905601
1083755639938183170
1083755637681676290
1083751832374128645
1083741814375501824
1083740475218108416
1083738886965219333
1083738885681758208
1083738883374964737
1083738881353281536
1083736665972191233
1083733015279357953
1083729074462302208
1083726648384602112
1083726646195163138
1083723986159263744
1083711526199017473
1083703994424410113
1083697615894728704
1083673717731938311
1083607037425131520
1083590746341625856
1083583196040695814
1083557639924211719
1083557638179303425
1083545485963612161
1083545481974812674
1083534006224896011
1083530329200181249
1083527464360521728
1083527462158520321
1083527459864236032
1083516413120339969
1083516408254865409
1083510260659355648
1083501383121362945
1083497358544068608
1083497355477991426
1083497351967318016
1083497343943610371
1083497339417968645
1083497333776678913
1083483891447595008
1083481224004468736
1083478697494134789
1083469874809196544
1083468780746014720
1083468778233647116
1083465622103707649
1083465619264151553
1083461195401699334
1083456029164220419
1083454837432434688
1083450961874563072
1083439677024161792
1083439668530679808
1083438579781697536
1083435383088693248
1083435379087368194
1083435373756366851
1083435368752603136
1083435363924877312
1083435359831318533
1083435356136054786
1083433380199493633
1083424647708848129
1083424646232444934
1083424642893836289
1083423322942124040
1083412182476439552
1083412176927424512
1083409546289254400
1083408288706899974
1083405286537342977
1083405284406714375
1083399397667491840
1083394414976946176
1083393220086775810
1083388103761555456
1083388101458870272
1083379394394185734
1083375006896267264
1083375005000495104
1083375001724702722
1083374998037897217
1083366743786041346
1083364357344505856
1083364354446233600
1083360425956306946
1083349142087323650
1083341529987592192
1083332939402956801
1083311314720735237
1083244585445396481
1083244582249340929
1083228260090155008
1083223962384023552
1083220756694224902
1083200567382556679
1083193818390904832
1083193815354220544
1083193811524829184
1083183010109931520
1083183006980935680
1083171634989678593
1083163642181369857
1083163640159748098
1083163636498157568
1083163634543529989
1083161580395790336
1083159212925042689
1083154025929936896
1083154022394146817
1083150314054840321
1083136640548253696
1083135188522201088
1083133425312243713
1083133420828536832
1083133418056097793
1083118894288699392
1083118890899697664
1083117532339412992
1083116267698114561
1083107598138855441
1083107593588035596
1083106332973191181
1083103334863720451
1083103331856322560
1083103328748351488
1083103326533832709
1083100001142751232
1083092393614893056
1083091160996945926
1083091156467109889
1083091152268652546
1083089866647314432
1083089863161929733
1083088664857587713
1083086148866637826
1083086145360146434
1083086141287550976
1083084861617946624
1083083739440254977
1083083735287902214
1083081013494976512
1083081010882011137
1083078568157032448
1083077277410357250
1083077275153772544
1083076180545286145
1083076175763828741
1083072957545631744
1083072955561754624
1083072951904288769
1083072950071382016
1083072948028801024
1083072279913922560
1083062208727273475
1083062206663659520
1083062204063272960
1083062201882238976
1083061011660369920
1083053432397852672
1083050844373876743
1083048370078445573
1083047240711716864
1083045905815793664
1083045903290810369
1083044529647874050
1083042795726782464
1083042791175999490
1083042074952314880
1083031977131950081
1083031973591949312
1083031971448672256
1083012578698321920
1083012575871320064
1083012572188692482
1083012569953198080
1083010565478457345
1083004372076978177
1083001837274443776
1083001834552414208
1083000682393817088
1082998107820953602
1082985552629112833
1082983143295123456
1082981677117460481
1082972882345570304
1082970519463514112
1082966752856821762
1082965285542477824
1082882185860993024
1082865905766486016
1082861634291408898
1082858331981508608
1082820630582624256
1082820626463756288
1082809272461856768
1082805577947009025
1082801191879409669
1082801188800786434
1082801187043373057
1082801182547103744
1082791630665601026
1082791628908216327
1082791623631794176
1082785357123457025
1082774232604598275
1082774229672710144
1082771004210978816
1082771002428456960
1082770999043596290
1082770995725905920
1082759263892791297
1082759260457615360
1082757634757984256
1082754138855870464
1082750337046536199
1082744185986387968
1082744182886797318
1082744174074564608
1082740920062275584
1082740916841054208
1082740913754042369
1082732845951582212
1082729048801984514
1082729042418253824
1082716373787254784
1082713995012902912
1082713992190152704
1082710582397202433
1082710579180171264
1082710577217241090
1082710575145193472
1082710573136207875
1082710569281556486
1082698833841270785
1082698830309715968
1082698827700817922
1082693723597819904
1082687468325998592
1082684956135116800
1082683833508679680
1082683830211874816
1082683827103952898
1082680425254916096
1082680421413015552
1082680419311595530
1082680416174333953
1082680413179572224
1082680411375980544
1082680408012136451
1082670000052285440
1082668722920275975
1082668719812284417
1082664952610078726
1082664950760464384
1082662255597101057
1082653626676461568
1082653623367159810
1082650237427245056
1082650232549269509
1082642351477141504
1082638538397679616
1082638534966677504
1082635878286221312
1082624484664856578
1082620035573649409
1082616985320591360
1082609434554232832
1082609431186165760
1082609425033117697
1082608600013512704
1082519059160289282
1082513877789827072
1082506272296050688
1082503727649566720
1082499296124194823
1082499294098345985
1082488580449161217
1082473535073849346
1082469001069031424
1082468997684215808
1082458431464898561
1082458429548101632
1082438894384226305
1082438892459118593
1082438889086873604
1082438885676904448
1082429483544649729
1082429481380388866
1082429479589425154
1082429476670181377
1082429473604145152
1082425726387843072
1082415774541799424
1082409359357997061
1082408673702543360
1082408669852119041
1082408667436195843
1082408664902848524
1082408660368875520
1082408655524429825
1082398099442683904
1082398096410202114
1082398093889490944
1082396974085754880
1082391709898674176
1082385475963371520
1082384205454159875
1082381788968898560
1082374192971042816
1082373425581211654
1082373421927940096
1082373415636369408
1082373410737532928
1082373406362865675
1082373402223091712
1082366630053728256
1082366626681491456
1082366623259021313
1082360302639943686
1082351544421572608
1082351541145739266
1082351538352386050
1082351534539718656
1082345334876106753
1082343382175965184
1082343378895933440
1082343375683158021
1082343372239589377
1082343369521672192
1082341515475800066
1082336486849212416
1082336484504543233
1082336480951971840
1082322605485510656
1082321386578853888
1082321382564904962
1082313004585226240
1082313001468866563
1082312997924683776
1082308703385194497
1082307450592735234
1082306364238639110
1082306362053484545
1082298679191617537
1082297344564047872
1082293625315356672
1082291214819430400
1082282795395936256
1082282792732577794
1082282789859401729
1082279799274590208
1082277200626360320
1082272259090337792
1082262152508071936
1082254599443173376
1082247080624771074
1082233504589582336
1082219426034995200
1082156434740133888
1082131767946080256
1082126266466295808
1082111351282126848
1082095997696831488
1082095994198740992
1082071409445212161
1082071406458867712
1082067145738072064
1082067142831456262
1082057060265705476
1082041152595996672
1082041147755761664
1082041145197252614
1082039437238902785
1082035661459374080
1082034573679185922
1082019333075857408
1082011789569769472
1082010961194745860
1082010959080763398
1082010957415624709
1082004308214857729
1081992831206592513
1081989191519666176
1081981586415992832
1081980763023818753
1081980760146538497
1081980755306270720
1081974025717510144
1081974021648982016
1081962705865658374
1081959011971407872
1081950713838817281
1081950711812898816
1081950708931416065
1081950706733666305
1081943879845404673
1081922464488267776
1081913676477751298
1081913672556036096
1081899729389277185
1081884692771753984
1081868567769796609
1081799571469144064
1081794098707787776
1081763806508920833
1081739255020486657
1081739252931665920
1081733672716460034
1081733668526321664
1081708980781629440
1081708978873290753
1081708974821593091
1081708971805822977
1081704688955916288
1081704686070231040
1081678844782878720
1081678841331048449
1081678837543510016
1081675729178374145
1081674490151661568
1081657617678811137
1081650114664587266
1081648630250029059
1081648628261888000
1081648626005352453
1081642585674956800
1081629962573094914
1081627442924670976
1081627439363772417
1081618410323222528
1081618408343519232
1081618404061204480
1081612428146892800
1081612425311518725
1081612421859442688
1081588149258764290
1081588147421696006
1081588144468881408
1081582192847917056
1081558048781553674
1081551968986894336
1081551966969495553
1081536856729239552
1081524258277392385
1081407049538433025
1081407045935525888
1081400988697808896
1081376873635069952
1081370745014493184
1081370742783135747
1081360709550784513
1081346586494537728
1081346584749719552
1081346582006693888
1081346578579898369
1081346575065116674
1081341870716915713
1081341867344752640
1081338137194967040
1081326753728086016
1081316421018226694
1081316418946297856
1081316416350052354
1081316413372055552
1081316410154991623
1081312865712291840
1081310389823029250
1081310385947504640
1081307810208628736
1081305330087313408
1081295284896976897
1081295280295890944
1081287732674981888
1081287709258326017
1081287706397851648
1081287703147302917
1081287699645038597
1081287697426247691
1081287695022911493
1081284038504206336
1081280199168352256
1081280195556974592
1081280193153679361
1081265077783875585
1081265075208572928
1081265071484006400
1081265066593406977
1081258736893743104
1081257545124196352
1081257513390170113
1081257510630244355
1081257507832692736
1081257505232162817
1081257502619193344
1081257501201448960
1081257498101846018
1081249963412242433
1081249959956172806
1081249955405287424
1081249953257869312
1081246154967396352
1081241185040195585
1081237376880521222
1081234933518159872
1081234930166874112
1081234925330878464
1081227351583870976
1081227348358377473
1081227345497866242
1081227342507376640
1081227340850651137
1081227337935568896
1081223542887407616
1081219830248849408
1081219826754957312
1081219822464233473
1081219818538307587
1081214780432617473
1081204656515227651
1081204652954275840
1081197124870684673
1081197121980764161
1081197119703273473
1081192098961985536
1081192094729936898
1081189689997082624
1081185878788268034
1081179469006716928
1081169406586171392
1081166943833542663
1081161906038165504
1081053655476961280
1081046095323693057
1081046092307927040
1081038541038206978
1081015902701842432
1081015899216363520
1081015895374422016
1081008340950491142
1081008338614341633
1080998285253455872
1080985828346789893
1080985826333507585
1080985822810251264
1080979413905362944
1080979406708006912
1080974385039765505
1080959255870668800
1080955600077578243
1080955596357152770
1080955594297786369
1080951316082540544
1080949291106095105
1080941715689820161
1080940491099815937
1080936655111012352
1080932855541317632
1080925322172874753
1080925320033775616
1080925318305722372
1080925317945085952
1080925314803515393
1080925314715394049
1080925311389315072
1080916504613404672
1080909383880462337
1080909379661119494
1080909374023884800
1080902660751003652
1080900151089266688
1080895184890707968
1080895139692843009
1080895138019360770
1080895135188172800
1080895133351071744
1080895131379814400
1080887629883887618
1080887626457067520
1080887624561246208
1080887621797269506
1080885077121384449
1080880077091627008
1080876371398799363
1080872479176957952
1080868739741028353
1080865023327637504
1080865021322768385
1080863638590754816
1080862383877304323
1080857542991990786
1080857540815212545
1080854891298476033
1080852327341453312
1080847278255030272
1080834773915000832
1080834770869895168
1080834767648628736
1080834764041535488
1080829712979685377
1080827281407389696
1080823425843822593
1080819693676576769
1080807025704091648
1080804561533788162
1080799446076661760
1080691256198643712
1080683729922809856
1080683727888543744
1080676200840945664
1080661118371143680
1080658570205638657
1080653536147460099
1080653532947275778
1080653529935695872
1080653526924181504
1080645993186709510
1080645991261454336
1080630902601015297
1080623340455378946
1080623337053872128
1080623333006295040
1080623329369878534
1080623325817245697
1080623322625392640
1080617103680593928
1080617100341899269
1080617097959559168
1080613252290301959
1080610856738713603
1080600780116320262
1080593156805144581
1080593154586435584
1080593150249484289
1080593147535769601
1080593143995736065
1080593140996849665
1080593137406566400
1080593135628177410
1080593132931174400
1080588189461565442
1080585577789964289
1080580591144353792
1080578062843031556
1080569689489588224
1080569686666948614
1080562932256256008
1080562929181822976
1080562926145191941
1080562014311854086
1080556917595037696
1080555673287618562
1080555669596573700
1080551860195471360
1080540574808186880
1080540570991366144
1080540566440562690
1080532779362709504
1080532774275239936
1080532772337446913
1080532770546438144
1080532767010668544
1080531771698106369
1080529218340118528
1080526804857831425
1080525442338168833
1080524280385990656
1080524276816584705
1080522972153163777
1080510369037201408
1080510365673377792
1080510362397667328
1080502711752245249
1080495272520830976
1080494153639837696
1080494150980698113
1080489032210104320
1080479063129636869
1080472460372463616
1080472456580730880
1080472453137211393
1080472450666844160
1080467568937312256
1080465152099667968
1080465149125947394
1080461279129673728
1080453742145748993
1080433859240607746
1080433855780319232
1080425027273715712
1080344315380015104
1080329202111377410
1080314095625216000
1080291124906999809
1080291122734342144
1080283886930849792
1080283883722207233
1080256279728267264
1080256277392048128
1080237434997272580
1080230982995886081
1080222349700620289
1080217127158775809
1080207300747505665
1080207295353704448
1080203826303561730
1080203823958933506
1080199658637586432
1080194500147007496
1080192149730349056
1080192147058581504
1080177011312726016
1080177008561319937
1080177005830774784
1080173620805201920
1080173618716438530
1080163073573507073
1080162040906481666
1080162033016942592
1080151910789906432
1080146840434151427
1080146836743172098
1080146834314743808
1080143470193532930
1080143466078838784
1080137933439553536
1080132883065524224
1080131769117085697
1080125333502939141
1080124190064369674
1080113228905152512
1080113226120155136
1080113224631107585
1080113221485412352
1080105231537582083
1080102781183295488
1080101546329821184
1080096483184119813
1080093964513017856
1080083047590985734
1080078868403404801
1080071438869164033
1080071435677249537
1080071433030717442
1080042353132490752
1079981938088333314
1079962233868898306
1079951713036046336
1079936666628960257
1079932077108273153
1079932073744494593
1079921512600227846
1079921509064417280
1079898765337772032
1079893897688608769
1079893895562125313
1079893891715919872
1079884975955234816
1079872528523374593
1079871686487539714
1079871683392090112
1079871680087052290
1079864910149021696
1079854808767610880
1079844952488714241
1079844950169346059
1079842266376798208
1079841511808864258
1079841509342670848
1079841506423382016
1079841504284327937
1079837345942327296
1079829696257376256
1079814669467115521
1079814666195558400
1079814663767056387
1079811231937118208
1079811228036419584
1079811225834455040
1079800681647747073
1079800679508725761
1079800677390577665
1079800674525822978
1079793139085393920
1079784445417320448
1079784442242187264
1079781052623794177
1079781047821352960
1079781045657133056
1079781040632279045
1079773076085194753
1079770504670654464
1079770502321852416
1079770499759177733
1079764195787395074
1079750829966614534
1079750826124627968
1079744041275871234
1079740333129383936
1079739173303513093
1079717663197278209
1079711390942810112
1079704119739322368
1079688709421916160
1079619562566504448
1079574165924073472
1079569633848512512
1079559068879065093
1079559065146150918
1079531475115143168
1079531471721938944
1079531469230481410
1079509213213310977
1079509211208388609
1079509207630663680
1079509203990048771
1079505051994017793
1079499979490762754
1079497579988176898
1079482822920945665
1079479061100052481
1079479059426480136
1079479056515645445
1079479053663592450
1079475289040789505
1079467729642573824
1079455165529448448
1079452623454027777
1079448836878286848
1079448834877677570
1079448831840923648
1079448828162514944
1079442517769240576
1079437684513390594
1079437682433015811
1079432505147703298
1079432501486071809
1079422503209107458
1079418640468971521
1079418637109338112
1079408632373104646
1079407326543728642
1079388495368671232
1079382140075286528
1079377114179297280
1079377110840561665
1079347033520115712
1079338628436975617
1079328084166356992
1079265137519980544
1079257558567792640
1079242476202934272
1079227369641132033
1079207245366333440
1079207242883309568
1079197278466904064
1079197275614789632
1079197273505128448
1079192143271522304
1079177069186244609
1079168388298084352
1079168386389733376
1079146929286594560
1079146926891778048
1079146924404547585
1079146921908944896
1079120625967513605
1079120622368841728
1079112873224343552
1079105328103313409
1079096100626317312
1079096097799356419
1079096094318100480
1079096089649790976
1079090296951111684
1079075144696545280
1079075141445996544
1079075137553686528
1079065808356237318
1079065804560306177
1079057580851384320
1079047464236257280
1079044908219097088
1079035654166798337
1079035651662774273
1079014723310501888
1079014720202514433
1078999631986679809
1078984624016101376
1078895201383526400
1078865001648214017
1078834775174119428
1078834771629875202
1078829749613543424
1078824202415849473
1078824199974731778
1078805897042972672
1078797076723650561
1078794077536178178
1078794075111858182
1078765588242227200
1078763893529497600
1078763890601803776
1078763888768888832
1078763886772391936
1078758086494638081
1078755480992993280
1078750448671248384
1078749264161984513
1078742966674575360
1078742964736872454
1078742961205272576
1078733697245986816
1078733693089390593
1078733690182795267
1078733688471519232
1078733686747643906
1078733684147187715
1078733681202745344
1078733677843136521
1078727970213236736
1078727966916595712
1078727964773269505
1078727961338171393
1078712781258526720
1078712779123671040
1078712777181679617
1078712775201955846
1078712770399518720
1078707848312434688
1078703467634540544
1078703464199401472
1078703460583907328
1078703457643696129
1078703455269806080
1078703453382287365
1078703449796235264
1078697747878985728
1078697744624222209
1078697740979355649
1078697737208635396
1078683848303624192
1078682716902707205
1078682714889437185
1078681383286071297
1078681378621976577
1078673266691239936
1078673262526251008
1078673259837771776
1078667482121019392
1078656142312722432
1078656140349767680
1078652350074634241
1078652345712558080
1078643076694974464
1078638480106897408
1078622177753292801
1078595720423313408
1078532778587836416
1078517724656087040
1078502656954519553
1078487576749715456
1078472443700887552
1078472440269946881
1078449794476064775
1078443541016334338
1078443539112120320
1078443535639216129
1078443533038686208
1078443529825865733
1078431690811416577
1078431687393116164
1078429598847827968
1078410865022550017
1078408329054089219
1078405701771366402
1078401442501849088
1078401439364464640
1078401434863968256
1078401432095809536
1078401429910552579
1078396145183977472
1078392371933528071
1078388580387557376
1078387347471958016
1078384868206223360
1078381030975987714
1078371222482759680
1078371220654096385
1078371218833752064
1078371215851560967
1078371212856827904
1078371211057475584
1078368499075043328
1078366094673494017
1078366090944827392
1078350887192547328
1078350885170888704
1078350883027673091
1078350880842399746
1078344653743837184
1078341168319074305
1078341165026631681
1078341161914433536
1078341160148578305
1078341155409063936
1078341153307705344
1078340819785039874
1078339528077836288
1078335807738531840
1078335805788209152
1078330694076715014
1078321945173606405
1078320708101566465
1078320704880340993
1078318116994777088
1078311850134130689
1078310947909980161
1078310945410158592
1078310941731811330
1078310939785641984
1078310936522489861
1078292963762077701
1078290425289551873
1078290421493710848
1078289236141506560
1078280736384397317
1078269067163770880
1078261507530649600
1078170898836930560
1078154634450083840
1078147025789698048
1078125605542129664
1078109322717155335
1078109320326402048
1078099440928473089
1078099437602385920
1078099433370329088
1078099430224642048
1078099426156208129
1078094167287480320
1078081667464654849
1078080397836210177
1078080394803793931
1078076545846120449
1078073050887831554
1078069318812925953
1078066647695585280
1078064058451009536
1078048926723424261
1078048923313471489
1078039030338646016
1078039025208958977
1078033861890789376
1078033858099138560
1078026340614459394
1078025332907823104
1078025331083300867
1078025327492980736
1078025324573704192
1078018695816007680
1078018692464734208
1078010266762264578
1078004867766108161
1078003542261039104
1078003537974579201
1078003532840779777
1077995175727767553
1077995171097333761
1077995167448252416
1077995163341983745
1077995161064534016
1077995158686363650
1077995153355403266
1077992258279038978
1077988536111063040
1077988532726190080
1077988530025086976
1077987247935406082
1077973466798796802
1077973463879569408
1077973459911827457
1077973456229224448
1077972097744453633
1077964888184631296
1077964884170756097
1077964882794954752
1077964880001597441
1077964877988282368
1077964596961517569
1077959617039220736
1077958266561482753
1077958263059165184
1077954478471565314
1077954474885476359
1077953285779345408
1077952046454706178
1077950786053828608
1077945684517625856
1077943186436358144
1077943182728536064
1077938157239369728
1077937000047669248
1077934721122881536
1077934718178545669
1077934716471439360
1077928582347964416
1077928513557155841
1077899144642076672
1077808511759904769
1077784611500056577
1077746920846749698
1077746916648275968
1077717895734538240
1077693090691985408
1077681467642269696
1077671388138348546
1077671384707416065
1077663833395814400
1077662994417500160
1077662992320380928
1077661425802375168
1077661423864557574
1077656292947357699
1077656290866929665
1077641187958423552
1077641184619757568
1077632732560326656
1077632730207342592
1077632728114311168
1077626133934473217
1077626131266916352
1077626128041459713
1077619752133189634
1077614747439243266
1077610997744091136
1077610995340713984
1077602557227421703
1077595880772063235
1077594622002647040
1077588373081124864
1077572386411687937
1077568303193882624
1077568299515432960
1077565736300789761
1077563229482700800
1077561891650719744
1077551805566017536
1077536793216585728
1077514106939281408
1077446166743318528
1077422260032622592
1077421347494608897
1077391123142856704
1077384512328400896
1077384508909998080
1077360977090359297
1077360973244256256
1077360967799980032
1077356815132839936
1077355628878811137
1077346766587088896
1077326595503910912
1077322920240861184
1077308802465173504
1077308798421864450
1077302439118860289
1077300530551181312
1077300528462422016
1077300526906306561
1077300523458543616
1077297480776208384
1077293763771461632
1077293759665192961
1077278602901770240
1077278598975893506
1077278595574362113
1077278593347133440
1077276133870260225
1077270306841088003
1077270304106385409
1077270300767723522
1077270297450033153
1077263532813623302
1077263529378541568
1077263526023098368
1077259733080379392
1077253546893025281
1077248422888067072
1077248418072924161
1077248414788841475
1077247040642576384
1077240085358219264
1077240082124423168
1077240078127325184
1077240074654441474
1077234505499455488
1077233326526730241
1077233324303810560
1077230695049777152
1077210004803997696
1077206809423814656
1077203075172048896
1077200614520692738
1077180427763400705
1077175519479824390
1077172875021508608
1077152729355743233
1077086084776017920
1077054540732661761
1077038228287426560
1077028686661124098
1077028683632791553
1077023104793276416
1077023099361677312
1076998460497375233
1076992948888326144
1076992946904489985
1076972755080359937
1076968340109840385
1076968336607592449
1076968331628941312
1076968329347325954
1076968326457425920
1076968322598666240
1076968319771648001
1076968317913567232
1076962740965703680
1076961496620519430
1076946432719011841
1076940073596260352
1076931329848233985
1076918709292355584
1076916218739740672
1076912186528841729
1076912182443606017
1076912180149346304
1076912176374448129
1076903677808525312
1076901033723510784
1076901030162546689
1076885991380660224
1076882210265927681
1076881941436289027
1076881938533748736
1076881933492150272
1076870881719345152
1076857066449444864
1076851999285616640
1076845693933944832
1076841942917496833
1076840718193344513
1076840715727093761
1076810455551758337
1076803656157200384
1076790342127620096
1076728740267339777
1076723631479312384
1076692285562277888
1076660733088288768
1076660730055806976
1076660726213816325
1076640320257966081
1076640317569417216
1076640313765228544
1076630574276767744
1076630571529523200
1076610102197735424
1076610099324612611
1076610094362701824
1076606607377817601
1076584028805976069
1076584025328939009
1076579984863645696
1076579982166630402
1076577720006598656
1076568848281804800
1076556252954669061
1076553741510365184
1076549723463565312
1076549719999037442
1076549716421296130
1076549713271422976
1076549708657672194
1076549706581532672
1076549703553175553
1076549701346955264
1076538711771369473
1076538708373970944
1076524969738321921
1076519625591087104
1076509933355626501
1076508583607578624
1076493432087109632
1076489578259853312
1076478294671966209
1076463242388615168
1076448066369212416
1076377600241606657
1076361393274847232
1076344958741823489
1076341077316169728
1076329830973689856
1076298306815438848
1076298304655372288
1076298300754669573
1076277972984827904
1076268219550318594
1076268217222479873
1076259328557006848
1076251807595352064
1076247718488621056
1076247715112206341
1076234223248388103
1076227860321501185
1076221448358952960
1076221443631968257
1076218826960842752
1076217546796425217
1076217543768068096
1076217542216171520
1076217540412620800
1076217538147729408
1076217535496966144
1076217533357797381
1076217529893351424
1076212491502436354
1076210014132621312
1076206429588074496
1076204972096843776
1076191186216501250
1076191183913799681
1076188590567243777
1076187380313452546
1076187378224713729
1076187375217401856
1076187372499423232
1076187369873780742
1076187366912638976
1076187365348204544
1076187362269544448
1076187360289800193
1076187356116537344
1076182384893136897
1076181149993582592
1076176143496200194
1076176141499670530
1076176138236555264
1076176133920604160
1076176130665861120
1076176127478124545
1076162149247057921
1076161186478075904
1076161184171081728
1076161181235187714
1076157171866497024
1076157169731551233
1076157165092638720
1076157162064412673
1076157157798801409
1076147066911510528
1076145928740978693
1076140786062934017
1076137022371360768
1076131944432390145
1076126937255428096
1076126933866430470
1076119486300934144
1076118237040050176
1076115738207891456
1076115734659514368
1076114441392062465
1076093130540281861
1076085579425738752
1076085577315991552
1075994902431977473
1075979781655674880
1075979777960566784
1075975967158558721
1075949543735353344
1075945755440017408
1075934423147786240
1075934420002107393
1075934417724559360
1075919307807309825
1075915546850418689
1075915544015110145
1075915542131806209
1075915539686588416
1075906814816985088
1075906812522717184
1075906810010353666
1075900435762941952
1075899205573664768
1075890423586045957
1075889143241195520
1075885411900231682
1075885409928912896
1075885407102009344
1075885404925116416
1075872813267988481
1075871549733904384
1075871544709169152
1075859018181238789
1075859013345124353
1075855289864347648
1075855285678424065
1075855281765171202
1075853952137248783
1075851495046823936
1075843877645488128
1075837518346678272
1075828837915787264
1075828835344621568
1075828832878411778
1075824961082789888
1075824958624944128
1075824956812992512
1075824953730232320
1075824949858918400
1075816131221426176
1075813718833938433
1075813716933926912
1075813715231076352
1075813712089493505
1075813708666933248
1075798617343057920
1075798615099142147
1075798611408183303
1075798609050984450
1075794870047031296
1075794761255149568
1075794759220908032
1075794757174091777
1075794754896576512
1075794752128335873
1075794750047956994
1075787290109202432
1075784712969428993
1075783576900247552
1075774646086119424
1075773442836783110
1075768412788293632
1075764619954802688
1075764618251919361
1075764616674848768
1075764614405779456
1075757041141071873
1075753280679149568
1075739377366646784
1075738138184740864
1075730611216769024
1075723067215765509
1075696600033476608
1075632666760921089
1075617409535479808
1075613561794252800
1075613557558005760
1075599709530677249
1075583339736764416
1075583337161523201
1075583333252431872
1075572088323231746
1075572086381428736
1075572082363256833
1075562957642305536
1075553186507841537
1075553183647350784
1075553181541826560
1075553178484129792
1075553173887168512
1075544412703330304
1075544411147251712
1075544407057805312
1075544403861741575
1075544400883826693
1075531744735051776
1075530510519160834
1075525485675855874
1075523113746599937
1075523111540453376
1075510415503831045
1075509158672248832
1075499070817529856
1075496574841749504
1075496569506549761
1075492770347798528
1075492768083046400
1075492765142790151
1075492761829326850
1075492759182684167
1075492757161029637
1075491655871008769
1075488990441156612
1075487722985480192
1075481500274081793
1075480234688962560
1075478929832583173
1075466495705210880
1075462590594199552
1075462588664815616
1075462586924261377
1075456341433552897
1075455045364342784
1075451275582558208
1075451272600403974
1075451269232377856
1075447533261021189
1075446273203953665
1075439977914261504
1075439973900394498
1075437428368924674
1075436184606785537
1075436181326843904
1075436176691982337
1075432461113249793
1075432459133747200
1075432457468547072
1075432455497236482
1075432452267622410
1075432450065620992
1075421072516882435
1075421070369452034
1075421066938470400
1075414850904444929
1075414846634643459
1075412209319247873
1075409686663479296
1075402215899234310
1075402214028525568
1075393402483761152
1075390941723324418
1075388315883446272
1075374467847720961
1075372008718913536
1075371982378713088
1075371980302499840
1075368254690988032
1075360712841670657
1075334276571369478
1075270300504350720
1075267587905335296
1075255095842037760
1075251147542274048
1075239928261500928
1075220997014462464
1075220991578697729
1075209698629074944
1075209693709123584
1075202122856185856
1075199666751442945
1075190836734910465
1075190834545549312
1075190830170808320
1075190828480503809
1075190825557078017
1075190822356860928
1075185785077407744
1075182044605489152
1075182040029511685
1075182036376272896
1075166900135567360
1075160655349628929
1075160652539404289
1075160649259474944
1075160645560090624
1075149352472055808
1075149350144139264
1075144261761421312
1075141676694413313
1075137967444934656
1075134266936221696
1075134264524595201
1075134262402269184
1075130384856309760
1075130381882572803
1075130379185602561
1075130375964450822
1075130372453789697
1075126198345351169
1075124884416671746
1075123650641227778
1075122450868903936
1075119821610721285
1075105958655873024
1075103649372741633
1075103644977168390
1075100196084822016
1075100193866035201
1075100192146362369
1075100190099550208
1075100186517663745
1075100184030441474
1075088591712346113
1075088588403105792
1075088585068552193
1075080867373043717
1075078312249180168
1075074519700779008
1075074517146451968
1075073390338285568
1075070229246558208
1075070225480069120
1075070223026438144
1075070219301859329
1075070215250161664
1075059823698432007
1075058410507431937
1075054518331695104
1075052942980509696
1075044387904778240
1075043270303117320
1075039782445744130
1075039780088483845
1075031838580764672
1075031836202545152
1075029263689101312
1075029262166568960
1075028127682883584
1075025457253416962
1075007868045283328
1074999149228118017
1074999146959069190
1074992189762142208
1074988939478491137
1074939845162778624
1074907297854447616
1074904738251112448
1074892291398094848
1074863155917086720
1074858587636289537
1074858585371361280
1074848058012258304
1074832965782437888
1074831746858934273
1074828373334073344
1074828368699375620
1074828365830475777
1074828362554793985
1074828359333498893
1074828356837888001
1074820468962721794
1074819100013182976
1074819092308287488
1074815343103799296
1074809168090009604
1074809165816754176
1074802756559532033
1074802754328113152
1074798212752568320
1074798210424733696
1074798206809190400
1074780060081635329
1074773771607789576
1074772531196899328
1074771401356312576
1074771397921128449
1074771392707604480
1074771387657654274
1074770068402302976
1074768038396878848
1074768036572397570
1074768034651348997
1074768031648231424
1074768029953728512
1074757435188002817
1074755047152631808
1074742457743695879
1074742454224592896
1074741245082247169
1074741242343419904
1074735099772633091
1074735097465749511
1074735093699280896
1074735091610456067
1074735088368304128
1074735084203319308
1074733647729700864
1074727275504037888
1074727272580612096
1074726162755186688
1074723468007100418
1074712196129660928
1074712193562750976
1074712191247507462
1074706643974270976
1074704899726815232
1074704897881321473
1074697056323887104
1074697052838350848
1074690756600844288
1074687006859505664
1074674728722403328
1074666848023646209
1074666844647186432
1074661895309795334
1074660640927694848
1074659404967014400
1074645477000441856
1074645474521571328
1074644440881487873
1074636702545776640
1074626536471449600
1074614245306843136
1074611467863945216
1074577492231495680
1074545063584239616
1074523661921599488
1074514745334603782
1074500769108426753
1074493441302773760
1074493436714250240
1074485801982066688
1074485798794338311
1074463243614240768
1074463240485261313
1074456749204217856
1074456745970421760
1074456742501773315
1074433024312393730
1074433022722740224
1074433021170905089
1074433018998255617
1074426511317438464
1074424161433518081
1074424155896983562
1074409040065822720
1074402862447427584
1074402860547346434
1074402857170976770
1074395084639084546
1074393850267996160
1074382581641166857
1074379206254039040
1074372736296865792
1074372734623326210
1074372731288854528
1074372727929212928
1074363676931579904
1074351062679732224
1074348584806559745
1074342485483233280
1074338468652859394
1074333494296395777
1074312321185574913
1074304511043342336
1074303345031041024
1074274309722595328
1074268676998791168
1074264182437109760
1074193744000413701
1074182609666748416
1074167534973317121
1074152364544798721
1074131087083868165
1074123255470931969
1074123251826262016
1074123248193949697
1074100848433786883
1074100846965731328
1074100845342584832
1074100842284879872
1074100839118225409
1074094290840797184
1074094288227721216
1074070620860760065
1074070618121879552
1074070615936696321
1074046629236363264
1074046623762780160
1074041300746452992
1074040506412384258
1074040504675909633
1074040502650109952
1074040500204789761
1074038693927755776
1074033685215801344
1074017263160832000
1074010328231538688
1074009859811631105
1074003463087030273
1074002214778212353
1074002211447996421
1074002209162051585
1073980120484978690
1073980118769508353
1073971964342087681
1073969560510963712
1073949893390143489
1073949891947302912
1073941289899560960
1073926739619971072
1073912830326398978
1073829056892805120
1073821058795520001
1073805893035270144
1073798859804078080
1073798857929224192
1073790826151641088
1073768676258705414
1073768656713248768
1073768637188714498
1073768635838201858
1073761235643105280
1073761231406817280
1073739265660633088
1073738460870180865
1073738458521313280
1073738454100516864
1073738452175388672
1073738449453285376
1073731705503145984
1073731703531806721
1073731700075700224
1073729232210145280
1073726591790927872
1073725383722328064
1073716632713875461
1073711688942346242
1073708393624412160
1073708390029946886
1073708388276715522
1073708385474883586
1073708381813264384
1073708378508148736
1073708376390021121
1073708373240152064
1073708370358689793
1073701453137670146
1073691378033532929
1073688901208993793
1073686390049775622
1073686386702778368
1073681332700618753
1073678823999320064
1073678078868635654
1073678075764895745
1073678073848041477
1073676320956133376
1073673843561123840
1073673841887625217
1073671238755717121
1073662027896377344
1073662023144226818
1073662019784597507
1073662016932511744
1073662014789206017
1073662011282767874
1073662007721775104
1073654906719035392
1073654904156315649
1073648767902121984
1073641083844878336
1073639790107607040
1073639788044042240
1073639784743141376
1073639780381048834
1073639778304868353
1073631916329447424
1073631914110709761
1073631910780395520
1073631908834226176
1073629774885593088
1073628480703729664
1073628477054689281
1073624865150828544
1073624862235787265
1073619658094374914
1073609585540427777
1073609581354463232
1073604585179267072
1073601583026442240
1073595884720533505
1073583264433082369
1073579465014472704
1073579462854434816
1073575674399608832
1073571378534727680
1073571376894742528
1073571373891641344
1073556809942736896
1073550510169485312
1073459024643923968
1073443561645989889
1073428424394489856
1073420357430849543
1073420354016698375
1073413307233652736
1073398220842299392
1073398217352667138
1073393147785437186
1073390182982934529
1073390178641866752
1073390176553103360
1073383105954766848
1073371859599667200
1073370531431440384
1073370528914771969
1073369297618128896
1073369295349051393
1073369292316528640
1073369288101236736
1073360003078209537
1073360000268099584
1073359998187642880
1073356758637264896
1073354228104683521
1073349129475117065
1073339140635353090
1073339137640579072
1073336558319792128
1073336555241115659
1073329781599600641
1073329780022489088
1073329776776134661
1073329774951587845
1073329770614669312
1073329767380856833
1073324281243885574
1073324278878216192
1073318926426222595
1073316500390494209
1073316494208049153
1073308928719626240
1073308925481635846
1073308921966804992
1073303953645936640
1073302566673506304
1073301360714637312
1073301358479097858
1073299633496055808
1073299631549878273
1073298857352720389
1073298854244696065
1073292556690178048
1073285044536516608
1073279999728381953
1073277445560766464
1073277443065159680
1073277441177763840
1073277438686310401
1073269412160000001
1073269410452959232
1073269408590651392
1073269404987785216
1073269402190123014
1073269398859931648
1073269396209045504
1073262416312614913
1073262413955391488
1073261092019847169
1073261089150918657
1073248495765807104
1073243529990807552
1073240910077575168
1073239242682318849
1073239239528198144
1073239234822189059
1073239231739371520
1073217016725692417
1073214520804470784
1073209031668449282
1073208194070134784
1073201948747288576
1073194365206626304
1073188074748866561
1073185642824253441
1073096270380711937
1073088156822589440
1073081335999315969
1073066071480041473
1073058028159754241
1073035829449248768
1073035826215436289
1073027815103258625
1073027813232533505
1073027809843470336
1073027806697803777
1073027804038619136
1073025772699508737
1073008135802183681
1073006870867177472
1073006867172024325
1073006862839234562
1073004381589647360
1072997665548455936
1072997660968263680
1072997659034742784
1072997655834431488
1072997653762465793
1072997651451383810
1072991782399549442
1072991780591845381
1072976766636122122
1072976762114637827
1072969165051449344
1072967409210978309
1072967407105384448
1072967404752433153
1072967402680451080
1072967400616808448
1072967398062460929
1072964255610273800
1072961628927377408
1072961625886470144
1072961622363308054
1072953093321572353
1072953089446084611
1072944292451225600
1072941764347117572
1072937235010519040
1072937231558557696
1072937228467388416
1072937225334206470
1072937223165759489
1072930404389306369
1072930402682241024
1072929317259276288
1072929313987674112
1072929310460268544
1072924084667932672
1072920280434126853
1072915371995381761
1072915369482948608
1072914159073931266
1072907029059121152
1072907026186014720
1072907024382509056
1072907020792184838
1072907017617096704
1072907015125696512
1072902873514692609
1072902870272536576
1072901521761800192
1072900201537523712
1072900198916153346
1072899068978966528
1072891410909683712
1072884029819641857
1072884026229309440
1072882620403499009
1072877518246563840
1072876895438585857
1072876893806972929
1072870144572043264
1072854967705395200
1072849995727073280
1072842488459784193
1072832251400986624
1072823631477133313
1072821410916167680
1072795783576072192
1072734166557618176
1072719073346314240
1072702790504509441
1072695578050658304
1072695166295834625
1072674950018985984
1072672581591941122
1072665449144467458
1072665445449261063
1072665442995593216
1072654895025717254
1072644725918846977
1072644723561652224
1072639787847352320
1072635340484153344
1072635334364667904
1072635330073903105
1072635325267238912
1072632167883264002
1072629620359524352
1072624677334454279
1072614517606113280
1072610904720715777
1072605019264991232
1072605017016815618
1072605013988597762
1072605010624737281
1072605008925986816
1072605007189561345
1072605004010274817
1072604650363342849
1072604646299066369
1072598245963128832
1072597152889794562
1072594433181446151
1072589550579576838
1072589547500912642
1072588145898737664
1072579367165980672
1072574420391260162
1072573527008661504
1072573524412387329
1072573522831163393
1072573518209011713
1072568042427682816
1072566858929332224
1072559240634646529
1072559238491373574
1072553342478487553
1072553339219533824
1072551810508963841
1072545345345908741
1072543448832593921
1072543445653340164
1072543442687983618
1072543440511164416
1072543438304882688
1072543436111257600
1072543434085462016
1072543431032012801
1072543427320000512
1072543424442707969
1072537793065336832
1072537789001056257
1072536631016652802
1072529055084359680
1072522796906045442
1072522794540433410
1072522791008813057
1072515177462095874
1072513915899310083
1072513324976431104
1072495067787653120
1072492566862532610
1072488736003366914
1072482958651609089
1072473654917775362
1072469824188674050
1072462434676428801
1072452723889573889
1072440893184053249
1072433391402930178
1072371722966523904
1072356659102707712
1072340390886420480
1072331972301766658
1072331969277648896
1072331967264407553
1072331963812450305
1072327686595534850
1072310229482778625
1072310225930199041
1072301812345122816
1072301809052594177
1072301805957197825
1072301801528020992
1072301799355367425
1072301797430190080
1072301794552885249
1072295083490402304
1072283739609272320
1072282358592782336
1072282353836396544
1072282351064006658
1072277384643166208
1072271598340710400
1072271594200936448
1072271592498061317
1072271588987408384
1072267269542211584
1072264935424573440
1072262282229485568
1072253532148039680
1072252222422114304
1072249872731070465
1072244852501422081
1072244848839806983
1072241570005569538
1072241568034238464
1072241564678807552
1072241559775703041
1072241557665927169
1072241555472334850
1072241552242692098
1072241548702699521
1072241546777513985
1072241543300505600
1072234732023410694
1072234728152014848
1072232046548918272
1072230788249382913
1072227100940214279
1072219668826460160
1072219666045644800
1072211987470389248
1072211195057356804
1072211191131447296
1072211186563907584
1072211183573311488
1072211180213755904
1072211176879284224
1072211173381234688
1072204470136856576
1072204466286444544
1072204462758993921
1072197319951572992
1072195571845353472
1072194339638530048
1072190542975520772
1072190539511095301
1072190537074163712
1072189407489347584
1072180957082464256
1072180953341222913
1072180951462174721
1072180947955712002
1072180945040621568
1072180942121431046
1072180937524436992
1072180935427280897
1072175442411573249
1072175438670295040
1072174278127337473
1072174275027714048
1072167878324039680
1072160400999923712
1072159173595537409
1072159170542141441
1072150831624003584
1072150828457308161
1072150825403904000
1072150823172476928
1072147908978507776
1072147905153327105
1072132709915525120
1072130255526260736
1072125198361612288
1072120538045272069
1072107553209942016
1072099937981227008
1072078500213993472
1072070987221516288
1072045794654605313
1072009455204749312
1071999734112493568
1071996871063805952
1071978114421526528
1071962940931231744
1071947817164398592
1071947813095960576
1071939341373636608
1071920048921559040
1071920045440286720
1071920042428809222
1071909135464259584
1071909131848704000
1071889790482681856
1071887411083444224
1071887407530852352
1071879047502852097
1071879045653127173
1071879043761537024
1071879040666083330
1071879037449052161
1071872257667096576
1071859044556640259
1071857813285203968
1071857809925595141
1071857807551578113
1071848828922445825
1071848826758225921
1071848823625011201
1071848820408049676
1071843011129171968
1071827685805056000
1071827682487353356
1071827680243404801
1071818626657857536
1071818624325816321
1071813854458466306
1071812579884961792
1071802547797716993
1071798653780721666
1071797497163595778
1071788520023474176
1071788517360066565
1071788513199341569
1071777399510106112
1071772307071356928
1071769817630326784
1071767261072031744
1071767258882564096
1071738352267915264
1071730517731696640
1071721952883236864
1071655264733093888
1071647693263511552
1071633849204072453
1071618725533626369
1071607172654600192
1071607169798324224
1071586114937544712
1071586112844500993
1071586108637634560
1071577026551787521
1071577022995070976
1071577020151283712
1071557177733771264
1071557175909212161
1071546929300033536
1071546924979884033
1071546922379436037
1071516603106373632
1071516600069705728
1071516596965908487
1071516594612920320
1071510531998130177
1071510529632555008
1071502996536741888
1071492929930305536
1071482903442395136
1071480310418808833
1071479115327434753
1071479112101957632
1071479107102363650
1071479105386889218
1071479100882255874
1071479097434492928
1071479094674628608
1071465386019905536
1071465384409219072
1071455178153447424
1071448883891445761
1071448880875782144
1071448877465767937
1071448874475249667
1071448872210321410
1071435097998548992
1071418730322771975
1071404823118004224
1071375889609515008
1071285312184299521
1071280242872991744
1071271459023175680
1071267675266002949
1071267672539754498
1071267669712797696
1071263949214154752
1071256392735096837
1071237510066552832
1071228749159587840
1071223765546217474
1071223761351991297
1071213678404485121
1071207320695304195
1071207316014448641
1071207314135359489
1071194721777844224
1071191043629039616
1071187186031169536
1071177161598492674
1071177159350341637
1071177157190262784
1071177153738358785
1071177149405642752
1071169593748668419
1071159478001782784
1071158244884795395
1071148329076187137
1071147000568135684
1071146997611184128
1071146994566074368
1071146991281991681
1071146987804913665
1071146984709459969
1071144363210784768
1071144359675002883
1071140594637029376
1071138118575755265
1071133079362789376
1071130581491159040
1071118219056951296
1071118215332446209
1071116844147335169
1071116842192814082
1071116838979948550
1071114150447849473
1071106662109450246
1071102845162872832
1071102843506098176
1071102841144655872
1071102837504004097
1071102833968250887
1071091531526868993
1071090390135173121
1071089054140137473
1071087733026811904
1071087729981706241
1071086538426122240
1071086536345702400
1071086533309095936
1071086531291561984
1071086529542586369
1071086526786879488
1071086524807217152
1071080258965770240
1071073987315273728
1071072890823589888
1071072888617349120
1071072885001912320
1071063957723639810
1071061638785220609
1071057598647033856
1071056258294263808
1071056256436183041
1071056252866846721
1071056250329280512
1071042453531172864
1071042451517964288
1071042448087023616
1071039989222379522
1071026200867467264
1071021096403636224
1071013530764279808
1071013527798845440
1070922896636342272
1070909146881515520
1070905360775610368
1070893999421120512
1070876468362797056
1070876466198573057
1070875124361031685
1070861359557079040
1070861355887050752
1070851174507651072
1070845036890329089
1070845035040702464
1070845031718797312
1070844896091824130
1070833564495826944
1070832312336703488
1070832309178372096
1070832306431164416
1070814723816546304
1070814715859869697
1070814712789647360
1070814709828517888
1070814705550274561
1070814702048034816
1070814698961031169
1070814695903379461
1070814692292091904
1070797111791370240
1070795816955273216
1070794541026959360
1070785814878130177
1070785811996659712
1070785808054009857
1070784495723470848
1070784493970178048
1070784492061761538
1070784490115604482
1070784486856687616
1070781967094951936
1070781964523921409
1070778349306437633
1070770681158217728
1070770677555322890
1070766855109963776
1070755626375176193
1070755622717669376
1070755620716982278
1070754286156566528
1070754283220557824
1070754281534447619
1070754277298188288
1070750512855871488
1070744248419540992
1070741892655185921
1070741890474102784
1070741888624484352
1070741885600362496
1070741883368996864
1070725407211700225
1070725403449442304
1070725401582936064
1070725396918878208
1070725393567637504
1070724117756829696
1070724115894554625
1070724112136445952
1070724109917741061
1070724105190719488
1070724102627975168
1070720435283812353
1070714052278657024
1070712928297459713
1070712925994782720
1070712922861654016
1070712920839987202
1070697711782035461
1070693943803830273
1070693929744588801
1070693927924191233
1070693925722177538
1070693923226640384
1070693920009543680
1070693915240656902
1070682622437847041
1070680129930780673
1070680127649005568
1070678784465080321
1070666282633187328
1070657447822544902
1070649843301924864
1070649839938125829
1070641825675923458
1070623460530024448
1070560523073306624
1070544165593907201
1070542916593045504
1070542913501888512
1070529064576913408
1070517764832542720
1070512746683400198
1070512712977928194
1070498981480927232
1070488764705857536
1070482502463221760
1070482500399570946
1070482497614594049
1070482495815196674
1070471253222481920
1070469907458985986
1070469903981965312
1070469901654126592
1070454820123893762
1070452382490914816
1070452378623606784
1070452376442691584
1070452374131625984
1070452369866018816
1070452367726911496
1070442248054165504
1070438632417361920
1070438630336970753
1070437206999724032
1070433431413235713
1070424601828704256
1070423372612419590
1070423370280382464
1070423366711078912
1070423364056113153
1070423360440545282
1070423357781360641
1070422163889577984
1070422160651497473
1070422158512402434
1070422155836436500
1070422144700559364
1070422140036485120
1070419581112594436
1070415821590224896
1070408290868314114
1070408287437422592
1070407011710455808
1070404570042511362
1070401976091979776
1070398185074507776
1070395674527711232
1070394179447074819
1070393225880440837
1070393223644921856
1070393219534458880
1070379307116183552
1070379305014837254
1070379303022587909
1070368009871679488
1070366754730332166
1070363952033480710
1070363949462364161
1070363946090225665
1070363941606428672
1070363938418814977
1070363002023673856
1070362998567522304
1070362996290056194
1070361791274868736
1070351640887246855
1070350365621534720
1070350361716801536
1070344205615153152
1070340339607703552
1070339225642561536
1070335441931563013
1070333825895546881
1070333822733045760
1070333819901874178
1070333818157101056
1070333816403824641
1070333814168272896
1070332897519984640
1070331549147693057
1070320264884445185
1070317646627905538
1070317642391711744
1070313982190370817
1070310303227891712
1070303558334062592
1070295090332164096
1070287657136209921
1070287655232069632
1070276902173188097
1070261060609957888
1070198161673740288
1070182767479177216
1070181795763769344
1070166699167629315
1070152565818646528
1070143537432457216
1070136541023006721
1070136537239699457
1070123927148658688
1070122414183538689
1070122411008376834
1070122408839954432
1070122407166468097
1070122402896642048
1070121465725493249
1070107568616423430
1070107565001007105
1070107563084132354
1070107559741308928
1070093786213216258
1070092283339554818
1070076073629626377
1070072305039089664
1070071084312072192
1070065401424429064
1070065397699887110
1070061984157175817
1070061982127190017
1070061978931085313
1070060974122692608
1070060970515542018
1070053426548142082
1070052185508069377
1070045882287054848
1070045879325876224
1070045877098725376
1070031798946709504
1070031794119106561
1070031792609087488
1070031788972670976
1070031787068399616
1070030838904119297
1070030834063867904
1070030831060688896
1070025844293296128
1070016975135498240
1070016969339011072
1070016965366960128
1070013240095186945
1070004365950377984
1070001862999506944
1070001732539834374
1070001730362986497
1070001728412639232
1070001726554603520
1070001724709064704
1070001723010416642
1070001718434430981
1070001716580442112
1070000612589404160
1070000608827068417
1070000605022834688
1069988057967980545
1069988052951580672
1069979219483090945
1069978035804389377
1069976673389633536
1069972905596018688
1069971423949701122
1069971421433118720
1069971419004579841
1069970433770967042
1069965455186673671
1069961552571351042
1069955342908432389
1069955340727402497
1069955337229344768
1069952838678257664
1069945244643454977
1069932635521253377
1069925093617360896
1069925091247558657
1069908766668324864
1069898690842759168
1069835713401769984
1069819376482832384
1069818116354527233
1069804287763587072
1069792951235174400
1069792948223660032
1069790219749199872
1069790216620265472
1069790212568559618
1069790209536069632
1069790204737789952
1069774111155605504
1069774108219637761
1069760019393077248
1069760017312686080
1069760014519336961
1069746771243487232
1069745277446299659
1069745275407908865
1069745273428152320
1069745270047604736
1069729845960212481
1069729843217092611
1069729839622574081
1069729835143127041
1069725075975389185
1069723918137724928
1069721350829473793
1069713803376500736
1069713801723953154
1069713798444015616
1069711215843307520
1069708637436813312
1069708633523523586
1069708624577081344
1069703693891702794
1069699675815583744
1069699673353543681
1069699669465464833
1069699667288567809
1069699664084172800
1069699660703518720
1069699658644107265
1069699656903548930
1069699653556465665
1069698588786262016
1069698586584276992
1069698581953691648
1069691125122953216
1069689900843327488
1069689835621822469
1069683535655653376
1069683532677738496
1069683529875902464
1069681970274295811
1069681966394548225
1069669450658533377
1069669446451716096
1069668220464967680
1069668217164058624
1069668212999106563
1069668208100155393
1069663105628676096
1069660613675311105
1069654288257945601
1069654286290833408
1069654282478211072
1069641683158081547
1069641680272408577
1069639266521747456
1069639262855995393
1069639260620361730
1069639257684434948
1069639254672896000
1069639252823207941
1069639250625421312
1069639248029065216
1069639245713813505
1069639194497159169
