1330230182792351744
1329938739192328193
1329911716931629057
1329507380153954304
1328911677719449603
1328878484056403968
1328876729805524992
1328872008449482752
1328871498111651845
1328870451062444035
1328857812060016641
1328846820185878528
1328843022654726150
1328842334667231233
1328678540024438784
1328677697896247301
1328674143378739202
1328564510844735489
1328563791286693889
1328541380776431617
1328517275213819905
1328499485358645248
1328499216608620544
1328491131508809730
1328487229073846274
1328486373465214978
1328486170335076355
1328485430921195522
1328412105461075977
1328192888719745024
1328162621644824579
1328160817267814401
1328082739988455432
1328052702413197314
1327724282135375878
1327656838700158985
1327483862923022336
1327329367480004609
1326569851255746560
1326566062440108033
1326192897595740162
1326177013183426563
1325864651117228034
1325864022802124801
1325862855787376641
1325840382412943360
1325457786147381251
1325239745954390016
1325145727601963009
1325142433298968576
1325141449281728519
1325136310982545408
1325093821831655424
1324956619684290561
1324956324636004353
1324752125822423041
1324742812177485828
1324594235472052224
1324590475538518016
1324589156849385473
1324585021773123584
1324582128152174592
1324581692015808512
1324569337047486465
1324564798571532289
1324509950094286851
1324506696144867329
1324504517556244481
1324503708353388547
1324491845070704644
1324491446892826629
1324489415218126849
1324488786793893889
1324488420878680066
1324476770142375945
1324474466265686017
1324456807520210950
1324447162747490313
1324436298745192449
1324429587019911168
1324424051461414914
1324419993644290053
1324416855323353088
1324401286985506816
1324400919535112192
1324348148215615489
1324333017561812998
1324211642440273920
1324210049842057216
1324208561019330560
1324205937872326656
1324204575444901890
1324203299336298496
1324202604126240768
1324142759259918338
1324129782410452994
1324125759036862468
1324125132374331393
1324116508616871941
1324078719150051328
1324049222312861698
1324037185390206977
1324008053566484485
1323996034809372672
1323841831478665218
1323840854444965891
1323839641716477953
1323833724665024512
1323831602183626755
1323829546840477699
1323817396675727361
1323796799275048960
1323796593431187457
1323753162814140417
1323748355286224899
1323746488279846912
1323746017397870592
1323721044637683715
1323711690240888832
1323711665880371202
1323699296773017604
1323648336612761601
1323645715155984384
1323635623257919495
1323624912393850886
1323563165083381760
1323558986281607168
1323556536338272257
1323556527568048128
1323550151756099584
1323478050269519872
1323475183882166274
1323474225492013056
1323473250408693760
1323473160629559297
1323460957583147008
1323433372614594562
1323429375514169344
1323416339793543173
1323398303283843075
1323396687382138885
1323396052855197696
1323394043506810881
1323386076489240577
1323346449573335040
1323329159188434945
1323261365088301058
1323065486503010304
1322998162458583040
1322967641036890118
1322966378102640647
1322965924165672961
1322961960510595073
1322957758875029507
1322902935844651008
1322902881536790528
1322901272157016065
1322877577447563265
1322859018877083648
1322858444689473538
1322857815736782853
1322855434173190147
1322709699955957762
1322628529377419264
1322628110928564224
1322612603257061376
1322603024938926081
1322601864999931907
1322517805653131266
1322511414892875776
1322508660258541570
1322496000985092097
1322488423119233026
1322485375953240064
1322485122734694400
1322397986111037440
1322389549054627840
1322381905770270720
1322380157051613184
1322373619180359680
1322372034236743680
1322322418183143424
1322295087401938945
1322255882630156289
1322248586709635073
1322219134634045441
1322100718451515393
1322025705480376327
1321945962605105153
1321928017606828033
1321923590200184833
1321908273902178312
1321906541503631368
1321803795098148865
1321803138295336961
1321790462324281344
1321752201644150784
1321664741375463424
1321656205580865542
1321606363223629830
1321603082925576193
1321586386600943623
1321582931589189632
1321580894017212418
1321554989542760449
1321554383168000012
1321553664775999490
1321532249100165122
1321528083174821888
1321513963327311872
1321508753133441024
1321508197727952896
1321489607058427916
1321484391303073794
1321483058655219712
1321481089823789058
1321397372107345920
1321384190701654016
1321383154310107143
1321273394793451521
1321262741995294727
1321259554420699137
1321259380097093633
1321251357802799104
1321251031959932928
1321240888081829891
1321232645951467520
1321222694470406146
1321201082106859535
1321191552232919040
1321165695158226944
1321090696099581960
1321047921849151489
1320980666197151746
1320970769040613376
1320920690074259459
1320916994628165633
1320915826447392768
1320913864540758021
1320912763028459520
1320912249385607171
1320909289922461696
1320905691209601024
1320902410907357187
1320898979433979911
1320897889451810823
1320896240868098048
1320895413155733504
1320893448208207872
1320886595466219521
1320886014756478976
1320884185729507328
1320883242443091969
1320868559124369409
1320867597492146176
1320866880085762048
1320863034869501952
1320858949235675136
1320858374486036481
1320858028124655616
1320857461058842625
1320857010519363584
1320854827698708482
1320849385916452865
1320849079644160008
1320848274870456322
1320847230388047872
1320846952238665732
1320846466605326337
1320842905985163271
1320820612042993664
1320819005230383115
1320781142782550019
1320741410883178497
1320740233013534720
1320740084040273920
1320731268531761152
1320688884498485256
1320685049767993345
1320579597637951495
1320578551649763328
1320578123142963203
1320534640256557056
1320532959938727937
1320524928333000705
1320523121569501191
1320522232746172422
1320521830789189633
1320516918365855747
1320515171060764677
1320514832211283969
1320514322259431424
1320498834900983811
1320497773276520449
1320489096779833348
1320487830393659393
1320484017918169090
1320390028699324418
1320385405632602112
1320372569384636418
1320309764157472768
1320305953741426689
1320305182769643520
1320304883833184256
1320304477753180160
1320303106668855298
1320302952851046405
1320185065171750912
1320178713594634242
1320175978056994819
1320174822559764487
1320172327179636736
1320170674288197634
1320170072678277122
1320168936453902336
1320100233167196160
1320099763669356549
1320042084619980801
1319968305441087488
1319874372677545984
1319787512609603584
1319784101159817217
1319769577287548928
1319767856989523970
1319760335860105217
1319760005806030849
1319759432599937027
1319759336088928257
1319759000653729793
1319747809386573825
1319742863475941377
1319742499741704193
1319737906869796868
1319621434642137095
1319621041006706692
1319616254332833792
1319608281715888130
1319604013705400328
1319567292921937920
1319559149462708224
1319558580664737792
1319557035726413825
1319556507739033600
1319556253010493440
1319556063352508416
1319555007381897216
1319551739176112128
1319551030682681346
1319549475937976320
1319549141396213760
1319546694204334081
1319544912841326599
1319543230543896577
1319540842198192133
1319539584544505856
1319477531184107521
1319471645640282114
1319471074267009026
1319469702301831170
1319469044399996928
1319469004961042433
1319468383960780802
1319464772845318144
1319461066401812480
1319458577522823174
1319446893542445057
1319445647884509185
1319445318648422400
1319444147514822658
1319443845810167808
1319442078401789952
1319441141264252930
1319438709171888133
1319437735661346824
1319436139120517120
1319426294308888579
1319425791738916865
1319424930119864322
1319424380829564932
1319404517092429824
1319394508270915587
1319384081927471105
1319314571526635523
1319305132304191488
1319300223391260672
1319296315960872964
1319290443855638530
1319284202265694211
1319278139172810754
1319251524057530368
1319245681807196161
1319241850067320833
1319241025618104321
1319240244315783168
1319236103594016770
1319232362408968192
1319232341903106048
1319131143485247488
1319125072716746753
1319101771290185737
1319095510045777920
1319092537899012107
1319087752424624129
1319084890227433472
1319084056290725890
1319083814774243328
1319082320914153474
1319081970169761794
1319080966258831360
1319076976238485504
1319069806889476099
1319068640856150016
1319045312078643200
1319044211430379522
1319041627189596160
1318984269075783684
1318978209577377795
1318961466821758976
1318960104969064449
1318958822665445378
1318911712360366080
1318910486348431361
1318861048276000770
1318859117675597824
1318857889117884416
1318856937476423681
1318856632202297346
1318851568964349953
1318850417560793089
1318735418880413696
1318727456573001731
1318725227346595846
1318709086448459776
1318708429591019520
1318699992203264003
1318697955239645187
1318693076790136837
1318687212108763136
1318681299184484353
1318668608252379136
1318667474615832577
1318663480866734080
1318661717652606983
1318659769545203713
1318658220492230665
1318657510396563458
1318656997533896704
1318656587339280385
1318643189427961859
1318642080273629186
1318637128520241152
1318618350629564416
1318564839913029638
1318560442936102912
1318547762166759425
1318507726146863104
1318498735979192322
1318493501282287618
1318492765278404608
1318396094913675264
1318390191959277568
1318383587167752196
1318381688829972480
1318381271500922883
1318380189856956417
1318379815217528832
1318378581081444353
1318377005822390272
1318332038609502208
1318331229331247104
1318329098947743746
1318324788201480192
1318318591314432004
1318315968792231937
1318292986678157312
1318281364089819136
1318245569786150912
1318231909038772226
1318228041441607680
1318226729119481860
1318225487827767298
1318216858449924100
1318212647779696641
1318210684962934784
1318209693500776457
1318206063305437190
1318189477823729665
1318164091517755392
1318151126999617536
1318149400930246656
1318148473422778368
1318023370047393793
1318022509283987457
1318022488585129989
1317961020816707586
1317950758659198976
1317911182951501824
1317903866835382277
1317883153571303425
1317881794885308420
1317881531336110087
1317880907378941953
1317870328769662976
1317869956722315264
1317869409256558592
1317792369324994562
1317792041649188871
1317791655458635776
1317788632544051201
1317787497859059712
1317676798612733952
1317675805896486912
1317675766474285057
1317613280119164929
1317594014506536960
1317584447550652416
1317583102101852164
1317579533156044801
1317578832916979713
1317524552897994754
1317522732398092293
1317521227972530177
1317517218859618305
1317511196728299523
1317480322729234435
1317474795676667909
1317447506901520385
1317433931524964353
1317432785729146881
1317432560381775872
1317432345918570496
1317422895522582528
1317420166922330113
1317417648318283776
1317416992899555333
1317415403484831745
1317414138851840001
1317414025874018304
1317299248451506176
1317293499981639680
1317284060725710849
1317282663787601921
1317280742569857024
1317280562156011523
1317271698673180672
1317271516531331073
1317223696117997570
1317223681836437506
1317222086696456195
1317221080709406727
1317218853529767944
1317218172932599809
1317212129368440832
1317211672617062403
1317211171129274378
1317208931022884867
1317208510233563138
1317208143970160644
1317205961359151105
1317205342825140224
1317202864440311808
1317202580582391808
1317200564917293057
1317176919520141313
1317174158900580352
1317161449320493056
1317149779521081344
1317148285480697858
1317146926098321408
1317146100361547776
1317145444774981632
1317106520480452608
1317104486612172802
1317088006612942849
1317063599286870016
1317062761491402753
1317060507359117314
1317058634870935552
1317057916898258944
1317057480271253504
1317050043480801280
1317048061844140033
1317046960331829251
1317043605849124865
1317041741392994304
1316952458858549249
1316949148965490688
1316948244463865857
1316947794301681665
1316946408147177473
1316946053791363072
1316946011265388544
1316944350845296643
1316942976396951552
1316941972666523649
1316941089924878337
1316940906994520069
1316940343749771264
1316939722535600129
1316939419518177280
1316937992099987458
1316937649115062273
1316937084825907202
1316935746650099715
1316932909652127747
1316930678701887489
1316930542739345409
1316929683938836492
1316928332403965952
1316925323003441153
1316924356329672709
1316922801136304128
1316915582185472002
1316914915949662210
1316909997503250432
1316908606445527040
1316908332519727104
1316900385978802176
1316897720221769730
1316894960826912768
1316894648565174278
1316852694276071424
1316851849610309633
1316843079618514947
1316842154069839872
1316841337828913152
1316841214793125888
1316840883447386113
1316839917641752578
1316839671184404484
1316837440636817408
1316831814565203968
1316829824967737344
1316811555468726276
1316776792284377088
1316775467261849600
1316719152921489410
1316719015067357184
1316709826802651136
1316604390527184903
1316603916591693824
1316603180063559680
1316601761155682304
1316588519603810304
1316588487802605570
1316586651041304581
1316586147422834690
1316584720881287171
1316583629200515073
1316582731179061249
1316579768175865857
1316578407656886274
1316575757821456386
1316566873471881216
1316563518284615680
1316555877940428806
1316554479823720448
1316552790144094209
1316552389416099840
1316551949114847233
1316551424583634944
1316545193047359490
1316541692913356802
1316501672261287937
1316494847499436033
1316494347941163008
1316489742134005760
1316487949450698754
1316485408151277568
1316473459518701570
1316463149118349314
1316436875847110657
1316434669232160768
1316419454264397826
1316405587958267904
1316405326770561024
1316394047553130497
1316392709943431175
1316392537284849665
1316390288634580995
1316365477006974977
1316359707989286916
1316352688989372417
1316351023540297730
1316350792631279616
1316349640799813632
1316348799124729865
1316346112756854784
1316324039288332290
1316226493798809602
1316223151722950656
1316222959808376832
1316222127478108168
1316220552613376000
1316219637022044160
1316219094220320769
1316217094548193287
1316216479042490369
1316216153161838593
1316216098363187201
1316215836290490368
1316215058452676608
1316213989387513856
1316212438589677568
1316208550419537922
1316205120460394497
1316204604334407680
1316202692008648706
1316202091791122435
1316201443175673863
1316200733604274178
1316196912006131712
1316194339849203713
1316193139066101760
1316178353485996035
1316177981233147906
1316177179236073472
1316172126949453828
1316167281609670656
1316164520071639043
1316161973856407552
1316160627241635844
1316158719684681728
1316155214660096001
1316154067790561280
1316152818034765824
1316148319983468544
1316147550626471936
1316146679729598465
1316146203550154752
1316137651662196745
1316133052360294400
1316131171319902209
1316090608679710721
1316032788823449600
1316031998578888706
1316031309832048642
1316017686766211079
1316000923504775168
1316000397300051973
1315997094650544128
1315996380759052288
1315979227322294274
1315979149488590848
1315977851938713603
1315977175938609152
1315974692717694978
1315972467861729280
1315858637135413248
1315844266867019779
1315841233990938626
1315822947962163201
1315820643892506624
1315816028941807616
1315813442519920640
1315809460477202432
1315808612724420610
1315798352915845121
1315796709843365893
1315796191347724293
1315794103246950403
1315733329958907905
1315698139022725120
1315697702492135434
1315697298752634883
1315696991998029831
1315695894843531266
1315695442890567680
1315694688637157381
1315684533744869383
1315635218007683082
1315634458624692224
1315631246295343105
1315613348839460864
1315610991036715010
1315610015504400384
1315608052419227648
1315607582971748352
1315605255506231296
1315604710884245504
1315603479654805506
1315602721622429702
1315599437020958721
1315595668929613829
1315494852558229504
1315481471327576064
1315477458939006976
1315472518862508033
1315442060586033152
1315439999274409984
1315439760652021760
1315331938346033152
1315304745779834881
1315302182288322560
1315291535165054976
1315291097573269505
1315290269303087104
1315286021605675014
1315278303004176386
1315272581440835585
1315245774117253120
1315244620876517376
1315243942095589376
1315241120834695168
1315085661041500165
1315075251286487042
1315064011772383233
1315061386750439425
1315058242096181249
1315001256746733568
1314985537317621760
1314978441272451074
1314976216752021504
1314975076866031616
1314960687823814656
1314950683737690113
1314941481451429888
1314940695648632833
1314939843441553410
1314936611931598849
1314934488816910336
1314925008800690178
1314908070561148928
1314897984497352708
1314779812704268289
1314779180186447873
1314778817861484545
1314719695543709696
1314708193105375233
1314706754152914947
1314675303831220225
1314663184347824128
1314648000397021184
1314641591353724928
1314639975019876352
1314638984740573184
1314638903727591424
1314638673166639104
1314621341287550976
1314601172578304000
1314599337666674695
1314591857645555712
1314589908271534080
1314585801485938693
1314585138379063298
1314584053509771270
1314577552393080834
1314552254410772483
1314551248943755265
1314548948166737926
1314435052906962945
1314359170636951555
1314328249212841986
1314312018745319425
1314307293555634178
1314279478512807943
1314277832135245825
1314277668595159040
1314270467293884417
1314269534526877702
1314269213876457479
1314266736435359745
1314264811878875137
1314257612347715590
1314256283265052677
1314255445499039748
1314245362949984258
1314215800232841216
1314212162634575872
1314208696088444931
1314191735199797248
1314189952327000069
1314189544028360704
1314179490671669248
1314171611269017601
1314170787570515968
1314159989787955200
1314158201793908736
1314064488992247809
1314062698813034498
1314060019827126272
1314052409245798401
1314052066013335554
1314051323093016576
1314050771965693953
1314050702071783424
1314046416113799168
1314045638225661960
1314044821770825728
1314039159842058246
1314032024181714944
1314030436608335873
1314026470533148673
1314019545896685572
1314016120001769474
1314006457243906051
1314003428796960770
1314002796136587264
1314001544308764673
1314000670807162880
1313989156507463680
1313989099703934976
1313988010833260544
1313985994828505091
1313977107740078080
1313976242480263169
1313975878901264385
1313975491368570882
1313970010709282818
1313945048283742209
1313937691508121600
1313937139210555392
1313921539604123648
1313918660088651776
1313913402805424128
1313909924867510273
1313907121155706881
1313898220418994178
1313872760289067018
1313858732036624384
1313839771689648135
1313826507765227527
1313820074529128448
1313817829796446209
1313807776074928128
1313793726943289345
1313793401817624576
1313792717982502913
1313788587574464512
1313787043546357760
1313685781127585792
1313684071860645888
1313625374895607808
1313611363722424320
1313609673522794498
1313600531659718656
1313600363455488004
1313599282675671040
1313598797180743680
1313592550628954113
1313534466372112384
1313533537878933506
1313531685653315585
1313531445579780097
1313530972688744453
1313528877667487744
1313526907951091712
1313520948834963459
1313514567406940162
1313507484661878784
1313484289695264773
1313438274464219136
1313438059480911872
1313335877804974080
1313333895635533825
1313333020942897153
1313332041010892800
1313331256147537920
1313330576548663297
1313329340806033409
1313318248000126977
1313295656115724288
1313292164538019841
1313289918043611137
1313279512512208898
1313274480530272258
1313265470062112774
1313264820452569088
1313259426581798918
1313246166738497537
1313244734371123200
1313244676103831567
1313244407265714177
1313243265450364936
1313242622316740609
1313233206091624456
1313233137867030536
1313232198733099013
1313225860124749826
1313223024586428417
1313190825564794881
1313187049869135872
1313165299320000512
1313162477090340866
1313144813676638208
1313144395986882561
1313143707462504450
1313140899602468864
1313137189665026048
1313116769540861952
1313115497433530369
1313112980943503361
1313112333951078407
1313111949572440065
1313110874425643008
1313110223171788800
1313100845207220225
1313099835185168384
1312976120011251715
1312974407959285760
1312972851981561856
1312972151411089408
1312971390761553920
1312964416321867776
1312963587753771010
1312962341080883203
1312960615300960259
1312960580588797952
1312959638216871938
1312956777114333184
1312920213529255936
1312918096399790080
1312916678737616896
1312910184646422529
1312838560760901632
1312837130184396800
1312835788803985408
1312825957422522368
1312825044075073536
1312819527399411718
1312814374210465792
1312800973220458501
1312782709920497664
1312779088231362561
1312769367915081735
1312768824517816327
1312766126196248581
1312715927562186752
1312708980947419136
1312609751549857793
1312607639256395776
1312607416505241601
1312607198015520769
1312604639502782464
1312601074998611974
1312598154920026115
1312595801655455744
1312594293933121542
1312590846181740544
1312590170663858178
1312590147339333633
1312589439273754629
1312588728762806274
1312579293898321920
1312576685611593729
1312574824292724741
1312573697262317568
1312570693796720641
1312568078224551936
1312565379080871937
1312564662580453377
1312563191151554561
1312562668872577029
1312561198123102208
1312559539355553798
1312558186474491907
1312556421775581185
1312556249905606657
1312541003484721153
1312540859544547329
1312540508858789888
1312535555456917504
1312532218942615553
1312526495848439808
1312526056218214401
1312524269633454080
1312523630413139968
1312523073975775232
1312519952130174976
1312439847957590016
1312391546814246915
1312363640775991296
1312363289884659713
1312361971526840320
1312336527461101568
1312326714048028672
1312222699931021317
1312222476064174084
1312221375361437697
1312217941383970816
1312188773178900482
1312186832679890946
1312186362599100416
1312186119014895616
1312185858519298050
1312181173129338880
1312180401222287361
1312163273828044805
1312119534233370625
1312117536645763072
1312115426315264000
1312115060831969281
1312113328576106496
1312101890839113728
1312073205738278914
1312065680523616256
1312057924630589442
1312048722331791364
1312046828003766273
1312041115483242497
1312040990040088577
1312033216556040192
1312030260058361857
1312025800259112960
1312015682792558594
1312015086253486080
1312013324259921921
1311996245095976960
1311990117259710465
1311874359804518402
1311871855041671169
1311837410234376198
1311837300414873600
1311831389864693762
1311818160660779008
1311799970920628224
1311756939282575362
1311755563999649792
1311754701810008065
1311744727147044876
1311742622352977920
1311741564641775619
1311740703794507776
1311739917257629697
1311738233634590720
1311735431931756552
1311733811852595201
1311718652190679041
1311717871228133376
1311717298730754049
1311713908256899074
1311713203345395712
1311710726340345856
1311499372732051457
1311498843389915137
1311494501144420353
1311493101492613121
1311461437177581569
1311456125758377985
1311446165251072000
1311425505942532097
1311424132777676800
1311421203798728705
1311420058422439936
1311417719514898432
1311416823556997122
1311411744259018753
1311411742920957952
1311403977989214208
1311388181363912704
1311376732637868033
1311376605101555717
1311375434337193985
1311344917944254464
1311344084468903938
1311293953828958215
1311264479078907905
1311263412211646466
1311169473093734401
1311164305102995457
1311160798371348480
1311157379015290881
1311151557447221251
1311149873564180482
1311137692575576066
1311134859339984902
1311132491818950658
1311127062577545216
1311121843991064576
1311105174757408769
1311102974077341696
1311100097200087044
1311066988647723009
1311028570723147779
1311028101678325760
1311027930206699520
1311027791014526977
1311027263438237696
1311025472332083203
1311024266142457858
1311022081774104579
1310990615921004547
1310979932705693698
1310977509941542913
1310973777858244609
1310972785670402048
1310922907963584512
1310922890477547528
1310895950295183360
1310895662331031552
1310771680558620672
1310771454527639552
1310746917526278144
1310739238372012032
1310739087897305090
1310727358668828676
1310719668676681730
1310719658912296971
1310703104787185665
1310696339387412493
1310694135058386945
1310680146236641288
1310648315516776450
1310579503392075777
1310578711108956161
1310577999931158531
1310560041595011072
1310542906214830080
1310455314635018240
1310436749626179584
1310435012395839489
1310434325574320130
1310433262188343297
1310432890744909834
1310432587530276864
1310431593215950849
1310431270430822400
1310367928563503107
1310362053006241794
1310348451557896198
1310348035721965568
1310347280143339520
1310274419193978884
1310273957514432515
1310272885597122562
1310268846742200320
1310268694367531009
1310244527857336324
1310211927583457280
1310208247933132800
1310189072779038720
1310169803806715906
1310167677101580289
1310167518078787584
1310165664938758145
1310081819778449408
1310079869099880449
1310076542870061061
1310074841832345602
1310049262844227585
1310044739203485697
1310043322900250625
1310037626838290432
1310010622403371008
1310010309759971333
1310000773485531136
1309999112956317697
1309998468430262272
1309998197046157313
1309997431707389954
1309996602082373632
1309995800517398528
1309995370458611712
1309993391049015309
1309991944630800384
1309944596655484930
1309933650088255488
1309932389657907203
1309909248680374277
1309900697224318978
1309900432781774849
1309900126790586370
1309899215703769091
1309896211466457088
1309893644300804096
1309795279005155333
1309794341364420608
1309716514015244288
1309714995211624448
1309663234601947138
1309660245002801152
1309658528077041666
1309640622719021056
1309636788852588546
1309628244707217409
1309625281272057856
1309624898109820928
1309541843999260675
1309488850897600521
1309485304533995522
1309484066123767808
1309483640619970560
1309471158442569729
1309447230814924801
1309446588184526849
1309434005331288064
1309433096278888448
1309336667543818241
1309336287455973376
1309332616995311617
1309329031351992321
1309326491881218053
1309289536187502598
1309277914635087872
1309269883453136897
1309269603034562561
1309268952267227139
1309261168012341252
1309261031777107968
1309260276240453632
1309259313882583041
1309258575932461056
1309257956291235840
1309253145739042820
1309216422845915137
1309216369175601152
1309209855404707846
1309207758026178560
1309205414144356359
1309205043598499842
1309204294101618688
1309192315316121600
1309190925458046981
1309190817219842048
1309121410716106752
1309091703425556480
1309082439986352128
1309079110090620929
1308965249698103300
1308915841711452161
1308915821864005634
1308914736793346048
1308912023770746882
1308911806069575686
1308911229042397185
1308909158419378177
1308908698803286018
1308906906426236930
1308902874345353218
1308902408894976007
1308901050485747712
1308871656455180288
1308863777786540032
1308863670001307648
1308862820273004553
1308860210711334912
1308838722151084032
1308830266295758850
1308829922648039426
1308822714023636993
1308822096592752640
1308821934772191232
1308820492263059462
1308812680699011073
1308810294341369857
1308807430499954690
1308804406297735168
1308803746139377664
1308794153820499974
1308769477392322560
1308769155328487424
1308768175060856838
1308765115706232833
1308748595504578560
1308597227032580098
1308536220994207744
1308478445064794112
1308464177107922945
1308425521877921793
1308423121788121093
1308419685990445056
1308412273116016646
1308348771571576832
1308347610172977152
1308342834211192832
1308340438106017794
1308338745171738624
1308336541727678465
1308248731729498113
1308248386097885184
1308246827418947584
1308245257180643333
1308241862390681600
1308240226700136455
1308238596701401090
1308237407595134977
1308233748203397123
1308232881731444738
1308206232679993344
1308200108283097088
1308193656038457344
1308113126961885186
1308110020589088769
1308036674002317315
1307881453707984902
1307851711235723265
1307849762876665860
1307777061302472706
1307774874555944961
1307729013448888321
1307704693729243140
1307467191172857856
1307462320591974401
1307432540215685125
1307392899383001089
1307350453005541376
1307346603817218048
1307341449307058178
1307338072854495234
1307322487349403648
1307253426695352320
1307176490660958208
1307170786176831499
1307169587495161856
1307160962881982467
1307160789925552129
1307115644102553600
1307109446615740419
1307081114968784907
1307065891402772480
1307064920199045120
1307007490555404288
1306986962595741696
1306944787816288257
1306941587088433157
1306910367206068224
1306657945426558977
1306656264592777222
1306624277710614529
1306622340944596992
1306597022145957888
1306592235975323648
1306411340785999872
1306403862174199814
1306399187433656320
1306397482985889798
1306395978237386757
1306387551813541888
1306384182113861632
1306383371141099527
1306380443584008194
1306365994743599104
1306355562779639809
1306328698568704004
1306302389998190594
1306183525066997760
1306164446570721281
1306066249542021121
1306060058418184192
1306058586959863809
1306052804625211392
1306044229408489473
1306040493915201536
1306031439381659648
1306028728754073600
1306020557746581504
1306013622792065024
1306007462290640897
1305991835408572416
1305980465661317121
1305709370446143493
1305654094913318915
1305199777202700290
1304858542671888384
1304609396979380224
1304586090729353216
1304583302548992001
1304467443880988672
1304461921861726214
1304364465387954177
1304259589261742081
1304259051656744961
1304258704414576641
1304215738895433730
1304214554633801730
1304200379576578050
1303528362053439488
1303496098808582146
1303478409440440320
1303346936032956423
1303115547782111232
1303012356201512961
1302771347802787840
1302747317221625856
1302396593044426752
1302253539520020485
1302090766660112384
1302067507612786688
1302056102016757762
1302035171974303744
1301956252600328192
1301907370528907264
1301904936964423682
1301904834153582597
1301900202580873217
1301899253019824128
1301886978259025920
1301886713535565824
1301884397780697091
1301882522972958720
1301773473635872768
1301768645907972097
1301669314240688140
1301569763328569346
1301389909790535681
1301388185310769157
1301289330867044352
1301284913975525376
1301275948269043713
1301196697171787776
1301103824627814400
1300807021604802560
1300802241440501760
1300644575346937862
1300277066005446658
1300276042674966528
1299044754714505219
1298754123572154370
1298603091839930374
1298562532593082370
1298555897594224641
1298552845466308609
1298227108200828929
1298159772131364864
1298009748374261762
1297130866146250752
1297129632756629504
1297129582244528128
1297126981407039489
1296948693611028480
1296197715823595520
1296184594635673610
1296176823475331073
1296167425650630661
1295936437490266113
1295934973090856960
1295927206896717824
1295820175950872579
1295731875894484992
1295730719281614848
1295729757875834880
1295726297361059845
1295724253233504273
1295722631300370438
1295721151491198977
1295712890591293441
1295700182412275712
1295507622326665217
1295505491796393990
1295486289429630984
1295481034130300931
1295468658802798592
1295465494586236929
1295456688762490882
1295437396704665602
1295436548423507969
1295430374798090245
1295427988088127495
1295425211442040834
1295423900667568135
1295420930123071488
1295414544660156416
1295409110280806401
1295401023792717824
1295374692329676802
1295372129886707712
1295353454114766850
1295353024194412546
1295337033917960195
1295333634690473984
1295319603984441346
1295222177227210752
1295216517496414208
1295216490761924608
1295212841167921157
1295212177012465664
1295208343682846720
1295207884456960000
1295207484626481153
1295205100386951171
1295173567353626630
1295172482496974848
1295171555119509504
1295163566874603521
1295163037582872577
1295162940191125504
1295157015036166149
1295140960427479041
1295126809181290498
1295074628180811778
1295070063763042306
1295070044121112576
1295068319217745921
1295056958047715328
1295036688864083968
1295017409582071808
1295016711595401217
1295016132504625152
1295010968288866305
1295006421751345152
1295003590394773507
1295003527685771265
1294998877909721089
1294997747314171904
1294996350837444609
1294979265394544640
1294976885630345218
1294970715503034370
1294965825376526336
1294964321362096128
1294961285956804608
1294959065685254144
1294882979815268352
1294882256503308288
1294877708422459395
1294876616166907907
1294875043651100672
1294871218580054018
1294868323050622978
1294866542916665344
1294865576993738754
1294865128110915584
1294864379389923330
1294863697702264833
1294861251940700162
1294860595465003009
1294860476317347840
1294855215796178944
1294854111779848193
1294853805553704968
1294852836199735297
1294852314306621441
1294851338417971201
1294849704078061569
1294848115363778561
1294847415489527810
1294845790901489665
1294842352712859648
1294841826466291712
1294839053133676545
1294838641542533121
1294837908755623937
1294787956834787328
1294784504536629248
1294782524418330625
1294781970984181760
1294781438081077248
1294781161726713856
1294780341610258432
1294778017227710464
1294769496553664512
1294754178959650818
1294753400320663552
1294751258230784000
1294747315836792839
1294746409216937986
1294744273372536832
1294674129984118784
1294673721660243968
1294657811901812736
1294657212074414083
1294656605225705472
1294654336673419264
1294647940049510401
1294647206478307328
1294644918032502784
1294644893529366528
1294612842730094592
1294609034104975360
1294604708066320386
1294602816011501570
1294597701099819009
1294470504506626049
1294444567274627080
1294418129653825536
1294396323186323461
1294395503791280134
1294385509876334592
1294382898137698310
1294381237566676993
1294327361132015616
1294325318988308482
1294309637999730688
1294286627037208576
1294280292845445121
1294278931999330306
1294244247604989956
1294241283905589250
1294239899818885121
1294239328395243523
1294238763519021056
1294237463385432064
1294235470050791424
1294233821714448390
1294232821565882368
1294219910449631235
1294195182808764422
1294193137297104896
1294190539076587520
1294137865589288960
1294110465086427137
1294097260125597698
1294095443429859331
1294093820850733058
1294093060775849987
1294084616924663808
1294084413131759617
1294084346761158656
1294083827283963906
1293850722421932032
1293843439575085056
1293811819522543616
1293736275099484161
1293731707972194305
1293718223335161857
1293698674971869184
1293693231927042054
1293688898309238786
1293606165973262336
1293604796381966338
1293593250717147139
1293579334666641417
1293576925059915778
1293576431528808449
1293569776443432963
1293555742780334080
1293553836850917376
1293526653726011393
1293525510987882496
1293520582319968258
1293519417058492417
1293516859241897984
1293512339476684800
1293372795985027074
1293371427442352142
1293335661827821569
1293327673817796608
1293267181338230784
1293262302024736769
1293261110628552710
1293242205302337539
1293239421182136327
1293226098780667906
1293216407828803585
1293216100990291968
1293211698455891970
1293206773550198784
1293202702495895557
1293201938020999168
1293201640661684224
1293190281357963265
1293180035185221633
1293179118587084807
1293171836033826816
1293149308003418112
1293149067401400320
1293148748537909248
1293035180060487681
1292994073570226179
1292992418372030464
1292990181709164550
1292988396546207744
1292982285705400320
1292980865786613764
1292979071689916417
1292979015591002112
1292977865135464449
1292975532582350854
1292973471077740544
1292924656324874253
1292923135436754946
1292908865944788996
1292883181260201984
1292874726621224961
1292870628853395456
1292870149851295744
1292869511062921223
1292857777291919363
1292836314258317318
1292829701090705408
1292815472812003338
1292778662627082247
1292778640762077184
1292773965577035778
1292771388533673984
1292612399116234752
1292603516192804864
1292603380842536962
1292600361191190531
1292515998885720064
1292513853344022529
1292512872581431296
1292512553491484672
1292499643767693315
1292497522615816196
1292491724758147074
1292486400156348417
1292482221329330181
1292476971654488064
1292475193328312320
1292467580565848070
1292460032756506626
1292458687341223942
1292453553785774083
1292337384043028480
1292336711171805184
1292333864657068032
1292332961694650378
1292329399208083456
1292326385072168962
1292326103022022662
1292325063560232962
1292323448107290624
1292321538037907456
1292320660287627264
1292296031296724992
1292293757270921219
1292252458492846082
1292250891450568704
1292250275592404992
1292235092878856200
1292233516894298112
1292211424580829191
1292204998667927554
1292204558844940290
1292155686214930434
1292137512069103619
1292105440701095936
1292105053977874432
1292103446527717377
1292081413689352196
1292080922901319680
1291945373330792449
1291923811458338817
1291883595594969088
1291878837610057731
1291877917912440834
1291870810559459329
1291868026736869378
1291804459564257281
1291800355894956032
1291767878547656706
1291766001097375747
1291745477604651010
1291706035401633793
1291687425698398208
1291684827406761984
1291576840730161152
1291541030274240513
1291525923112660993
1291525671982903296
1291518205744341003
1291517638343036936
1291487662822612992
1291486647217991682
1291476299874271233
1291461551157780480
1291461338045145090
1291337145710518272
1291336503747121152
1291322440971419656
1291318559034019841
1291232392355680259
1291231689616883715
1291230569574080513
1291229038770610176
1291226702442573824
1291225979478736896
1291223067197427726
1291222150330949633
1291221389723275265
1291221036940374016
1291219300775272448
1291215166647017472
1291213064440877056
1291210958468153344
1291166845479919616
1291162680175321092
1291153394556645383
1291123812130533376
1291090260982665221
1291058626501771265
1291055373470896129
1291055104154652675
1291053921713172480
1291027054767616001
1291023936273240065
1291022080717262848
1291017743458762759
1291016911296266241
1291012674831224835
1291012141579939841
1291003615667265536
1290965712861892608
1290953094117969920
1290952823157460992
1290945809610088448
1290941018175660033
1290940082225119237
1290831890275074049
1290828817846673413
1290826854937526274
1290826219823468544
1290790276634685442
1290789584327135233
1290755411637870592
1290755380528775170
1290740874096369669
1290720338393931777
1290667955735461893
1290666903229403137
1290664196837904396
1290651239252975617
1290650101170548736
1290601424829718528
1290598945404719104
1290597809750708225
1290580637334872064
1290579862814633984
1290578763022032901
1290432179416293376
1290420858176102400
1290416469973467136
1290415917646655489
1290375154799972359
1290373820365377537
1290363021961973760
1290356026567426049
1290329013299355650
1290315947937615873
1290292187482259456
1290291204106592256
1290253387930509312
1290228915991011328
1290227281462321153
1290112828389679105
1290110240621359105
1290102671488307200
1290101000200753157
1290060751194001410
1290056139653210112
1290052321020387329
1290042424119529473
1290034671049293825
1290028014093209600
1289981912258244611
1289971572589998080
1289956574438412289
1289933249448423424
1289927124095078400
1289926585835876359
1289921765003669504
1289914611060428801
1289842135450169346
1289836139289837568
1289835557137330176
1289765461492740099
1289763354131587078
1289713392433815553
1289704669971849217
1289703895434838017
1289701784026361857
1289700782984445952
1289664679594213378
1289661678213185537
1289639057094348801
1289609407626506240
1289591710956138496
1289591031818620929
1289541525941051394
1289395631681753088
1289393881390309377
1289391914299482112
1289390749914525696
1289389320508452864
1289359335613702144
1289351458018582528
1289350326462500866
1289293445991763968
1289268969925414913
1289264648219316224
1289264070907093001
1289201138164621313
1289200587309903873
1289156663241371648
1289155254253232130
1289063311070441478
1289062659665678336
1289062338776236035
1289015526761664514
1289007367494029312
1289006226869755914
1289006008845697025
1289005201219899392
1289004154627776512
1289003931100684288
1289002239361777665
1288998627524907017
1288996594675789830
1288995225877323777
1288984394384932864
1288968127276081155
1288929383340748800
1288928211594862594
1288887043683233794
1288886647870939138
1288884429683937282
1288873876450152451
1288872184551809024
1288861621813678080
1288861441597079552
1288853151425142790
1288843561727918086
1288841250372812800
1288824098248953856
1288797230040842241
1288796112267157505
1288795768342618113
1288662610376884224
1288608795703365632
1288552301095985153
1288547169771884544
1288541879693434880
1288534134600630272
1288495380959821830
1288490800675000320
1288477990410739713
1288465743785406469
1288465699841675264
1288329864945307650
1288327530014023681
1288322238152933377
1288301526218416128
1288301072671539200
1288298506273411077
1288268998703013888
1288244555599556608
1288229315314950150
1288199208596647936
1288179398244536320
1288128934199136256
1288118244436393985
1288096065779097600
1288094921510080512
1288094319140904965
1288093092306984961
1288085480953851905
1288073101729771520
1288060811085320193
1288060382922194944
1288059784969760769
1288035831320649728
1287949325193093120
1287949174491820032
1287944259891539968
1287902804410019840
1287889979159478272
1287785632643911683
1287783050978394116
1287781791508692992
1287532892579487744
1287525959172796422
1287501218504482818
1287489720939950089
1287488969362542593
1287487615483224074
1287446716195667968
1287444108395663360
1287443378762850311
1287432217766100993
1287432140246966272
1287428105028743172
1287423654041616385
1287415582703472643
1287412814047518721
1287411573233942531
1287407538040864776
1287399554980159489
1287398037560733696
1287390455970369537
1287383945429082113
1287369870078771203
1287368261869477888
1287366226222735362
1287199579914502145
1287190342534606853
1287189055537590272
1287188504322224130
1287187404198154240
1287180250431082497
1287177723664830471
1287177277164466176
1287170326770724866
1287169831192666113
1287168775196991495
1287167192279265281
1287121334095486981
1287115261250875394
1287099921246691328
1287085337869770752
1287074279096541184
1287044983388766208
1287040344656416774
1286994804476448768
1286975184034058243
1286873185737158656
1286866952053555200
1286865269156126722
1286862658524807168
1286821199272652803
1286819871431385089
1286815493312196608
1286809671504932864
1286809301982511104
1286805729400295424
1286795621916180481
1286698844839911429
1286677354706804739
1286676176946237441
1286666359934529537
1286655403443527682
1286654515727433729
1286633485176905730
1286463449489448961
1286448075448483851
1286446689667227649
1286442989078880256
1286436905777848327
1286433731717341184
1286404907663265793
1286390043993661440
1286353898836561927
1286349060413239302
1286263109171253250
1286259811894648833
1286165011040280576
1286162617732665347
1286161143208325123
1286159747687776256
1286158547403890688
1286158169895469057
1286155180166324227
1286153108356313088
1286151992675569669
1286151552336568321
1286132959997825025
1286118286409826304
1286058873401614344
1286025718200184837
1286012004533243906
1286011804011974658
1286011217904107520
1285993715740356618
1285972469111824385
1285971910334066694
1285965206611464194
1285944491736805379
1285920256490385409
1285883939215810561
1285881473153867777
1285879776209707008
1285873195413909506
1285870170267963394
1285864123935395840
1285862425011642369
1285861900853620736
1285859518262530048
1285858639010500609
1285852408594276352
1285851035295047680
1285750943246622720
1285748521010974723
1285742709894938624
1285723221992538112
1285707008126091264
1285704037409730561
1285695105299615750
1285693866805469190
1285692950257770497
1285690717365469187
1285684872187645952
1285670175178727433
1285636462273351681
1285629994467831809
1285566368893612033
1285523915574513664
1285523642105958401
1285520979847008259
1285519092804444160
1285513325355442176
1285510490576355328
1285404001056456712
1285398149897637888
1285397786553462784
1285393010054791168
1285391729961639937
1285380422789214208
1285378885748654085
1285377408439406592
1285371002617303041
1285369582107189248
1285349708244934657
1285329609580478465
1285327543751651328
1285326104010592256
1285323523335102464
1285322827650994183
1285321867448987654
1285320594104492033
1285319080724004864
1285317819639398401
1285315388729954304
1285309327746699271
1285308591273119745
1285304318653079552
1285262864748617729
1285227844377903104
1285181471750262787
1285170174904225792
1285168912527765506
1285168319407030272
1285156307998248960
1285057148842577921
1285055473562066945
1285053186248769536
1285010702411927554
1284997242290606080
1284966216889753600
1284948566138650627
1284947236779110401
1284946672771047424
1284926853917167622
1284926473749639168
1284925583068143618
1284922119638462465
1284921794839883781
1284911637200359424
1284839420181585920
1284839041263968256
1284835198232911874
1284830937709240320
1284823098114572288
1284819005702897664
1284719474365652992
1284716616937283585
1284714909687844866
1284711913193115648
1284711184617418753
1284656341915766785
1284647939231686657
1284645310443196418
1284643162196267009
1284641630599905281
1284636494339149826
1284635204246806528
1284634591949721602
1284632452158435330
1284629499573919746
1284616301739216897
1284602255405199360
1284592785140613120
1284591951153704960
1284589531354865665
1284588863550349313
1284588663171624962
1284587435821805568
1284584755758092291
1284581827546578945
1284579453331529728
1284573536875696134
1284568345099075586
1284567670428520449
1284558859810607104
1284557832998789120
1284553884330057728
1284535762411823104
1284534996502544384
1284533125918400512
1284524415938682881
1284478795983081473
1284478728601468934
1284477633137455105
1284476683073007618
1284472704117215232
1284470907474518016
1284286915353751552
1284280282452041728
1284268384381800449
1284268329100808195
1284266958112915456
1284238697060339718
1284238248089464832
1284237772719611907
1284235152202268673
1284234285873008640
1284231637044273153
1284189358631931911
1284187173604986884
1284186344667918343
1284182690288238594
1284179726320504832
1284114665581289477
1284110432916078592
1284109258871668742
1284108510784098306
1284086274794586112
1283983191989276675
1283979785568485376
1283978882115403780
1283977412603252737
1283941539434070019
1283940801773543432
1283939951260901376
1283931709331984384
1283930390923808768
1283929412262678530
1283927302963892224
1283927285893038082
1283924463441018881
1283872653330337796
1283860668987383810
1283859795032911872
1283857083587276800
1283839489681620993
1283839027364401160
1283833847403208706
1283832963185221633
1283832368500019200
1283809652464136194
1283796531397754882
1283759231674527747
1283738617928732678
1283738205917982722
1283721350780194819
1283711722415587328
1283599017755254786
1283562844945092614
1283556566193655809
1283551281592897538
1283550873789042689
1283545917346512898
1283545688643698688
1283544442042015745
1283503128386703362
1283495598608482304
1283484330120093697
1283469324674650112
1283462812543721473
1283460529567268869
1283457829081415681
1283434269000572929
1283430249057878018
1283393655881990144
1283365445542838272
1283345739083587585
1283240927524462593
1283240477744037891
1283239286096171008
1283238957791285250
1283238558132850693
1283238029998596097
1283237941926678529
1283237276907167746
1283235832221114371
1283207649002172418
1283188892246695943
1283187248918405121
1283185697223069697
1283184642749800454
1283172448989523968
1283135159391354881
1283134129282912257
1283093484778520577
1283057232431718402
1283011916823175168
1282996037431500800
1282845366245822464
1282833742537666561
1282828802708643841
1282828512685109254
1282825902884364289
1282824704320036866
1282812840718606336
1282810833865707520
1282810603011297280
1282772139431456770
1282770236043939846
1282769819738275853
1282769384365273088
1282767369174159362
1282766620088307712
1282764684882522112
1282760114664099841
1282736631259201538
1282710719130107904
1282697008235663366
1282666765797994496
1282660538871316480
1282621518791544834
1282619459660845056
1282524564040417280
1282522570705768449
1282521478886457344
1282451684657160192
1282446835492294657
1282424600220008449
1282357767563546624
1282353873886367744
1282316050915364865
1282308886003949568
1282305078351863809
1282294966673379329
1282163892664311813
1282150382446182404
1282150247226052610
1282148954319224834
1282147686548996097
1282146673179975680
1282118790164164611
1282116459905376256
1282113096740491265
1282107478709239812
1282106149576245248
1282105675208970240
1282103865492545536
1282103127060226048
1282101077723230208
1282099882677997575
1282095666077073410
1282094784052592641
1282093794071130113
1282082082009812992
1282078556143726592
1282075815526780928
1282064061639819264
1282062683483836418
1282021690181144583
1282018568817840130
1282018326760370179
1282009267004940295
1281932739831373824
1281931328804528132
1281929804992872453
1281919074075848704
1281914405270282240
1281725646180417540
1281723065110605824
1281718122085519361
1281713633353969665
1281713142784053252
1281709394615468032
1281678483828224000
1281633713831452675
1281600337632202752
1281598872553492481
1281598220288888833
1281582739041529858
1281561464336261120
1281559843640352769
1281547961944735744
1281543257336565761
1281538584726642691
1281417149760905218
1281412025881702401
1281400474760089600
1281396129754685451
1281396109705871360
1281393728259788801
1281390800337764358
1281389964052303873
1281389475415969792
1281321050530291716
1281313582584664065
1281302535391850500
1281302521491922944
1281286175924371456
1281251129041575939
1281227104538025984
1281223188303798274
1281222643207856128
1281173900886446080
1281170413909925888
1281043291606331394
1281041666032504832
1281040703238352898
1281022965837070337
1281019457926807558
1281018818480005123
1281018637688635402
1281010574122528770
1281003896266252289
1280983534094688257
1280925375791616002
1280924193878683654
1280917571617914880
1280860028950454272
1280856999434035200
1280854163375652865
1280841644321972226
1280829523605573632
1280828546496237569
1280695307089649664
1280647761139023872
1280641824298803202
1280639364670816268
1280637870676402176
1280636204254482432
1280635684425011207
1280635675004600321
1280624822356258817
1280624099207925760
1280612574619467778
1280574181218934784
1280545711042502657
1280534504520781824
1280503271732510721
1280488070933090307
1280487711372193794
1280478974234308610
1280478263123550209
1280475662961254405
1280453384097738752
1280371039038562304
1280370114811084800
1280337698264436736
1280319875974561794
1280316859624153088
1280315351432138752
1280315314518069248
1280303666583547906
1280303362345402368
1280286538803351553
1280285551501942784
1280233978549731328
1280232994670870528
1280227265813590021
1280209173926510592
1280204556039847938
1280203998016999424
1280184533770534912
1280183554236874753
1280171257837821954
1280171255451222017
1280159915923865601
1280159567259860994
1280153267373211648
1280141736120135680
1280135143777280001
1280134589135151110
1280096085046951936
1280084454208417795
1280081000400392197
1279961387855417345
1279956937203949568
1279956204605800452
1279954919630540800
1279941503213764610
1279940142535409677
1279939288319262720
1279936786165313536
1279936522205253632
1279935378397503490
1279932390513803264
1279925228169236480
1279925102788988928
1279924184332853250
1279922983574949888
1279920063655673859
1279890981555494912
1279885365357293568
1279881813507420167
1279880018466930688
1279879240335478784
1279874326469148673
1279872999982841857
1279870544624717831
1279869546829094916
1279868842064429057
1279857488716857347
1279843193396375553
1279838948030849024
1279753599497756674
1279752370956783616
1279751888813121536
1279641078627536897
1279635849148338176
1279633215528095744
1279631911476961287
1279631384949207041
1279630778658365441
1279630308984356865
1279627081832435712
1279625694436261889
1279623177321230336
1279622185150287872
1279621096212500480
1279616756311564288
1279615138954457089
1279614451252166657
1279587571182559232
1279586920859918336
1279584232772378624
1279583487222263808
1279576623625523205
1279575886891757569
1279573863739908096
1279573197839532033
1279570582556807175
1279562835018821632
1279555282054582275
1279555139980988416
1279551437761138691
1279498612356124676
1279495351746080773
1279492906299068416
1279491535025967104
1279477446207836160
1279468952473739264
1279467450355060736
1279458388909477890
1279457769062567936
1279449688819843072
1279448392695980034
1279447463653408768
1279444035451617285
1279430407822479361
1279429972747321345
1279428419458080768
1279425017441390594
1279423718805196802
1279419784413798406
1279419427860221955
1279417635004964864
1279413151927320580
1279408247137611777
1279374123609841664
1279264075382390785
1279259068721496064
1279256846998568962
1279254353933668352
1279252319478124544
1279250182698303488
1279242586969030661
1279241149438480385
1279238396020436992
1279233643446181895
1279233270035763200
1279232493372280834
1279232102505029632
1279229624002711557
1279216931262935042
1279216107484778503
1279215572518154246
1279214505453670403
1279202775772127234
1279200072987705346
1279198985857699843
1279163087212417027
1279159337257177099
1279118996516847618
1279114078615752705
1279099345065959427
1279097966507241480
1279096138512072706
1279093729152897026
1279092433322639361
1279091183885717504
1279077778940399623
1279076450365313029
1279016053796896768
1279011095739498496
1279009261356494848
1279007667315490817
1278865520285097985
1278863867800621057
1278862954516164609
1278852593570193409
1278845218947846145
1278844321383550982
1278807009819865089
1278761937162158081
1278759502507098113
1278758445693505540
1278740857299120129
1278740677946458112
1278695126710321153
1278694124380729344
1278673456368955399
1278648912165961730
1278647971920388096
1278516899870052353
1278514498517839872
1278512580982722561
1278508487346135041
1278505121945718791
1278502745121722368
1278491888572608513
1278491004493082624
1278457347107676160
1278452333010182144
1278404047373041669
1278396359989747712
1278387627092295681
1278382473588736003
1278381447263531008
1278327212840812544
1278325039394361345
1278308297926459395
1278297615956873220
1278292716351356932
1278198745377714176
1278198234725351424
1278196670505893888
1278195536974184449
1278194523068338177
1278193600195710976
1278191394151190528
1278191349054025729
1278187252116529152
1278186592172195840
1278184944980951041
1278183388877381632
1278182467174875136
1278181698803585025
1278178762912342020
1278115848822153216
1278112269163991041
1278109020373598209
1278098278815600642
1278096373271977985
1278087814878502914
1278085048135225347
1278080524779692033
1278079706542362629
1278076338713305091
1278076118805942278
1278075399185010692
1278053425444458496
1278031116922953729
1278008631590608898
1277993601780375554
1277960630520000514
1277915530725330947
1277913033965293569
1277913027359236100
1277906467434172418
1277900586734817281
1277900018482065408
1277895576659595264
1277895323927613440
1277891593203257344
1277795042246242306
1277776228091559937
1277769042439344129
1277753879988514816
1277748808563273729
1277745073288028163
1277729854583177216
1277725765723963394
1277699766751821824
1277696570444648448
1277693833690693632
1277693243375996928
1277692586296213506
1277661705443725312
1277618920904626176
1277590346541735936
1277564857596944385
1277546757321363457
1277373160237740033
1277368283180793856
1277352779108007937
1277347290399858688
1277297785214205952
1277261586059669504
1277256898446843910
1277224886918930432
1277093654709100544
1277092741298753536
1277091374442176518
1277053452737064962
1277046963712798720
1277042251852664834
1277035190540476416
1277034134788022275
1277030604287115274
1277024777916514305
1276959903052189696
1276926061721391104
1276898098380451846
1276883769748795393
1276735559998808069
1276734661444714503
1276731537837428736
1276731310690783234
1276728842753847298
1276728732909219840
1276728400854626306
1276726228972642306
1276725598820261888
1276724348791988224
1276723385033281538
1276721825540714501
1276718567203971073
1276639754780639233
1276632809260617734
1276549847986864130
1276536327790419968
1276533433175617537
1276530857495408643
1276513134904303616
1276498594615439360
1276498593709469698
1276498592052715520
1276498591033548806
1276498570108194817
1276480059604447232
1276479192960585728
1276478597398740993
1276473784736911360
1276369106338549761
1276368317616402432
1276367835921559557
1276322125264162817
1276319324991639554
1276317307120353281
1276315897104420869
1276314094950387713
1276311674824376320
1276309793347600385
1276306975148650497
1276306226142461952
1276239109762187267
1276238149597966336
1276232383814160385
1276230924972298241
1276225975282479104
1276224877251497986
1276223674358652932
1276220673455783936
1276218899617415168
1276188348164509702
1276136686355873794
1276112340346449925
1276025024743452673
1275999965010149377
1275994634095902720
1275976096417275905
1275950098678235136
1275949913071915010
1275946147048312833
1275937341295734784
1275935830264221696
1275912252101664770
1275912011134701568
1275910294506803200
1275906503195713536
1275906201038004224
1275895315376242693
1275880819429650432
1275853144245899271
1275849310945640450
1275836260532260864
1275824095486251008
1275810930107002885
1275806952896020480
1275803906728235013
1275794298605363205
1275781154386448384
1275734240844488706
1275731282367037445
1275622889069445120
1275589955029524480
1275589061424697346
1275584556737998848
1275579296682303490
1275575560220094464
1275573220826120194
1275572229347201024
1275559646108028929
1275494857004527617
1275494423166627840
1275482829414072320
1275482665467162624
1275404255344635904
1275285661520670720
1275284049548980224
1275279830930665472
1275247170590052352
1275243990397399040
1275243517540007942
1275214339885150210
1275213463338586120
1275161496490827777
1275160259447992325
1275150837531250690
1275117006568726531
1275105915788832769
1275105622661443587
1275103253206831104
1275101562256404480
1275090108740493312
1275086332323418112
1275072807005679616
1275047433941258241
1275042704708317186
1275042084395847681
1275042003768823809
1274876869586964483
1274875653117132803
1274874805381103618
1274862497418403841
1274861800073371648
1274850778142965763
1274821738195533826
1274817971718967297
1274817816760377347
1274817375842578438
1274817356959813633
1274815613425369088
1274747147288707072
1274744594752774144
1274741758753214469
1274714029055971334
1274707686727221248
1274701407803842560
1274693940596391936
1274691995571716096
1274691257957330944
1274686891401662469
1274683339853750272
1274680794125082625
1274679482700439552
1274679251623653377
1274678596876079106
1274678238288261120
1274522968182398977
1274500711691280387
1274499845705863173
1274496573100232706
1274491631127977985
1274482301599133697
1274481149889384449
1274477656533348353
1274477162276499458
1274458496235339779
1274454547277189120
1274452670733000705
1274446795360407552
1274444957106003970
1274441129694580737
1274440269858058240
1274420621548630019
1274419950585864199
1274419309293588481
1274406280610877441
1274405458103672832
1274372733254676482
1274355087440334848
1274354507242184708
1274353914910052355
1274353617252868099
1274347643607699458
1274347264702644228
1274344527675957248
1274343985302118406
1274342370730037249
1274342279596183552
1274340826404081664
1274339611700060163
1274338503107710979
1274338347671072768
1274337197030866946
1274334347726934016
1274330150063288320
1274308870513590272
1274307247238270977
1274306761084809217
1274168259353378816
1274167077964845056
1274162079277232129
1274156574219669504
1274143593981239297
1274136805760274433
1274135102168145920
1274133497498734593
1274072059249860609
1274068270501572609
1274030328227803136
1274015379661217798
1273977347113390080
1273957095159869440
1273945146648821760
1273935110086238209
1273934880687165442
1273933113618583553
1273932530694094849
1273930386414931968
1273930012199092229
1273832825238753280
1273831821642530817
1273830812748861443
1273768824358273027
1273768294374391813
1273758934336241667
1273689220373270529
1273687821782573056
1273684014122008578
1273664109779836928
1273661708515643392
1273659479951847429
1273653742072627200
1273653101992521729
1273650717224566786
1273630938254184450
1273626823943950337
1273626442291707906
1273616635732131840
1273600721888448512
1273597843790594048
1273593035176230912
1273578233401880576
1273577029338910723
1273563926945464321
1273562248607301634
1273562098883342336
1273449800411885568
1273448248653553668
1273442913113051136
1273439200000557056
1273434136343195649
1273412185499340805
1273410260842221568
1273409494458998784
1273408348013187072
1273407029130997760
1273405986548695041
1273402805651410946
1273402176078036994
1273401685252214784
1273401401679413250
1273399119567036424
1273398900968357889
1273398351438979072
1273397172910927872
1273381363975102465
1273357550973566980
1273355576337186827
1273355070562881537
1273352509210472448
1273352369422688264
1273350043500777476
1273349665740726272
1273349438602391553
1273346010606166016
1273332005279760388
1273328891092926464
1273325213850230793
1273308480141774849
1273307214900613120
1273289657082679305
1273280646690078721
1273280095415926785
1273278081227161607
1273218477235539969
1273081339638681600
1273078445585686530
1273076872004472839
1273075128189018117
1273054154617913345
1273050613505568773
1273039976440176640
1273039638890979330
1273034978985742337
1273033072133447682
1273032773289246732
1273029466273583104
1273026793172357120
1273009222054273026
1273003663850700800
1273003602169167874
1272981733982367744
1272978390019182593
1272975352290332672
1272974655918391302
1272973537519775750
1272972253949542400
1272971189485555712
1272945539865288707
1272944626962497536
1272894474759426049
1272894455973109770
1272891090031521795
1272891051347492873
1272890598790496258
1272889503502544897
1272868506858672128
1272867843063808007
1272867515190915072
1272854569039642625
1272848516608675840
1272835858123677696
1272834804027924482
1272834183900082177
1272733486311510019
1272730109754081281
1272729709533704192
1272705092815400962
1272703742975107074
1272701740698275840
1272701016832704515
1272698938282389505
1272698587877687297
1272697846416932875
1272696958428352513
1272693487478210561
1272673303229054977
1272660966342303746
1272660459515248640
1272659088288157710
1272658993664663559
1272645270816292864
1272643869319061510
1272625323474108417
1272624407652024322
1272624017502019584
1272617571515277313
1272616860685664256
1272609917514534914
1272609655789957121
1272605167804956674
1272600117225369602
1272582761199501312
1272579889720328192
1272562558197796870
1272561931770048512
1272561600612962304
1272547405800620033
1272547170332311555
1272545349207547905
1272542581474439169
1272510505203228672
1272483851080794112
1272371867777732608
1272368188865511425
1272366694627979264
1272365969348984833
1272364108483112961
1272351384646701057
1272351244343017473
1272337019084189697
1272334312659189761
1272322347207471104
1272318604252504064
1272315380493627398
1272270839069708288
1272257468706500614
1272256424362590209
1272255138888069122
1272252924341751808
1272251746497245185
1272248518548377600
1272248212695519232
1272229783120855040
1272218852731039747
1272217535463686144
1272215968744382467
1272211549617377282
1272204926731632649
1272180413197402112
1272179577549357059
1272176334882713600
1272175975284060160
1272031526696484866
1271986554911817729
1271984246459072516
1271983847396302848
1271981802794749952
1271978430498770946
1271977762090295297
1271974357380800513
1271968653601320962
1271966850038013958
1271963828209815552
1271963433660014592
1271962803994312705
1271961694256934912
1271960567633391617
1271958355658125312
1271955443980685316
1271952268150046721
1271951783234097152
1271949591160721408
1271921304430673920
1271917956344225794
1271909326454652934
1271908886539317250
1271903030103982084
1271899109851570179
1271890701400395785
1271889329275756546
1271888625794453504
1271886847199903751
1271886020309585920
1271884547370749953
1271883630206423040
1271882817828421633
1271882800967421958
1271868094768701446
1271867011711279112
1271865612285947905
