1330409567461642242
1330303919541653508
1330260936893095944
1329623433806680065
1329525594703335426
1328923587235901440
1328569618655535105
1327865009804697603
1327826441942167553
1327825721478111232
1327821145765101569
1327628424916004864
1327627891241152518
1327466430795636736
1325847036306968576
1325651425322434561
1325335908443287552
1325335507367153665
1325335215309426688
1325325691827544064
1325268899814801411
1324875660137918465
1324866550554226688
1324826698643206145
1324591929720369153
1323855492075020288
1323854989677088773
1323521950786875392
1323125314055143424
1323073560840003585
1323072851532865537
1323071868564221952
1322736029833461760
1322694031504142336
1322687763112603648
1322678615369162752
1322678392601243648
1322676887252992000
1321633866172395520
1321630524801122305
1319892668038606849
1318781195799261184
1318661084975255552
1318416969507352576
1318386957034999810
1317373007921246209
1316253620216631296
1315783782696329216
1315401157095747584
1315391813646053376
1315156789684391938
1314379022717997056
1313305018666225664
1313264450921783297
1313017043789242370
1312248976155054080
1311174020037931010
1310777127810277376
1310062889622003713
1309289468298366977
1309194346982379521
1308569207248842752
1308565510389293056
1308511845850861568
1308496442877599744
1308496191999496192
1308495494587457536
1307787402346467328
1307785723458748417
1306805683585646593
1306478206107545600
1305999206834790400
1305605864397529088
1305601725533831169
1304255096440713220
1303403219536605184
1303202027560792065
1303198759455612934
1303095792807206912
1302092409715662849
1302012698494869505
1301014290896355329
1300901599007498240
1299222959001751552
1299216920894291971
1299210828109942784
1299199686184595457
1299196977377210369
1298851247768838145
1298672802447257600
1298143994942124033
1297710033459765249
1297374826370232320
1297374609608552449
1297374126919696385
1297316111478689793
1297315822352732161
1297307384482689024
1296642115557105674
1295937681411715072
1295923544073940993
1295873411097530369
1295583527858102272
1295577632151543815
1295575101673320448
1295551671271976960
1295188861220347905
1294495375600934913
1294053782813208576
1293056335337013248
1293050758556864513
1292986334039044097
1290884518170095618
1290872730183585792
1290858420896034817
1290153344590200832
1289355511477882880
1288879981435564032
1288719471146803200
1288685917692022792
1288682241564930048
1288655107442106368
1288653343997345792
1288581271392722944
1287955371605147649
1287946693728595968
1287946389402472448
1287889527021871104
1287564610610970626
1287552942023667717
1287406663889117184
1287285862586146817
1287271968467689472
1287264416577146880
1287264264479051778
1287261784227721217
1287100465310654464
1286881878675349505
1286881806889807872
1286804210256769024
1286800259100770306
1286535671721598976
1286535262642638849
1286529225223069696
1286529005361836032
1286451920740052993
1286451021586169857
1286420790146035712
1286415156323311617
1286327623371481088
1286031156576522242
1286028645669117953
1285829415654420483
1285479503695761408
1285107184477499392
1284971675914604544
1284734661457883136
1283550763990478848
1283550692762742784
1283264780296310785
1283264015825682433
1283248630753751040
1282914958326423552
1282914225547931649
1282913731068878849
1282854718423756800
1282854239941754880
1282573584687230983
1282427974034153472
1282420706781720576
1282419959776198656
1282118891439665152
1282118735902339072
1282088265667899392
1281456018145173504
1281452506527088640
1281116040185802752
1281098912707698689
1281028039300661248
1280735743137087489
1280698441333530625
1280382791910215680
1280342075808944129
1280316773456216064
1280305879540068352
1280305283361693696
1279640334109036544
1279541921585573889
1278922300830576640
1278202519810789376
1278156252250431488
1278155878500188161
1277779506367836160
1277778351218806784
1277655786659868672
1277459809319579649
1277456012291657729
1277433020102791168
1277432144634077186
1277424174638620674
1277423777211506688
1277422807828197384
1277005341503307778
1277004992302309376
1276751095738462208
1276631112379330560
1276565442400681985
1276564435235037187
1276312289453342721
1275957696097705984
1275623317752344577
1275471214685745153
1275470844014157829
1275299268530585600
1275299015479844867
1274961674294816768
1274945893473505282
1274945863907815424
1274910038822281223
1274596172653461506
1274452313235587073
1274452245824733184
1274223999103336448
1274222289035292674
1274217769722974208
1274191752497229826
1274183276756795392
1274174689850437632
1274171955713724416
1274147278312206337
1274146461341462528
1274146326368813059
1274131138257104898
1274078240177401856
1273868221251084288
1273532541287321601
1273519405901574144
1273016352282832896
1273014826105593857
1272759988549611528
1272675663745388545
1272672674578227200
1272395300880039936
1272389488719716355
1272283532061073408
1271830294081925121
1271687580568875009
1271667377470496768
1271657053094703104
1271656528571797505
1271651805684887552
1271649892906065921
1271639966972473344
1271639668912558080
1271629597893746692
1271575939567116288
1271575453992534016
1271222653940977664
1271207126002622464
1270488428262510592
1270053885126733827
1270052807517679616
1270052194570518528
1270051696299765765
1270051454280073216
1269809195592761345
1269347773628870657
1269314540560236544
1269311894373888000
1269310045335871489
1269136168970407938
1269126769812008960
1269071608003489792
1269071006578077698
1268707962970750978
1268658604975874048
1268365490872741889
1268364817930219520
1268058714692415489
1268023285641404416
1268022255088357376
1267685181231493120
1267530752352083968
1267334780921638912
1267324737446764546
1267161220613730304
1267159670793203712
1267145786527121408
1266934161962496003
1266933350465277952
1266635704102055938
1266634443323699200
1266632802633580544
1266597751610982401
1266231181105750016
1266218444082429952
1266217584979918850
1266217003183796224
1265683855282827266
1264031848251879425
1263666169875070976
1263317478207139841
1263308206547193858
1263300554672861185
1263292299229794305
1263285284377989121
1263284884354695168
1262968211387019264
1262538492405354497
1262536753899962370
1262239186930692096
1262237217084198912
1262233126132039681
1262178970725806080
1262178022708240384
1262067307842424832
1261532617393889280
1261506069253087233
1261504960975364096
1261171331929792515
1261078219412828163
1261067424129941506
1261065173718020096
1261060382099009536
1260995025279709185
1260973487956484098
1260470610062426115
1260447857691295744
1260416956726796288
1260368291689713666
1259921987889033222
1259919704740646912
1259719745068101632
1259669810612326401
1259629595176792064
1259387991467814912
1259248696140546049
1259028203542175744
1259006960059310082
1258990436040884224
1258203263515553792
1257538102693789697
1257535705082818560
1257430099562987522
1257187943682174976
1257186301192753154
1256056353887379457
1256048772460670976
1254632346478755841
1254465177140867074
1254290600678928386
1254250885812613121
1254250628773101568
1254249780877733889
1254238945438601216
1254145260252360706
1254088537177075712
1253804231913439232
1253775744720748546
1253749892268257280
1253749090157916160
1253748327486636032
1253702491843072001
1253438624395259905
1252805327684165635
1252803988048605184
1252803661169754112
1252778558189002752
1252677850022375424
1252419244370784256
1252418792027639808
1252418542240030730
1252417861206724611
1252417227476754432
1252415792278167565
1252282145583689728
1251755145613815815
1250259966499291138
1249027165938573313
1248759357564567552
1248645566445146114
1248090928130056192
1247767557945192453
1247027086453161985
1247026458716860416
1246705474000400384
1246621296667971584
1246621044632215555
1245996181139800065
1245935813814190081
1245212267827748865
1245176445766217728
1245176328569012224
1245164415718019072
1245163355909664768
1244836260947980290
1244835398284529666
1244834848574865409
1244831435434774530
1244531165530214400
1244508514682204160
1244506258477965313
1244506022573563904
1244427330509893632
1243978263589875712
1243391404820164609
1242592621471477760
1242350771032576000
1242314905581051904
1242313920838160385
1242313368733532160
1242312733820764168
1242277884384821248
1242182131758936070
1242181648491270144
1241969404272771072
1241955714907525120
1241873516514783232
1241873185944948736
1241836801997844482
1241836516365594624
1241274057703608320
1241022769782910976
1240471071414837254
1240061503996231680
1240061240526790656
1239805993220837376
1239738576230731777
1239368094297894912
1239366951819862016
1239365555162730496
1239364828113670144
1239300287287812096
1239299934806929410
1239056867390664707
1238960222594453504
1238653860459081728
1238568650262499330
1237964852699656192
1237936218752438272
1237931937727041538
1237923303546695682
1237585169046884352
1237584416085430272
1237241377945079808
1237240665810984961
1236532851878715392
1236435075312414720
1236428395648450560
1236427228608487424
1236126264810811392
1236055879377514497
1236055546517544961
1236054609325506560
1236053461931679744
1235814702397054979
1235066100590604288
1234667042336174081
1234549450359463943
1234219155777146880
1233196719619207174
1233172254222995461
1233169781194231809
1232534234625015808
1232184409056403457
1232170103157903360
1232167568686764032
1232137156899917824
1232105817505091584
1232100546783272961
1231632773720367104
1231632266046001152
1231631535851233280
1231458513244672000
1231387138303746048
1231386540359577600
1230666391713247232
1230665485202542595
1230272658643668992
1229638451990913025
1229577666119925760
1227418525163110401
1227284829747572736
1227075892586790914
1227063101108785152
1227051779101085696
1226688199033966592
1226568601399808001
1226063625376239617
1226062483879686145
1226061000903757824
1225619268080828416
1225494014473928704
1225493748211232769
1225491469148008455
1225441934086295554
1225436922941591552
1225436550604849152
1225271666734878720
1225270484687736832
1225224928250626050
1224521340847194112
1224219670149885952
1223528394110799872
1223502330470907904
1223498881394069504
1223494046322049024
1223492709966438400
1223492466407432194
1223484733511782400
1223444057109585921
1222718034306985984
1222638046576701440
1222360553529589760
1222061870275682304
1221681414396989440
1221527400254562304
1221527294700707843
1221354008566067203
1220504383227457536
1219777280227999744
1219760390495584257
1219495225606803457
1219494946580750338
1219025929567010816
1218748040950902784
1218747552385748992
1218725542515470336
1218724070092505088
1218618216949276672
1218036509778964480
1217593492764934144
1217266450815057922
1217264523465216000
1216510898690355200
1216496102490271744
1216492722510413824
1216176463105232896
1216112853888880640
1215756892988796929
1215499459892695040
1215489202466344960
1215488602349551616
1215488098684923904
1215377447383756800
1215376496610512896
1215164323007320064
1215151391745835008
1214748257542262784
1214711468681093120
1214707868999401472
1214707210401411072
1214704038865821696
1214364098105724928
1213328629247012864
1213242364455604229
1212633571980017664
1212625110827327493
1212588515084472321
1212582284349493250
1212563244327391232
1212559910342316032
1212559227408879616
1212553714327646208
1212551468357570560
1212550358846754816
1212550198452314112
1212549408824291329
1212547734068088834
1212546972529246208
1212546512070176771
1212546385020481536
1212545642163081221
1212543123722657793
1212542923830484992
1212539250597482497
1212538929569615873
1212537035652616193
1212535721300389888
1212533815266070528
1212533463993044993
1212532704190681088
1212529657230155776
1212519642037542912
1212517524891287552
1212516322501750784
1212514492153622528
1212513907182428160
1212504793547075584
1212450459253760003
1212450048589492224
1212249698293039104
1212223082904969217
1211846327190999040
1211537682754461696
1211404008654397441
1211385585455132672
1211352840720900096
1211351787908677632
1211351385184169984
1211337315223654400
1211179155527651328
1211174348741963776
1211067443054968832
1210946057573552128
1210433885684715520
1210220619545006082
1209893026207653888
1209892750641905664
1209743507750973441
1209743160441622529
1209743075066564609
1209741257594982402
1209644254869409792
1209368647858176000
1209304644603629568
1209304398901338113
1209303900987117568
1208972399418302464
1208877491089113088
1208852952418406400
1208802765448736768
1208646992655605760
1208644468879921152
1208550948278161408
1208279532911779840
1208279140865986561
1208278584667693061
1208229707717545984
1207542815766405120
1207531851901890561
1207531560200593408
1207502250219909120
1207499393412132866
1207189053788938240
1207127554982699008
1206808094363144195
1206779086879649793
1206659012260847616
1206426163133829123
1206269720309010432
1206268551260069888
1206260057358270464
1206079035387727872
1206073294392217602
1206052698618920960
1206052275841454080
1206050967331864576
1205740088472166400
1205719026162225152
1205718238333505536
1205707734269620224
1205651751430320128
1205651186356895745
1205299752008470528
1205298579272654850
1205298134588346369
1204967175917723648
1204850452715704321
1204586223785787392
1204569770529452036
1204560292018937856
1204533209347715072
1204520425360773121
1204520021432487937
1204279017911640064
1204154031771275264
1204152911464263680
1203937702820732928
1203795457261965314
1203795243197292545
1203729518759825408
1203727836009259008
1203727709223841792
1203726714427170816
1203722968137748480
1203719137207283712
1203514965371453440
1203483653474357248
1203469874762108929
1203198320329408512
1203195618807574533
1203192685311348737
1203190389340921859
1203184930244579328
1203183742757421057
1203147719461621761
1203142870800068613
1202828774749818880
1202796552567152640
1202762037899612160
1202751598738329600
1202482137594642432
1202461833736507393
1202461660042027008
1202459006477860864
1202442657672253442
1202438796932857857
1202434340640051200
1202364320060862464
1202363507854860289
1202363223250309120
1202290023216775169
1201750016223629312
1201748337809952770
1201736005478309888
1201674449981849600
1201611860509749248
1201584314376445953
1201388750028230656
1201350065060663301
1201343463356125184
1200485529780809728
1200484639988563968
1200484010717114368
1200187589812031488
1200186708160942080
1200186342254055430
1199936225517297665
1199935267131412480
1199934867858808832
1199199945451917315
1199151095739666432
1199150685163417601
1198774861218246656
1198774133376442368
1198604395195142144
1198449491575074821
1198448940854607872
1198447471900250112
1198445286714068993
1198443182272307200
1198442673536819200
1198439534708453377
1198426926680920065
1198103232569991168
1197335041405140992
1197055454016225280
1197054855690379269
1196670692332191744
1196565536940773377
1196564655327416320
1196265605290065920
1196247356573749249
1196111232819855360
1195916370619195393
1195515286637596673
1195514435483234304
1195222754271711232
1195222433042550785
1195194631337545728
1195166685596008449
1195166106685562880
1194497570132783109
1194496227766759424
1194495847330828289
1194131163742269440
1194125796366962688
1194125351506468865
1194117088681418752
1194029644669829120
1193752286448644096
1193748356197048322
1193696094531637249
1193635854792609792
1193427781582868480
1193347530232172544
1193345532028059653
1193343583106940928
1193274005811122176
1193265145650106368
1193033419799724032
1193005459759751171
1192824750382256128
1192691563094167552
1192677086248366080
1192663037699772416
1192636632823787520
1192634562876063744
1192634388581769216
1192342363768676352
1191781007432617984
1191546762378522624
1191508407934570497
1191496790614237184
1191134623977263104
1191068545339269122
1191054828610342912
1191034861802475520
1191033317593890816
1190903334363779072
1190846602283343872
1190844062380675072
1190837732769067009
1190836335679922176
1190831035711254528
1190827602484662272
1190827341657694211
1190823282783612929
1190819171191246848
1190816696073736192
1190763580229963777
1190158181017608192
1190157858182029312
1190109353736462336
1189780726201237505
1189780606869106688
1189418595249340416
1189281591257976838
1189278589843398657
1189011974182424576
1189010620227567616
1188992239973752832
1188990807065317377
1188658635632603136
1188609318276358144
1188589609757757440
1188588457339146241
1188539530762047489
1188530745179947013
1188495663106936832
1188494504321417218
1188358068490256386
1188351119572865024
1188344678719995909
1188341338007199744
1188340481689710597
1188339180134232064
1188338694312251393
1188332202607558658
1188311560051023877
1188309136447901697
1188194209645260800
1187982793675919365
1187552044950835200
1186667865660784640
1186122150731583488
1185975921586528257
1185952411254321152
1185788007334309888
1185740433927749632
1185691924960661509
1185453631711002624
1185352959695081472
1185034019978665984
1185033940265918464
1185033335468261376
1185033089463943168
1185032528232476675
1183940806924570625
1183245926376202240
1183245715339743233
1182869889490378755
1182866127816294400
1182049095503888384
1180980684745101312
1180927724040282112
1180926764920397824
1180896719535403008
1180887471040520192
1180684938728763393
1180681517330096129
1180656605785780224
1180645848650145792
1179533978568548352
1179188540757774337
1178911049346506752
1178807037246885889
1178379780170772480
1178378076171845632
1178165087418216453
1178164407802593280
1178023925646671872
1178023039155310592
1178022351952203777
1177832595356176384
1177801276219772928
1177377131426267137
1177376779318611968
1177078981503275008
1177056825096593410
1177056193581215744
1176325113437777920
1175643161701408768
1175642027117006848
1175639193118113792
1175638746764468224
1175237361921216512
1174909458675142656
1174441415721381888
1173273250966585344
1173077722588835840
1172383541155352576
1172383126586183680
1172382798721642498
1172347012278181888
1171955884735418368
1171843242104520704
1171656565503471616
1171600628730060801
1171192285641314304
1171191812804886528
1170547959609487363
1169836375094415361
1169747553589448704
1169031573296926720
1169029665102499840
1167762151060037632
1167582277032759296
1167276839129059329
1167274456277893121
1165582456797319169
1164681512404439040
1164404232599957504
1164394272935645184
1164044475607310336
1164001162942509056
1163993976153739264
1163979332684939266
1163664840797429762
1163636244347097088
1163194852512653312
1163194831469834241
1163190319405342720
1163128058917736448
1163127953250648065
1162986671748472832
1162895863259127808
1162473078200291328
1162237044296310786
1162162604355096577
1162146085978034177
1161094103687237632
1160404526718783490
1160283512584359936
1160283200129601538
1159941143263449088
1159591245720641536
1159589384435273728
1158044813091995648
1157883118331654144
1157821229069324289
1157806096091734023
1157801031599677440
1157788597379948545
1157386575698898944
1157138327906086912
1157137709669875712
1156772398991052801
1154991292713095168
1154147075677773824
1153532010285035520
1152730906378952710
1152730527159296000
1149911834952003584
1149857094222225408
1149832530423513088
1148091261280083968
1147956158990147584
1147952120638795776
1147354536874393600
1147350511659544576
1145911122635026432
1145477137131954177
1145473841012940801
1145472089249349633
1144778939946037249
1144778577583300609
1144377443312009216
1142975284112551936
1142974529481957381
1141550132330033153
1140826119865716737
1140145455252135938
1140143813106651138
1139335704142422016
1138998182011006976
1136382889447178240
1134282344305610752
1133606239911284736
1133450179313455104
1132720438533021696
1132169554895859713
1132159578995511296
1131742855423188992
1131741281065943040
1131025635051094016
1131023529149730816
1131009138249482241
1130686134013403136
1130639998389182464
1130639164355964928
1130362088608546817
1129841870870200320
1129090632201297920
1128922408079900672
1128466388400476162
1128465662580482048
1127710924742119424
1127702453950926848
1127694939272310784
1127605956668354560
1127605404781821953
1127588646901567488
1127349873978724352
1127345769705426944
1126983670525505537
1126733957821677568
1126716176510271488
1126715837048483840
1124917874760372224
1124875427598569472
1124869699370532864
1124758194067099648
1124725449018359808
1123385211885051905
1122388592951586817
1122386262155862016
1122243771591061504
1121196502368448513
1120927091149672448
1120925610015100928
1120925014499446784
1120923188408606720
1120922324872593409
1120921975067684864
1120169650254270464
1119674631286222848
1118734434734354432
1118733815638364161
1117495811502247936
1116933984825434112
1116933910057766912
1116930443318661121
1116207363587964928
1114729961389154304
1114578652073586688
1113650037072904192
1113229566611402752
1113217072207585281
1112888889130213376
1112860613577830400
1112852213326471168
1112843154326093824
1112841163441037312
1111485619585208321
1110741012765302787
1110409648836763649
1110409594000412673
1110408989525721090
1110408522645139456
1110227174257102848
1110077745868890112
1110071908974772224
1110033259587461120
1109868206531866624
1109455901012840449
1109319974726721537
1109230364050907136
1109228906958086144
1109228558163951617
1109228082420805632
1108609706417774592
1107715151766020096
1107714935528677376
1107713361737711616
1107165743580217344
1107165423936507904
1107083334872719362
1106914619841540098
1106803718819930112
1106802414013816834
1105635605633892352
1105634659398967296
1105287290388004865
1104904990915608576
1104793005741887489
1104446150919151621
1104224250905354240
1104056875966816256
1104046351178817536
1103904972133957633
1103710604236226563
1103559989128388608
1103175326190981120
1103079784672718851
1103079213408514049
1103079010693611520
1103078794229833728
1102452921596145664
1101673705208393730
1101166977542873088
1099460078036385792
1099459818815815681
1099459122259419137
1099367073237487617
1099160606643445760
1099142117425786882
1099003067939209216
1099002657014931457
1099001894893023233
1096854889026580481
1096605132001763328
1096251157809381377
1096248699561394176
1096227351476781056
1096227183184564224
1096227129036079104
1096227051395338240
1095887122156929024
1095870322652467200
1095867773429997569
1095867575504961537
1095842340357455876
1095227956253798400
1094664263992434688
1094129849713668096
1093913853941886976
1093726837270704128
1093724335750041600
1093366333121585152
1092858567147704320
1092676855537135617
1092606079488352259
1092588564397809664
1092257041987428357
1092256079407308800
1092248273929232390
1092237477912338433
1092228391053316096
1092211755399274496
1092209079559176192
1092087928866492416
1091545090357571590
1091508183380553728
1091193080152125440
1091171438671781890
1090469618194366465
1090111030821150720
1089966649338343424
1089964965128155137
1089662293502128128
1089444661989564416
1089245761387192320
1089196521864581121
1089029185534754819
1087921645530935296
1087217068770963458
1087188806984318979
1087129130569588736
1086717222255439872
1086716560138354688
1086714546998239233
1084977627213922304
1084930662778302465
1084930516883726337
1084929196281876480
1084329258778910720
1084328604018782208
1084328079919443969
1084010138594209792
1083823598047879168
1083517356477800448
1083481533275504640
1083481215825436672
1083085191516569600
1082865451049177088
1082789268827791360
1081991477889126400
1081644363829006336
1081440911098167296
1081367304183541760
1081284040739643392
1080924125361668097
1080637771763445760
1080567242901774336
1080567074768842752
1080203531183841280
1080196910386896896
1079958426581520384
1079950468485328897
1079944167113908226
1079852911352414208
1079852746709204992
1079833295720931329
1079833235801104386
1079588010994262017
1079494207255982080
1079491363371012096
1079259818597089285
1079244320593522688
1079242396653707264
1079229162043322370
1079217189998059520
1079216267125436416
1078860960578732032
1078833321918885888
1078424487073218560
1078173383353819136
1078103382160637952
1078062207231913984
1077809528790380544
1077764581848637440
1077631487170625538
1077629798363656192
1077629176029491200
1077092519911911431
1077083915909615616
1076147323086921728
1075524353712828416
1075417126154821632
1075233712185327616
1074925300734058498
1074571454891474944
1074406777037283328
1074400647246635008
1074399475198640128
1074047556793954304
1074046383139708928
1074046123638108160
1074045921124483072
1074045806829723648
1073797656437153792
1073387808251768832
1073387408593379328
1072718962784268288
1072703868692127744
1072344279228522497
1070776056351666181
1069698724551516160
1069300191805661185
1067993418494705664
1067910046221164545
1067879658480328704
1067542645990318080
1067287450534309890
1066593646110138369
1066184810836582401
1066127025402867712
1066119041788465152
1066103978453229568
1065155070428213249
1063586159622729728
1063585296669765632
1062159411819335680
1062059245674291200
1061868300135591938
1061787696685756416
1061446477577244672
1061431351822315520
1061428143502778369
1060658622235987968
1060019310481952769
1058986706366427136
1057856972249157632
1057079897351512065
1056759941569044480
1056432972625133568
1056393013633544192
1056316351399129088
1056249005796016128
1055156713093877760
1055152611484004352
1054599909385486337
1054599496322080776
1054597688950349824
1054573505268768778
1054572209677553664
1053848908172947456
1053847468389986305
1053846769476362240
1053845393648246784
1053844995713581057
1053843063724855297
1053841830071005184
1053840660967546881
1053840024209285120
1053839292663980032
1053825474223267840
1053821219257049088
1053815060429078529
1053722752551514112
1053698066518224896
1053692268496936961
1053345679765004288
1053345477184253952
1053337048629702656
1053160091015213056
1053154697484238848
1053153914751598599
1053153543769665536
1053141873806598144
1052969882461990912
1052961933714907141
1052953506108174338
1052241643426865153
1052240490865745920
1052240084769038336
1052084095918825472
1051968952086085633
1051967044936060928
1051966436875227138
1051587987077718016
1051567464734048256
1051567232545738752
1051555818192035840
1051554205368897536
1051548479695151107
1051547732161097728
1051547529257443328
1051546685992660992
1051370432702570498
1051343638511247360
1051306657823653888
1051294732544925696
1051262084493729792
1051252453952303104
1051251687363506176
1051251323792896000
1051250885437743104
1051247436503572480
1051247109255520257
1051246791205638144
1051224384671645697
1051223047561084928
1051222515152896000
1051211372183281664
1051211249759834114
1050939565899280386
1050183726418735109
1049840128846229504
1049827947878612992
1049539546294018048
1049539363527249920
1049103419569405952
1048718181764755456
1048416405492617216
1048051030498324480
1047982227777249280
1047981825736359937
1047981085101965312
1047981057046245376
1047652834479493121
1047317878020616192
1047312109242015744
1047308220715290625
1046428265361997824
1046427819113250817
1046427408394379265
1046423949737775105
1045528055324667904
1045188501052899329
1044805294600204289
1044804598102454277
1044384653497384961
1044379053292056576
1044008761994539010
1043974683391975425
1043952401059737600
1043951662807707648
1043932095741972480
1043903946870280193
1043903753781313537
1043902879759663104
1043728233286389760
1043707973111967745
1043703201067753474
1043700235627712512
1043380051255816193
1043375957023711237
1043269532125544450
1042998589205573632
1042924507336335360
1042647549805359104
1042578893805281281
1042471908560654336
1042197894047006720
1042197854138261504
1041298649437757440
1039956992381480960
1039901870515310592
1039718443149189120
1039717356715626496
1037196549502259200
1037130794701967360
1037123374479077376
1036816231368544256
1036816103966535680
1036814054264717312
1036124463681613829
1035034346300891136
1033574919303385090
1032413142133878784
1032317091204849664
1031768107944042496
1031767185302020096
1030638199276634114
1029036091410657280
1028465312469925888
1027775374506094595
1027774584580231178
1027773855664812032
1027422084782125056
1027278948449669120
1026627236143583232
1025820445952565248
1024408150273744896
1024087090038890496
1024033537681317888
1024033282042748928
1023740619783458816
1022891646466191360
1022726632082034688
1022340871176351744
1022340783209205761
1022277318943723520
1022256478902661120
1022213326896414720
1022190275811139584
1022180937629499392
1021920313720754176
1019739034195644417
1019717737226964993
1019709934999547904
1019414006933516290
1019413693052809216
1019059485996769280
1018361709751201794
1017992179686334465
1017991201469784065
1016468592110387200
1016170106299138048
1015656700685123584
1014581741015597056
1014355984486035456
1014311564709527554
1014308705188261888
1014266715218169856
1013955319586697216
1013949288634699776
1013946724778270720
1013946117564739584
1013929562793639936
1013652616809594882
1013649997013766145
1013605649182150656
1013481951297060864
1013479991156150272
1013469308523986944
1013463140808327169
1013462253205504000
1013327098541268993
1013317200378097664
1013315772947419136
1013282080199827456
1013278565385699328
1013278255384653826
1013254561828462592
1013251186160427008
1013250312436498432
1013163760477802496
1013162847474339840
1012934216311439362
1012865546356908032
1012570930092969984
1012191910729940992
1012168469670817792
1012158731490955264
1012030615619694592
1011803143066140672
1011426144158011392
1011425794927628288
1011270343074254848
1011135708579282944
1011113911293112320
1011102859411066886
1010628367396134912
1010347508415909889
1010346457654689792
1009985235683926017
1009607188183044096
1009577963984056321
1009571124596764672
1009236989080526848
1008916402428710912
1006706937013067776
1006601241080688641
1006348308283981825
1006202729356640256
1006004718231957505
1006004207663570944
1005923597959876608
1005151558181400576
1005151474106503168
1004827460712554496
1004827178830184450
1004443481958277120
1004239055930789888
1004238870387363841
1004238738719821824
1004238662060556288
1004236822170353664
1004132991940026369
1003827167631892481
1003825198926139392
1003425244927819777
1002714616454000640
1002688712105340929
1002688087862833152
1002687982875230209
1002341926572421120
1002002924220928004
1001683711799320579
1001635756266242049
1001593915923812352
1001323996036481024
1000940439397060608
1000939527710457856
1000939317580087296
1000938628846010369
1000937274685644800
1000935912014888960
999526041214369793
999525858695045122
999525792802529281
999524832608833536
999504517812105216
999133109118353408
999119800482676736
999115431326531584
999115334912102402
999114698304831488
998742228016115712
998385303848042496
998384432875687937
998383925226434562
998063434594795520
997976550292176896
997919744035405824
997848580160303104
997331599208337408
997327441168252928
996985619791339520
996892499372269568
996736180392624128
996538859524579329
996467829305036800
996461587325054976
996123705376821248
995816974562177024
995733252613668864
995732575330041856
995677279610068992
995677038483656704
995525643252068352
994299303479853057
994280487932723200
993925507270852608
993707364439109637
993706438575800320
993340411144884224
992785233522012162
992146300278747136
992144455305068544
990846959823962112
990769781572714496
988929383824965632
988491842646929408
988205760462008320
988203196693659648
987191604724183040
987174854716633088
987134689319141377
986845491634700288
986447085426819073
986442862442119170
985353945416589312
984976998836551680
984474648619331584
984297839890022401
984295132827549696
984294791608393728
983915305473683456
983912095665176576
983592607216381953
983156971829260288
983154988124848129
982878693667176448
982330853928783872
981352551588098048
981352040306651136
981221000699289601
980589791178719232
980312556953718784
980174257022943232
978777418495242241
977034962237980672
977021537378168833
976351479660294144
975495663382290432
975238370887548928
975228082901499904
974877296212365312
974503623181791234
974475493482233856
974474036443934723
974130438682771458
973998848925319169
973357673067421696
973357335576952832
973269679471935488
973000300612042752
972642304656732161
972641554757070848
972548969036374017
972236278258282496
972016903244857345
972016797791563776
971959132436574208
971646730599976960
971645737057447941
971587258636681216
971586758579077121
971436946605027328
971128151681069056
971127924161003520
970901861044649984
970901772288978945
970901634845851648
970900531328643074
970839695079890945
970511295668658176
970392721469747200
970126604470030337
970126093934936064
970094769916411905
968342860549455877
967987046210928640
967986392432193536
967554705378353152
966571658365386752
966563115537121281
964691223356174336
964028620414046208
963160093284945920
963159676102762501
962197957788356608
962197624169250818
962193073525551106
962192941031682049
962021889496440835
961489403645317121
961041587437420544
961040719921074176
961039060306284544
961038026515259392
960627454766280704
960626818788179968
960379186111131649
959175919268126720
958091170222977024
958090537113763840
957876647805403136
957835200251142147
956410124968411136
953115478393696256
952085240821923840
950605973600681986
950602490487103488
950602448682475520
950596246846169088
950595777016942592
949340127003754496
948697622629380096
948686329520340992
948428686323204097
948066168840974336
947737305380306944
947409582241955840
947408090403442690
947266918230106112
947266640986517504
947266290934169600
947266123744997378
946922038379163649
946782532959289344
946575274941956096
946554939437805568
946262829941661698
946134956966789120
946132916475609088
945896843866546176
945468455427350529
945423813503623169
945370359569592320
945181769011048448
945181419915034624
944779324766306304
944738001933950977
944737512995483648
944642467629895680
944642090016768000
944639088648318976
944478243322609664
944477575379746816
944463096755580929
943901858543702016
943331400006057985
943024696185851905
943003544587616256
943003338144018432
942928793752109056
942633567581978625
942612013682851841
942611848616067072
942606445723361280
942268159947452417
941455962392576000
941333038557835266
941157220426825728
941137543084388352
941115450900877313
941111331565875201
940803164625874944
940789948340301824
940774568456626176
940771935452987392
940771291350441984
940437246259347458
940437154311766018
939972306335555585
939788648073056257
939788208451207168
939738282073534465
939670345077874689
939332326403710976
939331428168298496
939330705066147842
939228864995147776
939227803039383552
939198642430156800
938927285440151552
938875908613484544
938866461103161344
938563654076710912
938556448383967232
938556281387749376
938326534070267904
938316041368858624
938303240608854018
938303158442512384
938273201011941376
938245471679651840
938243003411349504
938242918791372800
938196709976416256
938179405028802560
938174481251446784
938174001301434368
938173606537740288
938172636902834176
938147199640154112
938138673526083585
938112076332986368
938110580669390848
938100258831085569
938099726964088832
937946156310568961
937866717010604032
937863360707665920
937523802887483392
937396484961574912
937233569058926593
937203693954392065
937200252918013957
937130653744631808
937112692132790273
936870912988553217
936768145154482176
936767244977160193
936464134979207169
936429109445402624
936428285713461250
936408135157157889
936327691128541184
936087886931288065
936068687085289473
935771922834616320
935015222409965569
935015150154743808
935014949700608000
935012749599375361
935006919130882048
935003944589262850
935003525611790336
934983128791187456
934976612860182529
934976030422351873
934946741165613056
934667359272316928
934666640095981568
934614313511165954
934613531722358784
934197041588080640
934196872595386368
933774971309920256
933416511615545344
933415903080857601
933387245268058112
933354167476686851
933226081728970756
933181762145886208
933144205769052160
933143716109238274
932650305635758080
932496775931338752
932490394717134848
932106335952412672
932101600377581569
931386463773585409
931033629832093697
931015801238196224
930913174852837376
930912383937134592
929850937451077632
929839637454995456
929812723608649728
929487072393441280
929262046247403522
929260982953590785
929260771514523649
928500785519902720
928277634571571200
927714507832549376
927714068009324544
927713644837609472
927327441982328832
927279628464484352
927196430304886784
927196029299998720
927031327559258112
927015006121553920
926951450420244480
926270771235733505
925830256442753024
924863180857208832
924853282572451841
924792419735937025
924715154834571265
924484397486678016
924481554646122497
924358891265077248
923744005157879808
923731995728912384
923692013148504065
923606984250638336
923403588268728321
923403115201642496
923402127426297856
923026037084000262
923024670634401792
923024506804772864
922348710180282368
922253304188375040
921973335591759872
921882076244164608
921881025973596161
921873415367045121
921847859799977984
921792542546333697
921792250048163840
921791900490665984
920862190885675008
920795300209364992
920538858210574336
919647366751252481
919646901024145408
919646737681203200
919646348240044032
919460520826101762
919459722159255552
919435442839105536
919426537757143040
919419999852179457
919368209773371392
919365478459437056
919359477723234305
919319171820744704
919082125042769920
919078334184562689
919077993527443456
919076765552721920
919070192826589184
919067733920137217
919056101869420544
919030684399710208
919026658534866944
918681755095146497
918681532058951680
918322853925101568
918310231880298497
918310056482893824
918228060880625664
918207529447956480
918185275825692672
917914622908293122
917913198480670721
917912817822339072
917912440502829057
917907200470745088
917622821563490304
917620795836211201
917613702190264321
917465145437167616
917240180267827200
917209500037165057
917060641566842880
916910224354689025
916907920943570945
916906843619835905
916906510709514240
916904146774589440
916903709258350592
916871231046955008
916870251043684354
916868716989620224
916867013733003264
916862573705814016
916861888331313152
916850427500490752
916846438331555841
916829795291348992
916812371837968384
916812171350228992
916810187909955584
916807047429054465
916806290306826240
916806018876678144
916775198615003136
916767605502783488
916767396588773377
916765016644214784
916551161573818368
916191690209112065
916138326603718657
915801165006127104
915769574984781824
915622372480139264
915399692657106946
915316105639370752
914932104680501248
914896526098391040
914701852800720896
914583013287014400
914581454121713664
914581024104898560
914369292560359424
914367113585766400
914357081947308033
914355851464400896
914334892799836160
914332585257349120
914281208464293893
914275480735408128
914190786215895040
914035593419530241
913555865935810560
913048909370363904
912846923278585856
912736651817996288
912736332291518464
912521850269212672
912414267730681856
912414034204385281
912396353585651712
912081630772084737
911800607349993474
911018231329996800
910771447978639361
910524812157526017
910209667808116736
909630829688582146
909613147991842817
909598997668552706
908919649697390592
908790227774218241
908788830408368128
908429132177989633
907452959302180864
907119343447588864
906984674177646592
906756303241994240
906304176895827968
905530381230735360
905224212117315584
905223882998611968
904839707560861696
904546116447768576
904533895135109120
904533722292039681
904532227500810243
904189513596944384
904183863244496896
904182964497481728
903744920875188225
903720593748459520
903705358908121089
903705146282016768
903704831612788737
903484539749539842
903353076886544384
903131011474628608
903127275633131520
903092682150486016
902383501898424322
902382557542486016
901676774538358784
901654286093893632
901634366773673984
901632247178059778
901627952395296768
901626929865908225
901626270487691264
901582888759566337
901582751249326080
901504644156858369
901210436971806720
901210140363284480
901111204134830080
900403890469785600
900191729759830016
899810831914762240
899806813868015616
899795642255462401
899771537082826754
899695745372102656
899477281336246273
899476518413389824
899334166403194880
899331251013795840
899326991622590466
899320641601404928
899178787950084096
899124421406867457
899122141374799873
899024511986565121
899024095970447360
899023814834638848
899023478522691584
898964398793908224
898963269255221248
898888549025689600
898282993998888960
898034304823029760
898028501516800001
897535287600992257
897211366997504000
896962721526169603
896935145499787264
896817416918810624
896788401415872513
896564530217598978
896420263448817664
896410335946473472
896409628539445249
896406689703878662
896238907666214912
895863906932891648
895863700833263617
895820369046548480
895801992181719040
895786336501862400
895510436262670336
895509180164997120
895508679319068673
895415130036490240
895413842867630082
895326748623085568
895326262649954306
895154274958815236
895029006818398208
894716835085651968
894413999860789248
894311653977636864
894309029001838592
894308506378973184
894038668310069248
893920984759062528
893920552322179073
893854181081010177
893852151767744513
893679218806054912
893668902508662784
893668512366870528
893473738741526528
893343722204569600
893181668533469184
892983399027056641
892899408366280704
892852244747386880
892611712041353216
892601850918088704
892531438750322689
892521264094470144
892245986730426370
892242723574435840
892137424482033664
891875769596559360
891788958295654401
891525439276982274
891172956381904897
891110487529725952
891067292271788032
891066837328306176
890813692723331072
890741620752097281
890741411150090240
890740145753735168
890657042062467072
890449043347824640
890063084764643328
890060748151414784
890060460774400000
889950491030863872
889941651472343040
889630677599219713
889562843418206208
889557374914052097
889275172049387520
889171597000441856
888903119806922752
888600032504496130
888534746069741568
888406535579222016
888195079055097856
887899645850013696
887718425857884161
887717749715214336
887500662090551297
887500294182944768
887496207039201280
887487157274726400
887463012583432192
887461813104685057
887417142232064000
886714394989649920
886643330511020033
886486273992474625
886404869916999682
886391321493032960
886319646680293377
886286798803972100
886231338893713408
886229991775649792
886106972642189312
885747550711459840
885668553075998720
885667159061389312
885666568461471744
885665350645235712
885607387503009792
885563617763966976
885384134763323393
885383949865828352
885382726978752512
885367865104191488
885206779163951104
885019838309158913
885018317592952833
885014176476925957
885014026106920960
884623244891901952
884601786492796929
884599840033746944
884422291307745280
884231422382227456
884224773638692865
884179365700841474
884173970747961344
884113852366954496
883907550529306624
883209945772023808
883179427940585472
883109226314293249
882997884173434885
882841536609665024
882735117873012740
882691632348499970
882662257020198912
882659777934786560
882487775852773376
882486779013611520
882424177583575040
882307439424528384
882306249705922561
882304252055400449
882304138003992576
882099596666691584
882054235814109184
882054039491366912
881956783845134336
881952561531543553
881951821870243844
881744356293488640
881724905552723968
881674549137358848
881562149650186240
881331190485049344
881308429750386688
881249170887016448
881241263340535808
881190984968581121
880975983951593472
880965769835696128
880818873498427392
880612830952660992
880466304322355200
880307810868772864
880256667236974592
880244891191721984
880244565109690368
880242961530757121
879927780577652738
879927428885266434
879909626329800705
879906710244151296
879904210216566785
879903014282067970
879882333133848576
879535381837828097
879535027578589184
879460248402051072
879208588291395585
879169949951942657
879168902181208064
878819844723847169
878656174635143169
878655023210614784
878480775213047810
878451375557951489
878368738721931264
878253643488677888
878105504974684164
878097238227959809
878079794646089729
878079700978905088
878079347202039808
878078435557388288
878071413931991044
878069205882462208
878068774670286848
878049841678385152
878027778070790144
877958129115316224
877944397429489664
877753594853720065
877752146715791362
877750907894616064
877749883414880257
877614288311009281
877392068728901632
877303120589541376
877227131364810752
876981676374609920
876960498507423744
876904596492345345
876863057829404672
876858058369925126
876853925701337089
876680133297324032
876658410741055488
876537134504476672
876532745609953281
875568946123952133
875541390796611584
875147612524953600
875146531719925760
875146050109022208
874829282056458241
874721365135286272
874632145704148992
874485386495500288
874475938624397312
874458683178065920
874139599706116097
873622127328481280
873398109836951552
873357581011505152
873357389658861569
873063316146475009
872994359146201088
872314772389326849
872202351125200896
871917321832415232
871889002957201408
871868414586888192
871803769868107776
871457403623006208
870865708237824000
870864757170950144
870453243381334016
870389807360352257
870344749160423424
870062562313777152
870032851479085057
870032192159719424
869770779059257344
869707592439799809
869410828449005570
869410719367745537
869409768045133825
869402889763995649
869358475343572992
869303251828486144
869239532192800769
868720089138290688
868589890283257856
866680890423787520
866680802892890114
866473551200624641
866395320384495616
866085676537622530
866081272958820353
866079499221217280
866078907706908672
865742778373820416
865277348731432961
865274962411520000
865274035956875268
865273249810178048
865042242846638081
864989734963040257
864976413127876608
864975613366460416
864972094924242944
864684517302206464
864241953893793792
864214475892703232
863809036906414080
863610575707750400
863595328343126017
863475315640721408
863417107442057216
862505622301843456
862505097892200450
862502688591716353
862473447330390016
862472808026132481
862101092192067584
862099992319737856
861827130849492992
861769582045839360
861755419122778112
861631133519302657
861080657635688450
861028926750994433
860929991646695424
860348556758077441
859985205787893761
859984410405330944
859636928857206784
859626048148975616
859244803363487744
859242182863081472
859141638483988480
858775240972705792
858773998808608768
858539781176696832
858518086655262720
858515253612630016
858489560455553024
858486664372432896
858484658228543488
858451758791532544
858119878678421504
857809949228793857
857796549362843649
857773933126230017
857769202656067585
857376734999527424
857102894180466688
857081072227450880
857079566187155456
857060214071148544
856948868704903168
856747794270363648
856724679490285568
856708660965253120
856708029768650752
856706652245901312
856706226339463168
856697174498754560
856683858573484032
856363252657209344
856337361457651712
856327062935568384
856320952589615104
856297916360564737
856237111111852033
856235999633874944
856182493455597568
855658202280493056
855626108489711616
855237895363244036
854830567677808640
854743897389416448
854544338826674176
854526352216563713
854108697819086848
853686451619282944
853661439260729344
853474172822892544
853473339800563714
853093399422836736
853044176899919872
853043619497889792
851923977081544704
851905411842048000
851647638952853504
851640178611437568
851636248817029120
851520538862276608
850961121695498240
850959451452342273
850957561771589632
850956923348238336
850954898241867776
850954685494173696
850898565534687233
850827970721726464
850560821763518464
850435874365952000
850208874904694784
850140803313709056
849371820889444354
848997322797101056
848583988209786880
848417199823900673
848379735809839104
848379640619991041
848379449162604544
848375781776539648
848374008223383553
848373705990217728
848372652670451713
848054183181680641
848037755514798081
846957439689904128
846856562119356417
846856309613871104
846842972343713792
846577400670408715
846569838575280129
846155424579575808
846153336759828480
846118594563923968
846086824258813952
845912774643335168
845894403281502208
845851499284480000
845696283188723712
845485822149218306
845463268042850304
845463252075102209
845105240105877504
845080707135287296
843703819078795264
843693074278576128
843658945726095360
843655797678657538
843655397047132161
843653777907363840
843613888033693696
843554801778540544
842558881742045185
841901094104100864
841899883225333761
841833759334793217
841101923822444545
841101588768870400
840792069513723905
840791987385122816
840737544069238784
840462576047730688
839717533955432448
839541304581246976
839255619437678592
838281263723110400
838215411569086464
837140235079147522
836760698411601924
836107988444164096
835987951582523392
834631294688522240
834620254173089793
834619451743932416
834617158554443776
834614780891508737
834576711773626368
834206621190348800
834141547557842944
833809758356320257
833793733883678720
833556901770113024
833471150046867456
833077229106057217
832471909392478208
832460613196537856
832439268224012289
831545944994779136
831390311117058048
831344905507049472
831307574267908096
831306365880524800
831021503000948736
831011474977943553
830336279959056385
830315649381527552
829929705922981888
829929376368070659
829928389691600896
829540421034340352
829522302026911745
829518781831540737
829518227801722880
829174421877190658
829141892575031296
828857420784898048
828449406877724672
828447345561866240
828446962600931328
828442543654215680
828423487752507392
828370718194704384
828318586687008768
828155986502225920
828112221322375168
828084109280829441
828068670911885313
828021461487022080
828020390534410241
827348853187686400
827348460655386624
826962063553474560
826644306677026816
825918232246628352
825917302319173634
825569833777459200
825565023627931648
825559776247500801
825559222687408128
825499838678650881
825427239575564288
825423142872944640
825270245598244866
825247282631053312
825247070600564738
825245332808175616
825233902402891776
825233768780685312
825151655737896960
825151539908014080
825123112597327873
825122564364066816
824711240962318336
824107082034991104
824066178599374849
824035236019249152
823775294142042113
823769988859166720
823697347297185793
823404483019304961
823315592597733376
823314255004856321
823312559822340096
823303839256178691
823290579970723840
823290518104743936
823084342708535297
823068199335772161
823066683573084161
822638054485671936
822637345006616576
822623097442406403
822320684235825156
821597170734428160
821580609520709632
821574427087278080
821219372723122176
821218307969667072
821215930101313536
821215278604242944
820888938449510400
820527247912095744
820523518592851968
820428308898680833
820426940511232000
820393237437239296
820138461290119168
820129875772116992
820114963658215424
819716882747953152
819716273198108672
819395409042763776
819392338145382400
819390200656728064
819389410349191168
819339042856677376
819057991756365824
819044992597397506
819044615525265408
819024042841620480
819001498231148544
818954323170209792
818953651481808896
818713695282835456
818713653117493250
818704581601300480
818696500129562625
818696438519431168
818693965385867264
818692577914331136
818691921409212416
818675569407631360
818665473092923393
818665018640113669
818312536369958913
818176445465776128
818173718992031745
818156423649509376
818016408307204097
818014974073155584
817829566559330304
817595519190999040
817555569888198656
817554830180827136
816898147557310464
816097304469848064
816096812196974592
816063267026022400
815997779331821568
815977029988323328
815973893978525697
815972863949737992
815707793508290560
815705475605872641
815606823633854464
815424283304292352
815406609199341568
815340334397812737
815338696379502592
815333738087186432
815333372100653057
815313349277687808
815313175063076864
815309760853458944
815308842942595072
815306844876869632
815274972650217472
815104296748359682
815090007366995968
815053096858492928
814898403305922560
814329639438929920
814329584820699136
813585804861657088
813073311248752640
812524856554102784
812524180927193089
812380951535710208
811764615864414208
811458337350897665
811455419973439488
811450396354842624
810555696034947072
810390093634469888
809979962719514624
809956973575749636
809955797899718656
809622184079474688
809621498465914880
808907409917964288
808556481947676672
807102602869473280
805469446550614016
805254852183932928
804205627098669056
800587393065619457
800542457909784576
800162316952031232
796270974312189952
796262915716198401
796259841001955328
796229120858259456
796176715567403008
794020096637186048
794019678813175809
794018426431750144
794018357078990850
794015987712413696
794015289805447168
794015172117417984
794015012008304643
793663777807872001
793663454825500672
793663423351365632
793661652008697856
793660311848882177
793659653192200192
792900230723227648
792590736063553537
791054436319662080
789966943969169408
789966397640028160
789716591000760320
789690446972760064
789672653296578562
788985651941158912
788258785013792768
787094545569689600
784993403012472832
784966653624721408
784948622366351360
784914251735453700
784914089508081664
784857144692649984
784819016120487936
783528142929551361
783184973297651716
782746822401941504
782465278646947840
782446315275825152
782444598522023936
782412303299817472
782335199048630272
782330829376589824
782059195306684416
782058854410391552
780640202045829124
779850704756232196
779831443274944512
779801553746001920
778081346337976321
778079222338162688
776190525711851520
774852993665511424
774846659624742912
774846037185835009
761365669241688065
760958228935024643
760921771579105284
759127157767483392
757103162033475584
755276587331821568
752354022607118337
752051882491645952
749446097773309952
749104400627404802
748891551946813441
748891150304440320
741135384285974529
741123032052301824
734592210067415045
732430840068628481
730636949296316416
730634689585631233
730633887626354691
730633620537253890
730623047569313792
730602016569860097
730573445935685632
730148323919679494
727984592330743809
727728754534060032
727354291627773954
726643939885735941
726534504274231296
726280308941692928
726268778179219457
726232183212412928
726176373740445696
725874885050798081
725866691024945160
724464328640884736
720478164984668161
720472437280923648
717579988573167616
717578131364708353
716130156121698309
715773259745206273
713887653934948352
713574160610373632
713217367191330817
713215066020032512
711738903183495168
711737851201720320
711735366072475648
709134304127770624
708885213066080257
708511335198265344
708510354695827456
702364447675969536
701628394845270017
700916617354424320
700916019640971264
699105630041190400
697323311290667008
696576395128868864
695820892119511040
695467131836592128
695466820724068352
693665354061447168
691142004483305472
691141975722987520
687890424665513984
687890026819002368
686071487799799808
683498072677023745
683072585370746880
683072285423472640
683003892922093570
676999063154376704
676594998691762177
670855938027339776
670854826977169409
670754209088716800
670397911931351040
669369255284965376
669354425098485760
669352071296999425
668281566326448128
668280364968775680
667929421769125889
666027996063535105
665793557379198976
663246185549856768
663240577236922368
663238403387842560
663231396576563200
662520671201705984
662099765363019777
661081157782536192
660264967631835137
660264165093830658
659984360636985344
659984149915176960
659983568215535617
659982912327036928
659979991942205442
659972746462425092
659967914187976704
659964682954932224
659956954551291905
659956688183660544
659954173442551809
659950917773496320
659949423997288448
659939411635769344
657775930337693696
657024849164931072
655057859470692352
653975386208927744
653075364160258048
653002353897902080
652991349260574720
652980899047337984
652905267982524416
650560612032888832
650560471662071809
650559716913905664
650549887247867904
650523274842017792
650522489508884480
642906093413203968
642905792459354112
642905357342212096
642894173914267648
642893159421227008
640683545195778048
636047724098424832
636046425755783168
631193502592839680
631193444254257152
627255086964588544
617389519566835712
614588316143345664
614162375093039104
609907305967022081
608514839044956160
606465005685334016
606298110101323778
606298065767514113
605570614871519232
605570152021647360
602328997641388032
601246195952914432
601244522517901312
591848282860621824
590336855322660864
589959639678103552
588126709481922562
588113839448797184
588113314988875776
588113154686726144
587835459012689921
584778529801310209
584478355765866496
584477144438280192
584222028305076224
583488561434853376
583488303011237888
583485075586580480
583080358599512065
582241640774942720
582026775447760897
579088482091438080
578771798466043904
578771617204957186
578746763995033601
578737327658250240
577224555648811009
577208578362056704
574067452180463616
572105012911865856
570426077169848322
570424493564260352
570424369257644032
569992144758312960
569053364400492544
568273740678565888
568273705660387329
563547270994341888
562454816228519937
561726065270206464
561003224128188417
558905282642714625
558464858107035649
555898966982664193
555896197366296576
555895754070306818
554867402035302400
554866497940512768
554861701942632449
554859293640388610
554859066304905216
554847523446087680
554832570928480256
554827172045520896
554826867362902016
554822457270341633
553789984084205569
553789852211097602
553743089185996801
551951235972988929
551199520332083200
551062182234836992
551034873851301888
550892158572433410
550863561249939456
550858918797131777
550858646804905984
550857030584795137
550856469680111616
550826524404760576
550824663853449216
550823689374011392
550819698963525632
550817208691998721
550817185182916608
550707815203893248
550695050217140224
550447814543548416
550447765084327936
550420080157130752
550380192258994177
549379332548722688
547998463607058435
547630124808409088
545068463174066176
544301042251227136
543253284018876417
541761533986889728
541712447044743168
541111037655666688
541104328610562048
541102445145763840
541101240323543040
541100901948076032
541100576335855617
541100377077084160
541090434764652545
541081569557897216
541081536410304512
541081180368420864
541080851438505984
541080718185480192
541049421954174977
539640369000878080
539248745724907520
538957091847684096
538569485372755968
537093610680750080
537088834182201344
535604631066267648
534913353001340928
534526988199809026
534205519238414336
534122091449049088
534055482256670720
533800954894614528
532745669887688704
532060392613490689
531351366326030337
531327004638216192
531213931973705728
529866815103827968
528976299101286401
527661987090956288
525894889008283649
525133143914053632
524061907704369152
518036450622074880
517176413104140288
515317783782244352
513830564202577920
513830437215805440
513175999702638592
513175743048986624
513172255153872896
512423516994818048
512422142861139968
512421642434535424
509517727296651264
507280002899927040
504998330070749186
502451762494971904
497606735918821376
494677160242577409
491819668068261888
489973062092062720
489232779633111041
488044727225184257
487673944409772034
487673585687728128
486362152094015489
481534465273909250
481534450283446273
481532024394506240
480942287950585856
480924576977653760
479119628782682112
479119203392176129
477673854152613889
477669608334561280
476553769052680192
476114868945158144
476112641283203073
474687194922102784
474418659985600512
473304735098089472
469662789867683840
469360603526467585
469312199324749824
469311419339796480
468675410587156480
466841306228981760
466840670653534208
466780467157422081
466672936326152192
466661531053076480
465991954615255040
465991544701345793
465361157902323712
465360304118173696
465359501525549057
465358817526427648
463442240560304128
462620177650028544
462489960373694464
462488360607424513
462486490941882368
462486276231270401
462483920634667008
462483700429496320
462483079240503297
462482804245155840
462482759034753024
462482466146484224
462482328015478785
462482080459284480
462476620968644608
462475826856869888
462474585401589760
461027678800207872
460648857928364032
460646881496805376
460646794259472384
460636057428455425
460636016945016832
460635965757718528
460496208616648704
459926200027062272
459925752549363712
459551394261774337
459199909783019520
459191541437693953
459184430720901120
459182267449876480
459181702049308672
459181249827835904
459181154839441408
458841205791805440
458124629035343872
458118576595935232
458115242656931840
458115046472560640
458112080126554112
458111394051653633
458111051301543936
458109057149042688
458101689904427009
458096799715037184
457769363584458752
456650392500068353
456607553950998528
454452057529794560
453982859724722177
451225620018507776
450767592446099456
450473040887824384
449787345806434304
449786983015931904
447560551825014784
441231690053062656
434511433288540160
431562103665590273
428357035818627072
427484119086292992
426746015916384256
424575714092777472
424445090308685824
424037631370878976
423223951301427202
420622248521650177
418568329817620481
417847024289984512
417844828643155968
417844728189554688
417842556303466496
417133195209887745
417057238893596672
416753446373453824
414576554660724736
413539011991330816
413538136057069568
409605278733045760
409458910764863488
393943485742456832
393080500606103552
392113622479933441
382710316573806592
379012000178638849
365877950056374272
365500594816942083
360619950085386242
360612056879214592
200741202302222336
200740989302878208
161659053938970624
137792592283840512
137791040022249472
137790533325160448
73253787103531009
3745908860
3321663756
3321587745
3321549850
3321525218
3321491561
3321135890
3312301972
3311965075
3101319258
2767769282
2596519451
2587705473
2587682145
2507583729
2502562324
2502211591
2484854537
2471963696
