1330466001369116672
1330463808062631941
1330463708737363969
1330450141682278402
1330449987260583937
1330426196400672770
1330421574760083456
1330420987268116481
1330420917655236609
1330420832926052354
1330420327864786948
1330418438620241927
1330413000893878272
1330409064044564480
1330408407707344896
1330408372391251970
1330408116643635201
1330408106761842688
1330407924330598400
1330406941965815809
1330406651808129024
1330405603571867650
1330405206937522177
1330398098040950789
1330397266297970688
1330397193233174528
1330396940312469506
1330394926572564483
1330394172025692160
1330392946106118144
1330386220426387460
1330385494350368768
1330385303085965314
1330384307504943106
1330361442663616512
1330361380713717767
1330361316628959239
1330360341759451140
1330360176650690560
1330360160401969153
1330359833598496768
1330356323767250945
1330354288669974529
1330340048731049985
1330339552872046592
1330339502708174848
1330339283954262020
1330339267772559361
1330339245949595648
1330339196633014272
1330339145793859588
1330338903283339266
1330337990510587907
1330337530454159364
1330337303588376576
1330336611905769474
1330336156588838913
1330335319175139329
1330334989276295170
1330333130356641793
1330331712174362626
1330330585894694916
1330330134046531587
1330329294552305665
1330327425004269570
1330326414789402626
1330325026940268544
1330324982283579399
1330324942232170500
1330324885982285826
1330320793591484421
1330317251203969026
1330315011697336323
1330309185595187204
1330308610501513218
1330307610420109319
1330306901586964483
1330306297540063237
1330305208715448326
1330304249889251332
1330303832799260674
1330303797680287748
1330303191821541382
1330302579809640450
1330301247052800000
1330301033671745538
1330300747020439557
1330300545710628867
1330300453947629571
1330298710014783492
1330297600789143554
1330297336480878595
1330296546559209473
1330295701721538567
1330295618657538048
1330295003357261825
1330271680602714112
1330271071124267011
1330270661424652291
1330270416364064773
1330270321698615309
1330269369595809795
1330269254248226817
1330268890694291457
1330267829833265160
1330267277380476929
1330266841546190848
1330266787041210368
1330265992396759047
1330265879590948867
1330265252060160000
1330264219124715526
1330263935820439554
1330263353667825669
1330262656650014722
1330262286347481095
1330262263425617922
1330261819718594560
1330261608522805256
1330261150894870529
1330259287168462848
1330258637168775170
1330258596328837120
1330258083751354372
1330257321142988802
1330255997290639362
1330255941598580740
1330255884124106763
1330255768432627724
1330254555767042048
1330254281778323458
1330253707724939269
1330252294034690049
1330249959833296896
1330247659639214083
1330246445363056640
1330246287103549440
1330246142613917698
1330245748294873091
1330245735477030916
1330245341539610624
1330245150237483009
1330242896075911169
1330241769380990978
1330240518979252224
1330238920139927553
1330237908956143617
1330237413084508163
1330237296789118980
1330223688155795459
1330223569662570497
1330223447876788226
1330223325071740933
1330223214765727751
1330223091201548291
1330222824749993992
1330123241671847936
1330123209505710081
1330120748980203529
1330119611967283208
1330118337850912770
1330115921919291393
1330110491822329859
1330107858306932741
1330105506606755843
1330104856124780544
1330094740474355715
1330067935210188801
1330066328858845190
1330064869777960960
1330064770536525828
1330064707370291206
1330064596078628874
1330055920362065920
1330043056062668802
1330042795340525571
1330038735279431681
1330037917876690946
1330035403894743053
1330034310695542787
1330030909555400710
1330029868310999045
1330029023574056961
1330025934074892288
1330023857944748035
1330023244578119680
1330021828513964037
1330016467929227264
1330013319923707904
1330012647299764225
1330009779696185344
1330004684682244097
1330003877983358976
1330003273294733312
1330000805089472513
1329999878416715778
1329995946709626882
1329995754937741315
1329995690152513542
1329995479636189184
1329995105500073984
1329994565500215297
1329954195617755139
1329954011009736706
1329951167548370945
1329950971963846658
1329950820813721602
1329950236199055360
1329950023400960000
1329949852688674817
1329949476614705152
1329948947947851778
1329948292327858178
1329948110282498049
1329947036209262604
1329946941736751104
1329945313608687619
1329943050957836289
1329940221975277570
1329939851651784706
1329939014594465794
1329938613463814144
1329938306973511681
1329938248056107012
1329936323214499840
1329936091395354629
1329935955130724352
1329935565593128964
1329934953392582656
1329934077693218817
1329933945488748546
1329933899674378243
1329933492310994944
1329932328735477760
1329930977859280897
1329929348963561482
1329928755134033921
1329928438879285250
1329927471962222598
1329926847073820677
1329910480559804417
1329910038513770499
1329909587521253378
1329909462698700806
1329909363046232069
1329909136587362304
1329909084523466755
1329908899353387010
1329908756143071237
1329908483639087114
1329908287375028225
1329908085155123201
1329884736253202435
1329882165727866884
1329868841619517442
1329868196074188801
1329867709841092614
1329866420579078146
1329866114134913026
1329865400419487745
1329865183225929730
1329865148996194306
1329864979047133184
1329864944985182209
1329863354811355139
1329863000149413890
1329862559978180609
1329862399776722955
1329862200811458560
1329862045521637382
1329854941494603777
1329854784149594114
1329854643762040833
1329854487088001034
1329854239544401925
1329854170858393603
1329772439094620160
1329770750987931648
1329768860074041348
1329764720077926400
1329763450793431041
1329684569843490820
1329684443704008704
1329684324787113984
1329684175440519168
1329683970573922304
1329683624250241024
1329683565358047234
1329682813675778049
1329680165765574656
1329678410642317312
1329668575045570562
1329667742153191424
1329667713669750785
1329658773154254848
1329658149192814592
1329657899749167104
1329657745348423681
1329655501655781377
1329655349977223168
1329654846291587072
1329636222831038464
1329635406741168129
1329628551314857984
1329627010025611264
1329585394535559171
1329585099231342600
1329584102282969094
1329583944543711232
1329583273639600133
1329580956450164736
1329580405591314433
1329580145934528512
1329580024500989952
1329579274161057794
1329578391943720960
1329528517487431687
1329528489104584706
1329528168751960064
1329527343619182592
1329526603857195009
1329525342609006593
1329524631032754177
1329522757839806466
1329520995527438336
1329511289455071235
1329508812013924356
1329508535835701254
1329506207544070145
1329504570318446594
1329499445357121537
1329498535872638976
1329497438361694208
1329496676604710912
1329490847306493953
1329488099878064129
1329485906496155653
1329483695376519178
1329483573250895872
1329483400454021121
1329483290324176899
1329483111365742592
1329384743796957188
1329383596948328448
1329382786772455424
1329381430019940358
1329381226260664322
1329376002510905344
1329374046753067018
1329373049062379520
1329372959761444864
1329370163586740224
1329363943698161667
1329359669115097090
1329354625124798464
1329354334379925504
1329343262369439744
1329341560169914369
1329338451431452673
1329331859638128640
1329323761397534720
1329320235988623361
1329315468109377537
1329314859725565955
1329311812777631744
1329311021060730881
1329310462052343812
1329309006289100800
1329307701785079809
1329306296135380992
1329305465990340609
1329304961935675392
1329303944351379457
1329302757535264768
1329301635168931842
1329301467602292738
1329300882702348294
1329300727680954368
1329299594119958533
1329298811978739712
1329297412083552257
1329296119508176902
1329296104517722113
1329295183373021185
1329294654689456129
1329293925648134148
1329293707892371457
1329293310972866560
1329291017615515648
1329290694800912386
1329290429813170178
1329288319247798272
1329286215011618816
1329285278142517249
1329284284151189506
1329283648265334786
1329283635254530050
1329282901939249152
1329266828728823810
1329264543042838530
1329264466337411072
1329264376361213958
1329264319956209664
1329264281427320833
1329263988824215552
1329263949347500033
1329263933400756225
1329263796444143617
1329262974016557057
1329262873017786374
1329262721112690689
1329262039072706560
1329261103579271168
1329260624975699969
1329260597209395202
1329260555316711426
1329260457815928836
1329259873364811776
1329259793979236355
1329256065515577349
1329254731202637825
1329254600285638656
1329252999516934144
1329251904526954496
1329250921444945923
1329250158077489152
1329249747975147521
1329249312749056004
1329249038449963008
1329247910832312320
1329247365031661574
1329245787092639745
1329244383850467328
1329242962954424321
1329216856264237057
1329210786158419973
1329209868507602946
1329208141301608448
1329207955405889539
1329207676476289024
1329205548856832006
1329205387720060929
1329205151870095361
1329192897418321925
1329184917994004484
1329173487861248002
1329172401171652611
1329172332808646660
1329172137245085697
1329171634369011715
1329169987613896709
1329169718561939459
1329168301583441920
1329166201453486083
1329164697204035586
1329164533919850499
1329163629464342533
1329162416295464960
1329162313824415745
1329162247223078917
1329161906041532419
1329161585802285056
1329161405166219268
1329161144506966022
1329150823604113409
1329150641827098624
1329150446561320963
1329150254340509698
1329150090645270538
1329005277115535361
1328997491623284736
1328997260743544833
1328997149141512193
1328996834942078977
1328996795238789120
1328976739234680833
1328973217046949888
1328959407854641152
1328954668362428424
1328954013094699008
1328953383827484673
1328951023981965312
1328949809739423744
1328949755557392384
1328949328430428169
1328945639959486464
1328943198610350080
1328939827425910790
1328934256563941382
1328934212183973908
1328934005048287232
1328932688355528704
1328930554612502529
1328929924128903168
1328929554963050499
1328929448121556992
1328926883359186946
1328926853848064001
1328921547348840448
1328920892399874051
1328920440321044485
1328910821691437062
1328909096100261888
1328908278479409160
1328907787087319040
1328906899186737154
1328906255973412869
1328905328533106689
1328905093463371776
1328903557404307458
1328902674939568131
1328900736541921280
1328900411277897728
1328898355221696513
1328897951482212358
1328896138896924673
1328894965506838535
1328892138256560132
1328891643685113857
1328890815616266241
1328889896182886402
1328884619261997057
1328882799714201602
1328879687641264129
1328876883178631168
1328872850762108929
1328871853063106561
1328869438934888448
1328869065876795392
1328868679984013312
1328867324091375619
1328866395870924800
1328866002034110464
1328864040433704960
1328863477205790721
1328861185324822531
1328859928547782657
1328859224005373953
1328857760012898306
1328857680883179524
1328857670179303424
1328857497764061186
1328857129894227969
1328857090564173825
1328856728327303174
1328855767844315138
1328855737276264448
1328854925451923456
1328854334780608519
1328852688197586945
1328852022863548416
1328851849672331265
1328848989790351360
1328848510712750091
1328848182676234245
1328848052682170368
1328847135815725056
1328845123380240385
1328844782324633602
1328832987086123010
1328822511371497477
1328819809606389760
1328798761678753794
1328798085389103115
1328797966409326592
1328796638333325313
1328795446534434816
1328768377515610118
1328763693639798784
1328763629446066178
1328763562299432961
1328763462982529025
1328759197538934790
1328758112225009667
1328757576989806595
1328757478771863554
1328757380226703362
1328757259376193537
1328756321261408259
1328756214516379649
1328756096144707587
1328756001584148488
1328755884542074892
1328755242171830272
1328635456297332738
1328635032836206592
1328634432518037506
1328634137440301056
1328632555357265922
1328591007793950720
1328577967996481536
1328575667374534662
1328560066673467392
1328560052110757890
1328558963630149633
1328558463899856897
1328557879020937217
1328544958924656641
1328542512747868162
1328541598083321856
1328540282753835008
1328539541708353536
1328533407891120128
1328533059239555072
1328532811926695936
1328532419595612160
1328529984105930753
1328529922328059904
1328529318318895104
1328527007169310721
1328526983224029191
1328526390887591939
1328525318777413633
1328520007345639426
1328519749106606082
1328519386018275328
1328518188615741440
1328514514606809088
1328513679483146245
1328510025300647938
1328509960402178048
1328509845935362054
1328509304144601089
1328506615998386177
1328504661066788864
1328504536542154754
1328503190657126408
1328499717517533184
1328476591199039493
1328476087844827136
1328475707643748352
1328475136496951297
1328475044352307200
1328474656991539201
1328473393566453769
1328472670485274625
1328472456672256003
1328471685239017472
1328471049617498118
1328469856803573761
1328469225007173632
1328469180815970306
1328469137820094464
1328468927387754497
1328468817710886916
1328468722227572742
1328468672990605316
1328468614371020800
1328468533781684224
1328467157626269698
1328466301212299265
1328465890057330689
1328464829271711749
1328464761491771399
1328462390208450561
1328462330229886977
1328462274273619968
1328462036821561344
1328450438992052224
1328419266182443013
1328417958671101953
1328417872142536729
1328415640491843584
1328414440992149504
1328406771363352584
1328405679896408066
1328405003661430784
1328404004116836367
1328398612821323776
1328398508387393537
1328398262685085697
1328398152177750017
1328398008522842118
1328229799354097665
1328227855025704960
1328226087239888897
1328225850895048704
1328225815998377984
1328225695496089603
1328225479866933248
1328225243987644417
1328225110776483840
1328221382463860736
1328215949338619904
1328214869309591557
1328213588633407489
1328213556345573379
1328212514274947073
1328211573979099136
1328211558577696769
1328210645146284033
1328209055245078528
1328208570270294018
1328208425105453062
1328208169416404994
1328208022490009603
1328208009462509568
1328207874229678081
1328205907407278081
1328201203445067777
1328200682982305795
1328186553861099520
1328186223932944385
1328184845118402561
1328181838377066496
1328170835144794113
1328170499780775937
1328168020032753664
1328167266668732419
1328166517276553216
1328166375161016331
1328166202133409792
1328165933639143424
1328165855016968192
1328165792861609986
1328165744249630721
1328164149424246784
1328163831995109383
1328163708116348931
1328162965791657985
1328161316880650241
1328158936332120064
1328157523262795776
1328156564860129285
1328155703094243328
1328132037627273216
1328115493765570560
1328115165796200449
1328110155448389637
1328109132591796225
1328108275955605504
1328107576052080641
1328107561338466307
1328107304814829569
1328106911250722818
1328106573714087947
1328105607849783298
1328104454915289091
1328102318810697728
1328098964151955457
1328098829401542658
1328098335165734912
1328098004881076224
1328096626846666753
1328096310919131141
1328094443799523329
1328094197988077568
1328092666211536898
1328092021869998082
1328091961811738633
1328091899622793220
1328082113959256068
1328081863374761985
1328081776284200963
1328081018511904770
1328080948819353618
1328080893177683968
1328080724688252929
1328080393384435712
1328080184625520642
1328079973408796673
1328079747818131460
1328078960257851393
1328078634033307648
1328068566252478465
1328065458310877184
1328065252794175489
1328064837545586689
1328064792360329217
1328064736970289157
1328064716338589696
1328064647208071168
1328064160194850818
1328063619343540232
1328063595473727489
1328063562460356608
1328063476254773249
1328063436576714757
1328062459706560519
1328062418422030336
1328062126091612160
1328062059913891840
1328020234628960256
1328020024200728581
1328019830272905216
1328019691814727680
1328019544380731398
1328019367087525888
1328018929541853191
1328017467541762053
1327916949003771905
1327916936152363009
1327906016638480384
1327896810812268544
1327891963140517888
1327863480746192901
1327855237420494848
1327855135335346176
1327854930611335168
1327850760768512002
1327850710084497409
1327850644657598466
1327850375999795200
1327850149016719361
1327824264066633728
1327822517898272769
1327818248579067904
1327817830289575936
1327802179286167552
1327795999818076160
1327793724315889664
1327793620754239489
1327793499702513664
1327791863974268929
1327791640698892293
1327784355427725312
1327784026556559364
1327783372630994944
1327717467389653002
1327717325827682305
1327715378500415488
1327714954103885825
1327714587328860160
1327714328389312515
1327713916215029762
1327710307142262788
1327710220798332929
1327709937955442691
1327709534702473216
1327709166832660482
1327708894446153730
1327705936077656064
1327696624785698816
1327696525510778883
1327695151825907713
1327694967859458049
1327694825236426753
1327692618038435840
1327692280979984391
1327692228869885952
1327691713553510402
1327691667080699905
1327691487333781505
1327691455486365697
1327691335319638016
1327691043115065344
1327690773060575240
1327689698182107137
1327686703146995712
1327685590343708680
1327681903722438656
1327679619844206594
1327679030884233217
1327678684732551177
1327674533717929990
1327674173821513728
1327673954337742853
1327673782467768320
1327673160402153474
1327666604159725568
1327666275011731457
1327664876735635456
1327664341554958338
1327663910519005187
1327663504036388864
1327663388701417474
1327663027693481985
1327661900516175875
1327661860498395136
1327661726712688640
1327659991118073859
1327659631385186305
1327659359250341888
1327658499959042049
1327658464282353670
1327658150925885441
1327657470056140800
1327631255316402183
1327509731833950208
1327509506364936192
1327493597130797056
1327493574972366848
1327493554114007041
1327492595312955392
1327492510395068417
1327490098389266432
1327481076936273925
1327480724228812802
1327477134680592385
1327473842864971777
1327470022160158720
1327469595876323329
1327460763527680000
1327459988198002688
1327459735252168705
1327459671242846209
1327458638693343233
1327442923982643200
1327434845983739904
1327433607141601281
1327433587159863296
1327432730796298240
1327431277029502982
1327429316637040643
1327429268582912008
1327427182591930375
1327426150096924679
1327425056700555264
1327422794448195584
1327422536766939137
1327420773934436359
1327419681163124738
1327419446894456832
1327417732829241344
1327416667866062848
1327416492372135936
1327415369842176005
1327412075057057792
1327411267750014981
1327410749107560448
1327410521637842944
1327410483901706240
1327410324866207744
1327410276099043329
1327410092602494976
1327408113868296192
1327390759004348417
1327390562543165441
1327389214703575040
1327388996297756672
1327388896376872970
1327388722602631169
1327388674242318337
1327388585444651008
1327388417940987904
1327387769614766081
1327342550349475840
1327342303514648576
1327322114018381824
1327321969977593859
1327321079199780870
1327320860911431682
1327320043999334408
1327319854479708162
1327319610736173056
1327309803660701696
1327178593009537026
1327159307696222208
1327158938173894661
1327153643083214848
1327150469073031171
1327123225868898306
1327123100509605888
1327122624959418368
1327112945499836416
1327112804495732736
1327112180483956738
1327108996457754625
1327108432055443456
1327107935797993472
1327107852025155586
1327107788582096897
1327107700447174658
1327107596445245441
1327107424394883083
1327107396590841859
1327107373014675458
1327106850593140736
1327106336165945344
1327106074189701122
1327105863555960834
1327105579458957313
1327105164403216390
1327100015261659136
1327099418701664256
1327099340750532608
1327095930403876865
1327092413517733889
1327091473024770049
1327091432721698817
1327091293969846272
1327091271807152128
1327089240446996481
1327088151886786562
1327087825595076608
1327087619075956742
1327087582673592321
1327087469997789185
1327086867020468224
1327086262059200513
1327086176147267584
1327085710571147265
1327085673975861249
1327085615939284992
1327085572213665792
1327085381578350594
1327085337546469377
1327085177219256323
1327085032415092736
1327084931881766912
1327084879343984640
1327084562321649664
1327084351625048064
1327084248180944896
1327084223841316866
1327084133802237952
1327084030643335168
1327083946723700736
1327083668943335425
1327082837657456640
1327082755902083072
1327082492382253056
1327082148474593280
1327077744543473668
1327074216353681408
1327074117909090304
1327072240366735366
1327072129083445249
1327071136878833674
1327071072970289153
1327071003130945537
1327070733714022401
1327070437554196480
1327070198084538368
1327069981788540928
1327069296988725248
1327065709868969985
1327065653736562688
1327065160943546369
1327065028676227073
1327063451601149953
1327063037078073344
1327062857922605058
1327062362306867200
1327062288671584256
1327061702446379013
1327061657684733952
1327061488700416005
1327058510211919872
1327058232620310530
1327056990472974336
1327056130393190402
1327054459055321090
1327031896690352130
1327030632896192512
1327030556345970688
1327027933899337729
1327027377826914305
1327026769556365312
1327023716157546498
1327023319653216256
1327017669145616386
1327016933389176832
1327013936248606723
1327013687698321415
1327013441593352202
1326986787974225920
1326986723973324800
1326986638111727622
1326986413150187526
1326986344661446656
1326985694267527172
1326985533713735684
1326985024802086913
1326984644210941953
1326984609742118914
1326984458784923651
1326984361846173701
1326928448095449088
1326928198832168963
1326916504324083715
1326783714089693185
1326782596039249921
1326782078982172673
1326782027924955137
1326780746619564032
1326780675060535296
1326780032631631872
1326777073214631938
1326775769738203136
1326768423444107267
1326768327142891520
1326768095873085442
1326768067171454976
1326767624768942081
1326767319645827074
1326767087432454147
1326756259714961409
1326756219126747136
1326754629238075394
1326754098226614272
1326748217497804800
1326746266462810112
1326746072929230848
1326745970881810432
1326745876669337600
1326744812142403584
1326744769893179392
1326744256392949761
1326742170666229760
1326742091653812224
1326741979464675328
1326741912729096192
1326741191803744256
1326721982940016648
1326721940153839616
1326721901515984896
1326721596300648450
1326721509147222017
1326721380205928448
1326721345137369095
1326721046498709512
1326720709901606913
1326712327090147329
1326710654556905472
1326708113559445504
1326707129873543169
1326706411976462337
1326705386532040704
1326705301438033920
1326703646109790216
1326703119338795008
1326672337387859973
1326669724688769024
1326669489493172224
1326667895192100864
1326666987192414211
1326666578419707904
1326666550795964417
1326666336177623040
1326666249309392898
1326665534511910918
1326665305897263109
1326664770745937921
1326664644640038913
1326661888969760773
1326661848096268288
1326661557867175938
1326661416074489860
1326661379709952000
1326661134645145600
1326659486677938176
1326659217609134083
1326658780420067328
1326658253393158145
1326654362735828993
1326654101493518337
1326652981614350337
1326651858665009153
1326650469339570176
1326650205853380608
1326650009912299522
1326649911023165441
1326647714730348548
1326646096161087490
1326641732491022337
1326641660013506566
1326641623728590848
1326639666104315917
1326578343391735808
1326577520607686658
1326558095783366656
1326557273095868417
1326556165329784836
1326415830888943619
1326408485362405377
1326408282685247490
1326408013402529793
1326406611288600576
1326405848848097280
1326403458736545792
1326402699324219393
1326401871116967937
1326401819862573058
1326397150150991877
1326396687062085633
1326394609677836288
1326393544471408640
1326392162293063681
1326391312485068800
1326390159009574915
1326387008026112000
1326386932306354176
1326383290463514624
1326382800820441088
1326374085044137984
1326373777048006656
1326371010002767875
1326368995193352192
1326368741366640641
1326368722320314370
1326368503834824704
1326367060935446530
1326366158644252672
1326366078621114368
1326365820356792320
1326365462985404418
1326364895546400769
1326364247920611330
1326363590518071296
1326363271373479936
1326362775539609601
1326362259514331140
1326361998712590336
1326361005199400960
1326360698734206976
1326353725389156352
1326353203164819457
1326352632030629889
1326351904469905409
1326351021988261888
1326350485662601217
1326350465714581505
1326350231093481472
1326349657946066947
1326349155720187904
1326348749183053827
1326348587127672838
1326348423642148865
1326348263298052096
1326348090073378828
1326347601000755200
1326337377451773953
1326335462970191873
1326334188333752321
1326332512960917504
1326331848570642433
1326331786239074304
1326331689514184705
1326328367889719301
1326328169062916097
1326327562952470528
1326325424331304960
1326314902101831681
1326313962359705602
1326313890314063873
1326313596314324992
1326311347928391681
1326309325694963713
1326284758972837888
1326283373766209537
1326282990423580674
1326282873146646528
1326282230214381573
1326281938295009281
1326280845288738827
1326280676249833478
1326279296764227599
1326252362672037890
1326251690786492418
1326251500289536011
1326251326599286784
1326250812708884481
1326240950411292678
1326240520096665603
1326240446474031110
1326240400772886528
1326239572754378758
1326239126715326464
1326238744014426113
1326238493765488642
1326221825689481216
1326220451782266887
1326219681741615104
1326219449104478209
1326218975093600258
1326215537899278337
1326215384064815106
1326211445663653888
1326211184849260545
1326210622170796032
1326208556811608065
1326207345983168515
1326206754678591489
1326192080205598727
1326191827049910272
1326191076701560832
1326025029595893762
1326023521869443072
1326021527830138880
1326020618832252928
1326014783762690051
1326013756183343105
1326008354511220736
1326002548092899331
1326000848049156096
1325999333683159044
1325998655040524288
1325991628411179009
1325989134020861952
1325984856963223552
1325984710691000320
1325983735104286721
1325975560695275521
1325974847852326912
1325974823449874432
1325955811483512832
1325955648417374208
1325955580243152899
1325954303174057984
1325945495034933253
1325945011557502976
1325934787408883726
1325891098401787907
1325874461200048128
1325873972857233409
1325872101358792704
1325870889729200129
1325869854964871168
1325791832006160390
1325791208392757255
1325790212103004165
1325789524459446273
1325789495640403971
1325788731916345344
1325786914780295169
1325784467227684865
1325782918908817409
1325782823970742273
1325782256066105345
1325782148280950784
1325782003329998848
1325781899852341253
1325779413447946241
1325776628782428167
1325760243364728833
1325759960958066693
1325759809417842688
1325759763011915777
1325759640701952000
1325633625547812867
1325630783445463041
1325620102667116545
1325617056184721408
1325599250034683909
1325594396256071681
1325593589687185409
1325593433269006336
1325593112761278471
1325593006540529664
1325592139401719808
1325591774472048645
1325591590082121728
1325589278567632896
1325588926921383937
1325588896747560960
1325586257817333761
1325559028513189890
1325558913954144258
1325558604984934410
1325557609991172101
1325557511118843905
1325557389140103168
1325555523027169280
1325551111940476928
1325550959859208194
1325543003751067650
1325541997994762240
1325541650538647552
1325459359493742593
1325458093719908354
1325447329361645574
1325447259102867457
1325445766190669825
1325445147732094981
1325444352039120897
1325442915594858498
1325440519049187328
1325440279332196352
1325439853933322242
1325439618460905473
1325411837115035648
1325410741344759808
1325409513021853696
1325409471431122946
1325304153560780805
1325295431937642496
1325287576303964162
1325243788248408067
1325235119850983424
1325231883807023104
1325231271891578880
1325203151964680192
1325201459894345729
1325201195896483840
1325199015051452418
1325198187968204801
1325195605644357635
1325195179377254400
1325193911023726593
1325193826848235521
1325193797668659201
1325193628659036160
1325189996618391554
1325189483705274369
1325174077410209793
1325173877228572672
1325173162120683520
1325153645743247361
1325125035351134209
1325124417278664708
1325093432528936962
1325092213924171776
1325091915730202625
1325090568540721155
1325089810164436995
1325073980039065600
1325073738858188800
1325039682082762752
1325037743999692801
1325027120112865280
1325026903372292096
1325026421216043009
1325024588061962241
1325012755229847552
1325012396080029696
1325010163842109441
1325009910623580165
1325008098067673088
1324996727011749890
1324996424258433024
1324995698010492928
1324994158692536321
1324866304147402752
1324865674875953152
1324865429874020354
1324864454945861632
1324864175735271426
1324862056890310657
1324861467477352448
1324861445817905153
1324861398938169347
1324861307863113729
1324861277005615118
1324821413992214529
1324820929034227718
1324819889606037505
1324818651720110085
1324809295251341316
1324808063363284992
1324807763114033155
1324783202930696199
1324782704957788162
1324782257748455425
1324781412956934150
1324781323400155136
1324781151593078786
1324780663283863554
1324780586150617088
1324780319501914114
1324780173359808513
1324780151549382658
1324780083450662912
1324779901346598912
1324779678884892673
1324777166496780289
1324746068635095041
1324719433777111040
1324717669984120834
1324717470431719424
1324717398545616898
1324707107959197696
1324707022814793729
1324706920326942720
1324706659357306886
1324706066425434112
1324692714324168705
1324692658439262208
1324692510531293186
1324691542288830465
1324691027802947584
1324688794478665729
1324686435841200132
1324680899557019648
1324658109969780737
1324656964253765634
1324656812206022656
1324650009393070080
1324649121123282944
1324648843904995328
1324648501645553665
1324647316268163072
1324643901664317440
1324641175786106880
1324639989024567298
1324633150887239680
1324632695582896129
1324631442954084353
1324631163051401216
1324630866623111168
1324628716018958336
1324628168381210630
1324628105458307073
1324627144052494337
1324627058136358912
1324626990129971200
1324616622489960449
1324615706051256322
1324615149815275520
1324615084589592576
1324614663116644352
1324611664562577408
1324611081482940418
1324611005499035648
1324591102696050688
1324591007548268544
1324590969216475137
1324590835653115905
1324590641544941568
1324590210655625216
1324589125299744769
1324588291040157696
1324588076774162433
1324580352363536385
1324580276299857921
1324578881102323712
1324574306488225792
1324572154185371648
1324571087452123137
1324570895571132416
1324570366614900736
1324564186614161408
1324563744115118080
1324563526845956096
1324563227024494592
1324563190966079489
1324563170103562240
1324563129993494534
1324562380974641153
1324562172756791297
1324555783779110912
1324555434972381184
1324554912852774912
1324554887284334592
1324554335246786560
1324549103729213449
1324548081338245121
1324416129616498690
1324415422993702914
1324415350033829889
1324415268794388480
1324400369498230786
1324400285557706757
1324390888970326020
1324390868367925248
1324390211481227266
1324390182594949120
1324390160906280962
1324390129461530628
1324390110461333505
1324389802347814914
1324376334278250496
1324351815178178562
1324351509056946176
1324351352684896257
1324350355262574593
1324347607733460993
1324347142266359808
1324345969039822848
1324344550513659904
1324343662931836928
1324343625350815744
1324343608829501441
1324343384778117121
1324338921036271621
1324337890277687296
1324336335021330432
1324331589061517312
1324329752317120515
1324309330120843266
1324309112029667328
1324287840512024576
1324285978006216708
1324279195975983104
1324270512797863937
1324270254655234049
1324270149617225729
1324268915082616832
1324265889114574848
1324263924418662400
1324263654162915328
1324261933537763329
1324261329998327811
1324247856954429441
1324247760586067968
1324245243890438144
1324220242961272834
1324219678999326720
1324219529115873281
1324219478008303617
1324219466914385920
1324219389420445696
1324219013711495170
1324217348627353602
1324216545741033472
1324215524088287232
1324213526525825025
1324212605934850048
1324212337394520064
1324152990735937536
1324152875883335683
1324151565620551680
1324151145200320518
1324151022764367873
1324150923548151812
1324150891969130498
1324150840425357313
1324150815905468419
1324148067856244736
1324147644785139714
1324146206696681472
1324145035206643720
1324029175553052673
1324028816122138624
1324028647725027330
1324025384497799171
1324024650859503618
1324024105889386496
1324023832739536896
1324023757728600064
1324023728146161669
1324023473262518274
1324022268423479306
1324022192825339906
1324022163716902914
1324021559636447234
1324020796864561154
1324019405227991041
1324017585474752512
1324016637331312641
1324014916509065217
1324014423602769920
1324012383359172610
1324011178276888577
1324010531796226050
1324009235219361803
1324006104184086529
1324005258092257281
1324001118498758664
1324000427034222592
1323998287331020801
1323997423711256577
1323995335375638529
1323995090092761089
1323993617619406848
1323993214769123329
1323993153700012033
1323988603719045124
1323987993972101123
1323987090829414401
1323986875284099073
1323985602447114242
1323985536365846531
1323985048677343238
1323984952908795905
1323983121096859649
1323981730219438080
1323981705536045062
1323981650561273859
1323980768012574728
1323979376522891270
1323978740918067201
1323975478064152576
1323975030431252481
1323974862684246017
1323974715753582593
1323973341233979397
1323968278579027968
1323961941363171328
1323935411039850497
1323930560914444288
1323922152102502400
1323920756972113921
1323920572120780800
1323919726687518723
1323912159378710528
1323912087924580353
1323911524579217410
1323908677674434562
1323908552914776064
1323908297049673731
1323908279173582853
1323908257929416705
1323908230007980032
1323908078190944258
1323908003888812033
1323907302303371264
1323907028838944771
1323904254449430528
1323903016282574848
1323902914017021952
1323901742245961729
1323901638986387456
1323901578793930752
1323901385168035842
1323901172462354432
1323900953364471809
1323900831519789058
1323893999858573314
1323892906801963008
1323892685141364737
1323891287318298624
1323890716595159042
1323889254724997120
1323889164732026882
1323888909340811264
1323888789249511424
1323886046388641792
1323886023013769216
1323885982878486528
1323880372933971974
1323864872950632450
1323863971171098626
1323863883711393793
1323863743596548097
1323863098353221633
1323861878800568323
1323861720062984194
1323840114242527232
1323839724243591168
1323838726498328576
1323838682814685184
1323838590464479232
1323838516409868288
1323837456047874050
1323836934662348800
1323836853670318083
1323836811588882437
1323836633637158913
1323823598256214022
1323820250710892544
1323819992991862789
1323819775689109506
1323818833946251265
1323812554301386754
1323812474349625344
1323809590140669955
1323807795549011969
1323779983878328320
1323779872284680195
1323779778260979714
1323775339114450944
1323774872510697472
1323774468460826631
1323774215124881410
1323773691600211969
1323773341765898243
1323773105152659458
1323773053185236999
1323772994897039365
1323747440974061569
1323747324988973057
1323639292938379264
1323638790599172099
1323638719769923584
1323638449400926208
1323638142520446976
1323636127945887744
1323635636046352385
1323633879287242753
1323633658918522882
1323632757608767488
1323630944746672129
1323629836619915264
1323629766340202496
1323627019394011138
1323573217806745600
1323556059856908290
1323551944884035585
1323551383627407361
1323547273788313601
1323538500902363138
1323536583547564038
1323536008487538690
1323535774227333120
1323521864715612160
1323521813796839426
1323521785942388738
1323521714345644032
1323521649145237505
1323521207589834753
1323521075012132865
1323520974835298304
1323520919273414657
1323520876793503745
1323520822556983299
1323520785605103616
1323520735512567808
1323520614443962369
1323520534106308608
1323520129087512576
1323518497402638336
1323517791975149568
1323515847692922882
1323507462364946432
1323499917332144134
1323483017973846016
1323482714402684928
1323482688083415040
1323482570542190593
1323482369156882432
1323481844260708354
1323480640008892425
1323477824464953344
1323477277313781760
1323471826153033729
1323470366795321350
1323469163747254272
1323468590759268353
1323467760496713733
1323465545316995075
1323439690154987521
1323438122022166529
1323433229429428233
1323433100077129730
1323432095528701953
1323432055263383557
1323431752409534464
1323401504271835136
1323268148628512769
1323266518638039041
1323266044836909056
1323264989818458113
1323262927395262464
1323262572305371136
1323262242037485570
1323261326685315073
1323260225365905409
1323259416221749249
1323258109154963456
1323255991249575945
1323253881359507461
1323253786278830080
1323253547341852678
1323250100131532800
1323244472675815425
1323244127216144386
1323243336891813889
1323242567325147138
1323239740137766912
1323239563742072832
1323239490148831234
1323239141044342791
1323237415776116736
1323236617256112139
1323236589766586368
1323236470598021121
1323236401777881090
1323236260484419600
1323236197582413825
1323236052086214656
1323235810406182914
1323235164215009280
1323235002511953920
1323234916918845446
1323234569760444416
1323234368727470080
1323231807869997056
1323230714943492107
1323229291405070337
1323225833033633793
1323225331369680896
1323224402008379392
1323224313819004938
1323224120574808064
1323224068976451585
1323223983320420352
1323223876277620736
1323223733117636609
1323223574350598147
1323223141313896448
1323222982941118467
1323222945452462082
1323222637594726410
1323221153226305539
1323220670734544903
1323205153172893696
1323204710741016576
1323203857002975232
1323203804704215042
1323203437182504960
1323201940281581576
1323201930731147264
1323201793271148544
1323201654502662145
1323201491457478662
1323200988682084352
1323162280771637248
1323162102064914432
1323162059283013633
1323162027838316544
1323161866391216132
1323160426759262208
1323159664473919488
1323159458202214400
1323159164848361472
1323159139971932167
1323148050441867265
1323147204291448833
1323141600638369792
1323140223400816642
1323140142413058048
1323139901014102016
1323138331727794178
1323137759385735168
1323134052027764736
1323133964824023040
1323131208008634368
1323129166611533824
1323122805140004864
1323119699505356800
1323118334284615686
1323118205225832448
1323118081967882241
1323115735397371912
1323114313788362753
1323114126017777677
1323111699864526848
1323109681724854280
1323105116774371328
1323105059824128003
1323104465495429142
1323104202013495296
1323104084082282497
1323104052859854848
1323103191702097921
1323103152208490512
1323101902821797890
1323101812258426881
1323099906463141889
1323097734417731584
1323097076247498753
1323096883296931845
1323096519340396544
1323094757053288449
1323093945086345216
1323093398644023296
1323087976327499776
1323086644724072449
1323086200048099329
1323055990489624576
1323055765771399169
1323055698398294016
1323054659884535809
1323054540493643776
1323052835341291524
1323052275300970498
1323052190727053312
1323049721330606080
1323047939997052928
1323047758622822401
1323041199578599425
1323041105739468802
1323040973753036803
1323040931608727553
1323040899308396548
1323040828172939267
1323040678490898432
1323040622786338816
1323040380594606080
1323040135383048193
1323039117316337678
1323038836495159299
1323038694534795265
1322882890267578370
1322882848043524099
1322879442591559680
1322879400094912513
1322879227977453575
1322872174856839168
1322871580360384513
1322871522332155904
1322870198790225921
1322868427019661312
1322868337618178049
1322867045898330113
1322866871834710016
1322866622198091776
1322866189765410818
1322866146559905792
1322865970914988032
1322865912886775813
1322865784155234305
1322859503180808198
1322857856996044803
1322855588750069761
1322855520190025732
1322855420390707214
1322854376470388736
1322852275958784005
1322851903122845696
1322844668594409474
1322830708893716490
1322830025809383435
1322756439228796928
1322756275374084096
1322756080825491456
1322755912931704832
1322754323852439552
1322754208689491968
1322754089306959873
1322754003852316674
1322753884603981832
1322753600653824006
1322753518294454273
1322753163246620672
1322753123425935367
1322751984550772736
1322751887796568066
1322751522309132288
1322751408815394821
1322751033697804288
1322750992232972288
1322750620303020032
1322750149739905024
1322740308090576898
1322740034378833921
1322739708628258817
1322734074155438091
1322733969159426048
1322729330036871172
1322729235467980804
1322728501921878016
1322727349931151363
1322727309703585793
1322724203989291009
1322723332068986882
1322723254444982272
1322722589127618561
1322722505497419776
1322694024105496576
1322693731561230337
1322693686115913728
1322693642012819457
1322693593912512512
1322693532130463744
1322693510768795648
1322693438920417285
1322693393957425152
1322693314928349185
1322693290051981314
1322693271416688640
1322693218975256577
1322692579243233280
1322692297310511105
1322691534534418432
1322690692347551746
1322690070298710023
1322689966854574080
1322689896625176576
1322689825846267905
1322689792245747713
1322689385574371329
1322689359619989506
1322689165583142917
1322688846719574018
1322688373362954240
1322688123206328320
1322686496915283968
1322684686120951810
1322684618286469121
1322684567673806848
1322684537470652418
1322684496211283968
1322684387281063938
1322680933825323010
1322680883678191619
1322680764006342659
1322680707836239873
1322668081534164992
1322637727150596096
1322637686012870658
1322637294768062464
1322637253676539905
1322637236861632514
1322637209401438209
1322637182583144452
1322636896628056064
1322636853246414849
1322636838822121478
1322636806278553600
1322636318308995072
1322636025177481216
1322635705739366401
1322635609039667200
1322635522150453248
1322635238917459968
1322633299664216064
1322632991923965952
1322506112562810880
1322506016832016386
1322493092755394561
1322491104269422596
1322488637364338689
1322483453959512066
1322483368504795136
1322482851762286593
1322482642021945344
1322434671985176576
1322434587671339009
1322416849641000961
1322416576256159744
1322416557050515457
1322416266381086720
1322416218041704448
1322416129701220353
1322416069659795456
1322415679509798914
1322414911532785665
1322414860769071104
1322414667432632330
1322414559680962560
1322413150654943232
1322412905757855744
1322411514071031808
1322411393371561984
1322411047211405317
1322410974326960128
1322410851899506688
1322409817324064769
1322408473242513408
1322408413100388353
1322408333542936582
1322397375202238465
1322386023842750469
1322377624119840768
1322377559934423041
1322377470650232833
1322377260788273152
1322376954981634048
1322374515729534977
1322374434892750850
1322374393322983430
1322373808800620544
1322373666202636288
1322324399698120705
1322324272392638464
1322272188486111234
1322271345296740352
1322271236991422470
1322271168230051840
1322271116342267904
1322270777421553665
1322270669606969345
1322270621359869965
1322270278899146752
1322270211320459265
1322270122745221120
1322269981623668738
1322269699611234304
1322269553896923138
1322269434992599040
1322268598300299269
1322267394241421313
1322266581355929600
1322265869561581569
1322264736587722752
1322264212941508608
1322262819228758018
1322261718437941249
1322261523356667905
1322243042242449408
1322241138191990784
1322240868531785734
1322240503631458306
1322239839589335040
1322239301892059137
1322239164616683520
1322230212659208193
1322230073186017280
1322229917522841601
1322229726623268865
1322135698686808065
1322128725341806592
1322128506608898049
1322128397196234753
1322128346998837249
1322125697238945792
1322124746088194051
1322116712658067457
1322088994671349761
1322074762902994944
1322074709798866944
1322074593801183232
1322074336128360449
1322074097476653056
1322071617657360385
1322071348009644034
1322070773050331136
1322070755660750848
1322070547774189568
1322070179858305027
1322068119389614080
1322060193333739520
1322047523855491073
1322047247761219585
1322039650119262210
1322033309862547457
1322028411934642176
1322027998422405120
1322027815051603969
1322027555101298689
1322027493784735746
1322027323152044032
1322027147654037504
1322027005873922048
1322026841281089536
1322025827572350976
1322025702619811841
1322017699493519364
1322017493012066304
1322013147306299393
1322012706891845633
1322012660993527808
1322012552457576448
1322012496211910656
1322005736843522048
1322004438161252352
1322002542801334273
1322001665080332289
1321968420456456199
1321968388617494531
1321968267343388685
1321968090972934144
1321967872810323968
1321967320252690432
1321966194417668097
1321965930591723521
1321964109970264064
1321962798587518981
1321962604638707712
1321962403043704837
1321962077481816064
1321960461353603074
1321960348715548676
1321960224006246401
1321960177952821250
1321959525134553090
1321959489986269190
1321794470497689605
1321789925822472192
1321782162853683201
1321777420492546049
1321776632324083713
1321774822318362624
1321765228175122432
1321758419863425024
1321739612415528960
1321739502327631872
1321739039205138433
1321738390761574400
1321736499180744705
1321694170248073216
1321694142204940289
1321694116263141376
1321694023103483904
1321694006116519936
1321693947903827968
1321691870393716739
1321691625865809920
1321690720802131968
1321690192982495232
1321687940226056192
1321687870109847552
1321687565683040257
1321687220663787520
1321686081323106305
1321685094176825350
1321684120108437504
1321683586412695552
1321681386433138689
1321680524440731650
1321678174028242944
1321677887842455552
1321677560745525248
1321676889283612672
1321676613898166278
1321676532629360640
1321676460592189440
1321676439054417921
1321676343407423489
1321676199656148994
1321663819362508800
1321663547303223296
1321662935220060161
1321662110175252480
1321661948547780608
1321661886568505350
1321661432807784449
1321660779674914816
1321659775130701830
1321659675591540736
1321659612907655169
1321658976661053440
1321654187814539264
1321653528390176768
1321653499093012480
1321651603800248320
1321651308252876801
1321650973178269697
1321650808941928448
1321650460953104384
1321650369064304642
1321648577630928896
1321648092148572160
1321647889999945728
1321647443650424833
1321647294186508289
1321646913071042562
1321641763963129856
1321641674209185793
1321638647934976000
1321638489809690626
1321638314190032902
1321638269755469824
1321637926435016704
1321637906574909443
1321637860164947974
1321637139247996929
1321637066309050371
1321636985455415299
1321636445338116097
1321636348483297281
1321636136641507329
1321616750086148098
1321594939596308483
1321593928949399555
1321593554427351051
1321590644419252230
1321589359670398985
1321589091096580096
1321588964835418112
1321588866764210180
1321588331856171017
1321588224763068416
1321448059323195393
1321447537316909056
1321447429758210050
1321447096990486529
1321446785169166337
1321443949714771968
1321443867997122566
1321443413565329410
1321435292902002689
1321427851892150279
1321426246832738309
1321425900920020997
1321425835073671168
1321421788723638272
1321419502614204420
1321419233469878272
1321419193598779392
1321418949662281737
1321418836109910017
1321418775456059395
1321418700487086081
1321417382469029888
1321417295915372544
1321411336664948737
1321399469603201024
1321399045408149505
1321398665492205569
1321398249094324225
1321397364733530119
1321397331414142976
1321397301798182912
1321394925586599936
1321394399172009984
1321394376057245701
1321394345719848963
1321394302036172800
1321394133848698881
1321393730780319746
1321393590505975808
1321393325472161792
1321392539379916800
1321392380520574976
1321391210326446081
1321390779856785408
1321390711766503424
1321390550747090948
1321390220550524928
1321390042753937408
1321389890601406465
1321389818237100032
1321389770556268544
1321389635814174720
1321350319465504770
1321350274871660544
1321338042561560577
1321334393521295361
1321333374431203328
1321332969085296642
1321332239620341760
1321331230902751234
1321331166780248064
1321330935728668672
1321330822197268480
1321330778127634433
1321330722645442562
1321330434861662211
1321328237520314368
1321328136496304128
1321327916802842625
1321327087714795521
1321327021541232640
1321325745415880704
1321325567640326144
1321324894165094401
1321321009639804929
1321320948499423234
1321320126185177088
1321319600966029313
1321319224539795456
1321319110224056320
1321318940652511234
1321318359795982336
1321317984007344128
1321314852066021379
1321313556525125633
1321312835805319168
1321312455365136385
1321312395302756352
1321312360217399296
1321311667129618437
1321310548819124224
1321309950380003329
1321309041923182594
1321308767506542593
1321299087287820292
1321299019772137472
1321297558170460166
1321297067898245120
1321296672564105217
1321295890703880193
1321294335384670208
1321070232144879616
1321069550671114240
1321067952028995586
1321066871525920770
1321065702879580160
1321062181409067010
1321060397508628480
1321059881114308608
1321059799031832577
1321057401903206400
1321057291592978440
1321056160686972930
1321055645588664320
1321055551900536832
1321055526474711043
1321054403688878081
1321053952205574146
1321053255007379458
1321052555078717442
1321051470402330625
1321049596055998465
1321049268266979328
1321048914875863042
1321047506038509568
1321046814238400513
1321044393240002566
1321044306094862336
1321043294642708482
1321043232457895936
1320990714650632192
1320990626557661184
1320990412450992128
1320990389361385473
1320990324903284736
1320990109353857025
1320989658327777280
1320989621472403456
1320989559954571264
1320986740224610304
1320986570128871425
1320986083040153601
1320983637538578432
1320982057451925504
1320981681780760576
1320980537071280128
1320958343536693248
1320957343052500992
1320957304234221569
1320955992583057408
1320955808973279233
1320955543138279425
1320952413721927681
1320952348261363714
1320952010552844288
1320951507970379776
1320951335836110848
1320949284527837184
1320948900870672384
1320948877713952769
1320928509989023745
1320927630963650560
1320926707336044544
1320926437369675784
1320926273707905025
1320926050382159872
1320923935433723906
1320923875732033536
1320923820610510848
1320923707142012929
1320922530971078656
1320922278624899072
1320921492545298435
1320921319882526720
1320921159853051904
1320920144865075200
1320920066427412480
1320919020883841024
1320917145979621376
1320916204182294529
1320915922148872192
1320915714463682563
1320908380282753025
1320907481548283911
1320906103111208964
1320901325362704386
1320898922370473986
1320896616023379968
1320895941877125122
1320895080098615297
1320894983982010369
1320894919326785538
1320893809887248389
1320893562356191235
1320893487588540418
1320893376359747584
1320892905008123904
1320892607728406529
1320892449309532161
1320891560645545984
1320891123615830023
1320889778380906496
1320879872420548608
1320877757841215489
1320877446330261504
1320877341464285184
1320852985321316352
1320707778068025344
1320706177521590272
1320702710623150081
1320702377155006467
1320698939708985344
1320698839980978177
1320697706365526016
1320697556385599488
1320697390068834305
1320697027160920064
1320689562327404544
1320688251015974912
1320683343105740803
1320677123372257282
1320675476202016768
1320675067844567040
1320674266141085696
1320662464560828416
1320658294638284800
1320650190257344512
1320647876914143233
1320645011499851786
1320639956117786625
1320638716390625282
1320637780289085442
1320635969108922369
1320635765110484992
1320635649096036352
1320635355327025158
1320633831922241538
1320618960618983427
1320615175817494528
1320613654757285894
1320612539210805248
1320605617720074240
1320604749629169664
1320603769843965956
1320603203671674880
1320603138357940225
1320598628201803777
1320591420873416704
1320591362069319680
1320588096036081665
1320587860228145152
1320584383858958336
1320583949714968576
1320583605308055557
1320582545692643328
1320581958926290950
1320581912071647233
1320581601995202563
1320581496776830976
1320581091321880576
1320580242424123393
1320579133672443904
1320577685400309760
1320575826505670657
1320571564455317504
1320570473084866560
1320569994271404033
1320569649365397505
1320569598727565315
1320569500429885440
1320568741172838403
1320568325747937282
1320567823366791174
1320562376102584320
1320561582703845376
1320560402925801473
1320560238802644993
1320559623653498880
1320559003945095171
1320558974039633923
1320558606643843072
1320558563811610624
1320558300279263233
1320557970141417475
1320557674526871555
1320555214697570305
1320553940119900160
1320553808599109638
1320553183068999683
1320552747956117504
1320552713978105857
1320551045240676353
1320550815392796672
1320550445899722752
1320548576582356994
1320548287250944001
1320548030936948736
1320547203803435008
1320546974169518081
1320546815725457409
1320545980798914562
1320545914797379586
1320545602107822081
1320545212268204032
1320544997557633026
1320486877787541508
1320486651571904512
1320485226821406725
1320485055228190721
1320484449553887233
1320484428091711494
1320484381308407810
1320484317072687105
1320483676271108097
1320483459857612801
1320483356115668998
1320482798969434113
1320482722230521856
1320482358156546056
1320482241114505217
1320482142196015106
1320482028236771330
1320481930098413568
1320481809352851458
1320481719615660032
1320481634991431680
1320481525381713921
1320477333824954368
1320476412084654081
1320476315439550470
1320476224959979526
1320476197176942598
1320476118571458565
1320476096085823488
1320476052632817665
1320475799984721921
1320474603920175106
1320474261719535618
1320474199199305729
1320473847792062464
1320339160587272192
1320337922088992769
1320337852354482177
1320323313617469441
1320320631733452801
1320315199786766339
1320312719917056000
1320312696768729088
1320311391987924992
1320306065666379776
1320305700527132673
1320299886311604224
1320299172030013441
1320298969336086535
1320298617698222080
1320298077811580928
1320297966087868418
1320297920575438849
1320296159664087043
1320293913169715200
1320292487706050562
1320292449584140289
1320291676431286279
1320290559982960640
1320290158860767233
1320281217707741184
1320280581910024192
1320259008524058625
1320258092546904064
1320240898643472384
1320221933066137600
1320204064081182721
1320202698352939009
1320202644217057280
1320202187239264256
1320202056171425793
1320201911782547461
1320201522383290369
1320201292757798912
1320201025618350080
1320200892889616384
1320200767756734466
1320200228075687938
1320199903109414912
1320199731193257984
1320181406446870529
1320181272258498560
1320181245960179712
1320179437917380610
1320125663605501952
1319982772073750528
1319981908932120577
1319980448693555200
1319972092041973767
1319971567330275328
1319968666608349185
1319966883060305920
1319960610843615232
1319960000954044416
1319958629034938369
1319932225434099712
1319931994667712512
1319931741826502661
1319931641935126528
1319930895609040896
1319924224321081344
1319923978492956674
1319922814854549504
1319922759569412096
1319920996263088128
1319900442516742146
1319893851465801728
1319892864596312064
1319892458428391424
1319892328862056448
1319886386745516032
1319880098900738048
1319878651882721281
1319878588917813251
1319877627461644288
1319876871752921089
1319874403455406081
1319874345938857984
1319870018914521088
1319869535285964801
1319869392625295360
1319869261024722944
1319869141700980736
1319862244105138181
1319859565282926592
1319857626302304257
1319857507427356672
1319854627773440001
1319851616468717568
1319851157704134657
1319851139194589184
1319845958260240384
1319830617350131717
1319830361413648396
1319826385138012164
1319826255580114950
1319822900317347841
1319822516387536896
1319822345314439169
1319821425423863809
1319821283434110977
1319820859972923392
1319819288023343105
1319779669923778560
1319778492247146497
1319778190919913472
1319777580862607360
1319776496291090433
1319774566122651649
1319774191302905857
1319772965815320576
1319771628042113025
1319771511331430410
1319771352543481856
1319771293361885186
1319771192291721216
1319770165660295168
1319770051021557760
1319768223559176193
1319767949704679425
1319767760218607616
1319767046146707457
1319766803032252421
1319766237023490048
1319765122630508546
1319765081824047104
1319764804861657090
1319762930867601410
1319762634493878273
1319762576620781571
1319593980879929345
1319593868053139456
1319590177883508736
1319581472462934022
1319581258893172738
1319581216656547841
1319580975534395393
1319580933385760769
1319580774371364864
1319580638811459589
1319580608956452865
1319580557106466821
1319580497576665088
1319580418337886209
1319580347814842369
1319580251308105729
1319580212468776960
1319580131518722048
1319579986144133120
1319579782145822720
1319579450552537089
1319540358674612224
1319515367207743488
1319515316796477445
1319515276552142848
1319510877725511681
1319510206183841793
1319509679484080128
1319509095507001344
1319505593992908800
1319505551567523841
1319504820768821252
1319502112708067328
1319489254406455297
1319489065310408705
1319489004258119682
1319488945869250562
1319488055510732800
1319487284287361024
1319486759202361365
1319485792046272513
1319484185480974339
1319482536305807361
1319482384484569088
1319482009622880257
1319481645137862661
1319481206854111232
1319480010546302978
1319479213972389889
1319454997281710081
1319454563859156995
1319454347361566721
1319435337492516866
1319434745722380289
1319433408792113152
1319431787903332354
1319430950778961926
1319430811611967488
1319430753780944899
1319430317573394433
1319399414511841280
1319397615298117634
1319397514823503872
1319397389913018372
1319397269171482625
1319397144302915587
1319396091515817992
1319396045659529223
1319387778015240193
1319387300145598464
1319386712469024770
1319386657074892802
1319386384348700674
1319386339519959042
1319386259400368129
1319386177619853318
1319385958823923721
1319385852322131973
1319385745233219584
1319385347436982277
1319385016237985793
1319384949749915657
1319252299986993155
1319243410960748544
1319242543582859266
1319241807973224448
1319241761345196032
1319241277817356295
1319240354462371840
1319239830224633856
1319239779221934081
1319239663916371970
1319215850524712960
1319215793293447168
1319213310357786625
1319212642540638208
1319209781224263680
1319209688706240513
1319209660042350594
1319207607953989633
1319194809966469121
1319194311817371649
1319194169194237953
1319194121723142145
1319194075015368704
1319193884799500288
1319193778922598400
1319193490849411073
1319193430623506437
1319193356556242944
1319193019074121728
1319192499634798592
1319189771667886080
1319189524321325056
1319189222134263808
1319175448367144963
1319174787390951427
1319163179079970819
1319158006408450049
1319154559520997376
1319153588116049922
1319153217343807494
1319143182198820866
1319142947951153157
1319142622036938754
1319135877830946818
1319121956785061888
1319121766019665920
1319121535718854657
1319121424380997633
1319121210328928256
1319120968686718981
1319120893105274883
1319120837451108354
1319120766437380098
1319120643598766080
1319119155417747456
1319119075696664577
1319119009229537281
1319118567971954688
1319118314103328768
1319118238630948864
1319116685987745792
1319113386093912064
1319113212764295168
1319112914402508800
1319112048035377152
1319111975981506562
1319111857957949442
1319111796201017344
1319110844517593088
1319110311279005696
1319088270777716741
1319086139773419520
1319086053979017216
1319085923372572678
1319068549088935943
1319063656622153731
1319060723406983169
1319060200477909005
1319058767854641152
1319058341772075008
1319058064947937280
1319058005137199109
1319057855408984064
1319057622859943937
1319048977334095874
1319048764741529600
1318864427077304320
1318863362869108739
1318862899759165442
1318858100204601344
1318850917760892928
1318848619076755456
1318837413888872448
1318836375031058435
1318836253698281472
1318836220722630659
1318835559998128129
1318835145697353728
1318831403166027781
1318830682316197888
1318828585390608385
1318828433653305349
1318825273304010752
1318825246137503746
1318800776454602754
1318787384394342400
1318787047407128576
1318785039220367360
1318784270719221760
1318784256525598723
1318783962307829761
1318782748581072899
1318782514668908545
1318782202965090304
1318781239436955650
1318781135774765066
1318780952353669124
1318780068492173312
1318778977171931136
1318778799044153350
1318776092174487552
1318762245820743680
1318762047824384001
1318761749634494465
1318739783301144577
1318739020055281664
1318733837887823878
1318733818493362177
1318732945935470592
1318731350740959233
1318731143940890625
1318729734373613569
1318727922509877250
1318727258920620038
1318725885101547521
1318725550945558528
1318725482729394176
1318725456129150982
1318725041505304586
1318724557642018817
1318724081672507393
1318710868754956290
1318709156157837314
1318709019767410690
1318708991472619520
1318708898161897472
1318708583454867456
1318701214465511424
1318700989667528707
1318678506860064769
1318678466556997632
1318678174272835584
1318675796798656512
1318675758307565568
1318675584592105474
1318675489972752389
1318675300142714880
1318675268102402048
1318674240690946049
1318663515641696257
1318660509873414144
1318660478323884032
1318659458554363905
1318658614798786561
1318658484414615552
1318657868732706818
1318657422131662848
1318555568173363203
1318555133526016004
1318554719586013185
1318554161550688263
1318553255866257408
1318553120692162561
1318552864478953472
1318552667577344002
1318552616058691587
1318552585515782152
1318552409090756615
1318552137085976578
1318552061668216832
1318550983815909379
1318548827599753223
1318548749480845312
1318548716094169101
1318546630602313730
1318546604245327876
1318545620567838721
1318545164902797316
1318545050134085635
1318544911323570180
1318529835908648960
1318529797291675648
1318529759622692864
1318529480177160192
1318529281417388033
1318520057614434307
1318517555976392704
1318510724310761473
1318510578747514880
1318507604923060224
1318496242750705665
1318492421588684800
1318490834614931458
1318478376869482497
1318470480148504576
1318467929139281921
1318467471163142145
1318467356465778689
1318464007473369088
1318451122827386881
1318450018639106050
1318449962146013185
1318445344997466113
1318442368052482048
1318441841344368640
1318440542267637760
1318428170895433728
1318427833891508226
1318424748922122241
1318423345809981443
1318421605647777793
1318421360364916737
1318421335845068800
1318420435965480960
1318418982161031168
1318418959474057216
1318418875080376321
1318416573317763074
1318416292366385153
1318415467967664128
1318386737337479169
1318386609524477954
1318386364996636672
1318386051396894720
1318385917795717121
1318385850552561664
1318385769497661440
1318385433743589378
1318384741989625857
1318383773386481664
1318382812987379713
1318382221112320001
1318334237322465281
1318333853866598400
1318333800175276040
1318333599909859328
1318332452105031682
1318332330705113088
1318332315886641152
1318331955004440583
1318330858869346304
1318330711800164352
1318330129916043269
1318328633094819840
1318326846136659969
1318325991614435330
1318325817328472064
1318325415128215552
1318325146248163329
1318325077541347329
1318324902001246208
1318309791824007168
1318309570134089729
1318309506955284481
1318309209470009345
1318307841430720513
1318306854901108736
1318306820558147586
1318305682412785666
1318305635038072832
1318305513000624128
1318304799780110336
1318304665797316608
1318304343607607297
1318304302809698304
1318303901230239744
1318303515111022595
1318303471834140679
