1239375112538914817
1202969459247464448
1196031537835327488
1196030195037278208
1191892931608752128
1189551933780086784
1189546959239024641
1188076041593643008
1187728975012990976
1186643929036476422
1186642376540000257
1186453394631921665
1186408658638381056
1186261605518118912
1186260844629364737
1185926022505652226
1185912297090367491
1185911499098873856
1185910879113678853
1185909864293453824
1185696217994616833
1185024336844992512
1184818241245454339
1184814014888660993
1183761365615427585
1183753444710064129
1183109228548055041
1182655632383643648
1182282749853540354
1182279710740504576
1181378155753480193
1179561969113808897
1179559550556528640
1179555247183863808
1177690313068027904
1177683166796156928
1177241479401680898
1175938489638109185
1175934813745950721
1175828164460843008
1175526511568412673
1175524158685401088
1175522773210402817
1175217730716360706
1175047777866440704
1175043573085065216
1103408754068926464
1103399797229142016
1098992358530654208
1097504717805158400
972951237288185859
972949312442392576
972632349107216390
972623156086296576
972592708878589953
715939025643765760
710881004660121600
710879535873581057
707600855722123266
706246340511178753
705742201595240448
705163457772052481
705163064518295553
705160465421361152
705039448887713794
704284124496977920
704283766517268480
704282216000528384
704280905033125889
704095433795178497
704094906227286016
700858123507073025
699964475793924097
699359505444896768
697980961494056961
697980670077964288
697979605030928384
697928609420468224
697926219019452416
697907879962157056
697907424683028480
697812408912498688
694230602476830721
694230277305061377
693462105882755072
692704526084763648
692111943625216004
692111804298870784
691656534774956033
691654648042799105
691652869334921216
691648991998676992
691642628107079681
691637258731044865
691637159267270656
690994991825559552
690560507187740672
690558652764258304
689833595381403648
689827423962140673
689827020910497796
688860925382799360
688858839647653889
688420353803194368
688153457967013889
687645335821377536
686715998746099712
682277672773398529
682277575327150081
681937439347310592
681936401722687488
681856859259580417
681847265649147904
681683898233942016
680052434903904256
680051742982193152
680049774293286913
680047085580881925
680046302269452288
680045475714711553
680045144863838209
680044872003358720
680043459609235456
680043401077755904
679336840525176832
677168994403655684
677165925917962240
676490677803421696
676476390292766720
676457354972569600
676105842924613633
676101335884955649
676100712389091328
676074548630970368
676072566658867201
676071652988428288
676066508980756480
674344426781589504
674313541994864641
674305636008599552
674305025162784769
674303985852002304
674302279781130240
673978841967280132
673978550010159105
673134111305957376
673133123023015936
672819672425865216
672818713062678528
672817430566182913
672817369270657024
672817201225842688
672204945446346752
671897669615411201
666651414236635136
666649826948435968
666649386722660352
666648911919112192
666344431956684801
666343025250037761
666342956245323776
665919176658321408
665916990142480384
665915397221261312
665911800710459397
665675522723180544
665629081191514116
665565263895650306
665563962432487424
658813038905180161
657715805505896448
657714259305046016
657714204368084992
656849188211154944
656465038081945600
656295878743990272
655514259326156800
655483012721811456
655482566171062272
653755508847939584
653572674275381248
653570703837503488
652886104203464704
652885434792546304
652884128736641024
652670098176610304
652669795482124288
652669192710291456
652600579362017280
652582794040881153
652581191485419520
652567136888561664
651219072793776128
651218196045762560
651043392516919296
651042986105700352
649569258071044097
639610044812763136
639583055884230656
639582547945631744
639582279317225473
636893121641611264
636892855420723200
636892494777720832
636888068738449412
635844606026878977
635225786312691712
634021798770835456
633449475197939713
633446656038404100
633356110204915712
604104873404207104
604104237535117312
604103966578843650
604103915039244288
602980724887662592
602958320907988992
602957255294722048
602955327642931200
602954962474242049
598151581377277952
595936731775541250
595933775621660672
595932526608314368
595708918829064195
595705967779667970
595024259673632768
594662895725731841
593593500089917440
591619902865330176
591617111371448320
591617005125513217
591616317146398722
591615404105138176
591614694579957762
591410732413153282
590511386939260928
590510625039736833
590510116815773700
590509586244886528
590508586603827201
590203342229495808
589949626276573184
589651017513496576
589650705725657088
589429481275785216
589427022658719746
589425849033740288
589424655133450240
589424005091852288
589127594051796992
589080256872591360
589074130215010304
589072617358757889
589066623467782144
588736902515142656
588003170317664256
587993844509253632
587989737203507200
587799504004390912
587797824475156482
587796338412281857
587796157998456832
587795708859850752
587773296210485249
587771280327335937
587642878878441472
587641779035443201
587640978980343808
587640269073424384
587401972216659968
587345444734308352
587275357587427328
586933475548114944
586739298139033600
586560894823456768
586558999144886273
586558854487531520
586250947686432771
586189466349531136
586185853468286979
586184927647027201
586183861366874114
585554496681541632
585464559739211776
585464245405495297
585260281602908160
585259399264018432
585133815938609152
585133540351815681
585093501551009792
585093100697214976
585089636751511554
585087697938685952
585072708083408896
585072366843211777
584828352336388097
584680994889949184
584456013421617152
584447830883962880
584443822861643776
584442742878658560
584441905121009664
584408255553613825
584370076955975680
584183042064941057
583759438525419520
583759175592869889
583755236755517440
583662850742296576
583661708922748929
583661455578378240
583374009821216768
583373099464331264
583372775085228032
583270863014772737
582596793311072257
582595916852543488
582338487824834561
581993631940276224
581881914673504256
581877385987039232
581517032560136192
581495847986298880
581494324891947008
581493310327529472
581263190975201280
581261563094556673
581251300840628224
580555773106884608
580552645255004160
580528286364745729
580081050086297600
579995501803749376
578694785638219776
578587400521281536
578248036591263744
578246751938826240
578246554538123265
578245155037274112
577587199945900032
577297154114478081
577288096796004352
575666523521441792
575483047371350017
575430474128101376
574929263759130624
574928003748270082
574597256893980672
574596026213928961
574568684854751233
573894768406708224
573637117022179328
573544411973480448
573543585989160961
573526439477248000
573524642578755586
573523957573361664
573523181409079297
573522675173302273
573520496320450560
573519894731427840
573518283464445952
572068489608880128
571341984645971968
571339810104856576
571333150971789313
570211285926842368
567676934185033728
567676339571154944
544228309635432448
542510467285913600
530444087179354112
529706399430094848
516742050918981632
481127535044882433
474369627028721665
474189034005069824
473927440906346496
473927183363104768
473926977145937920
473857026905616384
471284235152949248
471278152082137088
471277327666515969
456905340794458112
456900499141177344
456893832693440513
456893378387398656
456893101282312192
427481029788844032
426418163685654528
426364152550916097
266593194005893122
263284762163163138
263282436492890112
263279955339788288
263082027895635968
261126300067041280
242982148536156160
165835033242910720
139519516123217921
139515167162634240
139385858506756096
139383584317378561
137350839303020544
137297225259827200
137006122895818754
137005767902502912
11644051286
11259863867
10882464160
10850586233
10840609530
10633658001
10395492013
10383025857
10052775235
9742344131
9731832492
9692908032
9655557572
9640098959
9596398992
9433105377
9364102674
9353768506
9209484450
9148936397
9103062871
8856609375
8856264247
8745725913
8420984875
8393911663
8326863228
8236532291
8165237385
8048433710
8033626776
7809928415
7631754427
7539655997
7502364336
7497531193
7099273662
6929964595
6929834025
6797833191
6710381412
6708100142
6702005239
6604730427
6601436917
6574499817
6541949764
6520309608
6518590834
6439843922
6435798203
6378146419
6377847634
6358702116
6155269268
6129290301
6098339453
6013438196
5926113344
5924856695
5898516613
5898491681
5877935345
5860542439
5813850851
5786015533
5739848591
5725989449
5695968111
5688551398
5625605521
5595973266
5592512678
5480502723
5451338440
5438296214
5427385553
5248932896
5245471706
5175312455
5134757583
5128275424
5125367498
5045667441
4998523083
4944658361
4931222019
4918441622
4894152397
4862467108
4853468716
4834344018
4810752680
4808310488
4798176729
4785630114
4736347407
4717464718
4707875541
4681845131
4509049787
4469259896
4383908348
4374561741
4374501261
4109505566
4042006281
4008479673
3924449202
3868774387
3840380213
3809699057
3769560200
3768263893
3732353815
3691910134
3653540920
3327952243
3306627325
3224747868
3211270799
3197924178
3194146236
3165365960
3070549184
2800781966
2745172369
2714831428
2617932804
2598309731
2571905315
2567055987
2549187196
2532406159
2514516657
2496546845
2472245222
2470357449
2469154279
2464092561
2463384135
2457289076
2456914745
2455985006
2455652398
2454199585
2422194131
2409509242
2409497990
2409256380
2409248677
2409244934
2395062357
2395030210
2363787889
2350942192
2346602122
2330741680
2317952840
2280063455
2270419355
2270371505
2243189078
2224131748
2214884004
2210720880
2208576819
2206560694
2206312999
2193439074
2182662890
2177842088
2138120865
2107756718
2106870366
2106159297
2089147204
2075259597
2064958075
2054716030
2047678181
2032628316
2029325874
1998260739
1946455231
1926677478
1888567788
1872316442
1829817662
1819098610
1751368911
1731335094
1731208142
1708293619
1705750986
1702099215
1697558358
1695418504
1695383160
1695234947
1682645459
1678230424
1675286686
1675077731
1674950146
1671639313
1662958224
1662917897
1653200398
1650068647
1639855861
1623780406
1620182479
1612112576
1603581154
1596785372
1590284751
1589519411
1585953435
1554657592
1550514908
1543008553
1490412185
1490215022
1485551932
1483517128
1483499100
1448974328
1445287917
1204762574
1194031708
1188759889
1187803361
1187274505
1186791037
1186785172
1168057858
1161693163
1155487413
1119101985
1107634784
923293621
