1330244116224028678
1330231220320526337
1330231120735199232
1330219215916314624
1330214148752502787
1330206538586353664
1330201650108182530
1330201624543899649
1330201011928096772
1330072030197198849
1330067707937624065
1330063413490429953
1330048223361323010
1329798396064960513
1329774289516687360
1329492952658415617
1329492044394401793
1329446731151499269
1329335091185717249
1329335007995965440
1329334178219954176
1329329687915614208
1328760096386584577
1328699133067223047
1328639258773610497
1328637974821670913
1328637747674886145
1328637411442774025
1328495450920546310
1328439282164506624
1328355531594084355
1328352646839885825
1328331393156444161
1328326169570242562
1328322042077310984
1328316054158921729
1328305393072738304
1328089244032782336
1328088249454260224
1328031956043517954
1328031681232691202
1328030719281606657
1327976713318526976
1327970377151225863
1327716703179071496
1327583788663250944
1327580826352095234
1327577557747847168
1327568217741676544
1327564961086894081
1327364768974376961
1327267614213726214
1327217433787195393
1327217403948896257
1327211027583414272
1327208354469597185
1327180637640351744
1327180470732337159
1327180293409824768
1327179510991761409
1327027440351404032
1327019699184529408
1326952211289694210
1326901432667213825
1326895182734897153
1326627887307517952
1326626298664546304
1326574373751451648
1326427223159681024
1326257217331466244
1326256230868934656
1326171737415966720
1326101420920233985
1326098791959842816
1326047321893859329
1325934094895771650
1325893020034752512
1325891599881089025
1325890657030975488
1325889270587011074
1325888986892656641
1325884865515057161
1325880424359489537
1325815163400884225
1325785314263240704
1325782078953304067
1325759946697355265
1325751035701448704
1325687555380162561
1325568541823815681
1325568219210510338
1325553361970733058
1325553208593444865
1325552681193263105
1325550819094253570
1325549840202395648
1325549441135292418
1325547879654690817
1325547688708943872
1325547653363625985
1325541280370339841
1325533345783181312
1325533117675876352
1325532612438396930
1325531654371373056
1325531098676387843
1325518083478474754
1325515793291948040
1325500019823300608
1325492283261771776
1325486606531366912
1325484657513795590
1325483028517412864
1325449115594072066
1325423301175504902
1325416547968540678
1325236254074675200
1325170385919209472
1325151022692569089
1325150962999242753
1325149319729569792
1325149124975452164
1325147361312722945
1325147121868140545
1325145726200918018
1325138636828893188
1324894844389650432
1324891383254167552
1324891049815384065
1324886429856632835
1324879606948786176
1324871255380602882
1324871225336852483
1324871093660905473
1324870830807986178
1324869363535671296
1324861144834695169
1324852740426764294
1324849877906542592
1324840080482193408
1324773250728103936
1324766972593217536
1324763730303963136
1324719912544276482
1324717088418762753
1324713669775794178
1324713513668005888
1324712759385296902
1324712155493617664
1324711664164495360
1324709409864486915
1324706542374051843
1324704675233472512
1324699384395812865
1324697599484506112
1324695370258145281
1324691008668471299
1324688946547347457
1324660227204173825
1324660012682301440
1324658221467000832
1324653265565474818
1324652910869991424
1324652885465047041
1324652464038137856
1324652437681164289
1324652380525338624
1324652328285253634
1324650855455490048
1324595668237930496
1324450047854055429
1324379968697192450
1324061063424389120
1324059849081147392
1324054597367959552
1324013507063500800
1324012388740403202
1324007943063412737
1324007357609873409
1324004489985167364
1323999080830373889
1323998895597359104
1323997449120264194
1323972521281159170
1323966708416237568
1323959573699547138
1323959274708606976
1323958835598471170
1323957666000064514
1323955067112902658
1323954459278483456
1323926837798621185
1323902291733348354
1323892061628747776
1323891781973512193
1323891736981184514
1323888344863002624
1323888247857139717
1323888148418564096
1323886690088439815
1323749656778723331
1323748609930743808
1323747802896355332
1323744724604379136
1323724531492655104
1323696991659008002
1323577994863087616
1323537667968172032
1323530208817913857
1323527702524104704
1323255983204913152
1323250948647587841
1323217349814734849
1323215227467554817
1323187158761590784
1323014182112010240
1323007051887484930
1322976734183084036
1322972030657011713
1322969483024175104
1322962794124292096
1322953574339518464
1322953194784411651
1322935304047779840
1322935183989972992
1322934336094699522
1322934285020631041
1322928712745127937
1322923154277281797
1322854431126335490
1322510885194207232
1322498965544308736
1322456165620613120
1322456098985697281
1322447946789588994
1322446070211895296
1322444749559767040
1322264597525651458
1321921129573949441
1321917916263100416
1321841265147785216
1321841107873996800
1321144562115616768
1321100437186117637
1321058318518018050
1321055906449293312
1321054459070435330
1321046266307104769
1321045609625853952
1321031700718198785
1320709548689293313
1320700291021447168
1320696854728892416
1320694828016017414
1320693406637740032
1320409916797050883
1320376906848546816
1320374992635191296
1320343543215493123
1320313016953569280
1320076521038635008
1319670571173634048
1319656179870666756
1319655749916725248
1319611651327479808
1319588745054650369
1319370471503257607
1319369565856477189
1319369421236875264
1319364681329508353
1319363290015928327
1319362460529426432
1319361428223033347
1319360896574042118
1319360418817757190
1319359093472186374
1319358170813370374
1319350860477059072
1319349631365664772
1319348486324748290
1319347075964981249
1319345913295405063
1319345456426766339
1319344917152436244
1319343268107329538
1319341498450706434
1319339175984926721
1319337560615849986
1319330057953955843
1319327473604186112
1319326193188036610
1319321594918019072
1319314754196951042
1319314493965520899
1319308665443274756
1319303812423782400
1319234332557541376
1319234044614348801
1319221739549839364
1319220740474998785
1319217021997977603
1319195908588900355
1319034762921709569
1318938870046728196
1318883593557598208
1318882817489723395
1318879532871487488
1318519504817836032
1318344991941545986
1318293233294770177
1318285578132164610
1318284722758443015
1318283879388676098
1318283681887387648
1318190561648644097
1318186431165173760
1318181549809029121
1318180098084921346
1318164885650419712
1318081781296435200
1317930633310687232
1317907484816932865
1317902474024538113
1317902441476706311
1317890415908081666
1317890075267653634
1317890044812759042
1317881236069732352
1317842670224625665
1317827422293794817
1317825389406916612
1317802998849032192
1317756236570517505
1317534115575570432
1317515658234560512
1317462783928291328
1317449875844435969
1317448197653123072
1317238447745224715
1317167741162426369
1317156450947506180
1317085856050667526
1317085435840122880
1317041238793650176
1317002524767944704
1316816328045604867
1316816200110833664
1316814041457790983
1316805706629160961
1316805631324696577
1316805390236086272
1316805070059601920
1316799845668093956
1316798843074293760
1316796146648379392
1316795805928480770
1316795728631681028
1316788794411155458
1316785174328291328
1316779033863106560
1316773910403338240
1316763812092092417
1316705513577553922
1316472945540239360
1316460522766823425
1316454665962348545
1316394419390763011
1316309606424104960
1315936434902183936
1315936045498851335
1315903060934299648
1315743992114483202
1315723859547623425
1315626962853990401
1315596288025600000
1315536278809653248
1315393820847153155
1315326635047088131
1315305697320546304
1315303687657488385
1315300569620320259
1315249808362426368
1315028735079395332
1315000277272014849
1314993308767318016
1314946761073590273
1314931559057756161
1314859845451952128
1314850573326462976
1314802977807519744
1314659225746972672
1314659151486820352
1314655967750098944
1314655851106439170
1314650953367408642
1314650870982881280
1314646140399300610
1314588535412924416
1314492085035302912
1314477578107969536
1314474428621824000
1314322553591205889
1314311551319445504
1314267016379936777
1314118461229084674
1313857174045630466
1313830249247973377
1313826291574075392
1313826199697842176
1313814480510476288
1313812088826089473
1313805660396625920
1313793541462687745
1313793387334635521
1313790602493005826
1313786954652233729
1313597526524727296
1313550265379966976
1313542315768774657
1313360310611464193
1313357802996477952
1313246427951366149
1313245031512371200
1313243939042975748
1313243220302876673
1313241722126848001
1313240955827486721
1313238420085452802
1313218036934021120
1313183670958686213
1313136264988762113
1313035982619529218
1313035824674598912
1313032774278950912
1313032680649392128
1313030554644811777
1313030097792892935
1313022429787312129
1313020545986949120
1313014475147161601
1312880187156111361
1312493133247074305
1312468391270084608
1312394475537420288
1312355515960307712
1312353365930774535
1312129509462695936
1312125521451315200
1312125237241114624
1312124245430861824
1312086682171305986
1312085494998671361
1312084897771794432
1312078601223798791
1312076695080439809
1312062492399546368
1312052041590726657
1312018214424113155
1311884538482745351
1311884517137960961
1311882998984388608
1311780111558086663
1311778793770622993
1311776762771255298
1311774938311921665
1311761632696164353
1311760042069299200
1311759553151881216
1311759290739421189
1311758608066060290
1311750126583586817
1311749197008441350
1311748308260597761
1311712764222726161
1311658467996958721
1311570735140347911
1311371029965668357
1311309661136715777
1311307689125912580
1311240822277505027
1311233717315268608
1311232783151439872
1311225542650331136
1311221104833441792
1311216580894785537
1311216385650024448
1311172461325680640
1311078378129313793
1311072702988509186
1311071368054738944
1311051339930177537
1311046058647093248
1311044222053687299
1311043422652948483
1311043206717550593
1311043037104046084
1311042365990350849
1311033860600344576
1311013784719417344
1310959760527720448
1310959147547070464
1310954609914060805
1310954412588830721
1310953835188363266
1310949177208209411
1310948821904568327
1310942914076385289
1310941580602281985
1310940950273888256
1310918885231730691
1310836672393875458
1310683963900428288
1310682947020828672
1310644560230518785
1310640648522010624
1310639612310761472
1310639022532943876
1310638916459016193
1310636201485971457
1310635976860016640
1310634328137887746
1310617891180552195
1310609946606809090
1310594300879740929
1310592908458893313
1310592704070508544
1310537843232714752
1310537246358016001
1310527129004781570
1310515471993712640
1310513594250002435
1310513415836794881
1310494686763720704
1310490884262318080
1309568982135996416
1309515839117365249
1309514271978590211
1309513594896289792
1309511118172422146
1309437175973511169
1309281263233232897
1309280558363672583
1309272686565232648
1309201426489499657
1309194788311388164
1309194572229156867
1309194274995679232
1309191232669839368
1309129466342502401
1309125238001733632
1309120148540977156
1309114713591160832
1309109781060292608
1309101322013114372
1309087540855660545
1309086189270511616
1309084052117479427
1309082954757541888
1309078716459495432
1309078386485145601
1309056449486741505
1309056391693447168
1309031005106339841
1308901986692104194
1308901098800001027
1308891923474776065
1308887955847737346
1308874895816830984
1308873972856090624
1308871861611134982
1308868693267558400
1308868317487263756
1308867689524408320
1308862357058224134
1308860685657477124
1308859731868626945
1308859218557120518
1308855128255062016
1308854992883900419
1308848878373031936
1308847893994971146
1308845005210087425
1308839620780720128
1308828436253880321
1308825795905888256
1308825241293139971
1308825107998167041
1308822741559267329
1308813907826552832
1308741364469952514
1308722219988721666
1308710556673732609
1308697181180833793
1308537269058285568
1308533392179376131
1308513468946042880
1308507184553226240
1308504978877800448
1308504657493479427
1308475875281829890
1308419689845010432
1308417156334444547
1308413050496716801
1308412834917818369
1308410985858859008
1308330337672495106
1308329231827505152
1308313267098578944
1308301474997231616
1308207303640915968
1308195512277966849
1308194411520692227
1308194379732062208
1308118391224496128
1308099337692553216
1308097217761247232
1308095845687070720
1308057845599006720
1308057527968567296
1308037844087312387
1308036488345587712
1308030663174615046
1308027694974750726
1308023908931637249
1308023649719513093
1308023236857397249
1308010920308862976
1308002868037849088
1307994551655817222
1307994197694328832
1307990528454262787
1307988495781310465
1307969119988387843
1307968662775779328
1307954647332794369
1307952116456214529
1307806962361524229
1307729494749392903
1307729068868210691
1307728140400242688
1307722697149943809
1307722352755699716
1307722184572497921
1307720960997498881
1307707395020394496
1307677620763537409
1307478902781161477
1307478424714383361
1307446325559132160
1307443413084778496
1307442184204029954
1307423674602057731
1307406808701689857
1307406515305943040
1307403212379631620
1307401906092937220
1307393337247268865
1307386682401083393
1307380516891627522
1307379229651283968
1307378341121609730
1307374190073446403
1307366545480392704
1307366053413036032
1307365416314994688
1307364964701810691
1307364773969891330
1307363588739346432
1307359692105101313
1307359113794539523
1307358998253973504
1307358831870119939
1307353840795242497
1307308430089236480
1307307846799896576
1307305922956537856
1307304537162686464
1307303528646488067
1307291629070495747
1307274873086054403
1307085414126292993
1307067483627679745
1307060885895208961
1307039102202675209
1307038970946215937
1307038896392474626
1307038887672533000
1307037164769882112
1307036683955826689
1306975976887287810
1306967115098980353
1306967012153995266
1306716784289087488
1306675632114462724
1306634206982942720
1306627725923409920
1306627491772104707
1306626908399038465
1306621964467961858
1306609036641607682
1306608657002631169
1306543724462329862
1306533271065571328
1306533070900690945
1306306046542086144
1306302845692661765
1306302678952280076
1306249700308324354
1306231256993214471
1306178009288912896
1306157165728731136
1306114484751261699
1306011881572831234
1305889545897074689
1305889018907942912
1305888770487652353
1305888488936673281
1305886430040862720
1305879137748496392
1305827384747323392
1305823126173949952
1305818375847923712
1305503894429208576
1305495532656373761
1305494444528078848
1305224510287867904
1305135123390754816
1304923033501659137
1303796098608267265
1303780795765620744
1303779756907933698
1303775018262949890
1303759241686265857
1303756866560892928
1303752153882910720
1303739841864179713
1303737773090844680
1303727060624474112
1303726548856561664
1303714429444423681
1303712845625012225
1303711328423620609
1303706840304422912
1303702700119535616
1303695744185098240
1303690387102601216
1303685691851845632
1303662406938357760
1303653043179859969
1303634744199000065
1303633414302642177
1303631979854823424
1303610567450648576
1303398304995311616
1303398262464970758
1303395147661574144
1303339706428596230
1303337893084233730
1303327391171989504
1303322767014727680
1303315942424956929
1303311105121497088
1303302630022746116
1303295316297428999
1303284987056226304
1303277549267673091
1303274667109740544
1303258807485845504
1303250769756524545
1303222043211714561
1303035592251506692
1303011590548131841
1303010680224780288
1302983227225911298
1302961560026001413
1302939668808376325
1302915538818158597
1302906237785452544
1302882344974659585
1302881360491708416
1302878644759605249
1302870083904167938
1302571253983858688
1302390823150116864
1302388062824038403
1302304078551281664
1302302711841460233
1302279182207119361
1302269945192108033
1302268600322056198
1302268426279440384
1302267540169785344
1302230779070537735
1302207748998864897
1302203510193295361
1302203113332449286
1302203031249969152
1302202792350752769
1302200575543607297
1302177814217662465
1302176265420656641
1301992723180904451
1301991968277491713
1301991670356094977
1301989138665701378
1301989126451888128
1301988866547765249
1301988231945359360
1301986603238293515
1301971500644339712
1301915896445898753
1301909942660718599
1301908615721353219
1301905855395266562
1301905006690537472
1301904691530522625
1301902871454195719
1301902306531840000
1301891803889664006
1301890730441543682
1301887784945438728
1301886204917489666
1301884677305888769
1301879299281223680
1301876533213171715
1301874063892254720
1301842319025602561
1301825160803241987
1301822895967080449
1301788212046827520
1301785076896870400
1301771176964956160
1301636199275266048
1301633318304264193
1301603116597555200
1301534901045526528
1301534821689307141
1301516594632425479
1301516509106319360
1301515046586060800
1301496642101825536
1301490962213081088
1301483724719230977
1301474904467013632
1301436788372836352
1301294093084041221
1301286902662934528
1301286233876893702
1301280538406391808
1301268838315683842
1301246653412892672
1301235957895757824
1301234556033433601
1301201677522014209
1301200869560651783
1301199308054835201
1301199033223073792
1301198404480053252
1301197050189668353
1301196776733577216
1301196160598773767
1301186888800313344
1301186562194124805
1301182732366753793
1301163361699278848
1301162093387841538
1301153855854575618
1301153281675329536
1301152834612867072
1301152595722076162
1301151478606954497
1301134814662340615
1301133588528848898
1301132723403345920
1301129567457939456
1301121101880229888
1301104124017156098
1301103266772799488
1301102782536179714
1301098355293073410
1301077815702564864
1301074858659504134
1300917577468669953
1300916718173409289
1300911191724904449
1300908616317317120
1300880999623131138
1300872118184349700
1300871469862395907
1300868630637355009
1300868444850708481
1300867143047806976
1300866888218615813
1300865793039773697
1300865580535345152
1300864729834029059
1300861562308227072
1300857016609656834
1300852950584229888
1300852654495719424
1300851311274070017
1300850886542086147
1300849844496596994
1300819358084747264
1300816783864197120
1300815977832165384
1300814362182135809
1300813243473178624
1300807272814309376
1300791962128220167
1300784133472489475
1300783584299618304
1300782094734553088
1300777824324812801
1300775773121523717
1300774544735719429
1300773780608909313
1300727519352705024
1300716657183281152
1300706862275481604
1300702066793492480
1300691784524333056
1300689019068702720
1300680195146481666
1300678518582509569
1300554517046587392
1300553958436614152
1300551282458009605
1300551217517604864
1300550589487763459
1300546389290684417
1300546345309212672
1300536649194110976
1300533797172269058
1300513837729419264
1300512620458409984
1300510525407793153
1300507434721652736
1300507388202672129
1300485899952820224
1300484474774466560
1300481576812318720
1300480535815426049
1300472752583905280
1300470703465082883
1300466696256458758
1300459373060403200
1300452313539260416
1300446770753871878
1300416564928409601
1300415490968387585
1300415002361376768
1300413338824962048
1300412331827101696
1300374841149853698
1300374802138624002
1300374564262772736
1300374526019227649
1300370718945955840
1300362543362441216
1300359308056592384
1300358034162692096
1300356715720986625
1300336579605663744
1300324363762388993
1300219515108823040
1300208389889437703
1300190947310022657
1300190933137461248
1300156679867314176
1300154976753332224
1300154168502562816
1300153558243868672
1300151007045922816
1300149693998157825
1300149673550905349
1300138990104907779
1300138920794038272
1300080680043507713
1300080630340947969
1300080333900189696
1300074490307776513
1300073222386462720
1300062771426611201
1300057578538500097
1300057191928528899
1300049771684560898
1300041503587405826
1300039651433025536
1300039600090607619
1300023858272108544
1300023841079656448
1300023815905382401
1300023784288681986
1300023743683715073
1300009699518095360
1300003331369242625
1299870407030452224
1299869014211145730
1299835567266557954
1299832684227817473
1299831920742805504
1299831807815421959
1299829487526449155
1299828287909306368
1299828007473999873
1299827743656472581
1299791518883028997
1299783484823793666
1299782759611871235
1299779859582005249
1299779845921087488
1299779805534191616
1299779178611564545
1299779162690015235
1299779105941073920
1299779037250891777
1299778427814281217
1299778247266365441
1299777297151668225
1299776958641901568
1299775554632257536
1299775376340791297
1299774540655071232
1299774098940325888
1299773890793799681
1299771657721196547
1299770841283137541
1299767972232335361
1299767756204769281
1299767583416123392
1299767374296555522
1299766710204063745
1299766484948918272
1299766368280211456
1299766204576526336
1299766127678062594
1299765756956209157
1299765124270612489
1299764871823753216
1299764431283531777
1299763631765192704
1299760125914353675
1299755332919537664
1299747250067910658
1299747007704240129
1299744964641992707
1299743949435871232
1299743538444468226
1299740949145423872
1299738348131700736
1299736460208287744
1299734592610598917
1299729697450979329
1299717355874988033
1299716513189027844
1299697485104009220
1299695281827713032
1299677501975920641
1299676539223707648
1299675980064268289
1299669620132122626
1299665471264960512
1299665216976945153
1299644356933152768
1299643918011768838
1299438091552333830
1299424290710970374
1299423393125670913
1299417052009115649
1299416342962016257
1299415213612171264
1299405586946293762
1299391863590395906
1299388467839930369
1299387449798529025
1299384752584241153
1299381827132690434
1299378219116908544
1299378122727579648
1299368189030268928
1299364180101922816
1299363689561284610
1299354920110391296
1299321863341060097
1299321765836058625
1299321443428245507
1299320802878390274
1299320310068641792
1299319111395278848
1299318557969444869
1299314687268585473
1299312866500268034
1299312605564153858
1299312288764235777
1299307772656324611
1299307407546429440
1299301959636324353
1299273372065583105
1299256499068432384
1299256036268871683
1299255492812984320
1299230534309117952
1299072413586554883
1299071546078769157
1299060742730153985
1298988045614460929
1298974585661005824
1298973876064526337
1298972985488019456
1298969933641125891
1298968530533134337
1298966116090499072
1298962201026453504
1298951882229067777
1298951321203208192
1298951018265313281
1298941925752557569
1298939148691218432
1298936541901922304
1298935421288751106
1298935036348108800
1298929396544405505
1298917705953796096
1298915130315542528
1298773823995731968
1298749712087109633
1298694373866168323
1298693775238344704
1298692254127751173
1298634648952737796
1298626388342329349
1298621444436492293
1298618010400428034
1298375426411307011
1298374544047116288
1298371576413523969
1298367358009053184
1298364064960327683
1298363825855627264
1298363757664575494
1298363039859834886
1298362753548275714
1298353853499346950
1298353669809766402
1298336129721217025
1298331782488760320
1298317131910713349
1298229931881697282
1298224837396234240
1298219997689516032
1298215504969109506
1298215312219934720
1298210864777039872
1298210138197762050
1298206211960197120
1298188992857493504
1298182197984329728
1298175284647268352
1298158043390185472
1298156617427570688
1298148938596458496
1297991167238451206
1297958632563388417
1297957933125447681
1297940130720821248
1297928522573414400
1297925416699801601
1297924148061241344
1297923622452027392
1297922835541884935
1297920027669168130
1297913802999181324
1297913599764107265
1297909424284205056
1297896186737823747
1297893239069048832
1297882808497602561
1297882421875154951
1297881675620397056
1297861720371863553
1297860628758102016
1297851056215531520
1297617148911718406
1297610898585133056
1297605829227499521
1297535150314737664
1297470012052078592
1297286819575484416
1297268410322231297
1297268340847779840
1297263577116692483
1297263517880508419
1297263080167165954
1297260904942309381
1297247086904254466
1297246181127593990
1297245266018471939
1297199689134202883
1296945357537136642
1296942655621009409
1296911682850234368
1296904514495295489
1296902957884211200
1296856055595634689
1296853299250036738
1296846330711683073
1296830171291553797
1296829870182457344
1296829717862023169
1296825911988424704
1296806587038937088
1296805123637772289
1296796952261275650
1296796755049283584
1296796666318782465
1296796532973371394
1296792780224835588
1296792349729751042
1296791146614722560
1296790636411129856
1296745333205209089
1296731904440520705
1296589557257961481
1296582763919880206
1296582750686806018
1296582166089015297
1296477777072467968
1296441343074607107
1296412515933597696
1296345365478871040
1296331651107168257
1296211420552536071
1296193740344786951
1296193288957984770
1296190238772137984
1296189989085237248
1296189498313846785
1296188989154754565
1296188737811030019
1296187169283936256
1296187097775247363
1296186596853768192
1296186199472779272
1296183402404741121
1296183244531081216
1296181241423761408
1296157203364229122
1296125439610626051
1296124400358612992
1296124129201065984
1296082905106710528
1296078872539275264
1296068129131569152
1296034657260253184
1296021539436089345
1296019389679054849
1296018790799597568
1296017368141967368
1296017022942232577
1296016898346422274
1296014930169266176
1296014379058634754
1295973536553750530
1295827312177446913
1295798310280855552
1295785263189430272
1295782839850545152
1295775124969398281
1295773628961882113
1295772943453216770
1295761247187632129
1295720028722081792
1295719919695343632
1295715052587286531
1295712409198436352
1295678976954896386
1295650180298088448
1295475465180852224
1295474941463273474
1295474904129851392
1295473069914554370
1295471460178419712
1295469883292094465
1295457401005629440
1295438126857551881
1295411811072737280
1295408355100549122
1295400805298774016
1295398686747500545
1295393091948621824
1295389144953360384
1295386835108204545
1295385688544874503
1295377454169829378
1295377415217307648
1295372861595619329
1295372744486522882
1295368628045570049
1295367845145182209
1295367062651654144
1295366628083937280
1295352672762159106
1295350790727651329
1295345233887203331
1295342870988312576
1295342712821108737
1295331774046842880
1295299741560066050
1295298654375424001
1295297028004745216
1295296766225584134
1295252670199083010
1295251686110515200
1295251254654926849
1295129691737776128
1295127471894011917
1295108415459557377
1295107940341493760
1295107423116627969
1295103496652562435
1295103221225132041
1295102452753149955
1295102207424069637
1295102115728195584
1295101435605065728
1295101104519352320
1295100795663392771
1295100513965481986
1295098012818198532
1295031726595506176
1295019729183178753
1295013983783718912
1294944030636290050
1294895908535128066
1294891168145330176
1294885237273636864
1294883474462121984
1294767348209967104
1294742730594287617
1294740780255510529
1294739970821959681
1294738123201687558
1294737263566491649
1294736202940264449
1294735395637387264
1294733773834199041
1294732865511526402
1294728391585923072
1294727792052121600
1294727733910659075
1294722874025050116
1294722395262124034
1294705645929795584
1294637011601707009
1294636889509593091
1294636266072543235
1294605267225763843
1294600247365312518
1294394941414739968
1294387050142216192
1294380011382865921
1294379304361623554
1294360340516544512
1294360229140992001
1294359598065950721
1294359499319508992
1294359316288417794
1294357256042160131
1294356855473549321
1294327925697847296
1294304480066928640
1294293105269776385
1294290205760000000
1294287270367895553
1294285843868389381
1294283065532002305
1294277846857326596
1294255615594967041
1294219570140585985
1294201924426838016
1294193622582255618
1294181642031050752
1294180967503015936
1294177371030016000
1294177208223899653
1294048370579972097
1294020767206776834
1294019169567072256
1294017138190176259
1294015125368770560
1294014980648468491
1294013448360210434
1294013290830602247
1293997061096996866
1293996497655271424
1293995341528870918
1293993320356741120
1293993118895874049
1293991863398039552
1293981697227268097
1293974087124037633
1293924326371139586
1293919714687750144
1293914129493680138
1293911514194128899
1293907920686444545
1293654922722934786
1293654642371579906
1293653342141415429
1293653261413683204
1293652952348069890
1293652144923578368
1293651919420788736
1293651170360270849
1293626655236337664
1293601664662999052
1293587551685664776
1293509571869278209
1293468591749201920
1293458655422152704
1293303383621881862
1293303230852747264
1293300580035764224
1293248021577248772
1293180197571723265
1293179696528556032
1293177709263065089
1293177598428827648
1293177447488208897
1293154861954019328
1293141716741107713
1293140496991256578
1293139758261075969
1293137822719844352
1293117025305399298
1293116436349693952
1293108533521784833
1292953447424315396
1292934308957769728
1292933445384110080
1292930516988104704
1292929283942494215
1292886747039375361
1292877825591193603
1292877206008594432
1292838674451902464
1292823590732206080
1292797574852878346
1292757392703332352
1292732886320390144
1292731496172748800
1292565436756885504
1292552695853789185
1292552192092766208
1292548254631178241
1292547095191326721
1292545970882871296
1292524380447223811
1292502792909860865
1292495195129483266
1292493995088719872
1292493078847262720
1292489255202238468
1292489028755914752
1292483385668116480
1292483140146147328
1292472523905523715
1292460074737246210
1292454215844061186
1292449771488194560
1292422801606025216
1292371451232878592
1292358644831485954
1292219714408714245
1292207676223639556
1292207584376762368
1292206538191515648
1292206185156943878
1292205525262688256
1292181182176735232
1292180604214280192
1292177052553170945
1292176947435524096
1292176797606596608
1292174310623387648
1292173971677499395
1292167656758542337
1292167002073772036
1292166917906739200
1292098881367486465
1292016330451943424
1291844338234920970
1291835454615158785
1291834331137290241
1291828744232079361
1291818657199411204
1291815493939146754
1291734910303076353
1291676125253570561
1291538573200691202
1291463541019615232
1291459924845907968
1291422766147735552
1291422681515073537
1291414520733335552
1291409171338985473
1291407926347931648
1291406828807557121
1291405708605493250
1291404362191966212
1291401543581872130
1291400950016614405
1291400555886239753
1291399748465852419
1291380857173835787
1291380727792246784
1291373122130776064
1291372619334406144
1291372360172535808
1291367611872272387
1291367355105316864
1291363854887325696
1291357906718412807
1291355115861966850
1291298903535636481
1291297345775136769
1291295159993479168
1291291379373678592
1291290699988635648
1291281189966405635
1291103877954142209
1291085054211502081
1291028663396442114
1291028167478706182
1290960913420505088
1290933263079550979
1290761095494414336
1290760645311430656
1290759527923617792
1290759083369418756
1290754076578390018
1290753738983051273
1290748362648690689
1290741211322552324
1290725018134097922
1290724491430174721
1290715309452734470
1290681552968519680
1290680951182434305
1290679182876389376
1290637542648315905
1290637039587725312
1290636820972220416
1290624032858165249
1290623709745680386
1290617181139591169
1290606136761167872
1290602371513450497
1290599901219479552
1290592484289064960
1290592119971815425
1290587998363549696
1290586363012820992
1290577718824833024
1290573349320568832
1290567478305787905
1290567007080009728
1290566285647110144
1290404314578657286
1290401474242117632
1290398952018280461
1290398324969832448
1290394680258105347
1290378575628177410
1290372814055387137
1290367086062075904
1290366680766570500
1290365129293430784
1290295615469961217
1290291831691853825
1290253982095400961
1290252001842888705
1290233734080294912
1290202976238178304
1290189081922560001
1289987627639242752
1289982839463612416
1289978066769387520
1289976996051611649
1289976234185637888
1289962144990220288
1289919109971443713
1289882277632028672
1289876218485997568
1289873738234617856
1289865789315510275
1289865577377431554
1289865522947870720
1289864720988516356
1289818440312606723
1289689121959620610
1289688663857565698
1289683264899293184
1289682072735379458
1289677844985950208
1289676931068121089
1289676824356589569
1289675422196617217
1289675243007512576
1289674836474654727
1289674405874991104
1289674292943179777
1289673947600969728
1289666338743554053
1289666195579383809
1289664231676063744
1289663762627141632
1289663538928087040
1289663494527188998
1289659985316573184
1289659596341092353
1289659367973777408
1289653402553552896
1289651502148132864
1289647548840329217
1289647399778967553
1289642801055936512
1289641034004090880
1289638648749551617
1289637823763496960
1289637234094649345
1289635794798297088
1289635017849798656
1289634782603694080
1289634548385345536
1289633528355815424
1289632369666748416
1289631708736663552
1289631529619148800
1289631465928441856
1289631174252404736
1289630480791302144
1289630406975934465
1289630336209416192
1289630190407057408
1289629404981854208
1289628204441903104
1289627594938134528
1289626622543331329
1289624494298902529
1289623823575216128
1289623401804386304
1289622388162756608
1289617068933836800
1289616123311165442
1289615767105765378
1289615542026813442
1289615354625318912
1289614694941167619
1289614562111545344
1289613513078407168
1289612955256946688
1289601100824358912
1289585186544463872
1289584405330055168
1289583354761928705
1289583003790786561
1289575228411174913
1289572426662031360
1289569413755150338
1289567566571036673
1289566629878145024
1289564668252639233
1289563797032546305
1289563701029347328
1289561699654107136
1289556746730713088
1289553043059429377
1289551643055239170
1289547825873707013
1289546110369820673
1289545658727370759
1289545351804968961
1289543258780164098
1289542763671883777
1289542465477910535
1289541139188523009
1289540768902701059
1289540241414426625
1289538410273677313
1289537818562191361
1289536966304792577
1289535882488242178
1289493576653520896
1289486280313597953
1289482305648521216
1289212038447656966
1289006815645184001
1288969584352124935
1288962904310591489
1288957267346427910
1288953104302583810
1288943537581678592
1288936655991308289
1288919022743019524
1288917139521507330
1288916679968391169
1288912983939264514
1288909747752701952
1288902018002812930
1288893938707955712
1288871921627668482
1288869291853516801
1288834472583090177
1288833680153219075
1288833663749300231
1288832979796713477
1288775691786493953
1288614176366174216
1288600837309202432
1288600487890243584
1288576917789184003
1288535409589460993
1288252922325803010
1288223057274974216
1288222733000675335
1288212203330576384
1288212117976485889
1288211157149523968
1288210862256402439
1288210509196656642
1288207996443668480
1288207742486941697
1288207569048272896
1288207463410524161
1288207099323977729
1288201885065908232
1288200374944501761
1288197588576067585
1288197438013087745
1288194360358641666
1288165184071139330
1288149116544057344
1288148092899012609
1288137799493914626
1288137646754201603
1288137621336662017
1288137554311749632
1288126625804988419
1288126295692341248
1288075864618553344
1288068823648800768
1288067411510525952
1288042064895148040
1288041668256632832
1288007080499126277
1288003722719657984
1287865298763177985
1287858795041955840
1287858139325509633
1287846636992049154
1287845590991347712
1287842539777732609
1287841473984180230
1287840725938380806
1287803920836952066
1287794281990717440
1287793623380221955
1287790541145542658
1287789887089934337
1287749992640380930
1287742105562095618
1287641519768440833
1287491877541994498
1287485906711187458
1287485280056999937
1287479826954231812
1287446034654924800
1287445820745318405
1287442354987835393
1287436341765115909
1287433686426759168
1287433108615299074
1287432959532859392
1287431378141945857
1287424241340645377
1287417548632403973
1287416075093712896
1287414107717734401
1287413273562959872
1287408122861101056
1287401285373829127
1287393664696713218
1287367776085118976
1287366824137498627
1287366313929777155
1287364000074862592
1287363762509545472
1287320852636356608
1287166732218572800
1287159186602811392
1287134439261327360
1287107004482322440
1287098461909901312
1287092652337500160
1287092188355219457
1287066935683887105
1287051861904818178
1287049007982936065
1287015262160650240
1287014008021815296
1287002344799064065
1286988830449467393
1286968236827869186
1286942789259976704
1286934423397638146
1286758797998993409
1286689873756291072
1286688705747521537
1286630476602585088
1286623265356742657
1286617143031861248
1286613387905032192
1286609490964615168
1286588546019659776
1286542835643187202
1286542676423254016
1286432194966290433
1286428179020816386
1286427689931419649
1286427631525736450
1286427606301249537
1286392964705550336
1286392665899184130
1286381462124670976
1286378048917561345
1286377272111398912
1286374396375040002
1286372366239649792
1286367140233322502
1286366392393105409
1286366330636111873
1286348716329377796
1286347006668136460
1286339941937577991
1286338495338905603
1286337264700854272
1286336863628857345
1286336534510219264
1286334235834552322
1286333821852487680
1286331928023531522
1286329199419174914
1286327624260780033
1286326792291340288
1286323863194865665
1286321058946191368
1286320620205203457
1286289889009569792
1286274587936858113
1286270497156665345
1286269934763417603
1286269748246990850
1286244125067681792
1286236370432917506
1286028686957969411
1286028296619163651
1286023708889554944
1286022426489430016
1286002351820754944
1286001639497883649
1286000899618463744
1286000305411325955
1285999955354714112
1285997221952073729
1285996264501501953
1285994975071809536
1285977665619611648
1285974363892781059
1285961953425477632
1285942362187993088
1285941726956400644
1285933436222541827
1285923062655922188
1285840434590298113
1285682974286127104
1285680633080152064
1285680088848236546
1285679943708483591
1285679344518668293
1285677206354763777
1285663081172000769
1285657496225550342
1285575305315450882
1285531449706328065
1285530485733625856
1285525753585717248
1285523911019499527
1285523379211173888
1285519607885856769
1285318684207124484
1285214182066061313
1285202343496159232
1285201005794263048
1285173732122779649
1285166024841723904
1284971408356003842
1284963870705102848
1284781446402580480
1284779472231763971
1284778307196788738
1284775318578958336
1284767669594599424
1284762302634393601
1284742794159022080
1284741781461045248
1284741754135228422
1284736344099622919
1284634397589868550
1284627253423411200
1284625732027678720
1284624570897530886
1284620554696380416
1284598481391366144
1284598216613404673
1284598126695907329
1284596909253038082
1284596598513774593
1284596475796819975
1284594571528339463
1284594422336950272
1284592416931151872
1284592112588259328
1284591885537939456
1284591497531334658
1284591290743754753
1284591130852700160
1284589995723022339
1284589106132062211
1284588989593407492
1284588966709166080
1284588715491438595
1284588340629639169
1284587679993204737
1284586642095865857
1284586623456481286
1284585909577547776
1284585878761938946
1284584941469270017
1284583839839526914
1284582900260843521
1284582874474315776
1284581906965831680
1284581866327154689
1284575272453517314
1284565370356015104
1284540597102170118
1284540087431237634
1284533204523900933
1284506535784316929
1284506525306953729
1284435825783123969
1284390829180751872
1284375668369895424
1284194104201666562
1284166984490520576
1284161189308698633
1284161170849648641
1284161103052890117
1284160059115741190
1284158981032890368
1284157086746718210
1284156002900860928
1284155643813920770
1284020153584361472
1283896926841253888
1283871993608187906
1283516203345088512
1283516027071008768
1283514088744792073
1283513248235638785
1283512823960739840
1283512776720252939
1283510477029548032
1283507756306173952
1283503205691924487
1283498601600159745
1283497054996750338
1283495821359697922
1283495483671969792
1283494465517359105
1283493910724186115
1283493790125363200
1283493746995269637
1283492570614697984
1283488422250913792
1283487275117142017
1283485900840763393
1283478173670309889
1283471791579713538
1283469294534361090
1283468436706910208
1283467460142870529
1283465364064669698
1283464998711427072
1283464709816160257
1283457161197223944
1283450818998546432
1283395047338266624
1283394816823500801
1283382158745391105
1283359446270455808
1283341351153733633
1283340799418269696
1283322286507012103
1283279219947175936
1283047607321927681
1282951557152210949
1282950623303020544
1282944864984928256
1282806845606854656
1282800044584898562
1282786004106174477
1282712788180361217
1282631904458670080
1282628712727486464
1282621015458283520
1282596133588656129
1282595730906112000
1282041709438930945
1282013864213786625
1282001335349645312
1281998207569014789
1281919354012078080
1281919311196688386
1281912348450660352
1281911518179856384
1281893801141907456
1281700448928509954
1281587130855235585
1281585847406600192
1281585131195596802
1281584414099681283
1281581511456763904
1281569872137392128
1281564731585835008
1281556244898217989
1281552157662208002
1281343769690943488
1281328124576370689
1281323458161451010
1281247867232018443
1281247748893880322
1281247648436150280
1281210917733228545
1281210533430136832
1281210357906898944
1281204359683084298
1281203990211026945
1281203541760258050
1281203356258754561
1281201278547353601
1281200843103121410
1281143997071753221
1281143321784713217
1281142344700567554
1281141141782573056
1281134688254529536
1280989208337887234
1280989152461443072
1280946007614906368
1280938448069767168
1280926720422481920
1280926443988541441
1280925966483763201
1280872151172685830
1280872061959909377
1280861682303205382
1280855766338060288
1280842668394844161
1280789111440314368
1280784038714843136
1280776833399771142
1280625031396110349
1280623660869529603
1280618859234541569
1280612850877313025
1280607652196814850
1280602367344467978
1280600102835494912
1280597496415375366
1280596842707812362
1280596080145637379
1280595683653926921
1280594021107347461
1280592872924905473
1280591854925422596
1280590150041587712
1280589890204372993
1280588449658044416
1280588247022829568
1280587676991795205
1280587296979509248
1280584618002067465
1280584525454721024
1280569815292416000
1280568997772251136
1280567373649543170
1280565817965457408
1280565040521805824
1280564410138968064
1280562819155537921
1280562547209486341
1280552671410302978
1280552416472109057
1280509345428647944
1280508841176768512
1280507573767208961
1280506790451568643
1280506475249532932
1280506295200747521
1280505996251664391
1280467556118167555
1280259340620922880
1280255933835366401
1280251492780425219
1280207517268795392
1280207097863471105
1280207087881129984
1280205507584802817
1280154224974839813
1280117985198424065
1280117441012654082
1280110147495493632
1280109107979194368
1280108988756037632
1280105249177399298
1280095069543051264
1280090739440058369
1280088725486264320
1280088453577871367
1280087545129435137
1280087389390680064
1280085931517775872
1280085831311675392
1280085613522366465
1280085242775252993
1280084655786557440
1280084139388133376
1280084126679302146
1280083028711260162
1280078498460286978
1279791244672208897
1279790579816128512
1279771081931399168
1279747470516457473
1279746624005312512
1279703794792759296
1279694383995064320
1279575908576309248
1279552717405532161
1279549825046937601
1279548150827671557
1279545883776950273
1279545191595196418
1279525913659613185
1279525791630589953
1279525571567988738
1279505922692386822
1279487873130082305
1279487613964091394
1279487351710941184
1279486503438225408
1279485818126708738
1279485139865698305
1279482858936172545
1279481579463639041
1279481244728901635
1279481194158137345
1279479941139247104
1279478823906672641
1279477902959087616
1279473156881817600
1279467409829761026
1279466957276938241
1279466318572457984
1279465112642949122
1279464376949489665
1279463791969927172
1279463597396111361
1279463426851508225
1279461745145393152
1279460848931651584
1279459970011070464
1279375246773149697
1279366966701174784
1279318601330307072
1279154037645025280
1279076470967668736
1279075316410068992
1279075011769368576
1279074767488892928
1279074299773624322
1279073248592961536
1279071986392666115
1279070276731494400
1279048851358470145
1279037498677694464
1279034640817426432
1279033747556401153
1279033130444341248
1279033026119372805
1279031387354542080
1279025421611343872
1279020859970277383
1279001160058392576
1278968050130313216
1278961632522252288
1278960683514761218
1278957893392519169
1278934205662191617
1278933810000822272
1278801946045042701
1278797439424757766
1278787146246217730
1278781371536805890
1278779258295508997
1278778607515680769
1278764636993658881
1278763308489768962
1278763082651705345
1278749252244692994
1278747415827435520
1278745037925494786
1278744558193475587
1278744400059826176
1278735501940449280
1278721793218547713
1278717519637946369
1278714132506836993
1278686926678130693
1278686558204411904
1278686375718588416
1278685135815270400
1278644388483289090
1278641683077500928
1278639030553448454
1278587024325382144
1278582710659944448
1278578143285084162
1278443362702458880
1278442672659857408
1278439292336058372
1278434684519792642
1278433212260397056
1278427591171506181
1278426283526012930
1278422352741707778
1278421508411580422
1278401751205457920
1278401738043805696
1278400429399986179
1278399074090266624
1278398552872493056
1278398454134378499
1278398183723466753
1278397961370730503
1278394475937705984
1278393055352102912
1278389132436418562
1278388475889360897
1278385438676398080
1278384380814266369
1278384151813644288
1278383672836501504
1278383151635746819
1278382934974779397
1278382639414685696
1278382606204231682
1278381402518683654
1278381270196723716
1278380613561696264
1278380413787025412
1278379685379018759
1278378979808833536
1278378088917852161
1278375350880342022
1278370678069243905
1278369428489621515
1278364149752442881
1278363188803833860
1278362658148933632
1278362372898504704
1278356895883984897
1278336850005024769
1278323893078495244
1278323575737516034
1278302264353062919
1278302049470480384
1278301773485178885
1278299728007041024
1278299474461364225
1278298938248966144
1278298286546436096
1278297941871124484
1278297795460562946
1278288079242113029
1278281443496595459
1278256794826129409
1278253571000107010
1278245532083904512
1278239338254471168
1278237099179810817
1278236044224335873
1278235809255239686
1278235106738569216
1278087692492976128
1278085674604867584
1278085564567302144
1278081929913470978
1278081874594877444
1278079019909611521
1278077458659586053
1277968512573599744
1277964081626935296
1277951719276756992
1277947968524627970
1277920157520797696
1277910523095519233
1277910415977177089
1277904584019718145
1277902573425565696
1277861054748467202
1277715917867307010
1277702078052302849
1277692542549733378
1277692482244038656
1277668102986137603
1277667903484108801
1277664863733657600
1277664656350416896
1277664431871348745
1277664216313462784
1277661118803202048
1277655541540630529
1277362313532751872
1277346308739813376
1277344319087816706
1277242700379627520
1277240898066305024
1277238085508575232
1277235093095026688
1277224730609831936
1277224582085259265
1277224083797794819
1277216918911496193
1277216028779589632
1277214197651300354
1277212864416284674
1277178456455946240
1277176363192107008
1277171189555789824
1277164041178415104
1276973883837616128
1276972746812129281
1276971387744378882
1276775627669024769
1276771926921314304
1276449803245846528
1276434422871588866
1276432755493142528
1276328755208900609
1276328071902134272
1276306995843399680
1276285683246796802
1276280226092322817
1276275072408391680
1276272280692240390
1276272173045481472
1276262413923495939
1276262007394783237
1276242649549279232
1276242139572326402
1276234998555774978
1276234694565167104
1276231325528338434
1276230912431226881
1276230624110575618
1276228714137780226
1276227518450642944
1276227326544576518
1276223479478657024
1276222332856655884
1276221746799091712
1276221599885209602
1276220393053880321
1276219654680252417
1276218735246880774
1276215010533027841
1276214440954912771
1276213130813739011
1276212185094553602
1276211613792600071
1276210860617236484
1276208934626435074
1276208096768077830
1276207608005832707
1276204123944374272
1276198992829992960
1276149001973387265
1276145382075109376
1276132594732740611
1276071566418292736
1276045093519138818
1275896325624737792
1275894896730222595
1275859462855823361
1275698926310621189
1275680651795206146
1275323606357159943
1275322041336500224
1275193778698170373
1275191063091838978
1274823772688781323
1274818128426471425
1274800340672622592
1274770672674320392
1274770445628309511
1274770373943402496
1274770171878572032
1274767919453474817
1274767597171388421
1274765835257643012
1274759559320612865
1274757816268587013
1274737036600266756
1274700924573884417
1274697024785600513
1274677085081145344
1274668437420347393
1274666161058336769
1274665975988838401
1274660716222570501
1274659487501242369
1274377583040356354
1274354753716314120
1274353033393168384
1274350955342049280
1274344347014762496
1274341803660107777
1274341280542326786
1274166573717172224
1274084918541377539
1274070878884696064
1274052272612401155
1273974310709977090
1273950155784564738
1273936293777547265
1273934168385339392
1273906001356480512
1273887103525572609
1273884850379018241
1273731084136652802
1273727160851795970
1273639874688622595
1273633448100585473
1273630783077580800
1273615932351549442
1273578686156062720
1273571060575801346
1273564392286814209
1273563946033823744
1273509596355796992
1273270902264934401
1273269989487923200
1273260650886844416
1273257762680721408
1273255940696035329
1273255555168112644
1273253424574980100
1273249053954977795
1273242461553467393
1273242115326316545
1273236102200070148
1273235349498724357
1273234720139116544
1273233523533590530
1273149906618908676
1273012474237849600
1272942937467498496
1272941815587618823
1272941569562247168
1272940321991725061
1272934879068598274
1272934828401459200
1272921090516570115
1272888616000372736
1272888527324360704
1272877991576719360
1272877320760692738
1272862406482501632
1272862203935371265
1272860833077485568
1272860077993660416
1272859280237113344
1272856244890591234
1272847907587227649
1272836627983929347
1272499609248677888
1272490530988085250
1272468745500463105
1272462635338993664
1272282770132340741
1272259525115084801
1272226533118218241
1272169521235873794
1272146413179338753
1271964055037718533
1271850270310445056
1271821377931300865
1271799037285421056
1271785280928956417
1271785089215627266
1271478783393005568
1271424392346636290
1271423428185161728
1271423348275392512
1271408767624794112
1271407443579408385
1271069659547217925
1271063575784755201
1271015482167083009
1270800137154166793
1270759873878392832
1270643784863416326
1270599321076092929
1270497827639132166
1270497522226728961
1270497153916469250
1270475798512840704
1270237558786666496
1270237118737059840
1269983498401710083
1269981024496353280
1269973590490910720
1269972651562467330
1269948552102531072
1269948244047650824
1269947883786289152
1269906457543217152
1269745955676606464
1269430364637888515
1269420881446608903
1269374709487067137
1269373826137313281
1269351478294204417
1269346694916911105
1269342079194365952
1269339762529370113
1269335385399844865
1269333646709792768
1269328877031129088
1269233884052492289
1269233811289759744
1269204036177334274
1269201042958360581
1269200520352325633
1269050654078775297
1268911209148854273
1268907003969142784
1268903929888342016
1268892656790319104
1268839004591529984
1268834005354524674
1268686112370892800
1268660599162048515
1268615766498107392
1268600560623763460
1268590666772291584
1268588159073423361
1268534357586841601
1268199236782473230
1268198344876347392
1268191043956232196
1268187848882171905
1268156949729890306
1268097026740322307
1268090642825129986
1267806311154176007
1267788347994505217
1267760961613676545
1267730737639407616
1267729920068849664
1267729426470617089
1267729112707276802
1267728514821783552
1267726464620867584
1267725765644300288
1267725664024768512
1267375858785943552
1267134269152997379
1267132124953481217
1267130520846192640
1267130229581103105
1267126911777615877
1267125319099723783
1267122919886540801
1267103803721031682
1267087900514103296
1267070675430367238
1267051529481211904
1267045422289354753
1267045127220068353
1267041333660856323
1267017229071265793
1267016792490287109
1267012790096736257
1267008361805090817
1266836469349482497
1266666833077248001
1266666708221165568
1266666362669326337
1266644276508872705
1266512205396299778
1266511274306940928
1266483078920384514
1266455948257828865
1266454451671511040
1266379834118283267
1266359260490784769
1266357978594246661
1266357637026807808
1266342440274976768
1266341941526040581
1266340931734843392
1266328374810640384
1266318931175911426
1266317126190727169
1266316626149900288
1266313483865464833
1266285402089877512
1266285085440892929
1266265112840527872
1266087682108731394
1266087391221157894
1266067563500445696
1266052697674985472
1266040902604263424
1265958235946864640
1265955474412797955
1265953095080607744
1265908557662339078
1265906755470594048
1265888113009754119
1265722446772043777
1265696113752977408
1265694455530733570
1265694182485745665
1265692974870073345
1265690268319260673
1265678544836886529
1265630650687684608
1265569177890422786
1265535123463843850
1265532255012818945
1265388566840053763
1265384102187974657
1265344876935360512
1265335353336107008
1265334918797758465
1265333142971387910
1265324814002196481
1265316359778557953
1265316113077985280
1265311658152525826
1265271323246252032
1265271279944417281
1265265390256603137
1265264981639073792
1265264705427460098
1265255999700688899
1265255935305494533
1265240482361344000
1265238979588358147
1265222821862682628
1265213076640497665
1265212128644018177
1265203620766720000
1265199265472798722
1265197288466587653
1265196995112812544
1265194763764092928
1265192389397839873
1265191894964977665
1265190087064723456
1265189785276219392
1265189666443210752
1265164409510526976
1265019198687924228
1265012890525974528
1264942707493031937
1264931440460005378
1264931330728636422
1264917134922186754
1264913784075927552
1264909508624728064
1264830098831794177
1264665067020333057
1264664886296150016
1264662178113732608
1264531699498713088
1264526143555883008
1264507337731080192
1264503335236898817
1264503232824520705
1264500176145862662
1263907705644777475
1263829640977821696
1263829185270812672
1263775984936980480
1263748934037573632
1263740888674598914
1263740383537836032
1263735081534992385
1263733619320918022
1263715181831630849
1263707151710728192
1263699510078947329
1263572194396962821
1263570039908831238
1263566748739141634
1263533809611522048
1263532871643430913
1263532629133058048
1263469088170487808
1263468623244427268
1263468408143843328
1263467348004085762
1263464624277594117
1263456707268816899
1263444735676555264
1263443534348259328
1263424073494925312
1263415474391592966
1263409078149304322
1263399551387553793
1263399161946419200
1263398659204493312
1263394832254472193
1263393373995622400
1263392422274441217
1263376506929233920
1263374949848436738
1263365616985128962
1263361266195795969
1263120756701114369
1263112043609100288
1263101723326861312
1263044574009753600
1262842260925923328
1262813302809341953
1262726020429484032
1262725484057694208
1262683843158573057
1262680868058996736
1262680698714050563
1262659855925620736
1262490273751465986
1262489600137859072
1262457437145227264
1262450831883776001
1262450508939157506
1262448136640921602
1262440569755897858
1262439581254901762
1262374057561018369
1262366403312705536
1262365242400690176
1262363256993316867
1262350671585718274
1262348977565024256
1262348875526033410
1262348479445307392
1262348055581470720
1262347321599307777
1262346699604987907
1262346257827278848
1262345535157125120
1262344798025003008
1262344324559392771
1262343476752134145
1262342958474551296
1262341410826719233
1262130761924313093
1262101906933022726
1262071590180794379
1262071493284048898
1262068376190562305
1262067703612870657
1262061608429371398
1262059928006594563
1262028995094368256
1261987070060437504
1261981677708103680
1261978633188540416
1261978333442605058
1261973092844306433
1261972211507908608
1261965481935884288
1261963411358920705
1261962761975877633
1261961704797331457
1261955462880284672
1261869987960102912
1261799684705837056
1261762092111147008
1261750637622177794
1261750279428616195
1261750087144951808
1261749766116999169
1261746759912611840
1261743451462340616
1261740163694297089
1261737787042213890
1261737488512581632
1261736887947014145
1261736326258450433
1261736035219836929
1261735298247143426
1261730275807158273
1261702627160662016
1261684737464287239
1261684631495225344
1261684400934268928
1261682609911988224
1261680605097492481
1261678461770436611
1261678314311352322
1261636948013309952
1261633424596631552
1261631566125686784
1261630896966438912
1261630053651185671
1261627241060093952
1261626412374638593
1261620743110045696
1261620499890700290
1261618411727204352
1261478309176791040
1261421259155402753
1261375033877749761
1261351511638016006
1261350519882125312
1261343434390097921
1261342846205845505
1261341357848891396
1261341195160125440
1261322438450741248
1261306265407496193
1261305717136535555
1261304708553195523
1261303552120676354
1261303334335582215
1261273776693673984
1261272736183263233
1261272629266264064
1261265880752816128
1261252520602734592
1261251510492712960
1261250057686388736
1261247244113719297
1261243711591264257
1261199641305112576
1261196956296196097
1261196797499920385
1260986710017572864
1260934567436771330
1260930171969785863
1260924537421660163
1260877452429135872
1260870549271646209
1260865715378282506
1260668402122850308
1260667597001031691
1260666822640140293
1260620123444043777
1260619462425874439
1260597376814907393
1260592322422673408
1260585116142886924
1260584332885884930
1260583351083249670
1260582994995265537
1260576780458606592
1260575902464913415
1260575525749350409
1260574643246727169
1260570889445421058
1260558718149722112
1260556775213993984
1260547720793776131
1260544695391977472
1260541433548869632
1260539178737184769
1260520587283267585
1260520495486771205
1260519336541814784
1260517437490987009
1260512271995994112
1260509627667578880
1260505791389487105
1260503017960464390
1260500645716598784
1260500235392102401
1260499749104386061
1260499624734928896
1260497501724999680
1260491088235769858
1260486910876803072
1260456175742726145
1260309402336276493
1260308218426929158
1260257773918588934
1260234493614579712
1260234154723115008
1260229881654317056
1260213808376799235
1260212561531809794
1260212048174202880
1260211060042346505
1260210816797810688
1260210747872808961
1260209914837958662
1260208420810039296
1260208154606010371
1260206965709582337
1260206563056377858
1260188762124025858
1260186939250147330
1260185261281103874
1260181826552901634
1260181451041116161
1260181111663099904
1260177222687653888
1260177073303433216
1260176891971080194
1260175398777872385
1260175301482553344
1260174356992397312
1260172535980793861
1260172234724868098
1260171465955184640
1260170811362729986
1260169375828643840
1260168911431090177
1260162828205543424
1260094153171570689
1259999297585766400
1259997783953674241
1259992665120276480
1259963694542446593
1259941865308262400
1259941767211814918
1259935067083886592
1259934007774580739
1259933812471091200
1259932725273919491
1259859325352390658
1259857381669863424
1259796572843499525
1259784402227335168
1259770501075001350
1259763881028845568
1259514298910543873
1259513799700353025
1259512255793844227
1259511762610782210
1259510941781286912
1259509996372492290
1259508173553238018
1259507384575299585
1259482409692794881
1259476833386586114
1259397793820663808
1259397571862310912
1259227661651623936
1259227419933843457
1259201470932692992
1259129862566096898
1259068147010875394
1259039013907959808
1258905416928550912
1258870096967196678
1258759967923978242
1258754768840859648
1258754759667920897
1258717846772858883
1258703751252189184
1258702085329207296
1258646722429030400
1258646518707425281
1258643289735147520
1258639769845841921
1258486606140444677
1258370723422318593
1258369712792252418
1258369597927030785
1258369040323686400
1258368706549334016
1258365671089623043
1258126127987658752
1258056396068851713
1258028171196334081
1258027758262849537
1258027071646957568
1258023146034167812
1258016606376153088
1257984866169257984
1257979122455924736
1257973530261676032
1257965770916708352
1257964824740446208
1257950306417217536
1257948627437322240
1257948220824727552
1257946944586035206
1257945924585828352
1257771333296902144
1257769780351832065
1257665418115891201
1257664853252194305
1257660256240500736
1257657336103145473
1257644860473053184
1257642325884522498
1257641179992207363
1257640810729934848
1257635832409870338
1257635360621957120
1257633621583822848
1257632803996545030
1257627931846815762
1257608834232836096
1257569200178171905
1257561128168808448
1257558608511934465
1257361877224603650
1257361862720737282
1257353625015386115
1257340631350796288
1257327345968578560
1257300471045214211
1257299968559181825
1257282438524538880
1257276299019718656
1257275627620773888
1257267916346662912
1257262869042921472
1257262249745448962
1257256984228835328
1257223957423558658
1257203000390680582
1256918118460465153
1256715655526653953
1256681309533061125
1256644622874484736
1256638831664791555
1256618270460981249
1256617725054631944
1256617423056314368
1256616439966040064
1256555348204322818
1256280785772056576
1256246466806534147
1256219680295006210
1256216001122877440
1256213457889824770
1256174464120782849
1255965778286870528
1255953533213556739
1255942376943648769
1255933859193073664
1255927632371355649
1255927081101295616
1255922681431629826
1255920172877123584
1255918485764485120
1255907682093064199
1255788902989864961
1255787451525849088
1255778410481307648
1255749804598210562
1255506845264941067
1255489500375126016
1255487933123121152
1255457382567743489
1255439117447553027
1255429423861567488
1255412800266088450
1255410216021131264
1255408233398796290
1255247994179510276
1255215977253548032
1255215218898153481
1255186331296292869
1255162225758810112
1255139617348579332
1255118367217848321
1255116301141499904
1255076074825842689
1255070316449202177
1255070236447051776
1255062258163515393
1255056778812952577
1255055662054363137
1255055049786560513
1255053694195957760
1255044968340688897
1255041526926696451
1255038090395160576
1254851584368009222
1254798802034331655
1254797746781016066
1254763190124195841
1254732745659604992
1254708996264677376
1254705604167380993
1254681686794698752
1254681286519685126
1254677254082367493
1254662553935810561
1254482161568305158
1254480335456415745
1254478650575130627
1254216950613491712
