1330464754117251072
1330283552085315590
1330102371297472518
1329921152609886213
1329739974254751745
1329558765427945472
1329377583759319040
1329196380565417986
1329015200004141057
1328833987637293059
1328652809206702080
1328471590833623040
1328290431847854080
1328109343506620423
1327928187083485185
1327747012993970177
1327565655617523718
1327384434245578756
1327203255370309632
1327022052340019200
1326840870189092865
1326659670044512258
1326478486391959553
1326297282808057856
1326116261303115777
1325934876323962888
1325753716822118407
1325572498788917254
1325391330860797952
1325210111229394945
1325028938427625473
1324847723036684288
1324666543343546368
1324485344264364034
1324304159554871298
1324122947557228544
1323941765943087104
1323760559133777920
1323579379964911619
1323398178507546625
1323217005575577600
1323035790344159232
1322854616107810821
1322673395100717056
1322492213549551616
1322311006916403202
1322129827562950658
1321948620518809600
1321767440792100865
1321586351884718080
1321405052892925955
1321223848705052672
1321042664813436931
1320861458645815296
1320680275790188545
1320499070595670017
1320317895948328962
1320136681522069504
1319955501132713987
1319774293291683840
1319593120502321157
1319411913697202176
1319230736994586624
1319049649588785157
1318868352320888832
1318687127555739649
1318505948672102400
1318324756840579072
1318143570805665793
1317962362876551170
1317781182235332611
1317599974448836609
1317418789940678656
1317237589791956992
1317056404293902340
1316694017686401029
1316512804887822342
1316331690713927681
1316150413599571968
1315969249962348544
1315788050241331200
1315606856522436608
1315425792344678401
1315244594767028225
1315063261050613760
1314882070540414977
1314700861470277632
1314519681231921153
1314338493234110464
1314157295681626112
1313976102436712449
1313794901772042240
1313613786297884672
1313432527676342273
1313251310544785408
1313070130432221185
1312888938114281472
1312707747352326144
1312526562240073728
1312345358261989376
1312164146427822080
1311983111387963393
1311801774467153922
1311620585714266112
1311439385460604929
1311258193209823235
1311077002691203084
1310895799149232134
1310714692344700928
1310533422411067392
1310352221754847233
1310171028019195910
1309989833683673089
1309808647707545600
1309627445675462656
1309446403677192192
1309265058690740224
1309083867303890951
1308902668585373701
1308721487394877440
1308540278131896320
1308359086946254849
1308177883471515654
1307996698837385224
1307815509744910338
1307634319129747461
1307453119555612673
1307271921692745735
1307090732008845317
1306909539573420041
1306728340217376771
1306547156585721856
1306365955732275200
1306184761283678208
1306003565027241984
1305822377113260032
1305641167837593602
1305459993815252992
1305278786070511617
1305097607778369536
1304916578090258433
1304735342562611200
1304554016316284934
1304372830897942529
1304191627209175041
1304010441996333056
1303829238156492800
1303648191158550528
1303466850542645248
1303285660183396353
1303104457702600712
1302923285005586433
1302742076598161411
1302560897588768770
1302379699902074880
1302198499350581249
1302017300170764289
1301836117205905409
1301654914448449537
1301473731387314181
1301292525639131137
1301111342141788160
1300930139652599808
1300748947808542722
1300567739413733377
1300386561629073409
1300205363359289344
1300024171930451968
1299842976731017216
1299661777651879937
1299480583555493888
1299299400070696961
1299118197686366209
1298937155532849152
1298755812068913152
1298574649480097792
1298393419925069824
1298212241951662080
1298031031728185344
1297849837019373568
1297668643539623937
1297487448650416128
1297306368735612929
1297125057668546563
1296943869699985411
1296762805912313856
1296581483906437121
1296400299071070209
1296219092895105024
1296037895946502144
1295856707722186756
1295675523998396417
1295494312877326336
1295313127270162432
1295131936768262149
1294950741539422208
1294769646466465793
1294588358140792832
1294407156712837126
1294225966714281984
1294044767416877057
1293863570569146370
1293682380549632000
1293501183412314112
1293319992906309634
1293138800768626688
1292957591300177926
1292776407316271111
1292595225228185600
1292414022478974977
1292232826318987264
1292051631878660096
1291870442664361987
1291689243170033664
1291508053481791489
1291326861386174465
1291145673887363076
1290964466910330881
1290783274487382019
1290602083167674368
1290420875653775360
1290239698535960578
1290058556008304641
1289877381428047877
1289696115630120960
1289514923488186368
1289333725747015681
1289152527464792066
1288971337738924034
1288790137657335809
1288608952570257409
1288427752610308096
1288246565258366977
1288065365000491008
1287884336260235265
1287702978644901888
1287521788327596035
1287340700913344514
1287159397345644546
1286978210857615365
1286797133442682881
1286615811139031040
1286434619789840385
1286253523353690112
1286072232117243904
1285891149660655616
1285709847657422849
1285528649584844800
1285347444147064838
1285166278253174784
1284985069711560711
1284803878379290625
1284622683783729152
1284441486487162887
1284260301077196800
1284079096683810819
1283897908656570369
1283716714132275202
1283535692694466561
1283354321262981121
1283173132371726337
1282991941886582784
1282810730748809222
1282629555145015296
1282448384075456513
1282267163395526656
1282085976232398849
1281904780059840514
1281723577901998083
1281542522540523521
1281361194423660545
1281180002516697088
1280998805119414273
1280817612096708608
1280636415693533185
1280455227238473728
1280274017342099456
1280092842078212103
1279911641644240906
1279730561892966401
1279549251291406337
1279368061695426562
1279186864931512320
1279005768411484161
1278824476822691840
1278643284324352000
1278462088743129089
1278280893149446144
1278099703331160069
1277918501601148929
1277737496202350595
1277556118307459074
1277374926564007936
1277193738377465858
1277012630981443587
1276831348897067013
1276650152313401344
1276468955574669312
1276287768000368641
1276106572238852096
1275925372417253377
1275744179549876226
1275562994005614593
1275381951302598656
1275200587194404864
1275019409187274753
1274838210686918658
1274657023959773184
1274475823827992576
1274294641425371136
1274113433831694341
1273932239655653377
1273751045232111617
1273569855225110529
1273388657513242625
1273207520602001408
1273026275981082627
1272845078109868032
1272663871908708358
1272482688730046464
1272301493845200896
1272120312038133760
1271939107447545856
1271757917159596032
1271576708525760516
1271395533295419392
1271214330369970178
1271033145903767554
1270852511818227714
1270671315519844355
1270490112821014529
1270308923267055616
1270127717426647040
1269946536135405570
1269765333176459269
1269584148836073478
1269402945520578568
1269221758562979843
1269040572121088002
1268859370676391941
1268678173304242183
1268496981875462149
1268315913649979392
1268134598392848386
1267953392900587525
1267772213593288704
1267590998022131713
1267409826302263297
1267228770299269121
1267047440668131329
1266866415606411264
1266685062734643200
1266504037580582917
1266322658716770305
1266141457372643333
1265960279680131072
1265779068064104449
1265597885678333952
1265416677682024449
1265235496256626688
1265054476471275520
1264873118398664706
1264691904173801474
1264510855435169792
1264329517876862982
1264148334207553537
1263967131638673410
1263785945305886723
1263604743068418053
1263423549668286465
1263242351964647424
1263061161806880768
1262879966229860352
1262698783613374464
1262517567555538944
1262336580443869184
1262155186270863364
1261974005935898628
1261792947080769539
1261611617499873285
1261430415518101504
1261249227444928515
1261068025614217216
1260886842725064705
1260705645214552070
1260524588053774337
1260343247450386433
1260162065135742977
1259980855017177096
1259799824741871616
1259618469743661057
1259437295612157953
1259256094683271176
1259074892022112264
1258893734638432256
1258712518127751168
1258531468088729601
1258350123282763776
1258168933967953920
1257987738013503488
1257806544185548812
1257625343676035072
1257444153581076488
1257262969181876224
1257081758698389504
1256900580062224385
1256719369595486209
1256538335088082944
1256356981411065857
1256175798114906112
1255994606719766528
1255813423717367814
1255632207898705924
1255451023629582336
1255269830703419392
1255088640264474624
1254907430544211969
1254726247688613899
1254545205849739265
1254363867599310849
1254182716507119622
1254001469717692416
1253820435965390855
1253639085060689920
1253457877462851585
1253276703083937792
1253095588834525186
1252914316271128577
1252733114830462976
1252551929147899904
1252370859957694468
1252189523804594176
1252008335584440326
1251827142687633408
1251645954354184204
1251464747955994627
1251283566845145089
1251102372400631808
1250921163976564741
1250739989786365952
1250558776685535233
1250377605267816449
1250196447657689089
1250015212675178496
1249834177916211200
1249652813682049030
1249471610953830407
1249290627558375424
1248928039389614080
1248746844563427329
1248565662269784064
1248384448258641924
1248203276677513216
1248022219894251520
1247840885741703169
1247659824483106820
1247478489562963974
1247297279402401792
1247116091425505281
1246934903733866497
1246753709054472193
1246572516396740618
1246391374141886466
1246210121254023168
1246028939820220418
1245847734067830790
1245666544241315841
1245485352384675841
1245304159919890432
1245122959901167616
1244941776617713664
1244760563386900481
1244579386994688000
1244398187093377024
1244217007207337984
1244035774611415043
1243854599150350341
1243673410238111744
1243492236588920832
1243311175409991682
1243129832860528640
1242948688189755393
1242767438128852992
1242586379684581383
1242405067958910976
1242223845924364292
1242042667460104193
1241861451360407559
1241680277761646593
1241499062458896384
1241317886850994176
1241136694046470150
1240955514881814529
1240774304666718208
1240593114584186893
1240411916222242817
1240230725951148037
1240049506693120002
1239868344536305664
1239687143783641094
1239505956314189826
1239324846288515073
1239143558168412161
1238962392194781186
1238781307490111488
1238599978076995586
1238418790066651138
1238237595978661895
1238056499001339904
1237875202945474562
1237694017204375553
1237512813645631492
1237331630118899712
1237150417932476416
1236969239745122304
1236788038459629568
1236606854819721222
1236425629068918785
1236244467298025473
1236063245959680000
1235882081110110208
1235700876024729600
1235519682079272960
1235338476901601281
1235157308805697538
1234976177682411522
1234794924924686336
1234613711505108994
1234432710518722561
1234251315099951104
1234070145800298496
1233889136521760768
1233707750141710336
1233526541889527808
1233345372946300928
1233164152979513345
1232982978323767296
1232801767743774720
1232620596250468352
1232439392259592192
1232258211585167363
1232076986459226114
1231895821500788737
1231714604956495879
1231533582474190848
1231352286640775169
1231171028551905281
1230989821742649346
1230808655035084800
1230627438801149959
1230446248387383296
1230265047366144000
1230083864334344192
1229902864195215363
1229721490557472770
1229540325900902401
1229359099718111233
1229177884843089920
1228996704059494405
1228815505340977154
1228634320535007234
1228453107404767232
1228271922720444417
1228090725046374400
1227909537715322880
1227547145542209536
1227365943812263938
1227184763280199680
1227003575223693312
1226822382926561280
1226641174695424000
1226459986391334914
1226278797038804992
1226097600899747841
1225916394451218433
1225735207006998528
1225554017151045640
1225372844743385091
1225191619906936833
1225010435872653312
1224829276652036096
1224648057104617476
1224466783236694018
1224285586263085057
1224104388345634821
1223923408855060480
1223742034344849413
1223560824167550976
1223379613604352002
1223198451430838272
1223017224505647104
1222836045273804800
1222654844995014657
1222473812811419649
1222292458853359616
1222111262399746048
1221930054894149635
1221748876660617216
1221567672447643649
1221386489562587137
1221205293356462080
1221024220223803393
1220842897760800770
1220661710190714880
1220480503670853634
1220299325219184640
1220118122574897153
1219936936271458306
1219755824324710401
1219574556828086273
1219393349716774912
1219212335258259456
1219030955391967237
1218849785077227530
1218668577588465665
1218487396368560131
1218306173985837056
1218125008515600384
1217943962620694529
1217762611372154880
1217581415061127173
1217400221250019328
1217219036230094854
1217037847317950465
1216856620338176003
1216675518990385153
1216494406804680704
1216313059347718144
1216131888508735495
1215950696928960512
1215769469831860230
1215588298510434304
1215407079722291201
1215225902436667392
1215044708550004736
1214863518887038978
1214682306448900101
1214501140907413505
1214320012200153088
1214138741935288321
1213957538695303168
1213776355969716224
1213595167787225090
1213413947514269697
1213232768408313857
1213051564958597121
1212870368924459008
1212689192792285184
1212507970107531266
1212326911722086400
1212145607827165184
1211964403337302018
1211783195529744389
1211602029635932160
1211420816715452418
1211239644261695488
1211058590284484611
1210877237664403456
1210696041638563840
1210514863337938945
1210333643207561216
1210152463770300418
1209971255799164928
1209790111346515968
1209608986313576449
1209427725636767744
1209246485415636993
1209065328338259968
1208884146476634114
1208702993861939200
1208521865041498114
1208340524635230209
1208159320443105280
1207978142419296256
1207796940890615808
1207615743904436224
1207434542027595777
1207253369510711296
1207072170876252160
1206890976985460736
1206709769471430656
1206528584392880130
1206347389075906562
1206166196711837701
1205985008315518976
1205803810997907458
1205622610677121025
1205441431063666688
1205260216775905281
1205079031328264194
1204897831636602880
1204716646423764992
1204535461659791360
1204354265663332352
1204173051555917824
1203991882751188993
1203810682023686144
1203629479240896513
1203448285723267078
1203267108756500480
1203085897262157826
1202904710975500288
1202723536764329991
1202542401061040136
1202361114174115840
1202179936330629120
1201998741613502464
1201817550876762113
1201636348626636800
1201455154492563456
1201273967161556992
1201092768732532736
1200911582693404674
1200730403058987008
1200549190679617544
1200367994020487170
1200186791711707139
1200005610064031744
1199824397843996672
1199643211528114176
1199462028974460928
1199280821443727361
1199099620376371205
1198918444529397760
1198737259148849152
1198556059302088704
1198374864106721282
1198193733897990144
1198012459099066370
1197831282711056385
1197650163122278401
1197468894342123520
1197287684173160449
1197106508158394368
1196925431745826819
1196744119508447232
1196563045247574016
1196381810273538050
1196200528402776065
1196019338924449792
1195838140977745921
1195656948915613697
1195475755955884032
1195294617928978432
1195113393813889025
1194932340096688128
1194751083408699392
1194569783653683205
1194388590199005186
1194207402603745280
1194026195479859201
1193845015052603393
1193663825783836672
1193482629909241856
1193301429051543552
1193120236112957440
1192939049083973638
1192757846011711489
1192576652456398850
1192395459584806912
1192214273663086593
1192033257824669696
1191852054978945025
1191670692728786944
1191489474548707334
1191308295107162112
1191127102801747968
1190945918385901568
1190764727934296064
1190583527026446336
1190402347161268224
1190221132802203649
1190039936990416898
1189858743191789570
1189677553541373953
1189496367900745728
1189315208629669889
1189133970044342272
1188952789365547008
1188771579217485825
1188590384470990849
1188409338555187201
1188227997133955074
1188046803465314309
1187865596354027520
1187684419945009153
1187503223449489408
1187322023506300928
1187140821331730432
1186959639046512640
1186778448594948097
1186597270541819904
1186416067452817411
1186234871611625473
1186053660708605958
1185872488657543168
1185691286470303744
1185510087617589254
1185328884654493697
1185147710359441414
1184966506209259520
1184785339442962432
1184604120411496449
1184422930819813376
1184241739223195649
1184060540391346176
1183879377152610304
1183698163422711808
1183516965836599296
1183335786894319617
1183154571948056576
1182973461528039424
1182792288449290241
1182610995786780673
1182429801342218245
1182248594423853058
1182067401833275393
1181886208034639872
1181705018875039745
1181523819439284224
1181342638722736134
1181161442504040448
1180980238525833217
1180799075970625537
1180617850152730624
1180436666089164801
1180255464564678656
1180074276935933952
1179893081241456646
1179711894329925632
1179530694898393088
1179349492312805377
1179168302695931910
1178987149397561344
1178805961164820481
1178624732289220608
1178443524766883840
1178262326203555840
1178081132396662784
1177899948916006912
1177718758435164161
1177537665555738624
1177356361044287488
1177175176460558337
1176993979369476096
1176812780537688070
1176631596574740486
1176450389710909445
1176269210437263360
1176088012737974272
1175906810206797824
1175725635588775938
1175544535457443840
1175363285769707521
1175182044026101760
1175000840408641536
1174819650313621511
1174638491520720897
1174457272845647873
1174276072713707520
1174094868853006338
1173913742201020416
1173732494845386753
1173551291936780289
1173370100197597184
1173188910463299585
1173007716765380608
1172826525206532096
1172645319344943104
1172464132353908736
1172283023460638720
1172101746262511620
1171920553218838529
1171739366206652416
1171558164925427713
1171376975186993155
1171195789147889664
1171014589091373056
1170833385662615552
1170652198507876352
1170470992646459393
1170289815264346112
1170108606462779397
1169927420566224896
1169746225933017088
1169565040552435712
1169383829850787840
1169202823164256256
1169021453112676354
1168840262065504257
1168659058611691521
1168477881720365058
1168296668023984128
1168115483566063616
1167934284125986819
1167753079879602176
1167571903680307200
1167390708870852608
1167209501344313344
1167028315347193862
1166847115139735554
1166666008100319232
1166484727727083520
1166303549703282689
1166122350338813953
1165941160403226625
1165760045809901568
1165578769689657344
1165397564566507520
1165216561759756289
1165035181130039296
1164853990015885312
1164672787069440002
1164491604809437184
1164310405143023617
1164129213659648000
1163948011682238469
1163766837873664000
1163585630699511808
1163404443477561344
1163223235875524613
1163042051518357504
1162860853747736581
1162679657474461697
1162498488753709056
1162317278047866880
1162136069011386371
1161954891390160896
1161773691816071169
1161592498290122752
1161411403544223746
1161230115470286848
1161048926272856065
1160867737817833472
1160686521726509058
1160505456869203969
1160324129205235712
1160142930323148800
1159961750168580096
1159780567799533568
1159599358356181000
1159418178486853633
1159236968645058560
1159055790675812352
1158874587880415233
1158693392332787712
1158512202099376129
1158331011144568832
1158149805652291585
1157968614164709376
1157787415077167105
1157606230493413377
1157425056391323648
1157243850341212160
1157062649311617025
1156881449037029377
1156700250972835841
1156519076979757057
1156337870006865921
1156156687461605376
1155975496091365378
1155794281505992704
1155613087132803077
1155431895171305472
1155250711309037568
1155069509109190656
1154888313670684676
1154707277535952896
1154525930187976704
1154344730114895877
1154163709369049089
1153982346128965633
1153801155010387975
1153619960159199232
1153438773432279040
1153257564873867264
1153076381200408577
1152895185464020992
1152713989341810689
1152532805563441154
1152351601295810562
1152170418599550981
1151989226793140224
1151808019421941761
1151626831927418880
1151445629685698560
1151264441729789954
1151083243816587265
1150902132813565952
1150720849651089409
1150539668171251712
1150358468462829568
1150177272944582658
1149996091745689600
1149814881299968002
1149633693088006145
1149452492922601472
1149271304035602437
1149090107154206721
1148908919026266112
1148727725257109505
1148546604682625024
1148365341317304321
1148184147694903296
1148002955813183489
1147821752434794496
1147640557663113221
1147459379618373632
1147278174113452034
1147096971863310339
1146915787728441345
1146734585411248129
1146553457446477824
1146372203115614208
1146191007853219840
1146009817280143361
1145828628749570050
1145647429867507713
1145466227780984833
1145285038273126400
1145103839680454656
1144922831945379840
1144741463286263808
1144560334092623872
1144379065564110850
1144197907882610688
1144016686510727169
1143835529299091456
1143654295511994369
1143473091571585024
1143292015733542914
1143110721330458625
1142929712450162688
1142748450003591168
1142567129151082497
1142385944894615552
1142204738412457989
1142023547885408258
1141842356775411713
1141661164381921280
1141479967664037888
1141298782581248002
1141117572630421504
1140936389015592961
1140755207325913089
1140574014357872640
1140392809448562690
1140211612260823041
1140030411227238400
1139849213410365440
1139668024527659010
1139486843114840065
1139305642416574464
1139124454431297537
1138943248985206790
1138762064959279104
1138580864768626691
1138399755225260032
1138218480984104962
1138037285906198529
1137856090970963973
1137674906068508678
1137493693504598016
1137312511101980672
1137131504658726912
1136950132493172736
1136769028402417665
1136587732900306945
1136406548689948673
1136225357407891456
1136044145372532737
1135862971643629574
1135681768399523842
1135500576198975488
1135319381527945218
1135138177189130240
1134956983809970177
1134775786458767360
1134594598502850560
1134413407292207105
1134232204438114305
1134051013529395200
1133869825607053317
1133688629451264000
1133507479537692672
1133326249466781697
1133145055982772225
1132963854244372480
1132782655668477952
1132601451597975553
1132420275377778693
1132239079985307648
1132057879668826112
1131876380252282881
1131695676000223232
1131514283190358016
1131333107225890816
1131151917583929344
1130970875845652480
1130789512731353088
1130608455256035333
1130427123339022336
1130245937190850560
1130064776112082946
1129883552848457730
1129702362166243328
1129521169533734912
1129339986673852416
1129158785673637889
1128977579669622784
1128796387066433537
1128615326990700545
1128434009187467265
1128252794551586821
1128071621925842946
1127890411249373184
1127709229761073153
1127528051275915264
1127346848392413186
1127165796621463552
1126984448891871233
1126803256292909056
1126622080877957120
1126440863163400192
1126259682635546625
1126078469849407488
1125897285638995968
1125716080494821376
1125534983542718464
1125353705610579969
1125172512172707846
1124991314808930304
1124810124424634373
1124628922094821376
1124447735879557126
1124266547248291840
1124085347984531456
1123904313208733696
1123722976132784128
1123541762839064577
1123360585972887557
1123179364768722945
1122998307998007299
1122816984285106178
1122635796572405762
1122454602371272704
1122273426604023808
1122092212374986755
1121911026943971328
1121729810584223744
1121548629263683584
1121367426250280966
1121186240785801226
1121005046777430016
1120823863087071238
1120642661826945026
1120461475510984707
1120280271985758210
1120099145111494657
1119917996133298176
1119736698676625410
1119555491728953344
1119374305555615745
1119193263666270209
1119011916859441152
1118830714399678465
1118649540888997890
1118468328929005569
1118287282186878978
1118105935535333376
1117924764620918784
1117743565533274114
1117562364566614018
1117381166343053313
1117199974377447425
1117018947394646026
1116837584758611968
1116656390905454592
1116475353705349120
1116294014674718720
1116112950316666880
1115931624305254401
1115750432041840646
1115569224649445376
1115388053655257088
1115206838239232001
1115025655236890625
1114844459999559680
1114663278389731330
1114482070657609729
1114300889760784389
1114119674709647362
1113938517443346432
1113757300962074624
1113576110778982406
1113394920784637952
1113213718828130304
1113032513818112001
1112851359550849025
1112670128955641857
1112488942304149504
1112307734085550080
1112126572000174081
1111945355892019205
1111764264027598850
1111582969037238272
1111401874161164288
1111220589040201730
1111039388849446912
1110858195663151105
1110676994591739904
1110495821529825280
1110314593841233920
1110133412277428225
1109952222597730304
1109771021102522368
1109589846933336064
1109408646105055232
1109227441275445248
1109046310307590144
1108865053338537993
1108683858944376832
1108502668371214342
1108321460920168450
1108140271060029441
1107959075508240384
1107777878882701312
1107596693112012801
1107415513527996417
1107234306412462080
1107053102715338752
1106872013405208578
1106690729827553282
1106509528206585859
1106328351311122433
1106147134213185536
1105965978016333824
1105784745164722177
1105603555120025600
1105422359102660608
1105241180248383488
1105059985246076931
1104878787945291776
1104697595497275393
1104516386280407048
1104335218956218368
1104153996141441024
1103972812539285504
1103791622133874694
1103610423834746880
1103429221718917120
1103248049801973761
1103066845098188800
1102885657779884032
1102704522131107843
1102523274087534592
1102342116397801472
1102160881419542528
1101979670558502912
1101798509810876416
1101617274048393217
1101436102815170560
1101254901865291776
1101073665838469121
1100892460954337280
1100711273438818304
1100530064880533504
1100348891831128065
1100167689438482432
1099986503378194433
1099805293360410624
1099624113881186307
1099442909764558849
1099261728448221184
1099080508909240320
1098899342012936192
1098718120699678720
1098536951722983431
1098355728937566208
1098174562326466560
1097993361913458688
1097812164977545222
1097630976908365825
1097449791154544640
1097268578599034880
1097087514823872512
1096906203719000065
1096725057223774214
1096543803199102977
1096362764044505088
1096181426939138048
1096000234596040710
1095819023332323333
1095637842955591680
1095456637014499329
1095275454355963904
1095094258472808449
1094913080935571456
1094731861421629440
1094550691845160960
1094369481084846082
1094188289064603650
1094007082427273216
1093825905720524800
1093644714212016129
1093463520090427392
1093282309808316421
1093101132895977472
1092919921695174656
1092738739590320128
1092557546861330434
1092376360163688449
1092195144353435654
1091832757947453441
1091651725239480320
1091470483143430145
1091289188530565120
1091107984195887104
1090926808084766720
1090745595889967111
1090564431459827712
1090383220737228800
1090202029375541249
1090020830074077185
1089839643942629381
1089658430015660033
1089477257742245890
1089296044553326592
1089114851937607680
1088933664514289670
1088752479976734720
1088571268222369792
1088390095659560962
1088208889449988097
1088027706590146560
1087846494357647360
1087665324630134786
1087484134392582144
1087302936940740608
1087121727107330049
1086940531387760640
1086759330383310850
1086578142091927552
1086397017440555014
1086215768344272896
1086034569588035584
1085853364980719616
1085672164102230017
1085490995154821127
1085309776924459009
1085128727288299520
1084947408520392704
1084766207889342464
1084585002740998144
1084403819654627328
1084222618398609410
1084041430312603648
1083860218218536962
1083679141407412224
1083497870085550085
1083316715071643648
1083135442160181249
1082954272504012800
1082773059679989760
1082591869530488832
1082410704110526464
1082229486807072769
1082048284947042315
1081867094755602432
1081685898838847489
1081504711969247232
1081323545412681728
1081142455288897537
1080961146595786752
1080779932932997120
1080598738022866944
1080417541758033920
1080236511235371009
1080055158095167488
1079873969698820097
1079692781478649857
1079511570651275264
1079330398629326848
1079149195410452480
1078968001234374656
1078786797315022850
1078605643521642497
1078424426037891072
1078243221602471937
1078062019729870848
1077880825708990464
1077699629393825793
1077518451558793217
1077337270829662211
1077156060471967744
1076974862701334536
1076793681238261760
1076612468745621504
1076431291539775489
1076250082008272896
1076068894278864896
1075887722198429701
1075706504605523969
1075525309158576128
1075344118262493184
1075162975982493696
1074981727452434432
1074800552675028993
1074619347438628865
1074438141606551553
1074256962672574464
1074075765904433152
1073894572164550661
1073713371499896832
1073532173527986176
1073351003511107584
1073169794181021697
1072988587283636231
1072807401370324993
1072626204769968128
1072445168559775744
1072263831408250880
1072082625710440448
1071901426631303168
1071720306476310528
1071539038576889856
1071357857847754752
1071176648001814530
1070995451648843776
1070814263076446209
1070633083421016064
1070451883511296001
1070270826178666496
1070089490004365312
1069908298537857024
1069727115824848897
1069545910789656577
1069364715510525952
1069183535553159168
1069002322926280705
1068821140305571840
1068640075053961216
1068458755560480768
1068277545504841729
1068096528986836997
1067915157676965888
1067733973596553218
1067552942411137024
1067371592991338496
1067190404444028933
1067009194291798016
1066827993778130946
1066646809290948608
1066465617119715329
1066284465138401281
1066103224040599553
1065922043475050496
1065740833624866817
1065559645744504833
1065378474733522944
1065197443606827008
1065016056157282304
1064834870978011137
1064653679221985280
1064472484383244288
1064291454120591360
1064110238771511296
1063928895144173568
1063747707414765568
1063566510176768006
1063385323093266432
1063204182885392384
1063022939296153600
1062841728141574144
1062660547215273985
1062479341316177920
1062298311129030656
1062116967103021056
1061935772692086785
1061754570718756864
1061573380263079937
1061392178239410176
1061210993068531712
1061029790327672832
1060848610101866496
1060667402223083520
1060486213747044353
1060305161443311616
1060123958572396544
1059942627339132928
1059761439609634817
1059580251473350660
1059399057918058496
1059217851800870912
1059036666164330497
1058855462857261057
1058674431831298049
1058493072961609731
1058311882526855168
1058130691941130240
1057949504685641729
1057768308286652416
1057587111459741696
1057405913143918597
1057224724395294720
1057043542529454086
1056862338182275072
1056681144983400449
1056499952074088448
1056318804102393857
1056137551545798656
1055956471324794881
1055775177919868934
1055593997438279680
1055412770269732865
1055231584247398400
1055050398808133632
1054869200949428225
1054687994123374597
1054506821787049984
1054325622955302912
1054144454393806849
1053963232698871809
1053782031954571264
1053600841620508672
1053419646228029440
1053238446393868290
1053057372795662336
1052876070964391936
1052694867556601858
1052513771464339457
1052332480068345861
1052151276702769152
1051970105205301249
1051788899096379393
1051607753616236544
1051426528251338752
1051245318728245249
1051064212523548672
1050882943391027201
1050701739576492032
1050520539897434112
1050339354969853952
1050158159053119491
1049976956417187840
1049795769392398336
1049614567356149760
1049432712552026112
1049251502341193728
1049070344152211456
1048889138332807168
1048707921880780802
1048526729114013697
1048345560628043776
1048164502573916160
1047983314026618881
1047802058965966849
1047620757382094851
1047439570147725314
1047258375808061440
1047077168357019648
1046896125293334528
1046714793284055040
1046533642376409091
1046352408434167808
1046171200861483014
1045990042949365760
1045808846726459393
1045627636687540224
1045446465567555587
1045265248394129408
1045084043652616192
1044902968724779008
1044721652544798721
1044540460151316480
1044359278889447425
1044178073581748224
1043996944702599169
1043815693542674433
1043634496753623045
1043453293928833025
1043272135056269313
1043090917203304449
1042909888781983744
1042728527194476544
1042547328861777920
1042366143045017600
1042184938529808385
1042003751178055681
1041822572567060485
1041641357054554113
1041460196114132993
1041278970925408256
1041097774559895552
1040916589380550656
1040735388493639681
1040554327574831106
1040373029497434114
1040191808943415296
1040010773404286976
1039829415558033408
1039648224775204864
1039467028367720451
1039285850985705477
1039104640200175618
1038923562005000199
1038742255652298752
1038561065553014785
1038379903425687552
1038198685518233605
1038017481183584256
1037836288215457792
1037655092944687104
1037473905265528838
1037292705968279552
1037111510479368194
1036930327967682560
1036749271704502272
1036567923177996288
1036386733800206338
1036205594607329281
1036024357762543617
1035843312979206144
1035661957939036161
1035480763523903489
1035299570769711104
1035118381618356224
1034937181478039554
1034755987255832578
1034574791951491077
1034393606474420224
1034212440190279681
1034031285109489664
1033850019097595905
1033668835126206464
1033487629944270848
1033306451685588992
1033125243651538944
1032944043758632960
1032762856008310785
1032581665976209410
1032400465399431169
1032219282661236737
1032038080528699392
1031856919584104448
1031675712825188354
1031494625679339520
1031313329002868736
1031132255723417600
1030950958380056577
1030769734952923141
1030588529099894784
1030407339084529665
1030226142135898112
1030044945472733191
1029863807215198208
1029682555501641728
1029501366929158145
1029320181561085952
1029138997770158080
1028957783268487168
1028776590916952065
1028595394761121792
1028414212031299584
1028233052395380737
1028051814833418240
1027870626411933697
1027689428003815429
1027508233093693441
1027327034857533441
1027145839788138497
1026964647272960001
1026783454686576640
1026602274624163840
1026421074525868032
1026239881587187713
1026058699020947456
1025877496728825856
1025696285624553472
1025515095252787200
1025333987328368640
1025152716132298756
1024971522098835457
1024790324504391680
1024609169582764034
1024428102322192384
1024246738729754625
1024065635624599552
1023884360410451968
1023703171078737924
1023521968971284480
1023340782860861440
1023159585870364672
1022978534510407680
1022797184910196736
1022616036510720000
1022434799733141504
1022253713539444736
1022072419283083269
1021891228718260224
1021710019300126720
1021528883550736385
1021347653291044864
1021166451699474434
1020985261214363648
1020804063359848448
1020622862540070913
1020441666598187019
1020260478419963904
1020079287129518084
1019898115363606530
1019717060270743553
1019535701157826561
1019354624447401984
1019173319462064129
1018992134303739905
1018810931214774273
1018629830907187201
1018448526609670146
1018267375634968576
1018086141290074112
1017904958958702592
1017723768339419136
1017542576856010752
1017361385209155584
1017180207596429314
1016999155154276352
1016817841339854848
1016636596920217603
1016455414043602947
1016274220643479552
1016093013716676609
1015911808975040512
1015730642821271552
1015549421092835328
1015368294688227330
1015187040701440000
1015005873171771393
1014824655763492865
1014643483901091840
1014462262520795136
1014281074078347265
1014099874067906560
1013918710250311686
1013737490325364736
1013556317531799552
1013375165198143488
1013193938390396928
1013012721330212864
1012831539309228032
1012650337759563776
1012469164932567040
1012287937709518848
1012106774701334529
1011925552775749632
1011744382419111937
1011563166244003841
1011381991391014913
1011200770375651329
1011019602917314560
1010838390130999298
1010657216217669632
1010476001862868993
1010294814385098752
1010113599736569856
1009932445574189056
1009751218783227906
1009570060627861507
1009388831739731968
1009207845609406464
1009026440162152450
1008845405067636737
1008664059883991041
1008482515806453761
1008301310037372928
1008120133129326592
1007938910419406848
1007757731900555265
1007576540132118528
1007395353015017473
1007214184621322241
1007032973693214720
1006851865890447362
1006670589476655106
1006489403139788801
1006308176000675847
1006126966607699969
1005945798201430016
1005764582982471680
1005583594457391104
1005402202725380096
1005221021740355584
1005039804248150016
1004858643861458946
1004677419708637184
1004496352372543488
1004315028969967616
1004133871208816641
1003952666068901888
1003771449377779718
1003590257424715776
1003409079845388289
1003227866551775232
1003046703434534912
1002865489679351809
1002684435291148290
1002503084378083329
1002321918266142720
1002140693995941890
1001959531969171457
1001778310475546624
1001597149975580673
1001415930893791237
1001234763724795905
1001053535470006273
1000872359115546624
1000691154143326208
1000509992154423296
1000328762117054464
1000147590992801797
999966379099947009
999785217731846145
999603997039349760
999422822287134720
999241613472870400
999060445767065600
998879368180043776
998698043636633600
998516821564248064
998335656727375873
998154450215882752
997973342786392065
997792083854454784
997610876147589120
997429656902127616
997248480186781696
997067276678582272
996886104702930944
996704898073939969
996523716422062080
996342680484446208
996161453823614976
995980263900446722
995799043430285312
995617854635630592
995436674527178752
995255468443557889
995074277534830592
994893250988249088
994711893775474689
994530687070941185
994349503263145984
994168321418387456
993987121168965633
993805910379253760
993624734960111626
993443528373100544
993262344418611200
993081146027184129
992899958880776192
992718750800580610
992537578166472711
992356386892865538
992175319401541632
991994002042912768
991812797041401857
991631620770758657
991450429505630208
991269199749242880
991088016658718725
990906830665678848
990725641703174145
990544434340286464
990363258371616768
990182033019359233
990000987892060161
989819662148997120
989638474239266816
989457272777650181
989276082112204800
989094877844725760
988913804879847424
988732489488363530
988551296608362497
988370105628332032
988189157578149889
988007806186991616
987826567387729926
987645325132300288
987464223054876673
987282997903855617
987101754813747200
986920552412712966
986739384316723200
986558172474281984
986376964905807872
986195783493005312
986014574699778049
985833390481006593
985652411464331264
985471006654509056
985289828584644608
985108608630317056
984927427259486208
984746232617799680
984565039901310978
984383847054872577
984202687238504455
984021643298332673
983840260864999424
983659072800067585
983477877827166208
983296680790515712
983115493925179396
982934293398814720
982753084328828928
982571901246722048
982390698434617344
982209520486170624
982028335395102721
981847123670044672
981665924347461632
981484740304916480
981303636662898690
981122335028731904
980941156837220354
980759965429325825
980578783379050497
980397582164877312
980216382334873600
980035178511912960
979853992988741634
979672786967855104
979491604594556929
979310407671255040
979129211783974913
978948014848069632
978766831308673029
978585620934217729
978404449877200896
978223238970068993
978042048925392896
977860889666834433
977679657444233216
977498483350532097
977317269582868480
977136087960358912
976954989351497730
976773705509548033
976592493813825536
976411464755040257
976230108167012352
976048926456451078
975867742875201536
975686528109334528
975505329860628480
975324196892037121
975142942598934528
974961752919171073
974780554846593024
974599370036465665
974418345943498752
974055777227993088
973874594909126656
973693388926148608
973512217529405440
973331013911891968
973149813255626752
972968622497914881
972787431681482752
972606289405775872
972425033619509249
972243839544152067
972062806479646720
971881450042789888
971700277408649216
971519064979005440
971337871738236928
971156673804021760
970975480982790145
970794294343761920
970613099383357440
970432075919699968
970250703133401088
970069515542417408
969888335492800514
969707133133643776
969344739735687169
969163763357188096
968982346794962946
968801163402469378
968619967397711873
968438779102064640
968257567863590912
968076548677996544
967895192312471553
967714005459570690
967533059863142402
967351608366518272
967170407278182401
966989217401368577
966808024601038849
966626833167978496
966445632503386112
966264445109403648
966083245615058945
965902063568871424
965720845669847040
965539794347544576
965358468562636806
965177291268612096
964996083809169408
964814896599846913
964633709356953600
964452567488090113
964271313845215232
964090119853666304
963908925627256838
963727726996844545
963546530480353280
963365340498538496
963184145265582081
963002944114384897
962821762516996096
962640579493580801
962459370171846657
962278184246042624
962096978569162757
961915793628950528
961734599683530754
961553398985383936
961372208688922624
961191016387809280
961009814657748992
960828717961502720
960647416860020737
960466240711118848
960285045238976512
960103857572413440
959922693289267202
959741472059817984
959560267842584577
959379073326878720
959197877745659904
959016682466496512
958835544355688448
958654296979070976
958473103746719751
958292057617027072
958110708616622086
957929701636476929
957748324676898818
957567148913643521
957385949759131648
957204750189191169
957023685772275716
956842364072587264
956661325572333568
956479972880863232
956298809289699328
956117759741562880
955755206523973632
955574053561163776
955392891702083585
955211612973084672
955030448127860736
954849234020388864
954668140180463617
954486847635378176
954305649302753280
954124449439154176
953943383663398912
953762067294629888
953580871608623106
953399674563686400
953218480362393600
953037273917947906
952856100088500224
952674902062063616
952493855185817600
952312519934214152
952131329658777602
951950120458825728
951768931357913089
951587728117952512
951406553348935680
951225347596529666
951044153244299264
950862942643347456
950681766557298688
950500695605698562
950319386774122497
950138180807864320
949956997302153216
949775814572298241
949594604290105344
949413405349294080
949232215820419072
949051023578066944
948869833768230912
948688637339799552
948507439925809152
948326239068131329
948145042606215168
947963963341500416
947782664681115648
947601473143234565
947420387218018304
947239090717626368
947057886752051200
946876700117397505
946695493240881152
946514309529686019
946333120390991872
946151922557444098
945970768516612096
945789521274294280
945608327496634368
945427124046966786
945245999710208000
945064762664194048
944883560061816832
944702395782713345
944521177875275776
944339977990823936
944158778139824128
943977598656360448
943796399841468418
943615207204585473
943434131949662209
943252807859228677
943071617177006080
942890415015022592
942709243425251329
942528053166723072
942346846067884032
942165792837259264
941984441462853632
941803237665058816
941622059150512128
941440882108239872
941259688200605697
941078468959326208
940897308270579712
940716094389669889
940534902537244678
940353804293337088
940172590190080000
939991306239135744
939810135198793728
939628920521068544
939447728551157762
939266540331028480
939085353046208512
938904158861701121
938723180155457538
938541774884294656
938360788313616384
938179438415699968
937998191232016384
937816993717211138
937635804150685696
937454592740163584
937273401848287232
937092203482054657
936911029149167616
936729822474260480
936548840878034944
936367445727698944
936186252893806593
936005053911109635
935823869306458112
935642859704897536
935461479419138050
935280279547195392
935099093973721088
934917878029127680
934736700823228416
934555670791249921
934374302929117186
934193104143470592
934011933291962368
933830726423928837
933649591035138054
933468328047280128
933287265320742912
933105938315096064
932924986221883394
932743567084343296
932562378369241088
932381163611676673
932199986347077632
932018785887932416
931837592487768064
931656606437314560
931475217704251393
931294032994750464
931113141957808128
930931622542827520
930750436860219392
930569231292403715
930388051729244160
930206846832513025
930025658562109440
929844676915597312
929663264358830080
929482131071471617
929300878644994048
929119891583508480
928938528645566465
928757305054846976
928394780761055232
928213581438570496
928032390110416898
927851228524146688
927670006539870209
927488810925076482
927307605336297472
927126432723165184
926945227209891843
926764029820878849
926582851885203456
926401646443327488
926220466666246144
926039266345586694
925858066465284098
925676886180679681
925495708949667841
925314484247433216
925133288515260416
924952104598409216
924770920656506880
924589703168512002
924408527514456066
924227319497154561
924046138746994689
923864933212794881
923683756338270208
923502533598904322
923321369085038592
923140230739320832
922958949460082689
922777927422480384
922596586668032000
922415380290768896
922234197913292800
922053001598160897
921871820659322882
921690651569348608
921509422442188800
921328202949197827
921147034014543872
920965816845328386
920784656223690752
920603436521058304
920422239425695744
920241048386981888
920059862196858880
919878658914955265
919697483395149829
919516281560358912
919335069835255810
919153893782818817
918972720024641536
918791491350421504
918610318439407616
918429109889519617
918247912571920386
918066717879873536
917885619812143104
917704322736992256
917523149041913856
917341989317816321
917160768747069440
916979569294561281
916798429354954752
916617173442924544
916435965329240065
916254817420443648
916073586397466624
915892402052878336
915711203644727296
915530045866823680
915348816018231296
915167613541548032
914986427594797057
914805257800175622
914624059857661953
914442943712448514
914261661086822400
914080464503214081
913899287393832960
913718067309490178
913536867219501056
913355691670298624
913174489894195201
912993347056304128
912812104310280192
912630900986466304
912449717904248832
912268518284029952
912087321817862145
911906126488358912
911724936988958722
911543858357587968
911362538880864256
911181348911579137
911000378484887556
910818966590906368
910637774931398656
910456587743105026
910275531253350401
910094187378413568
909912998898171904
909731799181484033
909550604216922112
909369421243838464
909188224182099969
909007027120336896
908825827449634817
908644639854485505
908463541555998724
908282247962349569
908101141476593664
907919860889538560
907738671960522752
907557472377999360
907376306861600769
907195095828615169
907013882803310604
906832703244435456
906651517352071168
906470309074698240
906289119139172352
906107912451489792
905926743797714945
905745538255122432
905564355869241344
905383156253118464
905202024526045184
905020752180674560
904839580192518144
904658369385988097
904477169690316800
904295986444554240
904114795078615040
903933648457662468
903752408467218432
903571210231062528
903390018147950594
903208825376911360
903027636351500288
902846439935619074
902665242899075072
902484042498625538
902302871936524289
902121662207987712
901940457365794816
901759271054053376
901578282533093376
901396887806373888
901215704824918016
901034496316801024
900853312827924484
900672192853286914
900491026145652736
900309723056046081
900128532743016449
899947321529704450
899766160174063616
899584947270373376
899403741547376643
899222557404123136
899041361839738880
898860167768358912
898679077770375168
898497786353725441
898316587748425728
898135389722079232
897954200721776641
897773012879126528
897591820569411585
897410614129303552
897229442837336070
897048231280037888
896867042980237312
896685840335810560
896504656003813378
896323454986842112
896142365752147968
895961061605736449
895779884102037508
895598682426494976
895417486580961280
895236288957345793
895055106177204233
894873901339201536
894692724439478273
894511611028934661
894330329766526976
894149129009602561
893967931792642049
893786739944415232
893605545147600897
893424350740828160
893243154006245377
893062040721518592
892880917471145985
892699581292695552
892518515831427073
892337288356737025
892156014669307904
891974804483526656
891793604863295488
891612414206238720
891431220319580160
891250029595430912
891068835616391170
890887635752931328
890706442835111936
890525392523677696
890344061730738176
890162862601244672
889981669469544450
889800474186190852
889619286741929984
889438258907815936
889256921903108098
889075692738097152
888894511564369920
888713379963121664
888532117981995008
888350915937349632
888169726383403008
887988524095504384
887807348324139008
887626145717473280
887444950169919488
887263760855048192
887082578615971841
886901368803524608
886720178523971584
886538975321755649
886357787093192704
886176603239272448
885995402935316480
885814202509795328
885633006668574723
885451822374191104
885270623295074305
885089429261561858
884908234351534080
884727048056569857
884545859844702208
884364645980655616
884183470108536833
884002269636812800
883821071409045504
883639876930998272
883458689495117825
883277589560864768
883096297007435776
882915121596694528
882733934014078976
882552712830877696
882371516578623488
882190328933097473
882009233998450688
881827946050224128
881646749819056128
881465570155266049
881284353426370560
881103156364685312
880921973991329793
880740782067642368
880559582765920259
880378394155900929
880197190609551360
880016003169755136
879834808779755522
879653610199670784
879472431156670464
879291227321110529
879110031232442368
878928852734574593
878747644482523136
878566441963986945
878385257715781636
878204053745942528
878022869741187076
877841667235094528
877660478419468288
877479291474391040
877298093544398848
877116894863609856
876935720216211456
876754521514541056
876573316332609537
876392142071111681
876210934091591681
876029720541921281
875848549413662720
875667340301611008
875486153872429061
875304968856711169
875123765826531330
874942570090168320
874761375737942018
874580185114435585
874399005270315008
874217798372864004
874036643019321344
873855418711384064
873674216532578305
873493008087384064
873311825768706048
873130632318251009
872949444735635456
872768238605750273
872587054684803072
872405863314620416
872224663623151617
872043470155911168
871862295789527040
871681085129854978
871499884586835968
871318702788136961
871137508981190658
870956474511634432
870775119483981824
870593911999410176
870412721128452096
870231543847026688
870050331790651394
869869140915482624
869688122979876864
869506857752289281
869325569615417344
869144379201662976
868963205103616001
868781987552780288
868600788846866432
868419582368899073
868238403099402241
868057202661228545
867876153293492224
867694826791350272
867513619306754049
867332433036939265
867151230497370113
866970028331159552
866788855437029376
866607659683860480
866426455143665664
866245431789072384
866064068083412992
865882863434125312
865701678376517633
865520496498008066
865339292754857985
865158183920291840
864977077170302976
864795720615948288
864614699484270593
864433342112047104
864252149168996352
864071151580065792
863889742789828608
863708562769539072
863527356614529025
863346146265137152
863164967037673472
862983788376326144
862802583303278593
862621389790089216
862440198038319105
862259008173998080
862077805139566592
861896634304692224
861715423603175424
861534228005179392
861353032730148864
861171839195906048
860990640649371648
860809436641841153
860628251248648192
860447052702121984
860265859243278337
860084669643190272
859903472577150977
859722278195613697
859541095608442882
859359891886092288
859178723001741312
858997504930709504
858816308246441989
858635166029410304
858453930392662018
858272713001099268
858091533115027456
857910337437405185
857729147426275328
857547948854521857
857366759422259201
857185558870859777
857004373511155713
856823168807391233
856641992645804032
856460792283226112
856279594143559680
856098412911112192
855917210233188354
855736004396937216
855554824045297665
855373627855908865
855192429733060609
855011249301671936
854830045667500032
854648859548581888
854467657021706244
854286460047982592
854105280824705024
853924082164932608
853742880862720000
853561699743432705
853380492560932867
853199286309466112
853018103881637888
852836919733960706
852655712505397249
852474538378002433
852293331061264387
852112327323340801
851930943229132801
851749742736547840
851568586011418625
851387368154296321
851206164612345857
851024956943200257
850843777879224321
850662569719320576
850481385492164608
850300203030761474
850119004127731714
849937820567441408
849756615574249473
849575425064022016
849394307199053825
849213033159299072
849031850236538880
848850645461479424
848669450123579395
848488275463610368
848307170336788480
848125874645991426
847944680750895104
847763494254628864
847582282172989441
847401085098524672
847219967170949120
847038708004110336
846857504927682561
846676310189592576
846495136519467008
846314059121278976
846132738298167298
845951598073450496
845770346615787520
845589148119584772
845407961610620928
845226765509373952
845045569546530816
844864392030183424
844683192980439043
844502003262918658
844320809611079686
844139596732661760
843958421300895745
843777219713519616
843596021917777921
843414819135000576
843233633670447104
843052430283685888
842871251089670151
842690051289112576
842508858975293440
842327650135867392
842146468916011008
841965289583591427
841784097336905730
841602901164359680
841421707730702339
841240515744022528
841059313812684800
840878114137874432
840696918359564289
840515726939152385
840334524521287681
840153336858869760
839972154720550912
839790944794914816
839609867803426816
839428562251829248
839247358055575554
839066181466206208
838884983485919232
838703777213526016
838522579312914435
838341597230215169
838160192332304384
837979006683131904
837797812632973316
837616823436787713
837435415648956416
837254227529433088
837073041884499971
836891847985360896
836710647383666689
836529453782167552
836348269072613376
836167069787910144
835985862936653825
835804681037307906
835623601500008453
835442291934375936
835261086328815616
835079906660855808
834898726124650496
834717519537700864
834536312048910336
834355127523930112
834173919926038528
833992740304191488
833811550125379585
833630356456751104
833449149634863105
833267967425118209
833086838520823809
832905583766466561
832724373937086468
832543187793276928
832361990291066882
832180963107012608
831999596507303937
831818597681004546
831637208922804225
831456241750855682
831274839885414400
831093643469537281
830912438392541184
830731250554064897
830550054918303744
830368864508719104
830187656223027200
830006478719303681
829825291224809472
829644095794606080
829462889291472897
829281697560686592
829100496711458816
828919313516093442
828738131159613441
828556916737589249
828375717423493120
828194550351089665
828013366891442176
827832148640034816
827650951964155904
827469766482915328
827288592661757952
827107376562061312
826926165466181634
826745036540887041
826563782428205061
826382772361166850
826201408391278593
826020232619753472
825839004943806465
825657824197935104
825476614268055552
825295428044353538
825114408930131976
824933053210435584
824751840462004224
824570711025086466
824389461731471360
824208281514151936
824027066001661953
823845882034618369
823664695244713985
823483504923148289
823302289385459713
823121115535015936
822940047402008576
822758711659732994
822577680616919042
822396340529348608
822215124895363072
822033985316515840
821852748048171009
821671566002032640
821490354931245056
821309323787849728
821128155276738560
820947533929267202
820765584619094016
820584376471879680
820403192571760641
820221999100334084
820040800058900481
819859620961415169
819678413111889920
819497227542470656
819316080883724289
819134943121080320
818953645718900736
818772452163649536
818591264820133893
818410066290348033
818228855861284866
818047671176929281
817866622610407424
817685279158976512
817504097624588289
817322915507138561
817141691106914304
816960502555410432
816779310086361088
816598114337484800
816416926226382848
816235745652473856
816054547789529088
815873355035320320
815692151484989441
815511084144689152
815329795710058496
815148570982711296
814967374344548352
814786222321188865
814604984260132864
814423802146856960
814242596272869376
814061409625640960
813880219295682560
813699036163227648
813517831740465158
813336640286556160
813155432495771649
812974237380182017
812793040536485893
812611848503754752
812430666528935936
812249480347209728
812068281075036162
811887075243020288
811705879787663360
811524709238112256
811343490001072128
811162324249747456
810981123018936321
810800057406492672
810618717797306372
810437545679056896
810256327297662977
810075136372178944
809893939562106882
809712765271150592
809531550790483968
809350381931216896
809169168360767488
808987989292580865
808806781552050181
808625588231667713
808444401668288512
808263212642816000
808082081939079169
807900902262734848
807719622313123840
807538455970512896
807357225354334208
807176039671721984
806995015230693376
806813670659522560
806632451196014593
806451274770219008
806270071387652098
806090066250579968
805908884326088704
805727717299781632
805546537715634180
805365300531183616
805184090139951105
805002917115727876
804821705797566464
804640528923062272
804459324647018497
804278143901138944
804096934562689024
803915823337402368
803734537079521281
803553353091416064
803372166397956100
803190982632087552
803009946182963200
802828587250384897
802647380436938752
802466190216089600
802284991174430720
802103811611435008
801922603812261888
801741418347855874
801560214466154508
801379031249776640
801197985166200832
801016647876300800
800835459521871872
800654257649127425
800473052307824640
800291876305678336
800110666744930304
799929465883205632
799748274349604865
799567099056123904
799385896827043841
799204710532018177
799023500753326081
798842321731076096
798661109389496321
798479936801665024
798298732223758340
798117548256620544
797936331808800768
797755152199483392
797573938754834432
797392750715039744
797211566630436865
797030383787380736
796849169730326529
796667998585192448
796486782993006592
796305710359388160
796124413997543424
795943222522548224
795762019668545537
795580829732900864
795399803744190464
795218609459105796
795037234344890369
794856043507548160
794674843732111364
794493662914822144
794312477983076352
794131460504616960
793950101144223744
793768888907489280
793587680898678785
793406493026639872
793225306614206464
793043161530728448
792861978431721472
792680997544398848
792499590008283136
792318372872654849
792137206471258112
791956019307958272
791774811559256064
791593616779141120
791412440382734336
791231226841620484
791050041737768961
790868845053505536
790687649963077632
790506453400428544
790325403420389376
790144072157626369
789962879118274560
789419290931896320
789238090896445440
789057163046055936
788875714892275716
788694515687317504
788513495050510336
788332119886036993
788150934882877440
787969745018560512
787788538548981761
787607363285123072
787426169083887620
787244958180904960
787063913410097155
786882573670686720
786701587582418944
786520190829887488
786339000286150656
786157795741732864
785976659036037120
785795517045407744
785614222021517312
785433083986243584
785251832390094848
785070645952610305
784890375366410241
784709254003494912
784527980169134083
784346787050053632
784165601606508544
783984402799927296
783803215737421824
783622014380703744
783440824961040384
783259625495953408
783078433282719744
782897245133889536
782716036051263488
782534857972932608
782353819296464896
782172471071875072
781991270554173441
781810072926187520
781447781814824960
781085292623257600
780722912433168384
780360559766175744
779998264158515201
779635747179597824
779273354679377921
778911068986847232
778548582471393280
778186337220427776
777823805620228096
777461429607759872
777099029406748672
776736642879123456
776374256779325440
776011870931124224
775649479181688833
775287100237160449
774924712258437120
774562304360845312
774199919494172672
773837541069955073
773475156203364356
773112766173417472
772750373467590656
772387981349031936
772025598264877056
771663212450189312
771300809774604288
770938437516029952
770576214981505024
770213663059894273
769851269590679553
769488884375949312
769126493821734912
768764102395191296
768401724663037953
768039314836037636
767676958423613440
767314551176040448
766952166779129856
766589774941589504
766227393837146112
765502618055675904
765140233444876288
764777855133900800
764415449408954368
764053063690706944
763690679952257025
763328282498572288
762603510202560512
762241121540071424
761878739764514816
761516505393729536
761153953899880448
760791797471862788
760429187417145344
760066812092506116
759704408183758848
759342030900396032
758979630531354624
758617245165690880
758254582397079552
757892423880155136
757529492546093057
757167628293136384
756805253488607232
756442845305774081
756080458736275456
755718082291699712
755354645086793728
754992246945095680
754630117855469568
754267490604183554
753905176705110016
753542693817618432
752817962025910272
752455532527624192
752093153449111552
751730776086024192
751368370910552064
751005984961785856
750643592667000833
750281204679712768
749918944996229120
749556518203392000
749194054085279744
748469400668377089
748106876630491136
747744488852963328
747382110906888192
747019707966971904
746657332336201728
746294947976970240
745932545133535237
745570164071141376
745207775744135172
744845394228707328
744483007935963136
744120618061303808
743758232628273152
743395833001938944
743033445048320000
742671059158208512
742308681199587329
741946290028830720
741583904113610753
741221503207940096
740859117011619841
740496731960397824
740134343704727552
739771959865683968
739409576764833792
739047188790153216
738684798840012800
738322412463378433
737960025281466368
737597646999687168
737235262359621632
736873003422732288
736510482446733312
736148093700321280
735785697232211968
735423516825243648
735060968577847296
734698534180651008
734336141881712640
733973735821217792
733611420894564352
733248976477163520
732886588192108544
732524200708182017
732161812003758080
731799428214996992
731437025824505856
731074652186025984
730712256732930049
730349871245475840
729987480406134784
729625105844846593
729262698702229504
728900311507701760
728537925852475392
728176460381487104
727813804998922240
727451405867454464
727089028206608384
726726751628439552
726364250910892033
726001853016760321
725639458738081792
725277091227426817
724914688690130945
724552318566445057
724190092298989568
723827531095396352
723465143653421056
723102791502274561
722740378672185344
722378000218591233
722015598985744384
721653217252274177
721290823686623232
720928421442908161
720566047397539841
720203767275241472
719841264150122497
719478874661339137
719116501702307844
718754178693210112
718391709227479040
718029337782534144
717666935706673152
717304553180368897
716942181181825024
716579787356172288
716217401919074304
715855009074835456
715492628406505472
715130237147881472
714767847357026304
714405461794099201
714043307110875136
713680679549145088
713318674216718336
712956285306540032
712593889274757121
712231500083830785
711869122552995841
711506723224350721
711144403843293184
710781953713246210
710419558239174656
710057172135186432
709695034971574272
709332394508206080
708970004918747136
708607622128254976
708245241854345217
707882848183848960
707519637202837504
707157246845648897
706794862708957184
706432469378146304
706070276824502273
705707698508185601
705345590381682689
704983117531054083
704620704424181760
704258315661021188
703896018182676480
703533525887279104
703171157344669698
702446373023719424
702083990124163074
701721608772161537
701359222294970368
700996809016156160
700634449554214913
700272203330363392
699909664096546816
699547273991163904
699185003985555456
698822660684382208
698460476758487041
698097708813389824
697735319689551873
697372930292981762
697010547913572353
696648178142154752
