1330417184192028672
1330354528928063489
1330317247307526146
1330189608500535312
1330186298926243845
1329875500525907969
1329792751756582915
1329492453884370950
1329470222252838912
1329469901225029635
1329229890852368387
1329199895773843457
1329190665834598401
1328909726223097856
1328840745382535177
1328753133619728385
1328735976471093248
1328720853144662022
1328474082212519937
1328418595152465920
1328407778151583744
1328175410539016192
1328123578324279297
1327781965941137411
1327666446747492352
1327627319767339009
1327620855568986113
1327362928945885184
1327361112967417857
1327287987399438336
1327287037179867138
1327262585008386050
1327260232079257602
1327236218086711296
1327050907427680258
1326601221038288896
1326588422040006659
1326587307122716672
1326582223206813698
1326574598855528453
1326569242146299904
1326565427552673794
1326333003547762689
1326323736858005510
1326281531908890624
1326259761290113026
1326224278388420613
1326198643339259906
1326175656007364610
1326171433177931784
1326171019640528902
1326169839107534848
1326168272975302660
1325872439633571846
1325838985239928833
1325830755235352577
1325828649845723141
1325820190022643720
1325803320699711489
1325799501072916482
1325784795247489024
1325781703227543552
1325645870717689858
1325553806847975426
1325532444150407174
1325513164176416771
1325508436008837121
1325240964043116544
1325238309115846657
1325139123313627138
1325127443670315008
1325124475210194946
1324848658639192069
1324813020212678659
1324810536593272832
1324807717928787973
1324794538171523073
1324793463553069063
1324793208296116229
1324791966039756801
1324789072473268227
1324779983957561350
1324746659998420992
1324555378080841728
1324509531196563456
1324474649833623553
1324433958990393344
1324378019448893441
1324354774867869696
1324216958468952064
1324212558459535361
1324209880203513856
1324199933566738432
1324136379291439104
1324132814619639813
1324130063525302273
1324126446487482368
1324081817385914369
1324040475356135427
1324010547994677248
1323998542785110017
1323832226904236032
1323684076579180549
1323615555400699905
1323354161384181764
1323338820755070976
1323325335082094597
1323310405779890176
1323271272499974149
1323269956956540931
1323269885607079936
1323267727793016834
1323266275645292544
1323107667364204544
1322973167829344257
1322756664274112517
1322585283649544192
1322543824816623616
1322375730655862784
1322273744535097356
1322247230175268869
1322192787555627008
1322191974070423553
1322178434181844997
1322175455701716994
1322005283170902020
1322004584416632838
1322004402257993731
1322001434502717440
1321999742130421760
1321527984340303872
1321508033848135680
1321506687468085251
1321492817668120579
1321204093218660356
1321203952344567812
1321202821505687553
1321199056887128064
1321176513480413186
1321173536896176128
1321171609676357640
1321168848159182852
1321166885166206976
1321163562077818881
1321159185367785472
1321158078776172544
1321152992100405250
1321088750588432388
1320767807278272513
1320743492616937473
1320712667204603905
1320520272110379010
1320416755341295616
1320172508415512577
1320060295860113409
1320005645026906112
1319728152927756288
1319631969702084615
1319468880394358786
1319430451661017088
1319345427553157122
1319343399724552201
1319339833408499715
1319337070301765634
1319329031532236809
1319324000032612361
1319322540809084928
1319321684470603776
1319319028209516546
1319318513757061120
1319317550291890176
1319317125014736896
1319314197826646018
1319308544974479362
1319306702961999875
1319048535430565889
1319047911725027329
1318982891884478464
1318982518360756224
1318981572469624832
1318956262474829826
1318954024318734337
1318953828918661122
1318951464279134208
1318924082390380545
1318652009818501121
1318586198630277121
1318353562745917440
1318212894639751179
1318207338751397889
1318013954367651840
1317991163534729216
1317693045886930944
1317593941072613376
1317528393882214401
1317470629382246402
1317468233608400898
1317458008931246080
1317195627617452032
1317103695465730049
1316937296013295616
1316935192330838016
1316824413451542528
1316822469274152963
1316782108665425920
1316781860022890511
1316781141802864640
1316779961966120963
1316771198022356993
1316770172896792577
1316767934824493056
1316766794162548736
1316750168717434880
1316743943955116034
1316732959089733634
1316730629636186112
1316713659578691592
1316558111348490242
1316476121211449347
1316471462858027008
1316470724979195906
1316458978038222848
1316454243944067075
1316454189451665414
1316447510362288130
1316433977180401664
1316406799512281093
1316396272786472962
1316377841408372737
1316376809714442241
1316374630232453121
1316354094588715009
1316186731700514817
1316183752922595328
1316178630096171014
1316167961749721089
1315798544880668677
1315796736116391937
1315687207546630149
1315656868795240448
1315481273398329346
1315476372593180672
1315350916439179265
1314983632487043072
1314979099362893825
1314975702823952386
1314970030141050882
1314966435379253249
1314960463785009153
1314410180524867586
1314286313709940738
1314208224963248130
1314203416659329042
1314047766952316928
1314014047696814080
1314012455920599042
1314011626350276609
1313949447886434306
1313838525486436352
1313830359948316672
1313568308931723267
1313568160491147265
1313549482563448833
1313494409586053124
1313457652240916483
1313311373653405697
1313214792702857216
1313211579660472321
1313198871917531138
1313184083716038656
1313152968011771904
1312866344015101953
1312617426933157889
1312392211988992000
1312389484906979328
1312128435628642305
1312121115347546114
1312064125938413571
1312027037822062598
1312005581557960705
1311836777070592000
1311772358336753668
1311753837267636236
1311694928469204995
1311685357495345153
1311682698382016514
1311671339649060865
1311667007746527233
1311471570452385794
1311435739377303552
1311398529743675392
1311395605453955073
1311311693763547136
1311291060077899779
1311141635422654464
1311140590051000320
1311136535488724992
1311132680562630656
1311130487612727296
1311051361644052485
1311021474254409739
1311007703481880579
1310977823281164296
1310701196999569409
1310594324590211073
1310579757164175361
1310575803445530624
1310572981916233729
1310572891944165376
1310568738723422208
1310562891091922947
1310391748624109569
1310353055511085056
1310081092989399041
1309991439917555713
1309987437062615040
1309948999768702982
1309943102384353284
1309908209298272257
1309852918808485894
1309569881071902720
1309498521230376960
1309481310361186304
1309255954932928512
1309255573599330306
1309226479214104604
1309224593132072960
1309213637832249345
1309212581475872769
1309210548098211842
1309210114566565894
1309208614528262150
1309208410580234241
1309206648825749504
1309206014982488067
1309204421604192258
1309203281479163904
1309202502877949952
1309201963620458500
1309199941009629185
1309196657305751558
1309196536660754432
1309192776987422726
1309192634888597504
1309188220278714372
1309184870799810560
1309148662480752641
1309147148731199488
1309128769685336069
1309128368579842055
1309124258300342276
1309121310526758913
1309112992336949253
1309112716947324928
1309108332691681281
1309101815611392001
1308919746117722112
1308885552264097792
1308884504887676930
1308860788631896066
1308799736237916162
1308781941139951617
1308766116332924928
1308764166812033026
1308751855384752128
1308750082360176641
1308744382829428737
1308541155630608385
1308489731429335040
1308474686242803712
1308402179812798464
1308396048356913153
1308390754566447105
1308098455752052736
1307731292633661442
1307709127662206977
1307622595248955398
1307450275284869122
1307381836151164930
1307312797487898626
1307304288876728328
1307120667498864641
1307022850356846594
1306994214660644864
1306974127102853120
1306967110543904769
1306945106281463811
1306944783093465091
1306931823491125260
1306931368748814336
1306671815452962817
1306631705797840904
1306628340086956033
1306623228949995521
1306595635806703617
1306381070875594752
1306301612563013635
1306244666875170816
1306238521305423873
1306230142319185920
1306229552868450304
1306226159005429761
1306224403819237379
1306219715501662208
1306016599758041088
1305912333437460480
1305691432204861440
1305628315173126145
1305588590316003330
1305583379681861632
1305581309624975366
1305580121282228231
1305543115026108416
1305541511526985728
1305541392421265408
1305497433015812102
1304915898873131010
1304413642184679426
1304185564237828097
1304185038075047946
1304184330076422147
1304078864377942016
1304040567366709248
1303772430004035586
1303770310232154118
1303766917283487754
1303761437408583680
1303760668089352195
1303755083730092032
1303752501716488193
1303751683789422594
1303710850423848960
1303686565017907201
1303677287292899329
1303675273930592257
1303674315418873856
1303522333110534145
1303425800188899328
1303374786471571456
1303370623494873090
1303364737112199170
1303348917116039168
1303301967192653824
1302675830263422976
1302671679982899202
1302670048797044736
1302594987788562432
1302593163228577792
1302580566114668545
1302265994342260736
1301982855946481665
1301886299360710657
1301218514141876225
1300998756448571393
1300869457221423104
1300829524515528705
1300826795210616833
1300543515940851713
1299788068535316482
1299739510255882240
1299518704640720903
1299512496609525760
1299439387508379648
1299428030557949953
1299371683963428871
1299148993071644678
1299079681010999301
1299063371673862151
1299049509364867074
1299049229512593408
1298828276815757312
1298653062786166786
1298652043935207424
1298651553491038209
1298651038703124480
1298624681688399873
1298347708726620161
1298294102707011587
1298283089660190732
1298254493352513536
1298226343633715202
1298056451911487488
1298024111927635974
1297964325345406976
1297898545786347521
1297283879276089346
1297254130097029121
1297245270045057029
1297244142721028097
1297175828707577856
1297170297486020613
1296867830487449601
1296827348650795009
1296527295910416385
1296526362241622020
1296524373986246656
1296486554454679552
1296474443888369664
1296448942620708867
1296256182798163972
1296171787206656001
1296139878720249857
1296116732084576256
1296104539758764033
1296103585739083777
1296103158930972672
1296090541248126977
1296077739296993281
1296076139857944584
1296074290216022022
1296062461045624834
1295864930999185409
1295468065086476288
1295396793279287297
1295394487083163653
1295091850810990592
1294801965118115843
1294406689244971009
1294364550628859905
1294364464901390336
1294354183693443072
1294351298314338305
1294351011046400000
1294348275391373316
1294340775963168769
1294340646959030273
1294323320138104835
1294321684166725634
1294321423973060609
1294319269946302464
1294319055634038785
1294318738322456578
1294307679360487425
1294301162913632263
1294258703064076288
1294257351885758464
1293593487431077889
1293593156571865102
1293562210703286273
1293234541369405445
1293234227375472646
1293229826581635072
1293227529889882113
1293227408393371650
1293226376221339648
1291225139854614530
1290284618717962242
1289683790101508096
1289361343703810049
1288303849384693765
1288180407834476544
1287794742978400257
1287793504828231680
1287588510795550721
1287584029554798593
1287066898560176128
1286752727624802304
1286683895065452546
1286676475484221445
1286676338577899521
1286671047169802240
1286669526915055616
1286666400900288515
1286665257847525376
1286282109737459712
1286148795353436160
1285906693315059713
1285745584075399168
1285742554995142656
1285741555094114307
1285740260769632266
1285645310765740037
1285643463653023744
1285640536754446336
1285585905047265280
1285558082186207232
1285380841414303753
1285363824925839364
1284667642519879682
1284662760010387456
1284469547496505344
1284246760441942019
1284124829575151617
1283826028494954498
1282828883872669696
1280928726495252482
1280201879520231424
1280200601725435905
1280187309904855048
1279806315884359680
1279612773962584064
1279088499891875841
1279051659956625408
1278431319404556296
1278399910493159426
1278340427935035402
1275880187150962689
1275831818122596353
1275821925621731329
1275571458211708930
1274383713103761408
1274382949811654661
1274374572599631872
1274373891004207110
1274181212060483584
1274115069727641600
1274070507147706375
1273965899259797505
1273452755819073541
1272918816427835395
1272711898040016898
1272562283722539011
1271852307760721924
1271790116038758400
1271255819007516678
1271208401759080448
1270852479601856512
1270784060013633542
1270765760261033985
1270753999076175879
1270753765495373824
1270721347048534016
1270453619477876736
1270443775169626119
1270433932379672579
1270426006764032000
1270423685665611778
1270423095430561803
1270170634849525760
1269288066415460352
1269286674669993985
1269272688733949955
1269259310523179008
1269058591564148736
1268920885299347461
1268919000668557314
1268909994872889356
1268856533389062147
1268646176301219840
1268382485785841676
1268353793860743168
1268164734567821312
1267897508488982529
1267856818459553792
1267626114526183430
1267235084547039255
1267072129125822465
1267044495528546304
1267044372362801153
1266832793440530439
1266814332890951681
1266487931184853004
1266423732307984386
1266412456274022400
1266375235172855811
1266334922014437376
1266026065283211269
1266025778262802434
1266024623671476226
1265978616468443141
1265719337027080193
1265667681409208320
1265619435097817106
1264254321220337664
1264250279626711042
1264177680003534848
1263889675581886470
1263845991016476672
1263470043704295424
1263469301882855429
1263461340485738496
1263272751533522950
1263103995943325697
1262477754861342720
1262453287086895105
1262438160279142402
1262171782875840514
1261666778654138368
1261639087846547458
1261334951062114308
1261327886436491266
1261315240333119489
1261282436287209472
1261281077114687488
1261280573492006912
1261279988214566912
1261276132449685504
1260714485041504257
1260689520657420288
1260669847823888386
1260632661850292224
1260404945423085579
1260326512265494528
1260282894565683200
1260269583979753472
1260257300067037185
1259680518989393920
1258958049701740545
1258957375974838273
1258954462380654593
1258951170548281348
1258948088221310977
1258947988602454018
1258947662449127427
1258944856908496899
1258944489177088000
1258838856201363461
1258761513155858434
1258747150667833350
1258490557917278208
1258457635164229637
1258456903979618308
1258455439764795392
1258447941448151042
1258447821663023107
1258211582296772608
1258082727481544704
1258009628052422657
1258003433354862593
1257722445605281793
1257395869290303490
1257392802763354113
1257389695887179779
1257386630710726661
1257384031920033793
1257325977337823237
1257128130793308162
1256258039625195525
1256244522381647873
1255970249230430208
1255554482756255745
1255523333036216322
1255516812936175616
1254949961717907456
1254947432879841281
1254755288156168194
1254071876810420227
1254066853045047298
1253657088728936449
1253491822665621505
1253320968254226432
1252630589653626886
1252601797048483841
1252595970086514698
1252575359817658368
1252285366603845642
1251728975329665024
1251727325844078592
1251726853578121218
1251561032964808704
1251560035253190657
1251509544775307265
1251192843366019073
1251192453308301313
1251166430097289216
1249716593669611522
1249528452136517634
1249148405974171648
1249010520142811136
1248993841400733697
1248993146509410314
1248988129371066369
1248705815697031169
1248703699196743680
1248639320933752834
1248609889699520513
1248238638636380165
1247913933475926016
1247879947286429696
1247599102336122880
1247598471651229704
1247577182068711424
1247349934258638850
1246433772473585669
1246102080907083777
1245866123645468672
1244717396964847616
1244039349697744897
1244038170834087936
1243391638338039809
1242536738314215425
1242168268342865920
1241575242360905728
1241452312792641536
1241403375536742406
1241082161853337601
1241043294798393344
1241000563657134080
1240994386801983489
1240343519618834440
1240342913080532992
1240297453938761728
1240296995560009728
1240286529743978496
1239917307977228291
1239583219248443392
1239555109702508544
1239391820968341504
1238898149315534851
1238498469687500800
1238219160183857157
1238161832990425088
1237941555350175745
1237867827819712512
1237846525809573889
1237396913210699777
1237103841847513097
1236324401953550337
1236043261984362497
1236042431096852482
1236042288779988992
1235964913291538432
1235010016148705283
1234982233686990848
1234591135730937865
1234587168917663744
1234547395540783104
1234517329201057792
1234505910145429506
1234324735565189120
1234324331892748290
1233790555831795713
1233174521458384896
1233104223505612801
1232688376891019270
1232423302603452418
1232381436377870341
1232088181144682496
1231723223152234496
1231255851698204672
1230989116709445640
1230929904763576320
1230925417613266944
1230925212490792960
1230915642980753408
1230915579453886467
1230911917998387201
1230897873052717056
1230873374970273792
1230659183097401346
1230522999872331776
1230491831760281600
1230300904571777024
1230172962193625088
1230155991305637889
1230154985926799362
1230154423755825155
1230154177264934914
1230136107997769730
1229467427697840129
1227972286109691907
1227020037376151552
1226297518553804801
1225904487002443779
1225853394495123457
1225851150940999692
1225850956031680519
1225850851601928194
1225824551923257344
1225816076887433216
1224883538660601862
1224883178206310401
1224882214753783808
1224362463581425664
1223646421737451521
1223443844278169600
1223442200064921603
1223436895583186944
1223434595720474624
1223040019188912128
1223010235784290307
1222711803681148928
1222638031636697091
1221964742945902592
1221963562807107584
1221177978098536450
1220769849179365376
1220444344408313857
1220414764200886275
1220078043710074880
1219718916814995457
1219701235596644352
1219649874062467072
1219425048802537472
1219380879509938182
1218770056928223232
1218190541722132481
1217887881278246912
1217887095596908545
1217864050085896193
1217826809288458246
1217549459506245635
1217538160248475654
1216758210784374786
1215744388367896578
1215673914824720385
1215673369212919808
1215433724839563264
1215309316548329472
1214990193352232960
1214975927979008001
1214762852134903808
1214705900256219136
1214704641818218496
1214674137576353793
1214639509180207104
1214599573164957700
1214208207662600192
1214207378213740544
1214203960854228994
1214024227386511360
1213126141466365956
1212429550782734338
1212426317163040768
1211776568625958912
1211772224316878854
1211742920379899904
1210931815298543616
1210744984544010241
1210261743391379457
1210040775452581892
1209634217547698176
1209632159557922817
1209632101890494470
1209576906888228866
1209568385929039873
1209506996313083904
1209449899248562178
1209190647816769542
1208540633759129601
1208205922549538816
1207859302184226816
1207818063489458177
1207492649931984902
1207465496439857153
1207414012742262784
1206588590773420033
1206585551866007556
1206571126102593536
1206105827779731456
1205974641799573505
1205965593565896705
1205961791005704192
1205945397878960129
1205657693240856576
1205656267856982016
1205655096958300160
1205285014616838149
1205228532600901632
1205177709367836683
1204155116049305600
1204087832744255488
1203838567019163649
1203827897867390976
1203553258394050561
1203379192928317440
1203373313030053889
1202996041831854080
1202631940320481281
1201328798123339776
1200816594047393792
1200497920522555393
1200423146303700992
1200422210533560320
1200269182945943552
1200259919712272384
1200197979300339713
1200196629384638464
1200183968362090496
1199744999488991232
1199729427850117125
1199520971104931840
1199507910935625730
1199503045794631680
1199498728027099136
1199488503593263104
1199488305714384896
1199486152501342208
1199485758186442752
1199479155345231877
1199454521317117953
1199353652051357696
1199340897093079041
1199139453991866368
1199031693115564033
1198089749522763777
1198073583223877632
1198072735185940481
1197969231041777670
1197968427815706629
1197372154167332864
1197179608879247364
1196859548654546945
1195945948532400133
1195760944837746689
1195389574706544646
1194906754544545800
1194818279551975426
1194816349186535424
1194813134806097920
1194811642841878528
1194787616937394176
1194332383807508481
1194331563703623680
1194330637294915585
1194328521327435783
1194319808629751811
1194290424845930496
1194068978152419328
1193781368456720385
1193730002891759618
1193727609240195078
1193726753593856000
1193726177187389441
1193725124396167169
1193718712706195456
1193255759569702912
1193007906058391552
1192447833955328000
1192297691897892865
1192255332824862720
1192146690469498881
1192093063214182400
1191860608762859524
1191857275486515211
1191815714144948225
1191813324666810369
1191802959526596614
1191547023671144448
1191383475934367744
1191378803219668994
1191145638064459776
1191110581564198915
1190747852152152065
1190704069406601216
1190703194516721664
1190701665965477890
1190697152961548293
1190692733826015234
1190687034475761669
1190676610455871489
1190676322189750272
1190664213678772225
1190663638320865282
1190655275675652096
1190009901784940556
1188964050983702529
1188918124797673472
1188792865973067777
1188623298118213632
1188150922209386497
1188091301260120065
1187817023612575744
1187765281898352640
1187760041685868545
1187759899855458305
1187759387999395845
1187725064449515527
1187417542937239554
1187034419590258689
1186672600694566914
1186670318712164353
1186667729853521924
1186602824286855168
1186489580012408838
1186488399357714432
1186483717793075200
1186453029899423744
1186452165902196737
1186440129340198913
1186074697835917312
1185983136607428609
1185291057770061824
1185187263384375297
1184837058151534599
1184665960655052800
1184661121594208256
1184614700505600000
1184536854579896320
1184164432387153922
1184156257416028161
1184130010560585729
1184112432312213504
1184071086863863808
1183808971175616514
1183804812418277377
1183589645768114177
1183585378781093888
1183532915730325505
1183522233446256640
1183028376891789312
1182358903331405825
1182353752919040002
1182351968485990400
1182344774436753411
1182341760116244480
1182279372255961092
1182120352782196736
1182016723689656321
1182008379411226624
1182006045566210049
1182003984518844417
1182003363308851200
1181997365923848192
1181995617721225218
1181987299116105728
1181943142494478337
1181623728310030338
1181528650186924033
1181402938280960002
1181370269874708480
1181303078382968833
1181251407967653888
1181242562205478912
1181020001354080256
1180955060584550400
1180922428907806720
1180910123717402625
1180907462293180416
1180906545300824065
1180175236538535938
1180116790476775429
1179951552892690432
1179550334924054529
1179468686052249600
1179467704694116352
1179467498208534528
1179467219933245442
1179465442529857537
1179440649197760512
1179428223937056770
1179423492049121281
1179422486578024449
1179422100194562048
1179421957789569030
1179418333508243456
1179418156978360321
1179414541337333763
1179413045749190658
1179401939471208449
1179401585295843333
1179395754609250304
1179395295442063367
1179145544100405249
1179145010761146375
1179132013682577408
1179062326768611330
1179060171068313602
1178805536344686593
1178804423390371840
1178804370504331264
1178802635601797120
1178769954251972614
1178657427828465665
1178393719969665024
1178363611921690624
1178044871850037248
1178027138160742400
1177594046145028098
1177284629893718017
1177283840601198592
1177282934547668993
1177281785438310401
1177280864943792129
1177278785634390018
1177278153636634625
1177277617579409413
1177276399910105088
1177274826131759104
1177274135568945152
1177234606577393664
1177212413797707779
1176901353895055360
1176899681844113408
1176623223745732610
1176617881678897152
1176539533057384448
1176523369023455239
1176501040675528704
1176322206382678017
1176299776373141504
1176211530532216833
1176142561632800768
1175493586533699584
1175481935902257152
1175397999205376008
1175249184385110021
1175240379186208768
1175190067536683010
1175185190127316993
1175146156051095552
1175125340173361155
1175072097154031616
1175062264182951939
1175027901055557632
1175027129660116992
1174893930992652289
1174710655095582720
1174708330817884167
1174342636913811456
1174340877646516225
1174338714555867138
1174336656553500672
1174333568287461376
1174307270508896256
1173815564944494592
1173768758315405312
1173682847367999489
1173675130570125313
1173672152647835649
1173665320663429120
1173648905663389697
1173631740264505345
1173618692992765952
1173327409275424769
1173089173206687744
1173082377788297221
1173081192037572608
1172905912216031232
1172889961206624257
1172695984759017472
1172687380232511488
1172620215710093312
1172512589789765633
1172214330206670848
1172159825553305600
1172144019738169354
1171909246776172548
1171877872157564928
1171861939561160706
1171855619789377536
1171612803024740354
1171573469194203141
1171567449457774592
1171566877304340480
1171450503638577160
1171449153781526528
1171435026229022723
1170902700319498241
1170874482984177665
1170873116932956161
1170819130569711616
1170764831433080832
1170746001285615617
1170544647808139264
1170454641752125442
1170097400008052736
1170061621873524739
1169964194210471936
1169816342523826177
1169805829090025472
1169803092776366081
1169802124751978497
1169789041488932864
1169766731700723714
1169731204649820160
1169319882724429824
1169011355875192833
1168989652159795201
1168944153335672833
1168908296780206080
1168586843467788288
1167862585401626625
1167603428538880001
1167508728997908480
1167508006109687808
1167507655671369730
1167484906118799363
1166842561568358400
1166790371193565184
1166767173475471362
1166752299135451136
1166748642612588545
1166734261300473857
1166726166121725952
1166723176962908160
1166426242435952640
1166388430131142656
1166386138958966784
1166384613243183104
1166348429607493633
1166072666731810816
1165302639745282049
1165088961674584064
1165088284034392064
1164974901649969153
1164257038060404736
1164248108391378944
1163886268322893824
1163607630725693441
1163604042272169991
1162742693409230854
1162501851872485379
1162495740746375168
1162423561312751617
1162398422990753792
1162366403833470978
1162357359316013062
1162353074339504129
1162126964179787776
1162098387996598274
1162089901137027074
1162067045560856576
1162053622429102080
1162014312698994688
1162008484851912705
1162008261673046017
1162005147171655680
1162003696592543745
1162003448314966016
1162002147594113026
1162000877592481797
1161999505690124288
1161998662081359872
1161997428138094592
1161685085537677312
1161355568575123462
1161332258206302209
1161313371481956352
1161072610740002816
1160736053537509377
1160243608735424513
1160200286331383809
1160198106375434240
1159897270822801408
1159869513443266565
1159846396817809408
1159846201203859456
1159842820103921664
1159585915980910593
1159571043234852870
1159558690120318976
1159546035930378240
1159495627258114048
1159488494919671809
1159487851668606976
1159120748021276672
1159118062995595266
1158216085998571520
1158046770741620737
1158041598086864898
1158036853062275072
1158024541492391936
1157840426554003456
1157836024644624384
1157835277525757952
1157451345940627462
1157299561502842880
1156767692516405249
1156703860393730048
1156220485434335235
1155133662247170048
1154142171974574082
1154142046749417472
1154138948198961155
1153464849386614784
1153350778775580672
1153299830548119554
1152308871312084993
1152050766510735360
1151926929760620544
1151895071366799360
1151869464885039104
1151658795610849280
1151553381414125569
1151528281692430342
1151477637782659072
1151223448447934465
1151153225707524096
1150873747265675264
1150846754096648193
1150837917541130240
1150561567567753223
1149851787219918848
1149837683151245312
1149550761207947264
1149108982897938432
1149108446584856581
1149043516447842306
1149040865521938432
1148978886409109505
1148788148056539137
1148650221846564864
1148649934469681152
1148649774310199296
1148649434785427463
1148645342881206272
1148636843509985281
1148410637577576454
1148406433224019968
1148330395529863168
1148266088515420161
1148230903895941120
1148224854296080387
1147713300907646976
1147684634995675136
1147630078345515009
1147624234195329024
1147590850534395904
1147574164510957574
1147539575067369472
1147527537251311616
1147514975369535489
1147310366873067521
1147239261818806277
1147202014671245312
1147172606472314887
1147168762069757954
1146607969225838593
1146468219244486656
1146426832016891906
1146071572270264321
1146045581795700736
1145862311531503616
1145857745494712322
1145857653844918274
1145857327150653446
1145837262699147264
1145748280569188354
1145724556482621442
1145698683285061632
1145686024502337536
1145436092172328961
1145434791862398976
1145057979194122240
1145037073751203840
1144977231283929088
1144720360342007809
1144716669761282048
1144712097017806848
1144701311235100674
1144618536033275905
1144418703414571010
1144298304441868288
1142955778661396480
1142526630704963584
1142127972054380557
1141882007175258113
1141809740235902976
1141385928885329920
1141360641640411136
1141356069400264704
1141355895928045568
1141347997357420544
1141346129839362049
1141339295871115266
1140672468677464066
1140649301611298817
1140648450360565762
1140401978645913602
1140399002069979136
1140033604082421760
1140031688971624450
1140031219490611200
1140029089778192385
1140027296218308608
1140025065301512192
1139890386795749376
1139523425628762112
1139365517339385856
1139188262810136577
1139163171040706561
1138878737582370816
1138846234251288577
1138843099654950912
1138836171944013824
1138800652447047680
1138494834874957825
1138453391171096578
1138436274027520000
1138423288647036929
1138421350148771840
1138253474846691328
1138146502822498304
1138087458829217792
1138083419110432770
1137582972507496449
1137542732149395456
1137523004538261504
1137519771405180928
1137405806390009857
1137384005421150216
1136716358132097030
1136651598250283009
1136428783328796672
1136428142879547394
1136353536919384065
1136349743204974592
1136348652811821056
1136347392956096513
1136346270468104192
1136345085904326657
1136343344366460929
1136342755423203328
1136341345533071360
1136341181519077377
1136333720812756992
1136332376408244224
1136332115958743041
1136330865846497280
1136330216522092545
1136329593110040578
1136329270383583232
1136327043220672512
1136325989246603265
1136325541102047232
1136320284007510017
1136307723321139201
1136306659222052864
1136304783273398273
1136303050279346178
1136302988304310273
1136296657530826754
1136296575498633216
1136294910473265152
1136293234123169792
1136290647047118848
1136288648561909765
1136269334526013442
1136269025535770624
1136268752188846080
1136265653701283840
1136255611459579904
1136247145781223424
1136098657479081986
1136098211268059136
1136090297618841600
1136088712272646144
1136063907150389248
1136060330986135552
1136060179743744000
1136058581575438336
1136057767037480961
1136051065772826626
1136048657453723649
1136044073905770496
1136043143479140353
1136035763576102917
1136032037196959744
1136020351870259201
1136013280646971395
1136012757109747718
1136011603520970752
1136011138909507584
1135996701246967810
1135990979088064513
1135989146009460737
1135988859538423808
1135985665148162048
1135981396391014407
1135979118984605697
1135977255748931588
1135975659522670592
1135964010246037504
1135963016795774982
1135961627323445249
1135961364386787328
1135960008984866821
1135958815260729345
1135951416617590784
1135950413381980161
1135949002258747392
1135941685790289920
1135932661137100800
1135931820455923712
1135930832047222784
1135929030014881792
1135928327380832256
1135927812421029888
1135926889695068161
1135924956209078272
1135923688652587008
1135922942498488322
1135922308676169728
1135921145113268224
1135919911321120768
1135919718462832640
1135917423285002240
1135914985559773186
1135914167087407104
1135913989932642304
1135912551026270209
1135749818150805504
1135747603780591616
1135745909453709312
1135733380061040640
1135683474097131520
1135679585742458881
1135634414350852096
1135555101790298112
1135187833835200512
1135185411121274880
1135184749515943936
1135183755738537984
1134927994433232896
1134924333405671424
1134522337838194694
1134483685993062402
1134271504261234689
1134217082311258115
1133557692126171141
1133474028511989760
1132842309719076867
1132736946348974082
1132736052110790656
1132733061035110403
1132726392335024128
1132720801432723458
1132713674005786624
1132710192905445376
1132703655466078209
1132072312256307200
1132072081393373184
1132051333937324032
1131975899065270274
1131974469646475264
1131679484925698048
1131640373086969858
1131639972476411905
1131629526096764930
1131623915527315468
1131617735610380293
1131602900768235522
1131600582307983360
1131598096725696512
1131596304302387203
1131590871756021760
1131588198541463552
1131578922485915648
1131561625314578432
1131356836496650241
1130994590520094720
1130993755157356546
1130932530608246786
1130894546982899712
1130874421193957378
1130860839353933824
1130845419171438592
1130836166964580352
1130823458911399936
1130639452920061954
1130544906336780288
1129835087556743168
1129555306952966150
1129468317197062144
1129465841702121472
1129434358576766976
1129073006242877440
1128774517025906688
1128474847372296192
1128455195007094784
1128052524467019782
1127998860444434433
1127996776236167169
1127993709474217985
1127986202932592641
1127986066160590853
1127985410477522949
1127984660464775169
1127984177943646214
1127956631793348610
1127950505026760706
1127763004051816448
1127749300325318656
1127749202849800192
1127696793301671936
1127696473221677056
1127599994943561728
1127282003617964032
1127274543431729154
1127058477887709185
1127056710844207104
1127055666840002560
1127054152599769089
1127041840711180290
1126576331544776705
1126479256773591040
1126479156458532864
1126284126242340864
1126215820051349505
1126161949979492352
1126113522314878976
1125924787136737280
1125590029554860032
1125478904192491521
1125461913666818048
1125438297235513344
1124862795680497664
1124305425074216960
1123674166945824774
1123673266940448768
1123660461906497536
1123657148909666306
1123637487744815104
1123627384563994635
1123298440790839296
1123298373749149696
1123297232025997320
1123297042523197443
1123296102957113344
1123232482818777089
1122880213292023808
1122852350123814914
1122698167940784129
1122663473257877504
1122661582666915840
1122657876563169280
1122634348635856899
1122626994074718209
1122305316014755840
1122229326118903810
1122219772056342529
1122183891052314624
1122135736592031744
1121969041999060992
1121967974800338944
1121967802905190401
1121966745256902657
1121965572655321088
1121910240952442880
1121875067103842304
1121771026839478276
1121494836891324418
1121405881302777858
1121113149267161125
1121109762232524801
1121107522881036293
1121105201707016194
1121061296101896195
1120782699587952640
1120774743026798592
1120768617447030787
1120763467949137921
1120761690881253377
1120757344361693184
1120756525683957761
1120754034674229249
1120750027884855297
1120347367948062721
1120343061152829441
1120341973259386880
1120341387147345920
1120338915578216449
1120159841866211328
1120135232609562625
1120064593873842177
1119810013017575424
1119751483094970369
1119729088099422210
1119636152439406595
1119634511640317953
1119410935565901825
1119409793624616960
1119254875064422401
1118870285887913984
1118682299963518976
1118679575679184896
1118560649062375425
1118189287630045185
1118124912558923781
1118124391035015168
1118123820693454848
1118108786831634432
1118107011873431553
1117997851416694785
1117817396667080704
1117784495464251392
1117783722600927233
1117783254168481794
1117781838536245250
1116763434316632065
1116695312024911873
1116359075846131715
1116170864310009856
1116089106424115202
1116054643052818432
1116053678304186369
1115984833237397505
1115734169148108801
1115702547283574785
1115087912415178757
1114682711447306241
1114681667694858246
1114254375201984512
1114246973631152129
1113794333067575296
1113794117522395137
1113563917442330624
1113539691528298496
1113455506549551105
1113447505889505280
1112892727430184961
1111409842416082945
1110267972931727360
1108411893931220993
1108398986073919491
1108359451449413634
1107819361363021825
1107818207417692161
1107817601261072384
1107729963648774144
1107668994515980288
1106614385559171078
1106612200972713985
1106612019036409858
1106545565813350401
1106359194788204545
1106299067116781570
1106297037824368640
1106256529379024897
1106256143897292800
1106219254293188608
1106216040638361601
1105874250995511296
1105823768780394497
1105661386192052225
1105655431475720194
1105653396181315585
1105648916333244417
1105555748011020289
1105555248196792325
1105537066820079623
1105536068923777024
1105521401644138497
1105487905127129089
1105483493163917312
1105464622163943424
1105251825484263424
1105215190797348864
1105208754855907328
1105106748136923137
1104502938020524034
1104095382492114945
1104091623024222208
1104057906725638144
1103456032829915136
1103300867598548993
1103008700090986496
1102987303105019904
1102965418413752325
1101942890375401473
1101923449763753985
1101557178123595777
1101556147960586241
1101553975067885570
1101550035924381696
1101549303225446400
1101490406779486210
1101472489497088000
1101226591588360192
1101219005174611968
1100806549650489344
1100538911737212928
1100501066670587913
1100493912249114624
1100235827148398592
1100051468810444803
1099349587976962049
1099319387432071168
1099315025884246016
1099314732492836864
1099032454546014208
1099027112323936257
1099021919511289856
1099016974015909888
1098666343979761666
1098622494242680834
1098296191757045760
1096835809553121280
1096794335914459136
1096568533478244352
1096559014907965445
1096554044569669632
1096552579121774598
1096552334501519360
1096488309570879488
1096487767129948160
1096487249888362496
1096256243717541890
1096196632415268864
1096147258440060930
1096137138956046337
1096058374561640448
1095826823492128774
1095786210847612928
1095780119782789120
1095758262698422272
1095719208678236161
1095709802267897858
1095490374259404807
1095453760795611137
1095381149659086848
1095376130117459969
1095375831910809600
1095375181177147392
1095372595007012864
1095363234125807617
1095356783068090370
1095338463493156865
1095165595509755904
1094818917032386560
1094765224341749760
1094762078504652800
1094474276298723328
1094465322126663681
1094277601684848645
1094251093167616000
1093990530629931010
1093974348447268864
1093970713147510784
1093946361207230464
1093902484618252293
1093686896151195648
1093552836644880385
1093538725160734722
1093340158592724992
1093326858928705536
1093301580252749824
1092954332864045057
1092928480784863232
1092926401718747137
1092593261246664704
1092537426764013568
1092516267486076928
1092509715203018752
1092508108562276356
1092096909995593730
1091930019457306624
1091919932235890688
1091845678941327360
1091834140771667969
1091810859482005505
1091785583071059968
1091770605614125059
1091748240855392257
1091740238676983815
1091100644608479232
1091100454170308610
1091095430417526790
1091092955111346177
1090674889529454594
1090652469099663360
1090650687053156352
1090303357502279681
1090287510989783041
1090261788942229504
1089919373651968000
1089647424010940416
1089189448846315520
1089182052447080448
1089177365404631043
1089176279331598336
1088974350399746048
1088965119680356352
1088450336694521856
1088219121181966336
1088204822938091521
1088185151060930560
1088145162444910594
1087795065559412740
1087205719265415169
1087091109749239810
1087090895021842432
1087088874948567045
1086863494857850881
1086858596296609793
1086790257650122753
1086775784717668352
1086679150948216833
1086641737064427521
1086629504850845702
1086348028955578368
1086346281222582279
1086314365475786752
1086277658680414208
1086000962936946688
1085988548824711168
1085642809292570624
1085628644230340615
1085624755728855040
1085615440972402693
1085609902037446656
1085577606253240320
1085575856104312832
1085259895295877121
1084520632497385472
1084310981180878848
1084309388607832064
1083773739068768256
1083514147797680130
1083500924587388928
1082301866120232960
1080939168027545600
1080862631425122304
1080550585932414977
1080550283413995520
1080549794123313152
1080549332292694016
1080549142072606721
1080548278570168320
1080547645993766915
1080545733147848704
1080539919414714369
1080484044272472064
1080483018031185920
1080477885704613893
1080477653323390977
1080469355614347264
1080463505680142337
1080462291299155969
1080459327339724803
1080458969813000193
1080458327178514433
1080450577216217089
1080276833529184257
1080147613666762755
1079843239841157121
1079839298252353540
1079818288803254272
1079799546568470528
1079769576496418816
1079109629223809030
1079108242595299329
1079107209223725059
1079106117446369280
1079083423057276928
1079080698387021824
1078413692037943301
1078379519193554946
1078314831789338624
1078039380713971713
1078009876926918656
1077254989406502914
1077220188918042624
1076934140937814017
1076566744599314432
1076564008965193729
1076559979337928704
1076522918769774592
1076219887964602369
1075905258428227584
1075905122557984768
1075544318721581056
1075029012945219590
1074343013286076421
1074072244832239616
1074040237435875329
1073991058680365056
1073989760505602049
1073650585138880513
1073649994127851521
1073649566392741888
1073648655222083584
1073647257772273665
1073647087630336001
1073646635320819713
1073646369682935810
1073644742766927872
1073644275433463809
1073644004221304832
1073642293482139648
1073640895906541569
1073627305430401024
1073379197215752192
1072962948811948049
1072958573829914637
1072956930463797248
1072937376018821122
1072913304127971329
1072912928481914880
1072577606271295488
1072535911525769216
1072269490480652289
1072260828131397633
1072213071928672256
1072209598642339840
1072149249687777280
1072149087003254784
1072148797642498049
1072146680097726464
1072143793552584707
1072140271037616129
1071448893672566785
1071448794426941440
1071234870532284416
1071089796422995968
1071083398804971520
1071078230998876161
1070711089250349057
1070705194420367360
1070048786909667328
1069618216073396225
1069598266831052800
1069553208551514113
1069286706405359616
1069245365239586817
1068912582852005888
1068631166318780416
1068552342688157696
1068305523303464964
1068195274588372992
1068194210547998721
1068180864226480128
1067946170109124608
1067464228511121410
1067462862916984832
1067447170842939392
1067144819657576453
1067080862674624513
1066736326421200899
1066465119255896068
1066353168118923264
1066169991127552005
1066093049367982080
1065701050798223361
1065654415372230656
1065472318833602560
1065337603321356288
1065265984267788290
1064961549071196160
1064959416804548613
1064958112870920193
1064957012914638850
1064943895715487744
1064943684817436673
1064928961052971013
1064900547776573440
1064559399631503360
1064549998153617409
1063980191461122048
1063897780064800768
1063482037577879552
1063444961675350019
1063183838795497473
1062747452137193472
1062478927011201024
1061726091650449408
1061723822301368320
1061422972286746624
1060671071471484928
1060179971300384768
1060024910762905600
1059919099374067712
1059288285078536197
1058794986840436736
1058563229629190145
1058562492379619328
1058216536308105216
1058215782738468864
1057637941747433474
1057297814101860352
1057274567373275136
1056962489278259201
1056962130824577025
1056228977700995079
1056228784662298624
1056228644325068805
1056210369398669312
1056029588512534528
1055861637486391296
1055858509923917825
1055834205404479488
1055527117289451520
1055526470163070976
1055461623438172161
1055461522699415552
1054838285070188544
1054431624501301250
1054430969233620993
1054430009425870851
1054429877884067845
1054394451865546752
1054390972757499904
1054389581079044102
1054389480453488640
1054360903821467648
1054095968210173957
1054095746784468992
1053748105156460547
1053743451488116736
1053720866712965121
1053664902982852614
1053647911110799360
1053363453908451328
1053288732265275392
1053256693583433729
1052971345649328128
1052970751165370369
1052966236248780801
1052949090647072770
1052946268576735232
1052945018539954176
1052943605617319937
1052894804693143553
1052765221306228736
1052652544105664512
1052639348947070977
1052586558791016448
1052574962664521728
1052574934390722560
1052282533554122753
1052251943312257024
1052249215538262016
1052249140946771968
1052248696971296770
1052219686186835968
1052218778124210176
1052217317420077057
1052216186635726848
1052214304378884097
1052208799468138496
1052031783825498112
1051265317232672770
1051148832778653697
1050953724498247680
1050844061064712192
1050816955970715649
1050775982515412992
1050563989917200384
1050461148481552384
1050459694878330881
1050456914633654274
1050425994849513473
1050424138958028801
1050423258275860480
1050422709207875584
1050419985141719041
1050221559787466757
1050129184813719552
1050128037755400192
1050122155462152194
1050122002990809097
1050121017551712256
1050072343773634566
1049751133101707272
1049728345976524800
1049727643216678912
1049705936049328129
1049664501916848128
1049075674152165377
1048813254859022336
1048813041989668864
1048807612815425536
1048595114921222145
1048406897970307072
1048327482666090496
1048325657971884033
1048018991044804618
1048013848970711040
1047863688588349440
1047580702701735941
1047571656921796611
1047571308257665026
1047551674611654656
1047529701890293761
1047529087315718144
1047523273242824704
1047517206798585856
1047225160745590784
1047225074728796162
1046816993272369156
1046779240002260994
1046762446818603008
1046614377829466113
1046608060360331265
1046542152946331648
1046476355720876032
1046449520190599169
1046165271264866304
1046137545896144896
1045783934133587968
1045783221458227200
1045782863264854017
1045763300066242560
1045753146201571328
1045674684304543744
1045637374078844928
1045525505422893056
1045524541102063616
1045489523881398273
1044995799988473857
1044995273552990208
1044991361911574528
1044986904519806983
1044975551981785090
1044965447668518912
1044962585660063744
1044962269258555393
1044791531071328256
1044787221084196864
1044767902883303424
1044678290433363968
1044609999077601280
1044425303907610624
1044421540006285312
1044385955858317312
1044326113076498434
1044321067941203973
1044312238767656960
1044263323301281792
1044249632400920576
1044216644929802240
1044057495646416896
1043982014771343360
1043952795735543808
1043948049159127041
1043921200311865349
1043917861100683266
1043911061127278606
1043910509458853888
1043908872782716928
1043897372961648640
1043584741411381249
1043257438747746309
1043230863587201024
1043215683549650949
1043167512794419200
1043148157734068224
1043100148467990528
1042975819822448640
1042968045206024192
1042952365568143360
1042950620322385920
1042861928618643456
1042858521673510912
1042798158416412674
1042733145207054336
1042610801738227712
1042253615908483072
1042122872616087552
1042109453171150849
1042095070286110720
1042092952024227840
1042087442155753473
1042064385550823425
1041759769151897600
1041727776477331462
1041709042853441536
1041679798978990085
1041656336000475137
1041496693588586498
1041394214473551873
1041334849448161280
1041327688705892353
1041180097842237441
1041071426546094080
1040983119757824000
1040756620614135808
1040613018374090752
1040302507740803072
1040251761578127362
1040044112374841344
1039906132419141633
1039894135132565504
1039875437835550721
1039686155208409088
1039684044689231872
1039681983952109569
1039681709355229184
1039681072659869701
1039492434475008000
1039488132922712064
1039487865095434241
1039486663230214146
1039357574695596032
1039231574527623169
1039213904285577216
1039210489786580992
1039202952559374336
1039178945726504960
1038866536260411392
1038578693474594817
1038577128260939778
1038557465472917505
1038472448499490817
1038421856393547776
1038411333849501696
1038267449882365952
1038262405174886401
1038260190779502592
1038222873456992256
1038162545851490305
1038127107845644289
1038126259220488193
1038050909245394944
1038046088991830016
1038019627719307266
1037902643274895360
1037770500376850433
1037761100446674945
1037729954656673792
1037503808119746561
1037311356029095936
1037000285321916418
1036996326834221058
1036989378344706049
1036985409601978368
1036962279311503361
1036951161713111040
1036634436635435008
1036411164530565120
1036194169054814209
1036062741755252736
1036021362660454400
1035921864923774976
1035916695662026752
1035891678119424001
1035621909394845697
1035565833064538112
1035549118603714560
1035543082081689600
1035528132407832576
1035496536434724864
1035493262100967425
1035262023960076291
1035261250886926338
1035240730283986944
1034999698334121990
1034886421750984710
1034885351188426753
1034884976209219584
1034884775746658305
1034884302297817093
1034883897782362112
1034883570630840320
1034883470877753346
1034882523258597377
1034882104037924868
1034873309333213184
1034849452161474562
1034817500876365824
1034595782521970691
1034595677769277440
1034591548313427968
1034499462767562752
1034236067392696320
1033717642861981696
1033515943840952320
1033393276114665479
1032810137361309696
1032795150492286977
1032072594982359042
1032067216043335680
1032066533118431232
1032064541612490752
1032059761649479680
1032057501674614784
1031961642316312576
1031723584895496192
1031685033294290944
1031614825787543552
1031325572142718976
1030997550638227457
1030993319151775744
1030937462477086722
1030852607613513728
1030847083719405568
1030845549052878849
1030676924824203264
1030602235250663429
1030572705563725824
1029067532878135297
1029033218819936256
1029032070482485249
1029032027901898752
1029030330030845952
1029029308604604416
1029024184960253953
1029005309799550977
1028834884561903617
1028793154462523392
1028741016864673795
1028739241801596928
1028718779881140224
1028401889275244545
1028371360031100928
1028336939030798338
1028336314213695488
1028333347532144640
1028051515477553153
1028047925870583808
1027360587272122368
1027301408360595456
1026837951605395456
1026547346635612162
1026547125289541632
1026489373498527744
1026471225109950464
1026198113009246209
1026197493267226624
1026196546918993921
1026035961791225856
1025562569237569537
1025509354961817600
1025446445187571713
1025446087795060736
1025443774837792773
1025431205880193024
1025409954407239682
1025408130220482560
1025407211990929409
1025402830272843776
1025398630012862465
1025203908455686144
1025201038842900480
1025199924386955269
1025196945852325890
1025193592648884226
1025073748301553664
1025035430088060928
1024849401032978432
1024739667399327745
1024732031853518848
1024689157384404993
1024645463104991232
1024403501173145601
1024361580052537345
1024309935054761986
1024285916842680322
1024038378231214080
1023245085918613504
1022927118676701184
1022554113110933505
1022526155612741632
1022258072251719680
1022226289539862528
1022185028904779776
1022183854445084674
1022182309401948161
1021839727799017472
1021752754753163266
1021586329874956288
1021510840720285698
1021485809877299201
1021441243904176129
1021425514031079425
1020866238032039941
1020859365224566785
1020691619832422401
1020679619635286016
1020664548343320576
1020449028960587776
1020387308951035907
1020123710936821761
1019773074718248960
1019759770205638656
1019713261560877056
1019658348059332608
1019647388519198720
1019314018153041922
1019261553319796737
1018855676586668032
1018389838020710402
1018328187573501952
1018289956006121472
1018221765309411328
1018193349986185221
1017965970768396288
1017605683875852288
1017604769492422656
1017604642644119557
1017535837108613120
1017489570756202501
1017408299224842309
1017404709752090625
1017388589863325696
1017387556713959424
1017387533272014848
1017384460394909697
1017174669248655361
1016751161976729600
1016748347259084800
1016748058577657858
1016746979395850245
1016745539340263426
1016710537269346304
1016497441548496896
1016362719686135808
1015811176905805824
1015381528308862976
1015025158594203649
1015020152704983040
1015010157925937156
1014970363300777986
1014709596747902976
1014705348782026752
1014225097153007616
1014141546353037312
1013896894555348992
1013474708589875201
1013474248122359809
1013421193599340546
1013404513712070656
1013396663657000960
1013383252843859969
1013373367733379072
1013366290382237696
1013365009974484992
1013203245156765696
1013198001987379200
1013101964316626944
1012537649104588802
1012534703314886662
1011626959590379520
1011445088231280642
1011046180200046592
1011013832087691265
1010630387482222592
1010600496237817856
1010526494794317825
1010347183466565633
1010246426809569281
1009868386954858497
1009830555150618624
1009827817402617856
1009088813044568066
1008782852324982785
1008782814723141634
1008773389538988032
1008745322485608450
1008055785664983040
1008021466632413185
1008019533716709377
1008016867510947841
1007985006101352448
1007769834409680896
1007667276622041089
1007626888448225281
1007468495469273088
1007462450990600192
1007311977318936576
1007051810564136960
1006992253766848515
1006733160271503360
1006188942247579648
1005954127401275393
1005457390140035072
1004939271021711360
1004849130940739585
1004846773037424640
1004604342782095360
1004406614756089857
1004164903006064640
1003754627651850241
1003707655989399552
1002627555508277248
1002610581684260864
1002534331989090304
1002396522439413760
1002344696436396032
1002265382311354369
1002253366939082752
1002252839253630976
1002237183170932736
1002229644949630976
1001895241618739200
1001816538360483841
1001638870662991872
1001630105947590656
1001611909299306501
1001605127529205771
1001537380350914560
1001536799766958080
1001510000001462273
1001482189429792769
1000546610584150016
1000546023511674880
1000413455550119936
1000391703516340225
1000216098938261504
1000163106302169088
999836570181136384
999688560298086400
999484774946254848
999456187958661120
999454671411523586
999453196161601536
999435214828068867
998960008808288256
998611862261448711
997966304354160642
997960513429626880
997912664025305088
997893223392710657
997882403547942913
997833637524660224
997820114094444546
997469684663451649
997277142030352384
997202004547162113
997185907240460289
997166829914218497
996836951868231683
996813606632284160
996810859853860865
996809190839668736
996808528089223171
996779525856952320
996146716729577473
995483775541956609
995479220313907202
995468222286704642
995339239154995200
995329030202241026
995127429135060992
995015212200873985
994954056207667200
994748227567144967
994277279638458369
994236253641076738
993567835648643073
992799977167564805
992742028114096133
992553093761060866
992495015300616192
992492459442823168
992492049298608128
992491371054489601
992482741437550592
992452160381247490
992448744913293312
992427828577792001
992427413500985344
992137357351669760
992110013459124224
992077602620952577
992065298844061696
991871675523371008
991785820188237824
991784156127485954
991742263582711809
991727549175779329
991725196401954816
991700365514018822
991673286621790209
991324311796502528
991136335439286273
991057825114869760
991008547403108354
990989500548616192
990989405480521732
990722404484861952
990377537984491523
990238384403763200
990210753020952576
990047334074671105
990043386383134721
989951050076606465
989884740722397185
989707655378808832
989697922806833152
989697767844057088
989695051793092611
989694486522597381
989689741837848577
989596735239606274
989556085890736128
989534034962284544
989533400536141826
989522071314227200
989345094791770112
989321795701542913
989228423301222403
989212182004019200
989205244566540288
989139061049839616
989138525508521984
989138261061881856
988928875005661184
988846136206217223
988809675268415488
988808451353702412
988807715286867969
988806406190129153
988804726417485824
988803017259528193
988802073595731968
988801126819598336
988800743980326912
988774071725936641
988460060144783360
988154135131418624
987815769160536064
987772689808052224
987708489341468673
987531487280066567
987514824971161600
987513453878349825
987489578784362496
987318173862187009
987112598394064896
987055035300372481
987025136502099968
987022732079587333
987020201064615937
987003504177958912
986807667112005632
986801335856136193
986799825940287488
986799372762431488
986692447655915520
986690790947803136
986650040184836096
986598573394530305
986313355408367616
986274626027343872
986242655423225857
985978979164348417
985954042743607296
985883164823445504
985362709620445184
985362511364083712
985350405793173505
985201917402976257
985201568407539713
984949844778287104
984842729262911488
984811883936043008
984577600566779905
984511324427341824
984487865735360512
984478271009157121
984475128275849221
984472818359320576
984471125286678528
984470446887309312
984470096298041345
984469481358610435
984469240852905985
984468169753493504
984467009223131141
984456035242070019
984455687513280514
984451006237937666
984449699473182720
984449089759793152
984240641549926400
984157484767174656
984091328425418753
984088507663691777
983790362803261440
983736062940938240
983424063006760961
983375598218248192
983358656023539712
983037745818939392
982776029688356864
982773041112539136
982772101403856896
982771739947143168
982728305060253696
982462811933724673
982460996127219712
982444222170255360
982345136523956226
982331670715039744
982330537556758529
982329507699920896
982328119662120961
982326242388127745
982325100014919681
982324309950681088
982323944345735169
982323465452752897
982323259755712513
982322907467669505
982322096025071617
982321561351983104
982320928427212800
982320626856841216
982320427832958976
982284551966810112
982279707705032705
982276959823511552
982249918663294978
982056891504365570
981788418287067136
981788139135078400
981787621729939456
981785917533900801
981612133724119041
981577077353828352
981573096413986817
981562451375415299
981540759940845572
981251695761154049
981246958521200640
981164657955213312
981159165488979969
980938447337721858
980880878900535296
980879887572570112
980879651827519488
980879227716296705
980803543669059585
980450498028494849
980319845060370432
980314941285683200
980267040563978241
980162925280276480
980145388744335361
980125737293373442
980125584645873664
980125299621924864
980124613135958021
980124162403561473
980122041025167365
980101050790236160
979851043063390208
979850402437967872
979845919372906501
979828783254593537
979824845528731649
979823244869033984
979822528301617152
979794781156102146
979791620055928832
979786665504976896
979785725620244480
979785221049634817
979784131772059650
979776506405773312
979746968447737857
979397111589597184
979336267652653056
979333622284148736
979214733969625088
979155833421516805
979086777091870720
979082219435282432
979033423472971776
979022925813747712
978749201814294528
978468785974841344
978442405631447040
978411952149024769
978338240997535745
978330403047079936
978276942758797312
978275087735508992
978274165856841729
977956234493153280
977580147900669953
977579449922260995
977563869127290881
977548112133804034
977544640600707073
977223567367720962
976923931222446082
976923441143140353
976922714240966656
976922241979109378
976922011355303936
976871396709158914
976650030198218754
976638131377188864
976633583535316992
976470283031924739
976468941513068544
976468331288023040
976467465487241216
976199127984955392
976153248179646464
976132434197704705
976130793067118592
975892848007634944
975786143554863105
975109183514251264
975070191167172609
975066600817733632
975038728384188416
975021390968565760
974866796317638656
974807398136377344
974792148490051584
974669279709859841
974363906494910464
974318848487886849
974299347251879937
974133196861399042
973979430304526339
973973486317260800
973943938003415042
973638196977422336
973637865359003648
973637654465142784
973637305662607360
973636881916334080
973636620623732738
973634134039023617
973203075593854977
973202158064631808
973196943156539392
973196892250296321
973196066941292544
973195009112625152
972686830100471808
972274704206778370
972192885092253697
971843664036159488
971777602494058496
971743829274611712
971615368551784448
971509043989766146
971503401703002112
971467485693300736
971447133672038402
971445242619719687
971444583648452608
971444006633820160
971442815187251207
971441140204490753
971437406766411776
971425281323003904
971166364244246528
971118572910055425
971115621449719808
971115339214966797
971114661331587073
971114442229538816
971113830498611202
971093505148932097
971077431795871744
971064485728354308
971063990234345477
971062708090081286
971061259104935937
971060252044070912
971059475783266305
971055701018775554
971026446113234945
970875763154145280
970875175968403457
970766993560428545
970765574140846080
970764372145528834
970757492295729153
970739553014337537
970736817325662208
970707361387118593
970703024099332096
970694669981159424
970415795267399681
970214520881807360
970094949797593088
970092556221603840
969763191730397184
969743285567873024
969693642033156096
969450576550465536
969392717930352640
969392452355411968
969380417563394049
969374439002591232
969373659398885376
969277580229660683
969276767113445380
969274030909022214
968989734679842817
968960543213129728
968957635008647168
968957230887432192
968930814418440197
968916731593920512
968897254617731072
968896571613044736
968895882690203649
968895388995506183
968894825880805377
968894326305587201
968893175153774593
968888156379598848
968887513740972032
968882807706718208
968615488745103360
968605567530029056
968539949023875072
968526991749255174
968505112976125952
968501598824562690
968359187393777665
968357372027695104
968238073426345985
968200678274424833
968177704762793985
968176930645258240
968176439802679296
968167221611679744
968145929986564097
967903310744379393
967902918111367168
967889967455375360
967657500957921281
967495811285311488
967494906372591617
967494461264670721
967493999622787072
967493373048295425
967492786177093634
967490873821990912
967468040735678464
967467791317118976
967466874073165824
967466120738418689
967465457065308160
967464194051362818
967460452686090241
967457014703120386
967456477370900481
967455817615269889
967454901193400320
967454636255973376
967454312459841536
967452545726722048
967452438751039489
967451810955919360
967437619238965248
967437026424512512
967435626017632256
967435163616595969
967435121287684102
967434123328487426
967433499799097344
967423780703350786
967394734523191296
967388202997833729
967385916007383040
967383493448753152
967382617380282369
967279054415122432
967278317652103168
967276524780032000
967275320972890112
967274772961914880
967274496926285824
967272442967273472
967271460501901314
967242261422596096
967216268179800066
967095962316484610
967095352577941504
967092708128051200
967092631036710916
967091740070088704
967091166880714752
967070007178989568
967052868355350528
966895102323916805
966893844204630017
966835966790037504
966835436868993026
966834886672834560
966794267606896640
966789255434514433
966784525245313025
966771399481352192
966759255238938624
966756133796044800
966754484243369984
966752967218089985
966752792391102466
966750092186316800
966747264063549440
966729823774216192
966724519909036033
966720727037677575
966714206560059392
966713706766831617
966713213873254400
966669287514689536
966668936535334913
966483551263907840
966447617977864194
966242610280042496
966203898452168704
966114698985959429
966080384126668802
966071063493869568
966067704393338885
966058706751361024
966053889714814981
966037133675958272
966010461878652928
966009552599703554
965992872519585793
965992198528520193
965991710449983488
965746284224221185
965744180705284096
965734460829335558
965726313528127489
965622346471047168
965350420435611648
965118121395802113
965002028849221638
964999180178591745
964996125953421312
964975032278704129
964973724612071426
964972227656601600
964969540789653505
964967993540259841
964923779066540032
964884708323659783
964883955534254081
964883765062524928
964878915012526080
964878837371850752
964871877679370240
964858030037794817
964710635517988864
964671710959226880
964671472965910528
964670155304460290
964663900934459392
964661495232638976
964619824054882304
964561809649930241
964540442305064963
964538517526339586
964531936755638273
964522199750242304
964522020796067840
964519901913407489
964513863277346816
964506594540220416
