1330281966952964099
1330280789934796805
1330280369107709955
1330279494242988038
1330279423048822795
1329556218759716864
1329527308927995904
1329527114916237312
1329518265933074432
1329395024518373378
1329394263541551109
1329217820844912641
1329217475058155523
1329210890306998273
1329210578766688258
1329210378308390912
1329186488790126594
1329185547441430528
1328510313566662657
1328492292206780416
1328492113328160768
1328491962362519552
1328491555661832199
1328488904727482369
1328133849696530433
1328112101446049793
1328111377366454272
1328110493161062400
1328110177778688005
1328110015899602945
1328109247373012992
1327789484117639168
1327788960458764288
1327330907875913728
1327330761024933888
1326336421007749121
1326336326598225920
1326332504299630592
1326330583715229697
1326329918511222784
1326329749858213888
1326328177912770560
1326328050066223106
1326253963008618496
1326253206607855617
1326230838204276736
1326229781831020545
1326229344507719680
1325905155078803456
1325896302345949184
1325895186971414528
1325894868414070784
1325284792355577856
1325284695572049927
1325280208916631552
1325178049067769862
1325107052356644864
1324906940300812288
1324896046497976320
1324895763055300608
1324895059846651904
1324893072610660352
1324888028993605632
1324887538817904640
1324883960199962624
1324883579076161536
1324883225194291200
1324374947028996098
1324374149201014786
1324140346566062080
1324130864909836288
1324130792067358722
1324130644125839361
1324123611410563072
1324123477146693632
1324123375627694080
1324121845700808704
1324121603500699649
1323464654643851266
1323464424225611776
1323461547172098051
1323460559128326144
1323460168340832256
1323459186135498754
1323459082599034880
1323458858069626882
1323456231634137089
1323455306429468672
1323453690234114048
1323365964252024832
1323311805175898114
1323311298944421889
1323311128240246784
1323310289039872001
1323310260661137410
1323310011804770304
1322990534663630848
1322684139913441280
1322683348863516674
1322682753779855360
1322659559903621121
1322653552829898752
1322653375268155393
1322653138470363136
1322652943242334210
1322566459231334400
1322566325919641601
1322565169805811713
1322564474507653121
1322564141282807808
1322564047271682049
1322563783923937280
1322563655834034177
1322318696786743296
1322318638527901696
1322318539513102337
1322318421682388994
1322318322109607936
1322318093360586753
1322317868407558144
1322317785997828096
1322317560134606848
1322317368459026432
1322317260199882753
1322317055769505792
1322316748293459973
1322316646032183296
1322316471268040704
1322316261531873280
1322315738326032384
1322315520348057600
1322003158646747143
1321999719481049090
1321999425397354497
1321998143009902592
1321997707104276481
1321997254463377408
1321996833472827393
1321996251882086401
1321995845646970880
1321989404408209408
1321942440866017281
1321942064683081728
1321941467137335296
1321941027305893888
1321940916949590018
1321940646395998208
1321897155473207296
1321895657330802688
1321895027979612160
1321894128930619392
1321893935250202624
1321893736888954880
1321893540280979457
1321893230049337344
1321857762276610048
1321625029168099328
1321624904370802688
1321624682471190528
1321624478271434752
1321624366812000259
1321624279557971968
1321624057201090563
1321623784105803776
1321623693944999936
1321623104838279168
1321622603585347585
1321622212160360450
1321622076734595072
1321621737943916546
1321621335387201537
1321620203671711746
1321620046494400512
1321619978928357376
1321619831716675585
1321619507484372992
1321619154319732737
1321618906008596481
1321617988135481344
1321617845860458499
1321617710325796864
1321617472169017344
1321617335887699968
1321617091384913920
1321616939123273729
1321616745312837632
1321594718589841408
1321594458379440129
1321594178770333696
1321594082288758784
1321593855095967745
1321593766440960001
1321593703048253440
1321593660526321665
1321593369341014018
1321592797376311296
1321592084663398401
1321591662259236864
1321590450076016640
1321590074090221568
1321589425336274944
1321588864461332482
1321586767540101121
1320817181567848448
1320816780055441408
1320816199744196608
1320788940350107648
1320788046648803328
1320777466902765568
1320777270932295680
1320499245233758209
1320498817553235968
1320169012039274496
1320168595695890432
1320168250613714945
1320167588303831042
1320166481225601025
1320165460885684224
1320164996932796422
1320164422342512641
1320163768773406721
1320162662479585280
1320162466584641537
1320161763883544576
1320160604204625921
1320160159226712064
1320159463521701888
1320159021165281280
1320158036929867776
1320157619131052032
1320157502361595904
1320157260195061761
1320152380894162946
1320137441303359488
1320079801357512704
1319806541801795584
1319363316016271360
1319363181416886272
1319363061178744834
1319362813135974400
1319362661876785153
1319362596244369408
1319037335514738688
1319035647139614720
1319033415727890432
1319009889188888577
1318682901001564161
1318682477611819008
1318681711434059776
1318681283547942912
1318367297401094144
1318366701004550144
1318351035442761729
1318350032580472833
1318349179605823488
1318349055899037696
1318347774010617857
1318347333050925058
1318347073075310592
1318346767167934466
1318346476737630208
1318346382084694017
1318346330780041219
1318336156946165760
1318335904008654848
1318335700723380224
1318335331901480960
1317985444466806787
1317985309175345154
1317985071429603328
1317984908195684352
1317984573985226753
1317983173238665217
1317983056020393984
1317982903083569152
1317982580075941888
1317982227444113409
1317982077724237824
1317981080444530688
1317980942347038720
1317980832569593856
1317597500455358464
1317596082189135872
1317595857202507776
1317592298218086400
1317591878519250944
1317591771564535809
1317591711976026113
1317591463576793090
1317590960474181632
1317588924223557632
1317588476926128128
1317588267873705984
1317586819861508097
1317586726374703105
1317586427287252992
1317585522169032704
1317584798534094848
1317583635181043712
1317582858794401792
1317577208597078016
1317529832628969473
1317501493746888704
1317500901989314560
1317499880546316288
1317182995380408320
1317174589261115392
1316854393816268801
1316854268700237824
1316854163226075136
1316853970933964800
1316852938208235520
1316779565843275778
1316778835803734016
1316776767386869760
1316775249438896128
1316774822890803201
1316515303585701889
1316475011750752257
1316474947317891072
1316474670196035584
1316472577468973058
1316471254707105793
1316196736742772737
1316137940783755264
1316132152447180800
1316131674237800448
1316098841263841280
1316088625897959425
1316087424661876736
1316086816454266880
1316085846609555456
1316085001335697408
1316083895679348736
1316070029146824704
1316068080632520704
1316066508632596481
1316065908301787136
1316060357731905537
1316057935076753408
1316057320103669767
1316054698458116096
1316054236552019974
1316054080964325377
1316043470990057472
1316042502130954240
1316042042770743296
1316041839565131776
1316040957159043072
1316040552295481344
1316040432472612864
1315860342056968192
1315860246481432576
1315860038062227457
1315859829542408192
1315859258269986816
1315859168327204865
1315858849211981824
1315858601534054400
1315836626870759425
1315836510273368064
1315426721273835521
1315407327747428352
1315406060916629504
1315378058400993280
1315377300788002816
1315377033946382336
1315376197920980992
1315361531815628801
1315361405353095170
1315351485794795521
1315350196855869440
1315349630599585798
1315349451276316672
1315349221642432514
1315348690236706816
1313520038012485640
1312811250104008706
1312810696741191681
1312536916806430723
1312536763299065857
1312536418728595457
1312531572076081154
1312475803905523712
1312449113737162754
1312238849226158081
1312082479516393472
1312068215401525248
1312067977664229376
1311443434935386112
1311349296810332160
1311346910842806273
1311345934882820104
1311344581007552513
1311344277314842635
1311336403641475072
1311334523477655561
1311333904897499136
1311332991336165377
1310410125044264961
1310362229418725376
1310358981748158465
1310358623281872898
1310358004265615360
1310357604485529600
1310357380132220928
1310357082605072384
1310356569213861889
1310238668775452673
1310237914794733569
1310210628884353024
1309637167715672065
1309533852117893125
1309524086062751744
1309515464402501633
1309515362006970368
1309515028035506182
1309183386510974976
1308821133047652353
1308820802431627264
1308820578686492672
1308820066868236289
1308819629632974848
1308819092762050562
1308818607120330753
1308818226701197312
1308818099555233793
1308817651787915265
1308163968687431686
1308163087652982784
1308161815897976832
1308161194302173184
1308160887371345920
1308160487587155969
1308120590415540224
1308118371163086848
1308117152898134021
1308116820730277888
1308116061636755459
1308115908037152773
1308100156856836099
1307861331593183232
1307858759079751680
1307858285895139328
1307856902194298880
1307810856801984512
1307803936301019136
1307531659907006468
1307530083410653185
1307529633823256576
1307529222978588676
1307529052287242241
1307526770615226368
1307526645184516096
1307525364105621506
1307525163043282945
1307524863741947904
1307524673735929857
1307524492390932481
1307523727626657792
1307522426197008386
1307521687479439360
1307521532478984193
1307521344158883841
1307521171789733890
1307134907525869576
1307130109183303681
1307107844668502018
1307107279297302529
1307107213723525121
1307107113236344834
1307105587122012161
1307104003076091905
1307103089204383745
1307102496339488768
1307099056129429504
1307095571577081856
1307041550271156224
1307038730113359873
1307038357612982272
1307037887024820231
1307037518467149824
1307037223687159813
1307036949203636227
1307036750632693763
1306646517118152704
1306646213568020481
1306645347431714816
1306044154506432512
1306043675231752192
1306042958643306498
1306041861383966721
1306041612938608640
1306041466494492672
1305902917229056000
1305902193623490562
1305280451314024450
1305280387216674818
1305279987310706689
1304896955718332416
1304893108719501312
1304883666653388800
1304870185266896896
1304864812753543169
1304864497056641024
1304821528781942784
1304562767752437761
1303182658122346496
1303182512772886529
1303181528915009536
1303181081663827968
1303180601017548808
1303179879844782080
1303161434373726209
1303161227313463296
1303160426142691330
1303159944896634880
1303159433732653056
1303158999223693313
1303158604246126598
1303157932066889728
1302989321738182657
1302989048739315720
1302988434336694272
1302773847259639808
1302772886705377281
1302772282775855104
1302771937727315969
1302771514832384000
1302771355209756672
1302771242559107072
1302771078234738688
1302770779482804226
1302768676047814660
1302767875866779649
1302767059625943046
1302760938026622976
1302760598455771136
1302759736476012545
1302759061268561920
1302756462943375362
1302756120449048576
1302755681343139840
1302755144686157827
1302754692284313602
1302754472884535297
1302754033405288448
1302753762314825728
1302753443325460480
1302753170980966400
1302752969578835968
1302752469915635713
1302025901031350273
1301577315613253632
1301570798776328192
1300895412400697345
1300895154732064769
1300893565439021056
1300892659498639360
1300892337992736768
1300891982995152896
1300891791755866113
1298352034861600769
1297660233653743616
1297660073792086017
1296211851748016128
1296211178767736832
1296210865017020420
1296210692022898689
1296210374136651785
1296210080086589440
1295479336993206273
1295479050656518144
1295478454599790598
1295478211174903808
1295478013015076864
1293684009050882048
1292593751651565568
1292593513616404485
1292593101123379200
1292592920428609536
1292592689964171264
1292592423453958144
1292592045735829504
1287902007093690369
1287901672279138304
1287901570332418048
1287901370721263616
1287901102499753984
1286691138133323778
1286521016324218881
1286481446937346048
1286481108343824386
1286480654486474752
1286479260505395202
1286017944586268672
1285285698421940226
1285285394808856577
1285285122195910656
1284203168331706371
1284201866251907073
1284201556351557632
1284200927633838080
1284193753746595840
1283994659123912705
1283994095057166336
1283991187167166464
1283990570147278848
1283989805680881666
1283989257955053568
1283988474702356481
1283988111853154304
1283987908895154176
1283987478316113921
1283540643214536704
1283540409390522368
1283540332177584128
1283539877603074049
1283539425629093890
1283539150889644032
1283539003233366016
1283522381500149760
1283521506614497280
1283520544797634560
1283520119121932288
1283519400490856448
1283519253878984704
1283518952035905536
1283518493652955136
1283518007197618176
1283511879919263748
1283510965254803456
1282791345598283776
1282790910418227209
1282386771993489408
1281385363932475393
1281356247908986882
1281356099925442564
1281355358615805954
1281354338682785797
1281353757922598912
1281353561646006272
1281353048506404865
1280987654079877122
1280984058248351744
1280983100168695809
1279251193399635968
1276955327959691264
1276954507348340738
1276954410380222464
1276954130783727616
1276953788646072320
1276953598086090752
1276953119369293824
1276952466257395713
1276952370509869056
1276612298753208320
1276323375648915456
1273746377974206464
1273745772970983425
1273745301141106696
1273744840237465608
1273744674281398275
1273054955557883904
1272299545313959936
1271572432650813440
1271140459071434753
1269013018400169992
1269002959788085248
1269002001997758469
1268980775032143872
1268979901975101440
1268979236519510017
1268501597572784133
1268501405830184962
1268500982155091968
1268500692899168256
1268499967116804098
1268373691664130048
1268001715455954950
1268001130191237120
1268000837563015168
1268000568410361857
1267143753208217605
1267143312978268160
1261497004166803458
1261496459452542976
1261495919448485888
1261495669421817856
1261494827666948096
1258941956077449216
1258863666872664064
1258858640552931330
1258858255201243138
1258858074091257858
1257871351265800199
1257871126320967680
1257870612921384960
1257870359325315072
1257869800254001154
1257868010959716352
1257867765148340225
1257867528581246977
1257867092201623552
1257866629418909697
1257862069589696512
1257861677699092481
1257861426133098496
1257860858769625089
1257859912761135105
1256792007755722757
1256788885029306368
1256628495280553985
1256317735253889024
1256317221472628737
1254588303162003456
1254228876454060032
1253538144923774977
1253535362292436992
1253535302691352578
1253533083816521729
1253532272373821443
1253526322254495746
1253510152419831808
1253491368464244737
1253491275392618497
1253490739721367552
1253489789514338304
1253457584989716480
1253456754202951680
1253455663239290880
1253379973848563712
1253139031468072960
1253137534466441218
1253137148296851456
1253133982432018433
1253132141371592705
1253129839030104064
1253102280934490112
1253061024959229952
1253028296469565440
1252997767946887168
1252997564502138880
1252997368649113601
1252997241763061760
1252764681229328386
1252398425225564164
1252397536981028872
1252395306257285120
1252394786419404807
1252392311100600320
1252392148768448524
1252391859566940160
1252391353238999040
1252391057456693257
1251677426267983872
1251677033383342082
1251672447134232577
1251667474992386050
1251661924921532416
1251661836795043841
1251357239207575554
1251354907539501057
1251354000298917888
1251353702457171971
1251323677993402368
1251309560494579713
1251309245082951680
1251309160488038400
1251305331138813952
1251302912262680576
1251299993140355072
1250968243675619328
1250967580434526209
1250967409571184640
1250966936298459137
1250965996774424576
1250965283503669248
1250939112531521536
1250929722218827776
1250927671803957249
1250927351661162496
1250644264800841729
1250631806560301058
1250625581122834434
1250625297491259392
1250625157409857536
1250624805344182272
1250624677128495105
1250624003485470720
1250623900486008835
1250620216649723904
1250619611109748737
1250618385882157056
1250618210459648000
1250618000949907456
1250617652961112064
1250605369669242880
1250600330833694721
1250591687128182784
1250573609875079168
1250573000367169536
1250167331763810304
1250155052125192193
1250154400187703296
1250153024510541824
1250152190523535360
1250151180090494976
1249396515832868864
1249395132501078016
1249394425307910144
1249136410017267712
1249136310188679170
1249133761461133312
1249133576223932417
1249103254794862594
1249100909679751170
1248757742996566016
1248757285918085121
1248291922172493824
1248030973087731712
1248028055487909889
1248025955852881920
1248025252128370688
1248024753593397248
1247990431935152128
1247963646958817280
1247961940766248960
1247961064832036865
1247960426219884545
1247706806878683138
1247705724852957185
1247705117576417281
1247704597709221890
1247704005016346624
1247652209581424640
1247591500755529728
1247582195994071041
1247582006197792771
1247580755347140610
1247304955817390080
1247304787177046016
1247304456435167232
1247303773904486400
1247303670401654784
1247303419057991680
1247303189130440704
1247301191073058817
1247300671646208000
1247299039776800768
1247285708777115648
1247205451319533569
1247203568106360832
1247203271250345984
1247202692457349121
1247202404946173952
1247184972915470338
1247182762286575621
1247182541150244866
1246959139558838273
1246958601316360193
1246958335691067392
1246957569723097088
1246956822084255744
1246955686182846464
1246953406729564160
1246952493449269248
1246952361987166208
1246950917858938881
1246946950944964608
1246875408420589568
1246875232448569344
1246582286704754688
1246576117906935808
1246569619504025601
1246205941701210118
1245892417418493952
1245892155068919808
1245891314710798338
1245890402160271361
1245870758372360193
1245841697839271937
1245838624563716098
1245837992675012608
1245836258938503169
1245750812208316416
1245750016087449600
1245065767944515584
1245065281916915712
1245063428776923136
1245062927922548736
1245062714776367104
1245062058938257409
1244383899205038081
1244022881756934150
1244022396429848577
1244022280344092683
1244021737232064517
1244021606453661698
1244020849159499779
1243737411118497792
1243736231457861639
1243733628531568640
1243733549414404097
1243729793100611584
1243729602775678976
1243728858802573313
1243728427720441857
1243716256995270657
1243695465993928704
1243693214579585025
1243692827248226305
1243684565308174336
1243682269388083201
1243679396319211521
1243678903094263808
1243676102012186624
1243675903273517056
1243675694879535104
1243352783928954880
1243352462162923521
1243352392214761472
1243352061342666752
1243351890319962113
1243330071680540674
1243329800564903936
1243329190687993856
1243328740718866432
1243328506924167168
1243328006552039424
1243326311520583680
1243325868354596864
1243325425360629760
1243315465360822272
1242945762863878144
1242944656205180928
1242576224351707136
1242566894227312640
1242566640228683776
1242559500998983680
1242257475320958977
1242255619966382080
1242255290650640384
1242241276348485632
1242240624855666688
1242239436550598657
1242235789393555457
1242234233046749186
1242205842918653954
1242205574449643520
1242205224434929664
1242197490910113792
1242197288811769856
1242196831330680832
1242196666075082753
1242196401569689600
1242191871792697344
1241916552049340417
1241897983676837888
1241895847802990596
1241895348580171776
1241894409123139585
1241887174233952256
1241886757005611009
1241886451593129985
1241886048147234816
1241881148784906240
1241880836208652288
1241880658605010944
1241880129124438016
1241879180960129024
1241878057373143040
1241784286467911680
1241783968841609217
1241783199069396992
1241781565467676673
1241781142597931009
1241774805008826374
1241764456494841856
1241551688638410753
1241527507687333888
1241527273590640641
1241526962985656320
1241526506028818432
1241526329817722880
1241526069796036608
1241524736338751489
1241524250546016258
1241524016738750465
1241523903110844417
1241523745757388800
1241074997436784640
1241074736106520577
1240426815241375744
1240410712867889152
1240409484578578432
1240409127454535680
1240391059039047680
1240388412567322625
1240356384518090753
1240355656605011969
1240354866880557056
1240352669815975936
1240352001743114246
1240351459490873344
1240350046991912961
1240349765516353538
1240102102107443201
1240101463193313280
1240101301150568449
1240101129293148163
1240100886346526720
1240100685141532674
1240100589855367169
1240100495747715072
1240100111679545344
1240099793998712832
1240099322999361536
1240098951597981697
1240097758352048128
1239980886956724224
1239979115899281408
1239977495840968704
1239977227032223746
1239976660679528454
1239976310467772427
1239975744618414080
1239973235120197637
1239972972477083648
1239958076972609537
1239941080767815682
1239700728299401218
1239700018790973440
1239679003771801600
1239388386844016640
1239295064058105856
1239292270332895232
1239292168566534144
1239246085672955910
1239245512429068290
1239244634234077184
1239243121096970240
1239243082282885120
1239241765065863169
1239215190790393856
1239214312918372352
1239214072236658694
1239213813875933190
1239208828182204416
1239207735175999490
1239008335245881344
1239007889504657408
1239000066414665728
1238998926906146816
1238998566850330624
1238997967786242055
1238856867620638720
1238856656827478017
1238617286262444033
1238616679430516736
1238615977417310208
1238574678714667008
1238518992773378048
1238518748094464001
1238510329291657221
1238509220674162688
1238498104497696773
1238493030484598784
1238492859596070916
1238286687530188800
1238206703633682433
1238206243359031296
1238205709038256128
1238205010359603201
1238204817664851969
1236743219196518401
1236720739287314433
1236720278454956032
1236719835653894144
1236351475078463488
1236341075817553927
1236122984114294784
1236122613614698496
1236122200194703360
1236122069181448192
1236100029657407489
1236099840431411202
1236099587988811778
1236099388218281989
1236098865721311232
1236098591988436993
1236098311653699584
1236098080119746560
1236097869951598592
1236097782609367041
1236097582620790784
1236095151568642049
1236094460431196160
1236090834291851265
1236085280043458560
1236084371951517696
1236078875836211200
1236008711279108096
1236008228531482625
1236007797633847297
1236007443064180736
1236004298560921603
1236003821395906560
1236003311796404224
1236002686132080640
1235760230690152449
1235751586045071361
1235745423761031170
1235739222750965762
1235738862808334337
1235738444577587201
1235737901507346433
1235737666114682880
1235737086428356608
1235736359626653696
1235296572944109568
1235295973963943943
1235294441314947072
1235017627480670209
1234968265090203648
1234967863028404226
1234949561203843072
1234947947306962944
1234946389278220288
1234945984888619009
1234920070234746884
1234899183745650688
1234565208221241344
1234564014237028357
1234563550741270528
1234562536428564480
1234562080675516416
1234547143840391168
1234546385300516864
1234546129703882753
1234545673682313216
1234536210661441536
1234179374552739840
1234178614205108224
1233887014195363841
1233886161392693248
1233886102634676225
1233885524764450816
1233885386247528448
1233884466625437696
1233884147543789568
1233870791801835520
1233870049850449920
1233868849834889216
1233868407885328384
1233867769570922496
1233853259057516544
1233852800099946496
1233851617599840256
1233851281216868352
1233850936101154817
1233842216101142528
1233841872956616704
1233841410178273280
1233836612020310024
1233835960825049089
1233549545503461378
1233536011885412352
1233535450205151233
1233533982492393472
1233532227515908096
1233525608358924288
1233519684521119744
1233519297282150400
1233517834417950720
1233517492175241221
1233417987148795910
1233417778524065792
1233417454539272199
1233251752645820419
1233186794398576641
1233184358799831040
1233184006604120065
1233053396392792064
1233050225264095234
1232908229392261120
1232907430641590272
1232906667265650688
1232906351673626625
1232905811535360000
1232876690117808128
1232873227518496768
1232872386627686402
1232852328937508864
1232849617420578816
1232848931148558336
1232846596598927361
1232842927291817984
1232842702711996419
1232841552369635328
1232840913673580547
1232840228085256192
1232839677746376704
1232838772951138304
1232837116423331840
1232810193236320258
1232809896917135361
1232809602753818624
1232790418175090688
1232789797774643202
1232789608988999680
1232789503191838720
1232789081177784320
1232537552739012608
1232536329898078208
1232535236224876544
1232535072559042560
1232533367301853184
1232532453065134080
1232531778864373760
1232531604477792256
1232531017166213120
1232527089988964352
1232525807597367299
1232524657573523456
1232523238825086976
1232522918128566273
1232521040237981697
1232520907165298689
1232520606173691904
1232519750124589056
1232519428648009728
1232515072607440896
1232514762593824769
1232514003525496832
1232513793957097473
1232513703079108609
1232513150253027328
1232512218907860992
1232512059360702464
1232511079382536192
1232510890852749313
1232509629923377152
1232509133028352000
1232508037081878528
1232507894249033728
1232507749004525568
1232507557505204224
1232507472348233728
1232507032030236672
1232466186811498497
1232441850650189825
1232427278920929280
1232372749563310085
1232372517978943488
1232372147953246208
1232357059162787841
1232350298670276610
1232349866342395904
1232349589337976835
1232349518420725761
1232349388175003655
1232349231349948417
1232348237413130245
1232348119230304256
1232347318902513665
1232346863799590914
1232346593912872962
1232346535536594944
1232344402040893445
1232344267089158145
1232343770257133569
1232343025772265486
1232342161816985601
1232342011623231500
1232338523132506116
1232329097575047168
1232154091939217409
1232153742092275715
1232134706403037184
1232134485237358592
1232133612146843648
1232105811817549824
1232105474608136194
1232103231855050752
1232102516751392768
1232047696862539777
1232047378300932096
1232046637813395456
1232045806007410688
1232045574754406400
1232034140318339072
1232032560001114112
1232032199517454338
1232030780706025472
1232029210933256192
1232028841004003328
1232019632233443328
1232018703530647552
1232018337137229824
1232017304134639617
1232015626266238982
1232015239710793731
1232014838328487936
1232014389877694464
1232013698861916168
1231758113784467456
1231756093249818624
1231755579565035520
1231755324169674752
1231754439116984320
1231749924758286336
1231749784916000769
1231749367620493312
1231749234946232320
1231748914262335488
1231748570086137856
1231748372467351552
1231747804684414976
1231747631623241729
1231747393894281216
1231746850601881601
1231746498687201280
1231743385041432576
1231743113317601280
1231742745930153985
1231742526802944001
1231741884302647296
1231740690754727936
1231739338452426752
1231738747047137280
1231738431832637442
1231737792146706432
1231737314797187072
1231736315437150208
1231735233549987845
1231735049357152256
1231734686226927617
1231733455202832390
1231733219206164480
1231733126818234368
1231732576651374592
1231728527130554368
1231654401674072064
1231653996185579520
1231651550008766465
1231651354784854016
1231651048877486080
1231650355525480448
1231649921675100160
1231648091360489472
1231647621732651009
1231647439762808832
1231589282705338368
1231337373146836992
1231312394523009025
1231304986732068865
1231296182955073538
1231295839085031424
1231295274821095424
1231294922357014529
1231286653903179777
1231279862683324416
1231260380262830080
1231259930629271552
1231060932736016384
1231058915233759233
1231057171649048576
1231044733222490114
1231044160582541312
1231043817459134464
1231043481470152707
1231043106847498240
1231042814047334400
1231042589421441024
1231042298546458626
1231041401930076162
1231040771316469760
1231039870438694912
1231038543201472514
1231037179411009536
1231034529411928064
1231034095133712384
1231032499821842432
1231032045062819842
1231007613116129288
1231007365887135745
1231006614548860931
1231006446109765632
1231006106710921216
1231005866729656321
1231002387567063043
1231001762779279360
1231001634840436739
1231001321593090056
1231001201036210177
1230998592095244288
1230997767113277446
1230997439852765187
1230997184646123522
1230992552003805186
1230992096774979584
1230991864897114113
1230991375237308417
1230982878256914432
1230982645036744704
1230982294481055744
1230982073546137601
1230981800232673282
1230981256365604864
1230980977448624128
1230979242751614977
1230979026208133120
1230978789624160258
1230977603747614720
1230977442929618947
1230976390377418752
1230941954604773376
1230940909455450114
1230916689463828484
1230916372508684288
1230916226437787649
1230916048364457987
1230915661708353543
1230866687920156674
1230865929631944705
1230865415926165504
1230864365395546114
1230862197586350080
1230861920107999232
1230860849977360387
1230860714052608005
1230719824902230023
1230719552947769344
1230700546316632066
1230698326963580930
1230697597326651396
1230697137974865921
1230697028872572929
1230696768804802560
1230692173588262912
1230691836676567041
1230691352997855239
1230691249415344128
1230691036227223555
1230690778369810432
1230690285216124929
1230690161341562880
1230689053126737920
1230688286026285056
1230688031994077185
1230687779203338240
1230687429608108033
1230686532236795905
1230686163813289984
1230685955444527104
1230685612400762881
1230685126574497792
1230684985675268096
1230684521839771648
1230684259188232192
1230684135733071872
1230683784946675712
1230677466995314688
1230675692829859841
1230675230353326080
1230674853750947840
1230673192357789696
1230672709480116225
1230671026620522496
1230669700025241601
1230669366343041029
1230669052755902464
1230668738921283585
1230668509165711360
1230667599630876673
1230667514713006080
1230661249584656384
1230660718577385472
1230652594017587201
1230651717877825537
1230651272040083457
1230649652686409728
1230649457286344704
1230649202276913152
1230649040318025730
1230646966905790465
1230645722262822912
1230636947493679104
1230596233825116160
1230595065661157376
1230593573180993537
1230592916432678912
1230588315650314240
1230585686341799936
1230585282954592256
1230584408463142912
1230584157266309120
1230584037959331841
1230583643224956928
1230343673398939648
1230343529135820800
1230343341969113088
1230341405987557377
1230339758951452674
1230339475122814976
1230338665081135104
1230338419735351296
1230338249912209413
1230336115212738564
1230331086607208449
1230327778567950336
1230324768341098497
1230323987269529600
1230322940601864193
1230320908490944514
1230320524062076929
1230319745410457601
1230319018504052737
1230314823335993344
1230312838809477120
1230312085814464512
1230309988079427584
1230303285770412032
1230302349203247110
1230300547237974016
1230299806737801216
1230228789352894465
1230228304931835907
1230227989968891906
1230227758338494470
1230227583784161280
1230226953288011777
1230226615688474629
1230222000125136896
1230175350501584898
1230172021386043393
1230171553029087232
1230171191404584962
1230170719788638211
1230170525168799744
1230167314219270150
1230167060359139329
1230166192461111296
1230159254981496832
1229997165868670976
1229995742376464384
1229995263751860224
1229995070507618304
1229994739199619072
1229994098326753283
1229992588318584833
1229992367220023297
1229992185833119744
1229990069953531904
1229990033240854529
1229986731409145856
1229986182332919808
1229985850609537025
1229985476972601349
1229985380470022144
1229985045345120257
1229982311166468096
1229967577981554690
1229958827757297664
1229954827716898816
1229920339607425024
1229918954702815232
1229918063530692608
1229912335944486912
1229912226225627141
1229911287230017536
1229910991829381121
1229888030879682562
1229882672836681730
1229838367128338432
1229835643607367680
1229833618517741568
1229832836636540928
1229832614724268032
1229832382192050176
1229831857249738754
1229831565997273089
1229810379498250247
1229806272322523137
1229803411052228610
1229642275413585920
1229603877084790784
1229600204011106304
1229599203904507905
1229598767793364992
1229572044850786304
1229571838109343745
1229571251443625984
1229570501820813312
1229570252641423361
1229570083879415808
1229569603463831552
1229569408323817472
1229568765282508800
1229567836034457601
1229567415228366848
1229567029645955073
1229565802325532673
1229565692589903873
1229564676033273856
1229563346657001472
1229559903863234560
1229555226526380032
1229554526065057792
1229553574285209600
1229553092598747136
1229552332305682432
1229552013379137537
1229551830318739456
1229551268374315008
1229551064019394560
1229550615149203457
1229550380737912832
1229549930580037632
1229549534352560128
1229549167099252736
1229548917936672768
1229548371448225793
1229547741665091584
1229547188327313409
1229546928687304705
1229544690501840896
1229543677493563397
1229543419883606017
1229543311100104705
1229542557807284224
1229542268639436800
1229541636599758848
1229541238656815105
1229541183241650176
1229540894807707648
1229540832132259840
1229540577919696896
1229540303289245696
1229540093582401536
1229539806499065856
1229539613510733825
1229539438918656000
1229539211822284800
1229538561281556480
1229537922145087488
1229537710831857665
1229536645268946945
1229536385272446976
1229535162326609920
1229535084786532352
1229534881513820160
1229534127109488640
1229532491876204546
1229531954111844352
1229530888515407872
1229501157665468417
1229500659549868032
1229500262038921216
1229500178257739776
1229499997592272896
1229499496012419072
1229498132423008256
1229497914105319424
1229497699877015552
1229496834340450304
1229495853447970816
1229495595556933632
1229488567014965248
1229488177959694336
1229486980620177408
1229463794096566272
1229462626897317889
1229460684942917632
1229460393602338816
1229458883443216389
1229458638890160128
1229453378930888704
1229276776020377601
1229248264446214145
1229247959759388672
1229247570905419777
1229247293242531841
1229244612109164545
1229224403860246528
1229224154869551104
1229223874006417412
1229222983631171584
1229222792043720705
1229222288567889920
1229218886714707969
1229217611918897152
1229217498479726592
1229213106812801024
1229159758197714944
1229159613825576962
1229158307463487493
1229157159683805185
1229155937451069440
1229155803996680193
1229155623553490944
1229155275346571264
1229154754133028865
1229153699814985728
1229153521527713793
1229153037802803200
1229134538225283072
1229131507446378497
1229081602510270464
1229080629008048128
1229069327724314628
1228881662211063808
1228881048143986688
1228880848495099904
1228880677040316416
1228880061505273856
1228879944412848128
1228879381637894144
1228878890375843840
1228877559795896320
1228877134195609602
1228876573807243264
1228876104108138498
1228875894149660673
1228875682563817474
1228875482893959168
1228875149388046336
1228874486843203584
1228874052086796290
1228873675065053184
1228804825732800513
1228755066993205249
1228754817344032768
1228754648733044737
1228464811043741696
1228464441865293824
1228464307593023488
1228464210977255425
1228464141871878144
1228463866465533952
1228463730708504579
1228463584268574721
1228463464500191232
1228463272044589056
1228461390064574464
1228460059169968128
1228459901514502145
1228190425049001984
1228190074832994304
1228189897086754816
1228189023451017218
1228188929796407297
1228186355856859146
1228186087106863105
1228185943653306369
1228184886969692161
1228184319618797568
1228184229189537794
1228184114416640000
1228184001640194048
1228182716459257859
1228181551151632387
1228179270641471489
1228179060880097280
1228173001255866368
1228172752667865088
1228172483682955266
1228171928176775170
1228171641437294593
1228171249504768000
1228131915611267072
1228131034484490240
1228129574145232897
1228128551678824448
1228128356723388416
1228124336168435713
1228119799760224256
1228119495174025217
1228119450978619393
1228119271378649088
1228118952967958529
1228118154485760000
1228117446436909058
1228116964138078208
1228116458741256193
1227982556462583809
1227823853960757249
1227823384492306433
1227822246317576192
1227818749543120898
1227818571289358337
1227817892936159233
1227815668520603653
1227815120476065792
1227814098336772103
1227813455404519424
1227811846637252608
1227811567242055680
1227755781564461056
1227755398498643969
1227752291723141121
1227752026735403009
1227751461603270656
1227749184830205953
1227748816427704321
1227746015698010112
1227451417310433280
1227449883331846144
1227449345735380993
1227449162154872832
1227447645960052736
1227446659635982336
1227446332757069825
1227445848533061633
1227335625554132992
1227330566611185666
1227323259064066054
1227315776002150406
1227315127512334337
1227314322759655434
1227313937227665409
1227283516708225024
1227282819866669057
1227282420413685761
1227278914910814211
1227222904535965696
1227082747463659520
1227082362481078273
1227081851115732998
1227081617849470976
1227081420679417857
1227081066181099520
1227080602773405696
1227080472087236609
1227079670220218369
1227078603331915783
1227077874030542852
1227077720359632897
1227073827571523584
1227073554199412737
1227073402080354304
1227073203077406720
1227072620882845702
1227072095063924736
1227070347855323137
1227054297516400640
1227046905751818241
1227046075376136197
1227045913455022080
1227045491629682688
1227045052238532608
1227043308448313351
1227042804641095680
1227042484905074688
1227041789422395392
1227040549271531520
1227038674983849985
1227038453897891840
1227038223827795968
1227037494333464576
1227037405443575808
1227037267799052289
1227037085736955904
1227036946376978432
1227036473410519040
1227036280363593729
1227035594569596928
1227035067194589185
1226959525602844677
1226878494954549249
1226689717934141440
1226681212539936769
1226680889532461057
1226677662950854656
1226676146831491072
1226672661507559424
1226588022784741376
1226586124144930816
1226586040112009216
1226585628659220480
1226531122797899776
1226530477147746306
1226529922950123521
1226369683613315073
1226366647654477824
1226366370394198016
1226366198675197956
1226364651388096512
1226300812814512128
1226292266408374275
1226291270806470656
1226289929975545856
1226288674465177600
1226287469395468288
1225999092603478017
1225998409330331649
1225998318821462019
1225998136591564800
1225996767163904000
1225996035614330881
1225995696664276993
1225994510263439360
1225993820002603016
1225958248219430913
1225958024335937538
1225957481374896129
1225957267574415360
1225956736588115968
1225948377449299969
1225947635481108481
1225942198153138178
1225927426611412992
1225927090811179010
1225926474634416128
1225926214428151808
1225925035216404480
1225924847416426501
1225924614439628800
1225923823821713408
1225922795583856641
1225920864647991296
1225918685245628416
1225917792936837121
1225911031043506176
1225910023445856256
1225909466417090561
1225814176339283971
1225589644294791173
1225589522257338368
1225587856174911490
1225587456726249478
1225587005070946304
1225585671005450242
1225582345362825216
1225580365978488834
1225580185828909057
1225579781246406656
1225570103737176064
1225568824348545024
1225568417551441921
1225566562125582336
1225564877059772418
1225563689471926273
1225563122062233601
1225559186731347968
1225558750163095552
1225557267749232640
1225555773247365122
1225548689307029505
1225548250301726724
1225548058810834946
1225547842086998018
1225546674581446661
1225482758572646400
1225482039069171713
1225480961942573059
1225480894867177472
1225460678925795328
1225460205284028416
1225456147613700096
1225455215664455686
1225455153802698753
1225451953267691520
1225451436525252608
1225449666692567040
1225446832462974976
1225286671727353856
1225284148236939265
1225283487768334337
1225282997605130246
1225279676152602624
1225278389856034817
1225277789932142592
1225277581353611264
1225277203434233857
1225276992443973632
1225276832456404992
1225276268561616896
1225275824372211712
1225275032533753856
1225201999680946177
1225201517134663681
1225200566185259009
1225200350094741504
1225200214341931008
1225200050558496768
1225199928160374784
1225199779258388481
1225199689034682368
1225199551759257600
1225199408519626753
1225199269797216256
1225199151991803904
1225198788563759105
1225198711195590657
1225198216058040320
1225198000433070081
1225197808187166721
1225197596941008905
1225197246716628993
1225197070149009408
1225196759304962050
1225196558603313152
1225196370820124673
1225188205223243777
1225187412956999680
1225187300566388736
1225187191564816384
1225187035880640512
1225186345296920576
1225186257493323777
1225175472754937856
1225175233641897984
1225175186187489280
1225175116289462272
1225174117684404224
1225173142496112643
1225173073571090433
1224899416848359424
1224898843143069698
1224897885386395648
1224757080734781441
1224754057778286593
1224491484029698049
1224491060719579136
1224489629878874112
1224489035868991488
1224485674444701696
1224483836253196288
1224483775012196353
1224483077612699649
1224482840089251842
1224481904709136385
1224481486771900421
1224481252679376897
1224481044004397057
1224480429866012672
1224480086289571841
1224479944505348098
1224479813085233152
1224479712400961536
1224479466946064384
1224479346594697216
1224478954133716992
1224478377026801669
1224166735240101894
1224156208560517126
1224153154004144128
1224127030440222720
1224125334343180288
1224124869580857344
1224124697891213313
1224124346660270080
1224123789929263104
1224123183177093120
1224106059511619587
1224105226749259780
1224101489100103681
1224100515723780103
1224099716604088321
1224099597225791489
1224098942184558595
1224092961140629504
1224092841854541831
1224092614024224768
1224092334486323205
1224092212461522945
1224091997448953856
1224091480698118151
1224086838693883904
1224086693097046017
1224086464910123008
1224086337139032064
1224086128803758081
1224085916517457920
1224085803845840897
1224085611721580544
1224085480385343488
1224085364974833664
1224085165367934977
1224084974380339200
1224083920318189568
1224082491478175745
1224080470956068864
1224080185265278977
1224079953383178240
1224079620187648000
1224079476906061824
1224078646756790273
1223827087296827393
1223825770310586374
1223822667649650689
1223821108593356800
1223821028608004097
1223820882876850177
1223820491200196608
1223819569686384641
1223692522829959168
1223657481181618178
1223635207523168256
1223635052107448320
1223634897761263617
1223633595283079169
1223340499139870720
1223339350735212544
1223338986988396544
1223338663309803520
1223338256034496512
1223315286473900032
1223314996186112000
1223314770507382784
1223314529397854208
1223314394345459712
1223313780458708992
1223312870361845760
1223312181715849216
1222992860229906447
1222909812867919872
1222909742130974722
1222908366583808002
1222300266914934784
1222295372145418240
1222294865884499969
1222294602062761984
1222293105484845057
1222292799631978497
1222292537919995904
1222284885978562560
1222284664208912384
1222284105959628802
1222216477660442624
1222213773936578560
1222213014654291968
1222212863097327616
1221946853408641025
1221600859538112514
1221596198563266560
1221596016769585152
1220875784124084224
1220875628699885568
1220872945700130817
1220869635488337920
1220869502671446017
1220869076538490880
1220868806404427776
1220867680472793088
1220863543710568448
1220862404105592833
1220862272257642498
1220861921265684480
1220861547364470784
1220860964762980355
1220860161021136896
1220046261077700611
1220038674894614528
1220037281358069760
1219321320069947393
1219319930056654848
1219319591714750465
1219319230115377152
1219058482676002816
1218908362492076032
1218907946530328577
1218907879274618880
1218183460680093697
1213851915039248391
1213851638265516032
1213849726325592066
1213849280957624322
1213848552142757888
1213847823747362817
1213846930868113409
1213846621185818624
1213846228473135105
1213589690491777026
1212339277272625153
1212331420997300225
1212331070705848320
1211738143243657216
1211685895444713472
1211684755831324672
1211683746551713792
1211683013261549568
1211682649284075520
1211678445500895232
1211303203779645440
1211302899889754112
1211301260160204803
1211300448939864065
1211154962689822720
1211154866438959104
1211150034676240384
1211149598909059073
1211149116345962496
1211148454241554434
1211147237822087168
1211146249090453504
1211145796227174400
1211145468828192769
1211145050853269504
1211144405194723328
1211144145193947136
1210739527242792962
1210738656706580480
1210735519887290374
1210734738224246784
1210732712337666049
1210731421351854080
1210731162911379457
1210730355109449729
1210728891012136960
1210728124406628353
1210727403204427777
1210727188498018304
1210724203843842050
1210723087764742146
1210721821898637315
1210721452363636737
1210721215288971265
1210721120191537153
1210720823503310849
1210718596931866624
1210718247911211008
1210716991721373696
1210715514508439552
1210715313005686784
1210715065197875201
1210714537302716416
1210226813504376832
1210226287958056960
1210222769322938370
1210222074758721538
1209888978234556417
1209888545030062080
1209886237357572097
1209885890048249856
1209866608350334976
1209860403292827648
1209859547768057856
1209697767569756160
1209697318913445890
1209695211212795904
1209694331340091392
1209693993149198336
1209692987556384768
1209687676359565312
1209674868104429568
1209673215842275329
1209672794889285632
1209672581399236608
1209672452768321536
1209672158802137091
1209671836004339713
1209670836845547520
1209670641290334208
1209670155849981952
1209669185162240001
1209614605116301312
1209610793706065923
1209609602498621440
1209609468595433472
1209609203934842880
1209607950248996864
1209540843087917057
1209334948445872128
1209326745632985088
1209325549908152320
1209325479636815872
1209321467667550208
1209316473346248704
1209312484412100609
1209310655821434881
1209308957249953792
1209308264220938240
1209255323510308864
1209253090865696770
1209252759293161472
1209252193951334402
1209251685870133248
1209251351881895936
1209251127943823361
1209249526298472448
1208189476423393281
1208184913297473536
1208182622125318146
1208182037447729158
1208181437691621377
1208181052834906112
1208180602014298113
1208180282056044544
1208178739609161728
1208178456644603904
1208177824734957570
1208082083287064576
1208077336643620864
1208076913937469440
1208076671842164737
1208075507260174336
1208074518109048832
1208074114499563521
1208072122419073024
1207729971893919744
1207729325803331584
1207728218796511232
1206754086390906883
1206751946213736448
1206751840106209280
1206751634870550528
1206751368964235267
1206750714329882625
1206750134694031360
1206749422119350272
1206748479982194688
1206748340525756423
1206747679625076736
1206746122196144128
1206745719941386240
1206745340902117376
1206745047263326209
1206721304524550144
1206720576519147520
1206720222528303104
1206719469889810432
1206719228595724289
1206718682476318720
1206717828520235008
1206717379079655424
1206716913172152320
1206716122927484929
1206711019952754688
1206642241231409152
1206396361228222465
1206391955581571072
1206390772628516864
1206381528613212160
1206344221835161600
1206344074208239616
1206302039048736768
1206300975280967680
1206300369413783552
1206290351104770048
1206289581227692032
1206283254006861824
1206282188011929600
1206281868934430720
1206281704287027200
1206240070531010566
1206238656169725955
1206218978810458112
1206084483515969536
1206082399295033344
1206072458605805569
1206068891052470272
1206041162269642752
1206026514405347329
1206023659199950848
1206022992779595776
1206022654278303744
1206021830835785728
1206016313845354496
1206015791016972288
1206012880547508225
1206011451506225152
1206010945807376385
1206010116530556929
1206009882215776256
1206009681627369473
1206009143963742213
1206008416059019264
1206008172428722176
1206008074709823489
1206000098640949248
1205999226926202880
1205966529214304256
1205965685412679682
1205593492996669441
1205580557033324545
1205578945111953410
1205578452860100608
1205578060256415744
1205535565493391360
1205534627701477377
1205534495073394688
1205322380840595456
1205321938920296449
1205321136344461313
1205320413938503682
1205319782343397377
1205319542110486528
1205318510475300865
1204965930759053312
1204964315264012289
1204963806733983745
1204962987838017536
1204962765409935360
1204961949185794048
1204957505417138179
1204956497060327424
1203491703660793856
1203491059864494080
1203488704758599680
1203483892637847558
1203483234975145985
1203423348467720192
1203373935997243392
1202981513823838208
1202979522397663233
1202979030628065282
1202789878783606784
1202789677121409025
1202788544630030338
1202786921035878401
1202785924657999872
1202781719381696517
1202780604963536901
1202771745632993281
1202771226990526464
1202764155108786177
1202763769656426496
1202694028128477184
1202692329846362113
1202669505824116741
1202667934570745862
1202667288287162368
1202665000613109761
1202664555748503554
1202663934622359555
1202663616270544896
1202662980669911041
1202662251234234373
1202441775186493440
1202401084301398019
1202249576758906880
1201718708999032833
1201718374377504768
1201717990829375488
1201717689783218177
1201716842307305472
1201712159710822400
1201709199698186241
1201709045767270400
1201708791676301312
1201708345997983745
1201707385326194690
1201706675037556737
1201705484551516163
1201676809089077248
1201676530767630337
1201673823491248128
1201672602512527360
1201664333794533376
1201638856103096321
1201637576936804352
1201329008828272640
1201325831307423744
1201325702928166913
1201325639283834880
1201325143034712064
1200951627773087745
1200951087638949892
1200950800954122240
1200823708492845058
1200823421875081217
1200821936390934529
1200821308126187520
1200648489971019777
1200207635292680192
1197221456616312832
1197221428581548032
1196819300465729537
1195467043539169280
1195142029799329792
1195141699325980672
1191014174761111553
1190341799342149632
1189981679630209024
1189220468903108609
1189220045785911296
1189219444884672512
1189219005590130688
1189218849155092481
1189218121644695553
1186490246696816640
1186489407622090753
1186488591054065669
1186488384035811328
1186486727096983552
1184581225341685760
1184580060830932997
1184579827610857473
1184579033155153920
1184578197842735106
1184577847341584385
1184508660782895104
1182316701863432195
1182315460865359872
1181667955442094082
1181667735853502465
1181667602680209408
1181666042176790535
1181665382131732480
1181309684902445056
1181308976140603392
1181308248638545920
1181307957117685760
1181307799424425986
1180648850882617344
1180648525576593408
1180646879547150337
1171178263953076224
1170070016370315265
1167953455551377409
1166404297275400193
1165765185509851136
1165755875597799424
1164943301646192640
1164943057193766913
1164942608273223681
1164697554044379138
1164348254059843585
1164348161248251904
1164347926992187392
1164345968306769920
1164345594434879488
1164345209376788480
1164345044293181440
1164344973338148864
1164344849836888064
1164344651173650432
1164343999705911296
1164343646163877888
1163519830336692224
1163158508864278528
1163156564141727744
1163156135651598337
1162449020083507200
1162399176749023232
1162398750402199554
1162200130839121920
1161695073005912066
1161682843929591808
1161681809442295810
1161680468582027265
1161680299203448832
1161680119011926016
1161679530165190657
1161663678036566018
1161663424989978624
1161660029050728448
1161659741598310400
1161659522395660289
1161659075119202304
1161658568208244736
1160874790099406848
1160225234772873217
1160224754550206465
1160224452237332481
1160224231436632064
1160223730317975552
1160223138568740865
1160220879365611521
1160218623887020032
1160217585402560512
1160217378292031489
1160216761964224513
1160216309537243137
1160216122693525505
1160215784993378304
1160215454608003072
1160213461097275392
1160212676510752768
1160212468217475073
1159876493649965057
1159875953973055490
1159870079749595136
1159868723991199747
1159867903887306752
1159867502265978881
1159866920482398208
1159866107626344449
1159864798135238656
1159864120822251520
1159863972792655872
1159863506973294593
1159863145235509248
1159862591730024450
1159243593669910528
1159141625576079360
1159141003829248000
1159140555932069888
1158969838510850050
1158964604875096064
1158964022634377217
1158961260794269697
1158960438811344896
1158934748875481089
1158929016314707968
1158927991247757313
1157833558368509953
1157833092406468614
1157454119168163840
1157453610537512960
1157452975414976512
1157441798295322625
1157429888539930632
1157427470490132480
1157427041014362112
1157426675031977985
1157426327068336131
1157425930102628352
1157366579102982145
1155921333282312192
1155487072452431872
1155484583502069762
1155299983639244801
1155288033672876033
1155271703653580800
1155265191224832001
1155264014814855168
1154793255399116801
1154789152384118784
1154788923639394305
1154788435007176706
1154788184208764929
1154784539689926656
1154769518490578944
1154768774756593665
1154767568093118468
1154766883519811584
1154766229334192128
1154764881972740096
1154764453931470848
1154764205188251648
1154618964309229573
1154615944766865409
1154615746208526336
1154615287993360386
1154613636763009025
1154613299947827200
1154613058737541120
1154612888255913984
1154612465549729792
1154612244929318912
1154611676823425024
1154522118316417026
1154520630580191232
1154518569016684544
1154517954878328832
1154516190888386566
1154515975171186688
1154515781406928896
1154515220678807552
1154515026163720192
1154512913580695552
1154512633434955776
1153454536490672129
1153454169224859649
1153399158000246785
1153000751670550528
1152998992004825089
1152997638142222337
1151965932136357904
1151964249507422215
1151963473196277771
1151963035801661440
1151522932767592449
1151514193348059136
1151514000707817472
1151512733713481728
1151512336999387143
1151510034372689920
1151509483106947076
1151508727092015105
1151507877703475200
1151506587258773509
1151505211669671938
1151502872799956993
1151317203813314561
1151316867455180800
1151316638060257280
1151316363966681088
1151115725215375360
1151115352580874240
1150895867710365696
1150894866890547200
1150893415304814593
1150893077415878656
1150215671755632641
1150215455111467008
1150214838083182592
1150214725013143552
1150214524479262720
1150214140088086529
1150188510273400832
1150187955769577472
1149480323484274688
1149358321960284160
1149356907934580736
1149356560201601025
1149011779328061442
1149009649083006982
1148984282049912832
1148978744029319169
1148978401857933312
1148976224221446146
1148710537183633408
1148352853339078656
1147708585092288512
1147706195802775552
1147705754536894464
1147705447153053696
1147705271629881345
1147705106386870273
1147367581793173504
1147366681401937920
1147366142735818752
1147365470686740481
1146533967811633153
1146533430168973313
1146532405051715586
1146532214479310853
1146532096044761089
1145386117283401729
1145377768668041217
1145377439402606592
1145375332347850753
1145181973213618176
1145181511257190400
1145180183848087552
1145179589263556608
1145177873340174336
1145175479885844480
1144967012847800320
1143319147536965633
1143318316213313537
1143317601013194752
1143148717169676288
1143148135193165824
1141444152716140545
1141429681083863040
1141136004889210880
1141111339693199361
1141109556547743744
1141094954967523328
1141094776046940160
1141094507154251776
1141094416855101440
1141094091670745088
1141089966103003138
1141026549950496768
1141024919234457600
1140715494850220033
1140671064793473029
1140469412073361408
1140318052195557377
1140317139699552256
1139940707064406017
1139916478172393478
1139639360339488771
1139547855612338176
1139388216644009984
1139193531308814336
1138302348302794753
1138301370719645696
1138298600713101312
1138297845126090752
1138297749986615302
1138297130139807744
1138296453737041920
1138295944338796544
1138293312593358848
1138291712252567552
1138291572926103552
1138285216919769088
1138284021874429953
1138283301897039872
1138282829240889344
1138282265102864384
1138134544752660481
1138133683892736005
1138130734093258758
1138122303789600770
1138121622143946752
1138120303349944320
1138099596100378624
1138098855314984960
1138098576410566657
1138097096471355392
1138094020666597376
1138093582999478276
1138093068379336705
1138092652316905472
1138092055626784768
1137736716016422913
1137729468389253122
1137718281169620992
1137717289577410561
1137715363720773637
1137715362760257536
1137585969719234560
1137585099623452674
1137584554359676934
1137562918285848577
1137562416051392512
1137562146051506177
1137560453553348608
1137559915935875072
1137556574652649473
1137555981884243969
1137549101380202496
1137548684898398208
1137527510269173760
1137527326823014400
1137526325386797056
1137523886663147521
1137522940436668416
1137520231868293134
1137518426182701056
1137518164705628160
1137517484892774400
1137491772102209536
1137489151585005568
1137451110325600256
1137450561526161409
1137449245143732224
1137449149090021376
1137447933878472704
1137447295283109888
1137208196169256960
1137202588758052864
1137106095418236928
1137053083391995909
1137033575944118273
1137033092751921152
1137017029133709312
1137016978516824064
1137016564832645120
1137016196081971201
1137013130872016896
1137012661357383680
1137012606508552192
1137012463063318528
1137011672390881280
1137011377644511232
1137010687757115392
1136821050648322048
1136819602925674496
1136818287503822848
1136817294510714881
1136817079170895872
1136816490299002880
1136809091643260928
1136762944266559488
1136762640401817600
1136757775801831425
1136756975448936448
1136700717282910208
1136699804900155392
1136699544559730691
1136698868110782464
1136375059851882496
1136373975242567680
1136372992538136576
1136372328554610689
1136371878505750529
1136370692797083648
1136321474086785024
1136074669755256832
1136073443844083712
1136073069603184640
1136072564390879232
1136072287583531008
1136071679317164032
1135747146118979584
1135744749489418240
1135743950185046016
1135743675009421313
1135741077300736001
1135740764917342209
1135740643194523648
1135740522088112128
1135740079538728960
1135719357143588865
1135714942710009857
1135714199055634432
1135713395888386048
1135713215436820481
1135711248564203520
1135711165504413696
1135710517224329217
1135685563837702144
1135683474738692096
1135682894855204864
1135641388983279620
1135640759535693824
1135640526491770881
1135640193271078912
1135639866408984576
1135637871484854272
1135637334764822528
1135633086769553411
1135631539444768768
1135625507150520325
1135624148514889728
1135619238595448832
1135618815511867392
1135618174202785792
1135617726297206784
1135617377654018048
1135616674139213824
1135606028005912577
1135604541368557569
1135603863585603584
1135603349204525061
1135601466649980928
1135600748308312064
1135600418111741953
1135600063567106049
1135596970377015296
1135579646844477447
1135578193006645248
1135577593137246208
1135396338726686720
1135395827642380288
1135395466546372608
1135392266711851009
1135370806916026368
1135369572360511488
1135366670598361089
1135366523529322496
1135366355006312448
1135365926151380992
1135313298490925056
1135293376687816704
1135292922436304897
1135292372852457474
1135286703818567680
1135286087624953856
1135283484660862976
1135283185430908929
1135282474760544256
1135282266567872512
1135281760323768320
1135281448053760000
1135280675236376578
1135256078310969345
1135255174140719109
1135254488745254912
1135253914037571590
1135253625356279809
1135253175898845187
1135252643142520833
1135252568525819904
1135250627158634496
1135245313608785921
1135244840952721408
1135244188277043201
1135243806901563397
1135243225566855168
1135242912436871168
1135241284656947200
1135231532195430400
1135228863645069312
1135203157791764480
1135201446838718464
1135200929752293376
1135200731730866176
1135196901932818432
1134991268168134656
1134990998050762752
1134990746774167553
1134964439126609921
1134964086083428352
1134962495578226688
1134958972920709120
1134957948633985025
1134957031775801344
1134955276249862145
1134945451361259520
1134856275362234368
1134616858760343553
1134615705037430784
1134613041008398336
1134612927753859072
1134611831144628226
1134611211440381952
1134610313544814592
1134609606922031104
1134608900844544000
1134608388036259840
1134295808453500933
1134295389681487872
1134294379290480646
1134294145000849410
1134293371160125440
1134223989985894400
1134215559032188929
1134215195511803905
1134214129202257921
1133827250535772161
1133749959705055232
1133748906188087297
1133747981658705922
1133746904263680001
1133741123715837953
1133740250935644161
1133739753222729729
1133739462167474176
1133739122441351168
1133738256858734595
1133734728060686337
1133734047937548291
1133733588749377538
1133732956382437377
1133731970448482304
1133576578514923520
1133575428252160000
1133557224427536384
1133553634203955200
1133549809413939200
1133536527529570305
1133535821892427776
1133535208328667137
1133534582957936645
1133533233939771394
1133531878986674176
1133531812192432128
1133531285605847040
1133531201442992128
1133530796269031425
1133530129613828096
1133529482264899586
1133528652648370178
1133438519525822464
1133434797689196545
1133434303432470528
1133434035756081152
1133433325291311105
1133432077045493760
1133428611476647936
1133428052619288577
1133427907789971456
1133427325410787328
1133426899282120704
1133425547978035200
1133373131668828163
1133216319229157376
1133214679201746944
1133213877057941504
1133209913507770368
1133127045880303616
1133126431637028864
1133125463079972864
1133125073664004096
1133124087746682880
1133123835866148864
1133040119462502401
1133039533677694981
1133038770800943104
1133038308601126912
1133037807880957952
1133034698605617152
1133030486148648960
1133030009713545216
1133029350184349696
1133028255160627201
1133027439200747522
1133026514574856192
1132822283108511745
1132822013033177088
1132819136025833473
1132814050008621056
1132813888704016385
1132813738350743552
1132813551960125440
1132708758998491141
1132708291174256640
1132707467719270405
1131765778070495232
1131765646998396929
1131763361278861312
1131762901256032257
1131734623749148673
1131733634585489408
1131712341169590272
1131670681807138824
1131668742105116674
1131659095944122368
1131656946468216832
1131656826934693888
1131656744801906689
1131656262607953920
1131656013248114693
1131655901218267136
1131655686021103621
1131655550712918018
1131654555668799490
1131654016151228418
1131652575873441793
1131651255380709376
1131640958116872198
1131592057418444801
1131591573400039424
1131591169819889664
1131590787492241408
1131590323480670216
1131589978620813312
1131589792813072387
1131589533051473921
1131586996244164608
1131586843269509120
1131586329614069760
1131585706382352384
1131584494928945152
1131584187473862656
1131581515559661568
1131581177611972608
1131580812741160961
1131580584088678400
1131578473238056966
1131385535329521665
1131384844707979264
1131384340611338240
1131384047903494144
1131383823495655425
1131381577391329280
1131374890982944768
1131374017267372033
1131373551309615104
1131371215044526080
1131366509903720450
1131236566263844864
1131065028625354752
1131063792412946433
1131061293404737537
1131060558071861248
