1301888619582554114
1301888478075138057
1301888266896015360
1301888174134906880
1301888063988273154
1301887973320011782
1301887853492920321
1301887772836466689
1301887666024263681
1301887521429893120
1301887390882181127
1301887241506230272
1301887044268982273
1300822963445432321
1300822804737261569
1300822713150459905
1300819450271326208
1300817677427118080
1300817607755476993
1300815303262253061
1300815177991041024
1300807317810827264
1300802602402283525
1300802434936328193
1300802189313613828
1300800192925630467
1300800068434485250
1300800026617221125
1300799975656509446
1300799934468370434
1300799820777639936
1300799561171075079
1300799511321772034
1300799323664535552
1300798945459924992
1300798838895243264
1300442565494353922
1299373820843880453
1299369579773399040
1299369145126006784
1298284929076400128
1298283679727464448
1298283426995490817
1298271976935415811
1298271804830568450
1298270963415490562
1298270821836681219
1298267063798992902
1298258264644128772
1298250313565175808
1298250070668845056
1297982589169479681
1297924449304535040
1297907205740658695
1297894903217885185
1297894733369532416
1297881569252782080
1297880991361429505
1297880834033287171
1297880188546580481
1296839827112038406
1296836907972911104
1296836817350688774
1296829272544497664
1296827616138231813
1296827223056560130
1296826885310238721
1296826534972592136
1296825902752571392
1296825670715289603
1296825289742471168
1296824801135415297
1296824659602812928
1296824495416791041
1296824262343290881
1296824175336787970
1296823468273602560
1296823406898417664
1296823332755714050
1296823211808759810
1296823142812389376
1296823011274825728
1296822949014654978
1296818669306228738
1296816338137239553
1296816194578788352
1296816044309458945
1296814616249610246
1296814419306053635
1296814243740819456
1296814084134965248
1296814008763396097
1296813800927244289
1296811390754267142
1296808728998678529
1296798800036728834
1296476315294543874
1296475488593088513
1296475016419332097
1296474841839734784
1296473282728919043
1296470791190646791
1296470539402391555
1296469992200962048
1296468519459192832
1296467071069564928
1296466782610391044
1296465174254235651
1296465117949890565
1296464176278274048
1296464082183294976
1296463024073605120
1296462841868845061
1296462792908853250
1296462717595852800
1296461881738235904
1296461698803605504
1296461179448156160
1296460704581640194
1296459862050734082
1296457891747180545
1296457133614149633
1296456436801777667
1296456089236582403
1296453755353825282
1296450978930208768
1296449860540006400
1296449687965376512
1296448446858133506
1296447300970192896
1296447065141239811
1296436407523782656
1295708728143028226
1295387827748909056
1295387308661891073
1295385116752121858
1295384901123006466
1295384231665979394
1295383903751024641
1295383135815950337
1295377351572938754
1295377008298532864
1295376415173615618
1295376117285769216
1295375954454425606
1295375216923815938
1295373782509654016
1295373232875491328
1295372621001916422
1295372256215019522
1295371252119502850
1295370383860916224
1295370177882853382
1295368207054843905
1295367513568616450
1295365589876318208
1295365132437147648
1295365004930224128
1295364756308733952
1295364497692073986
1295363241657479173
1295362262971056129
1295361382402207746
1295361089069359111
1295360319255195651
1295360167714983937
1295360034608742408
1295359491756744705
1295359257509081090
1295359065212833795
1295358264314650625
1295355779546062848
1295355510682783746
1295355317111468037
1295355071652401152
1295354528531963905
1295354369693671425
1295353161071366148
1295352868267069440
1295352726583484416
1295352480457535494
1295351980886499330
1295350436904542208
1295350338036391937
1295349937572655104
1295349823139446784
1295349745607680000
1295349684836470785
1295349585158852608
1295349483753086979
1295349375640702976
1295349285387722754
1295349162356232196
1295349073566998534
1295348976758161408
1295348845598179333
1295348578932711424
1295348500662833154
1295348126258212870
1295348022226944000
1295347424366604288
1294299609997750278
1294299509820923904
1294299295311593472
1294298997176377345
1294298497609539588
1294282539704766472
1293931551890317314
1293931441378729985
1293931331227877378
1293912100931133444
1293910665447407617
1293910112709443586
1293905459049619456
1293905356603654144
1293905054592712709
1293904967347179520
1293897227858055168
1293897028016263168
1293896944176238594
1293663690668027904
1293663540314869760
1293662166965420034
1293661992893452289
1293661601527144449
1293661161699921920
1293661039041613825
1293660323287912449
1293660192073232386
1293660066957197314
1293659473438027776
1293659382098665474
1293576272958959624
1293574381965279232
1293572863803510784
1293569584377868294
1293569199370121216
1293568535919316993
1293568159723802624
1293566721652031488
1293562799445151747
1293562503490830337
1293558658190716930
1293557239282839553
1293555779757379584
1293553482302185472
1293553017652944896
1293552173930946562
1293547926233522176
1293547306902593536
1293547086806495233
1293541477499514881
1293539029246410754
1293538732746907650
1293538521882468355
1293538152922087424
1293537877335388161
1293536732244332544
1293536581370945536
1293536034559598592
1293304100294209537
1293303875072598022
1293303549200392193
1293303155413876739
1293302511152115714
1293302164329201664
1293301340467335169
1293301262134411269
1293301216412422151
1293301162385510402
1293301052524167173
1293301001466847241
1293300671895175168
1293300028598030337
1293299983026978816
1293299963364028423
1293299234792452097
1293298794197590016
1293298631110426632
1293297508165341186
1293297112566947842
1293297077053792256
1293296953279877124
1293296904693059594
1293296798799364103
1293296703509082112
1293296510084538368
1293295844142317577
1293294859856556032
1293291335735226369
1293291250452496384
1293291076514652162
1293290907912019969
1293290846981365763
1293290582622822402
1293290506324185101
1293290163037249539
1293289899802734592
1293289086090981378
1293288870822457345
1293288715171790850
1293288607755706371
1293288530941181959
1293288428373762051
1293287302702170115
1293287263477145602
1293287178349445125
1293287106056531968
1293286932907270146
1293286680611508224
1293286604912693254
1293215340533559296
1293212924543217665
1293211369643352069
1293211305365721089
1293210164515024896
1293209900768731141
1293209810415034368
1293173132967247873
1292822837468827648
1292822695986507777
1292822481447858176
1292815218893103105
1292814572408188931
1291765060755496961
1291754160677847041
1291391229201186826
1291386054470258693
1291384241666891777
1291363060519755776
1291362628732944384
1291016150126600194
1290676773970214913
1290676705850535937
1290676464514408448
1290676317801897990
1290676251804540929
1290666942802595841
1290637605713915911
1290636861950562304
1290293026590400514
1290292864895709186
1290292756238217218
1290292465270837248
1290291779502108676
1290291616498855937
1290290825679613953
1290290688303591424
1290285456123289600
1289226849428611082
1289226717941215232
1289226541482668032
1289226049335697408
1289225978279915520
1289225803075551232
1289225592584339458
1289223561723310081
1289223263340630017
1289223087502712834
1289222820875010054
1289222744874328064
1289222502644715523
1289222403118125058
1289222297492971528
1289222157940260870
1289221968089292800
1289221872341704711
1289221775960805377
1289221648072114176
1289221508120940545
1289221204239245314
1289220957584781312
1289210090310873090
1288864215051239424
1288863018835759106
1288862746386276354
1288862604824399878
1288862407830511617
1288862252632809474
1288861971501199360
1288861813220802564
1288861737236795392
1288861468302217218
1288860967682662411
1288857223431585794
1288842579942023172
1288464553806897158
1288464230551883777
1288226118055624706
1288225712575479809
1288114760500703239
1288114466232496129
1288114252763369476
1288113949909475328
1287867962926407682
1287867560818380800
1287752216019861505
1287751940210855937
1287741711742050306
1287740751355551744
1287740512619974656
1287740079809671168
1287739692654395392
1287739232447082496
1287738299101192194
1287738162274590720
1287737917088190465
1287737831708909569
1287737674649022466
1286651256153530370
1286650990003990528
1286650804900900867
1286649926815014914
1286649775119650817
1286649586761826305
1286649488862519296
1286649343655792647
1286326483418578945
1286292414978826248
1286057919822340097
1286057756173238279
1286057528737095680
1285959242881601536
1285958262513377280
1285956673799168001
1285939518722519040
1285939223565131778
1285938970715660289
1285937467120549892
1285936783553855488
1285933304777236481
1285929834967957505
1285929034585722880
1285928023607390214
1285927867159908354
1285927609449287680
1285927340384620547
1285565677902929921
1281616802972393475
1281616424495132674
1281599692204314626
1281599389933416448
1281597131124604936
1281596946285826049
1281596784687579138
1281583843867320325
1281583652552335361
1281583352215146496
1281254425147908096
1281253841762168833
1281253725051523073
1281253525138411521
1281253478216671234
1281253319059607552
1281253190202200064
1281252682880159746
1281252486192476162
1281252204897320965
1281241057901121538
1281240684209545216
1281240600965242881
1281240409193275400
1281240277462798336
1281240067974070273
1281239736615608320
1281239525889642497
1281239304153501696
1281238994110615552
1281238860995977217
1281238042725015552
1281237860096622592
1281237776160210945
1281237715548352526
1281237656098177024
1281237366657728513
1281237203398594560
1281237033659314176
1281236959533432834
1281236702909140993
1281236551163416579
1281233099947458561
1281231474000384000
1281225577979092993
1281225031113211905
1281224441415024641
1281220618978045953
1281220381567848454
1281212550424735744
1280892321505124355
1280889975165329408
1280885912776445953
1280885725316120576
1280885384017313792
1280883918032510978
1280883691737227266
1280875139098427399
1280874923423076352
1280872934693879810
1280872836081606657
1280872611170394112
1280872484749938689
1280872244294619138
1280868979842715649
1280854174406774785
1280523359051276288
1280512511360581632
1280498731217977347
1280498273908916232
1280498164332707842
1280497823524573184
1280495071717187584
1280494035032047618
1280489231194996737
1279081009758298121
1279080645587845120
1279080240678080512
1279079899693821952
1279079545874907136
1279079111340822528
1279076519005040643
1279076049435926529
1279075656068993026
1279075429538836481
1279074584747216896
1279074292404310016
1279074056520826880
1279073702718648321
1279073446358466561
1279072105481539586
1279071610180427776
1279071505901551618
1279071370689863681
1279067507471589376
1279067104097046529
1279066817202458624
1279066390473969664
1279066213528846339
1279064995519762433
1279064704678334464
1279064616405028866
1279056773132038147
1279045020008529920
1279044860335382530
1279040779990839296
1278717006901129218
1278716601144049666
1278710946618380290
1278710696021233666
1278710396044615684
1278703609065230336
1278703300532207616
1278698914712092674
1278698590697861126
1278698447101714432
1278698327048097792
1278698090950778881
1278697855176380417
1278696835243216900
1278695743461699587
1278695593121132544
1278695482454355968
1278695372626542592
1278695192745381894
1278692139266949120
1278691948967198720
1278691675976667141
1278691470199881731
1278691232902979585
1278691030137790465
1278689357151559681
1278689126343217153
1278687054352834561
1278686183824994306
1278682034580447232
1278681669218775045
1278677369323245571
1278676607100751872
1277992535013634051
1277992270407614466
1277992143265693696
1277987585877557248
1277956501798338560
1277956436019027968
1277956127154634752
1277955918970396673
1276145901669625857
1275805118382911490
1275787898961506304
1275787567158431745
1275787317295435777
1275785926892032000
1275785730053279744
1275785587279224834
1275781169381093378
1275780668434374659
1275780465962577920
1275457349042438145
1275456281046773762
1275455309142609920
1275454945009872898
1275454319299444743
1275453912414187520
1275451288667348994
1275451005526659072
1275450702299410441
1275450364754460672
1275449879926468608
1275449595716202498
1275448298753552384
1275448013473767425
1275447741783498758
1275072985221574658
1275070965978787840
1275068378336464896
1271515146251313156
1270459110585176065
1270451088626458624
1270450918329376768
1270450858057220097
1270450701634846724
1270450575918972929
1270450234649346048
1270449814505996289
1270449467792265216
1266383970457071617
1266381331468083201
1266379753654824962
1266379651150200838
1266379543683760129
1266379280948355072
1266373385929371660
1266373317759430663
1266363882152628224
1266363665646829568
1250788763430719491
1250788489504927746
1250788286798454785
1250787937513504768
1250419757762752515
1250419641215643649
1250419031179513861
1249727919871623170
1249710884584333312
1249706365683142657
1249706247798099970
1248730130538733574
1248728453307871234
1248728342263717888
1248719104892076033
1248718948561977349
1248718616238882823
1248718430020263943
1248718191611822093
1248718019456634880
1248715862523219968
1248715767258001408
1248712979518033922
1248711657678872576
1248711541907734529
1248711138205765632
1248711008333463552
1248710841731514368
1248710712219795459
1248710653868736517
1248710553306042370
1248710439850201090
1248710300356009984
1248710201492021249
1248709854937694209
1248709643372826625
1248709361758883840
1248709101506437122
1248701176524267522
1248700862505062401
1248700592668672000
1248700440310624269
1248700315458813954
1248700219459600386
1248700091378040839
1248699987103485955
1248699857730232323
1248699797990670336
1248699719683059712
1248694446037893132
1248694323530674191
1248694187417055233
1248692017594601474
1248691651305975810
1248691406417395712
1248691272631681031
1248691179249598464
1248691070340337665
1248691025834622976
1248689425212727297
1248688866460123138
1248687333215473670
1248687228760530955
1248687173114777603
1248687110237847554
1248686997293748228
1248686936274984962
1248686763473764352
1248686567935422464
1248685531665502208
1248685112738435104
1248682648324767744
1248680376979030017
1248680243851931649
1248680189955059712
1248680106475819016
1248680003203665920
1248674813390008320
1248674686793383936
1248674552256835586
1248673531191320579
1248673261745037314
1248673176369926146
1248672959860015106
1248672851554680834
1248672751977709570
1248672619144122369
1248638957908353024
1248638319719841793
1248638096897380352
1248637961773744131
1248637673641840640
1248637492129157123
1248637346028957696
1248637195340197888
1248636582376202241
1248636225537351681
1248636131689758720
1248636039314448386
1248626911544086528
1248612012872978439
1248611949971005444
1248601346221256704
1247913629619544071
1247913426552315911
1247913255311466498
1247913009055436800
1247910847235620865
1247901308293509120
1247900975223803917
1247900610285801473
1247900121762648070
1247899938987466758
1247899850181447686
1247899760754753543
1247899693528403969
1247899603782909952
1247899546631335936
1247898509338017792
1247617729579933699
1247617519826997248
1247519099690901504
1247518919469998080
1247518726876024833
1247518610798579712
1247518516724498432
1247518274126036993
1247518078264430595
1247517756364292097
1247517462083645440
1247242386914320395
1247242336414904320
1247242201702203394
1247241892917542915
1247241678970380293
1246180029786140678
1246179788512993281
1246179642870042626
1246179529565011968
1246179436929712128
1246179275096588289
1246179158767669261
1246178575759355911
1246178235249037313
1246177917161418753
1246177819098525696
1246177740107153409
1246177354818469888
1246177223117352962
1246177125205499909
1246176821865046018
1246176760170983433
1246176577429409797
1246176499524345857
1246176369635028992
1246176258393866241
1246176198289432576
1246175926104227845
1246175831371780097
1246175576408436736
1246175431813926913
1246175158139793411
1246174371884019715
1246173760983531523
1246173684588580864
1246163257615880192
1246161947596328960
1246161479381987328
1246161222292197376
1246160440742346753
1246160093298688000
1246159808169943040
1246159401146290182
1246157173127856129
1246156979275522048
1246156750874648577
1246156501640773633
1246103839322800130
1246103646489792512
1246101797091016704
1246101335424077825
1246101123393609732
1246100284113408000
1246100141506994176
1246099674114797568
1246099382363213824
1246099261151993856
1246094395725709313
1246093970557542402
1246091736251842560
1246091418633977858
1246091123753435139
1246090267138105344
1246089911184359425
1246089729579286530
1246089544182759425
1246089340301774849
1246083326185820160
1246083123357593600
1246082938757881857
1246082418899124224
1245827129981276161
1245794632497233928
1245794417719599104
1245794265395081218
1245794149296676865
1245785915068383233
1245785587170361346
1245784538426626052
1245782504134582277
1245782203260379137
1245781992114921474
1245781729714909185
1245781450378686471
1245779184699486210
1245779071641976837
1245778761821413379
1245778674193924097
1245739972554108928
1245737765624598529
1245737618219900933
1245735320517259270
1245735093035044868
1245734251250802688
1245733887822741506
1245733343775330311
1245733062446637056
1245732818979885056
1245732495892582400
1245732177922449409
1245732063908712449
1245731992358043648
1245731774736498689
1245731419122515970
1245731137407913987
1245731020038701057
1245730435033858050
1245730350065688576
1245730151968710656
1245729976269373448
1245720886327599105
1245718132523581440
1245718004761059329
1245717619749068803
1245717325963280394
1245716618308706305
1245716465854136321
1245716194209996801
1245715905964904450
1245713955068272640
1245713561747423232
1245713420650938376
1245712575557505024
1245712171667001345
1245710279268282369
1245709676039352320
1245708936596029440
1245708670761144320
1245707197721579523
1245706312316588034
1245706186898448385
1245705420154507266
1245705394665795590
1245705375460085763
1245705251371585538
1245705133901611008
1245705054658715648
1245704981652680704
1245704896441090048
1245704827948142601
1245704719072464897
1245704628085370880
1245704489811595268
1245704074567311361
1245703983441854464
1245703595540058117
1245703222351876096
1245703104231768064
1245702847230066689
1245702534796382208
1245702265199001600
1245701981316042752
1245701754769063938
1245701459813031937
1245701144556470274
1245701008677908481
1245700474017402880
1245700289270874112
1245700004972503040
1245699856733274115
1245453268714762241
1245453223407816704
1245452719864807425
1245452558270898181
1245452425638621184
1245452132322553856
1245451875517902854
1245450762794283016
1245450611535085568
1245450489640161280
1245450403686297600
1245450042502254594
1245449888105664512
1245449525076078592
1245446387992596480
1245446230093770753
1245445893370908674
1245445756057763843
1245445690597179394
1245445617847058432
1245445570103304194
1245445444613873664
1245445240753971200
1245445032422912000
1245444963426603011
1245444824054083589
1245444762192183301
1245444674774581260
1245444522601000962
1245444378103033862
1245444165292392454
1245444086389248001
1245443987487494144
1245443804854980610
1245443751847383044
1245443629893783556
1245443366575374340
1245442922310520832
1245442080026972160
1245442037987577857
1245441868902563841
1245441689961062402
1245440089569755139
1245439690087505927
1245439605765275648
1245438800018448384
1245438543255801860
1245436071476953089
1245432396717137926
1245432243562188800
1245431262447370244
1245430833726586881
1245430775178280963
1245430726293704711
1245430619984859136
1245430251355865088
1245429998548385793
1245429781509935105
1245429559232802818
1245429161063256064
1245428880766308360
1245422316164722691
1245420573364301824
1245420034127691782
1245419720901361666
1245419465573097478
1245419039847055360
1245418456184426498
1245418343588401157
1245418272369115136
1245418140558938112
1245417825059188737
1245417697212538887
1245417594062016515
1245417497068699648
1245416054869950465
1245415996493631490
1245415365414400007
1245415008563068930
1245376643700592643
1245376268889214976
1245374582099410945
1245370723973070848
1245370530884132864
1245369752832430080
1245369536037171200
1245369424502292480
1245369256453251072
1245369123196059648
1245366201964007429
1245365812371894280
1245359139414474754
1245350183866687488
1245349836569939970
1245349597163200514
1245349411259064323
1245349041963220995
1245348950632214528
1245107368272302082
1245107253998387200
1245107030416863238
1245101952658178048
1245098550901592064
1245098427073036288
1245098220184842241
1245097508289884160
1245097319697125379
1245097101870206976
1245051343284457475
1245051082960666624
1245050953541341189
1245050644442030080
1245016779312824329
1245016407638716416
1245013861134196736
1245013360829235202
1245009750749822977
1245009647062388737
1245009563474186246
1245009343906545669
1245009138989568002
1245008969338404865
1245008897292845059
1245008784830926850
1245008704027664384
1245008453770317825
1245008218448855044
1245008044888666114
1245007823504883713
1245004369935949831
1245004137609256961
1245003976363388929
1245003719458111493
1245003416646103041
1245003215982202881
1245003125142011904
1245002996724961281
1245002822254542851
1245001378252181509
1245000030974607362
1244999459999793152
1244998852148637698
1244998675652399107
1244998549466763264
1244998315361665024
1244996879286493186
1244994225554538497
1244993867042246659
1244993772552949762
1244993682949971970
1244993414346743811
1244993332192911360
1244993170737414146
1244989490990583809
1244988920649170946
1244988190961930240
1244985720005165057
1244746823169949697
1244743249497149440
1244738801337057280
1244738717656535043
1244738573951172614
1244738436516511744
1244738210321891328
1244734905893994496
1244734704185741321
1244734617225179136
1244734485578633222
1244734263112740868
1244734102357622801
1244734035823386624
1244733896136196098
1244733824266899456
1244733762396659713
1244733292299116544
1244733149638205440
1244732594064896000
1244732396731355139
1244732233413468161
1244731965179396099
1244731478862376962
1244725303148195845
1244725088437624839
1244716215613997056
1244716065042685957
1244715335795736577
1244713236718551046
1244713116153282562
1244712990194249731
1244712784488804359
1244712683829694471
1244711359918551042
1244711121644380161
1244710895680446464
1244710773844316169
1244710712414556167
1244710447959457792
1244710337548615689
1244710250558734336
1244710132174467073
1244709745543360513
1244708683289935872
1244707899890425859
1244706395150319619
1244706266905182209
1244706166233616385
1244705874603622401
1244705789593427979
1244705663911170055
1244705185554989058
1244705051358179333
1244704818737922049
1244704649875271680
1244704532090757121
1244704435797966851
1244704227202646017
1244703900202131456
1244703647805693954
1244703562740961281
1244703486119481348
1244703348672073729
1244703257475366918
1244702905166450690
1244702864452325377
1244655694898479105
1244655529638666240
1244654828602736644
1244654595751718912
1244654385000517634
1244654073388900353
1244653981294637058
1244648158560505857
1244647942264324096
1244647768750272513
1244646535503269888
1244646353587916806
1244646180711280640
1244645772488060932
1244645539825815552
1244645210732232710
1244644839918010368
1244643427595231232
1244641322105012230
1244641115036418048
1244640917279125508
1244632629456113666
1244632507859046402
1244631568741793792
1244631273810931713
1244631162133385216
1244630075703779328
1244630011778338816
1244629896405622787
1244629644877406208
1244628040698781698
1244627462895685632
1244626768230862848
1244626642116452354
1244626454798913537
1244626036710690817
1244625840555667456
1244625736595582976
1244619600832212992
1244619241808187392
1244618941831491590
1244618679540748290
1244618563345887233
1244618499412107268
1244618270352855041
1244617921055375365
1244617803598123009
1244617618608271366
1244617448487354370
1244617297412493320
1244617171596185601
1244617013059862528
1244616911171850247
1244616755600916483
1244616507876835329
1244615314937204736
1243652220257734656
1243642519164006405
1243642008213884929
1243630055412117507
1243605523007770624
1243605292736266247
1243568087552720897
1243566933410226176
1243566554933080064
1243565718383349760
1243564254592225285
1243563903361126402
1243562728016482305
1243560774993403908
1243560356624117762
1243560217218027526
1243559854649880583
1243559518195286017
1243557636529930241
1243557372888592384
1243550428031266823
1243547174513922048
1243546039484907528
1243542838534713345
1243536228814815232
1243535480500740099
1243179965643882498
1242903415757443074
1242898671135580161
1242898540805922817
1242842822782443520
1242841160336453636
1242839812136210432
1242839210970808322
1242833750574206976
1242831994599415810
1242829575199088640
1242821788868005889
1242820729348947970
1242820599900184576
1242819951951568903
1242819410051698690
1242819213154226176
1242818565327204352
1242817895379451904
1242817419875319814
1242814781951787011
1242814652372987906
1242814569178898440
1242814356292882432
1242813950691094529
1242813651972689920
1242465747265191942
1242465654453596160
1242465344419069953
1242465192518094848
1242465000268201984
1242464913630670848
1242464208177868800
1242463789670207488
1242105024496521217
1242104157600911360
1242103616426708992
1242099194300641285
1242098957288984580
1242098848828399625
1242089853292027906
1242083789985255426
1242083500901228546
1242083353861513217
1242082896510320647
1240666135101571073
1240663792557731840
1240663357998407680
1240663282484162560
1240350653517611009
1240350099873636359
1240349156683780096
1240348512132444165
1240348107197558790
1240347600378880003
1240346989398802432
1240300290068406272
1240296994486267904
1240284542126174208
1240284347644678146
1240283962888589317
1240283539754582017
1240283350755168256
1240283200167071744
1240283033791606784
1240282768308875265
1240282472904040448
1240280296089624578
1226974696568229889
1226974582986375175
1226911986971217920
1226911202506399744
1226910854148431873
1226909991556276224
1226909773376958465
1226906822952529926
1226906623890935808
1226906479581650945
1226906361738485760
1226906242163052547
1226906088173428741
1226905737948991489
1226900422473998336
1226900283831263234
1226900183713243136
1226899058503143424
1226897560050249728
1226897432941912064
1226897310921248769
1226897182994903040
1226897051637645316
1226896932532039680
1226896778517188609
1226896617627901952
1226896493992435713
1226895744206024709
1226894538951753733
1226894382147743744
1226894258747121671
1226894164979310598
1226893987782516743
1226893805783306240
1226893603391320064
1226881540271022081
1226881027957755909
1226880845350416384
1226880511034974208
1154499787917365248
1154482823845142529
1154474216495783936
1154474019174748161
1154473770184138752
1154473295208701953
1154473189595996160
1154473024000679937
1154472502573371392
1086297094393073664
1086296994400923648
1086296855129010182
1057022957594271749
1057021669095759872
1057021408772001794
1057021084443258880
1057020944621940737
1057020665096749058
1057020312766824450
1057008364687900672
1056979629704179713
1056979241613606913
1056978880039477250
1056978602846310400
1056978247815176192
1056976801384329221
1056976652507459585
1056976253276876800
1056936528793034753
1055942179397480448
1055538862536175619
1055215142781284353
1055214983821357056
1055214862090014721
1055214646880321536
1052992133127426050
1052991831674380289
1052976590022471682
1052975644659847168
1052680064310173696
1052679951877586944
1052679876560519170
1052679673468071936
1052571668168810496
1052546236404895744
1052282397197299714
1052282286157246471
1052282223884406784
1052282080837681152
1052280334434353152
1052280194105532417
1052280058226847745
1052276145373306880
1052273559521906693
1052273444329545729
1052273301253435393
1052273184848957441
1052273113709326336
1052272814433157120
1052272672326017024
1052255172695662593
1051953817258995713
1051890280713121803
1051853236020420609
1050836301405179904
1050809774118526976
1050809540848046080
1050809275986120707
1050809136156471297
1050504493224341510
1050504164378402817
1050503896911765506
1050503733312978944
1050503595848683521
1050502812801650688
1050502634933760001
1050502486870675456
1050502011383439360
1050501749700775938
1050501607698456579
1050501153459511297
1050500830057717760
1050500496744767490
1050500166371987456
1050499825635090432
1050499444091817984
1050499253146177537
1050499004260331520
1050498796721983488
1050498564420509698
1050498423122735105
1050498300812677125
1050496897868292098
1050496817471864833
1050406871071379457
1050406776443686914
1050406569920405506
1050406446008074240
1050406399862329344
1050406200930693123
1050046482471116802
1050032118192070657
1050013211267923968
1050013057848696832
1050012924759150592
1050012233814695936
1049762347470999552
1049752978868097024
1049752605688295424
1049752463342010369
1049752131203420161
1049751169520869377
1049750939337482240
1049749952719671296
1049749762809978880
1049749573768482821
1049749365307400194
1049748955725225986
1049748640988835841
1049748243989565441
1049748111462191104
1049748064943132673
1049747853797720065
1049406669854318592
1049382367952089089
1049355424728862720
1048305688911462400
1048305370475769856
1048300976699047936
1048300914468159489
1048300748721836032
1048300567163035649
1048294066142814209
1048281567968342016
1048281346697826304
1048280884716232706
1048261828650962944
1047950257190055936
1047919903494348803
1047919786825592834
1047919733440503818
1047919516238446592
1047919224080019456
1047918981703766016
1047868426314821632
1047868120822702080
1047853756371615747
1047853127725142017
1047852976520540160
1047603691874922497
1047590771057209349
1047590431985467395
1047590339664646149
1047590176522993665
1047570221215764486
1047570046841708544
1047569877962297344
1047556978321620993
1047556768035954688
1047556627719770113
1047556498027696128
1047521776383774721
1047520272486715393
1047516510829338627
1047515380674117632
1047241165165223936
1047232777396146176
1047158011435933697
1047157913486315520
1047157534426091521
1047157427387486210
1047157139343626240
1047156971189809155
1047154174490828800
1047153961525030913
1047153839156150272
1047153659602227202
1047153223474274304
1047150761313013767
1047150444819243008
1047146462868660224
1047145677250285568
1047145645751119875
1047139482766585856
1047134952666619904
1047134864762376197
1047134559169589248
1047132727642865665
1047132245885161472
1046797232241037314
1046780499740545025
1045425645986217986
1045392512284807174
1045392402742214658
1045340297956401155
1045340255312859137
1045331863081037825
1045327460668248064
1045031212430106624
1044235447625543685
1044235409973268480
1043134591136145409
1042889570243756032
1042418520322203650
1042418423257550853
1042391833572270080
1042391398228676608
1042388514690789376
1042052581047128065
1042051367509143557
1042030600679567361
1041807267652349954
1041807063695941633
1041806837677477890
1041806679103430657
1041806624023822337
1041806467450523655
1041806315088175104
1041806130157105152
1041805907364069378
1041805663557627905
1041805009615302656
1041800005013721088
1041777025965547520
1040720829061976064
1040720784971497474
1040720588237627393
1040720355537629186
1040715840902123521
1040698202364760064
1040697827360428032
1040632003136290817
1040614391270531072
1040358082445037569
1040357968947175425
1040356901039624192
1040348437152194560
1040343296114139137
1040343103327100929
1040334880092172288
1040244978230984704
1040232220470992896
1040063451194773505
1040060373884461056
1039991830992117761
1039966353975898112
1039906634615713796
1039506595334565888
1039311841787297792
1039295819021787137
1039295583511617537
1039277514823229441
1039272290448486400
1039271854530326529
1039269232779976704
1039266934645252097
1039266366023458816
1039165041436774400
1039006400456876034
1038960510690111488
1038959550412537858
1038959263803162624
1038958488360243200
1038957168635125760
1038933970107490306
1038878210145038337
1038860020987912193
1038844574511390720
1038844487987077120
1038844269186961410
1038844127478251520
1038844043944443905
1038777391957651456
1038764927257862144
1038764620402647042
1038764384150081536
1038764002137001984
1038763578805895168
1038763316905172992
1038763051892318208
1038762790847238144
1038762644679876609
1038762517454114816
1038762429247905793
1038762230941188096
1038762065803071488
1038761653238738945
1038761447776559107
1038761205156982784
1038760941784100866
1038759302092214273
1038759068305944576
1038614513522814976
1038614309549604865
1038522864884957184
1038479714351017986
1038475705309380610
1038462858303037445
1038455609614651395
1038455412109045760
1038455197561958401
1038454985586106369
1038454911913086976
1038454843336257537
1038454607456940033
1038454311771168768
1038453728729284608
1038449558869757952
1038426878351159298
1038426334568046592
1038425861471576064
1038424940406558720
1038424855341936640
1038424671430103040
1038424555654733825
1038424338096185350
1038424148740136961
1038424013683478528
1038422624441917440
1038166873223962625
1038164279285956609
1038117896608784384
1038108218285797376
1038108060810657792
1037797251228344321
1037797159649849344
1037796968611893248
1037796931827900421
1037791520131371008
1037747186065387522
1037744992364716032
1037744826844946433
1037744546912903168
1037737752597618689
1037737625430499329
1037737420559712258
1037730842020392960
1037730502541824001
1037730394567790595
1037729836138209281
1037728260854034432
1037728146513174528
1037728072575975424
1037727877410840577
1037727468109611009
1037727368440369152
1037727192703229952
1037727006903947265
1037726928898277377
1037726726003011584
1037726552149123072
1037726285022289920
1037726173462257666
1037725941303271429
1037725797551890433
1037725598343458818
1037725521168289792
1037725455124709378
1037725280083890176
1037725151650033664
1037697246618431488
1037696497545039873
1037696346562744321
1037451439814205445
1037451097298948101
1037451037702021120
1037450965136367616
1037440539564695552
1037440291060543489
1037431169577562113
1037431094159843328
1037431002686283776
1037430934121766912
1037430599408074753
1037368792488308736
1037365879355449344
1037138281664847872
1037010249864097792
1037009229209583618
1037008234119405568
1037008148559798273
1037008021564608512
1037007897027399685
1036999761151311872
1036999403284979712
1036926786867740673
1036926574568898565
1036926177070514178
1036589746636632065
1036589413168553984
1036430187230101504
1035896277932883968
1035519004377579520
1035261063703527424
1035260931763253248
1035260916709974016
1035199594865549316
1035193092763254787
1035191411958788098
1035185734263685121
1034884280818827264
1034884121061994496
1034883827750068224
1034883268812959744
1034862758746046465
1034862563807375361
1034862413470986240
1034862317626957825
1034834679432732672
1034834429712183296
1034807629250482176
1034807459196674048
1034802289087787008
1034802146322075650
1034800847526526976
1034800696351252480
1034800341664124938
1034556472292765696
1034556355171020801
1034556070004498432
1034555917721907201
1034555840798310406
1034555687987277825
1034554591671668747
1034554537422581760
1034554450122301442
1034554154176405506
1034554026648641537
1034553808184135681
1034509021087182848
1034500621720854533
1034500353235013632
1034500141414326272
1034500028163911680
1034499575594266624
1034474178420899841
1034468280789032961
1034468223738163200
1034468174782255105
1034467850545754113
1034466724249255936
1034466477347405825
1034466273521029120
1034466090431197184
1034465818447360000
1034465695860498432
1034463475408490497
1034463358873952256
1034463022247550977
1034461621748490240
1034458621080424448
1034448236612923393
1033760870264958977
1033743598368563201
1033737395622105088
1033729121795428352
1033720908903575557
1033718596399235073
1033700201901555721
1033697098062090242
1033446614667591680
1033014351542841345
1033014213067907072
1033013977981300737
1033013422949064711
1032744591219466242
1032744029975396353
1032743948446564352
1032743840766152704
1032743484933980160
1032742998860353536
1032742874671206401
1032742832161869824
1032742651865563136
1032742564271742976
1032742502305095681
1032742434143444992
1032742348411871233
1032742239615819776
1032742090206261255
1032741949193834497
1032741792008024065
1032741610595991554
1032741445608898560
1032741315430236161
1032740955336704003
1032740684443385857
1032740411381624832
1032740224839942144
1032740131848028160
1032739960120664065
1032739690716319744
1032739602250051585
1032739420502470656
1032739181787860994
1032656196816302080
1032656146379751424
1032654043607379968
1032635711768473601
1032635166030811136
1032377193622515717
1032377080372023297
1032375994286391296
1032365864039796738
1032365687757406209
1032355490502565893
1032297428375007234
1032297162691039232
1032296948752109569
1032296773237264386
1032296688155865091
1032296611089707009
1032296469791997954
1032294754481057792
1032294652303560704
1032294469448749056
1032294267631411200
1032291810729713665
1032275385768181760
1032017523523428352
1032013546660483072
1032013451017809920
1032013262001459205
1032013080622972928
1031908945672253440
1031659077468868608
1031653826388996098
1031653041177600000
1031652301700771840
1031652175976570891
1031650521734627329
1031650195199746053
1031649051685675009
1031648974418137089
1031643722583302145
1031643649925414912
1031634200007520256
1031608338239418369
1031608229627916288
1031607756149665793
1031607264455606273
1031607134826516480
1031605329073762304
1031605183820775427
1031596974880043009
1031596891824422918
1031564972512501760
1031184194129616897
1030092937349218306
1029835884756197380
1029833654959255558
1029765516502724608
1029756107886080001
1029750880021741569
1029746101803462658
1029725933324918785
1029471448925184000
1029471219903590400
1029449315884969985
1029392792009809921
1029392588497936389
1029392500845436928
1029392363616174085
1029391983582871553
1029388158855774209
1029360077084479489
1029357222973853696
1029103582270959617
1029099823075602432
1029049883402088448
1029049740158267396
1029049663381536768
1029049422070603776
1029045908095348736
1029045742281912321
1029044567243456512
1029028327217156103
1029026440862425089
1029020679973294081
1028995847932059648
1028994791068114946
1028970769181753344
1028970061174792192
1028969359182450689
1028822724385427457
1028822436303826944
1028772552389353472
1028741942006501376
1028740917778423815
1028721459986948096
1028716325739356160
1028707803194707969
1028622711638175744
1028621891337166850
1028621089159700480
1027972246709694467
1027969766491926529
1027598566322302976
1027598500861825024
1027594314686386176
1027593961614061568
1027582999360102400
1027580093428846593
1027580084218212363
1027579723822628865
1027572443718844418
1027570318737657856
1027568568815243264
1027568392956510209
1027567075009724417
1027566909015949312
1027565492557557761
1027354626042015745
1027310809716850688
1027308667027288065
1027308418003030017
1027308193972535296
1027306321656406021
1027306037559418897
1027300215995490309
1027299977524117504
1027290161678352384
1027289706399236097
1027289270736826369
1027289213916471296
1027289198900981761
1027289061495660546
1027288979798978561
1027288492366352384
1027278589870448640
1027272818013216769
1027211317952823296
1027196041907634176
1027189694113755136
1027042800850948096
1027024459520196608
1027024208386244613
1027023361778573312
1027023286620839937
1027023142529773568
1027022980977774592
1026897152142991361
1026896839516332032
1026896794238824448
1026896699095228421
1026896602902999040
1026896439648104449
1026896313470930944
1026895928974823428
1026891782741794816
1026891458266247169
1026867418281504774
1026866449321807879
1026866346477412352
1026866223370448899
1026866141103308800
1026865998274674688
1026865919950237702
1026865622213427200
1026865055994994691
1026864902017884161
1026864818853167110
1026864645351645184
1026864479903121408
1026864405605167107
1026864124435816449
1026833156907982849
1026833010715451392
1026792784362123264
1026792482686857216
1026792337257754624
1026792038329708544
1026546164240343047
1026543577600409600
1026462394900525057
1026258748992618501
1026258497867075587
1026258200893505536
1026233173863264256
1026115760102498304
1026096837797834752
1026096605739581440
1026096243196534784
1025939508297191424
1025916955990085632
1025916779045052416
1025913965409435653
1025913750329745409
1025913616506269696
1025913015613448193
1025867448132755456
1025842061516386306
1025841773598388224
1025822211364532226
1025787732415602688
1025785307533332481
1025780643811217408
1025740477935616000
1025740441264828418
1025740411242012673
1025734528835440641
1025734325478871040
1025734237729841153
1025733998125953025
1025733754659266560
1025733498194350080
1025733264252829696
1025732981661544448
1025732456606040064
1025579854773841920
1025579747387027456
1025579581967925253
1025576499645169664
1025576207071567872
1025500706659348481
1025500612346236929
1025500543760912391
1025397125989982208
1025161274114670592
1025136577838764033
1025051500735852545
1025024366378143745
1025024109716140033
1025022543525236736
1024832573841854467
1024795246960500741
1024774637929095168
1024774177696477184
1024774092380168192
1024773909462351874
1024773778021261313
1024757034342932480
1024739957863272450
1024733223367127042
1024449325005504512
1024448689488711680
1024448518134607874
1024448448018481152
1024448288215511042
1024447582196649984
1024386603194703872
1024385912795537408
1024385867190820864
1024385453313679360
1024357160959049729
1024357019124424711
1024348881197379584
1024347865295073280
1024347750916341760
1024347187508125696
1024346721877483520
1024346561411801090
1024345666062036994
1024345619538817024
1024345448197365760
1024345191946366977
1024344222021951489
1024344010733826048
1024343848783409153
1024343717963067392
1024342820080050176
1024342631021768705
1024342488197345283
1024341869537488897
1024341716164403201
1024341449834409984
1024341034967478273
1024340820672110593
1024340022831599616
1024339787170365441
1024339202899697666
1024338909466165248
1024338704201117697
1024338533698494464
1024315718735720448
1024315653229080576
1024291828030480389
1024291571209052160
1024273109518626816
1024267004797181952
1024266917580824576
1024266686772461568
1024133608112644097
1024130155315449857
1024122016629235712
1024121591662342144
1024121425962180608
1024117811109613573
1024091485497647104
1024091314621763586
1024015278798262272
1024015200888995841
1024015047255904256
1024014822646734851
1024014623459233797
1024014415077822465
1023987753065897987
1023986899898314753
1023580387505840129
1023285346438664192
1023284948428640258
1023284709864955906
1023253065103757312
1023252500567220229
1023252084060311552
1023250911693627394
1023250678507036672
1023234454880509952
1023231985945403393
1023231482821783554
1022937742924304385
1022587969000091649
1022587887664201728
1022564206720233472
1022561940508434439
1022537574429155329
1022314634290843648
1022293229964804102
1022293003812122629
1022292849348562944
1022267171433537536
1022265424191414277
1022265251809701889
1022265173405511682
1022265076621996032
1022265013346742272
1022264915124514818
1022264798988460034
1022264661654339584
1022264562719043585
1022264410713284610
1022220113389531138
1022220008070565889
1022212500815851520
1022183173948682240
1022178186639990784
1022113966984765440
1022105246145961984
1022105084514193408
1021875791188185089
1021875340560551937
1021838713490427904
1021788345788243968
1021788115961348096
1021787847190302722
1021787773865476096
1021787576573849600
1021787306448113666
1021787063258099713
1021786983960666112
1021786884715016193
1021786682952245249
1021786632117207040
1021786604434874370
1021786518564884482
1021786202616332288
1021785864081420290
1021785674553409537
1021785480185225221
1021785258277199872
1021784927728230401
1021784485241733128
1021762952360284160
1021762665037918212
1021761077762289665
1021756464849997824
1021756252827856896
1021755983335448578
1021755818738442240
1021755689654538240
1021755522339487745
1021755032662953984
1021754713044336640
1021754608425807872
1021744518188736514
1021744232778924032
1021743612919525376
1021514165909827584
1021511722035761153
1021511508465999872
1021511414257729536
1021511368598597632
1021511276978208768
1021511140948488198
1021511090323300353
1021510897519550464
1021510818658234369
1021510350192164867
1021510297960505346
1021510094444552194
1021510034151366656
1021509834385092614
1021509685541855232
1021508420795604993
1021504860544483329
1021501702493687809
1021499568243044352
1021499326156230663
1021498975470473216
1021494848686358528
1021494611255222273
1021494345961283584
1021489609954537473
1021488549433159680
1021488303823052802
1021485984712679425
1021484724047499266
1021484441095614464
1021479511802699777
1021479293690552321
1021479208365772800
1021478592335761409
1021476184234885122
1021470750874718209
1021466022023491586
1021457922193281024
1021457643783827457
1021457388627521540
1021455651548037125
1021455051968188416
1021454576568938496
1021454324923273218
1021429744502484993
1021429599815815168
1021424446580707329
1021424305652027394
1021424253202239488
1021424121626931201
1021424019604729857
1021423962432188416
1021423586941259776
1021423553420451840
1021423516384710656
1021423467852369921
1021421008052457472
1021420904373473281
1021420640555945985
1021420458841911298
1021420424821989376
1021420318450208768
1021420179308367872
1021420123381485568
1021420013994020865
1021419935594053633
1021419913859170305
1021419794879434754
1021419753271975937
1021419604864839688
1021419466423488512
1021419415160721408
1021419355836420096
1021419253109583874
1021419026906517506
1021418873906782209
1021418801139679235
1021418723733798913
1021418621921316865
1021418381285773313
1021418314709512193
1021418235080724480
1021418131305246721
1021417960181846023
1021416115384258560
1021416011566895106
1021415944403464192
1021415885632950272
1021415698172645376
1021415662772805633
1021415420300091393
1021415299546058753
1021415110378688513
1021406436176420864
1021406349056528389
1021406276947980288
1021406217472749570
1021406161189462016
1021406067614470145
1021405777746112512
1021400747651584000
1021394091890872321
1021394012270481408
1021236605842075648
1021236238945259522
1021236109299404800
1021236035337048064
1021139206087823361
1021130609643655169
1021111352784576517
1021110948323618816
1021105425561935878
1021063087477215233
1021060603992068096
1021051429585412097
1021018432131817472
1021018229798563840
1021017682953625600
1021017307877978113
1021015291382427648
1020758120467959808
1020757942478438400
1020757734990458880
1020744154702336002
1020743799411179520
1020743217208315909
1020742682111619074
1020742320566697987
1020712460041498624
1020711985623846912
1020711757927657473
1020711423318536193
1020711085404491776
1020475444892786689
1020475008022347777
1020440863992926210
1020426971933757440
1020426698272190464
1020414627103084554
1020407488334712832
1020402576217575425
1020371658517999616
1020323692432281600
1020322265119035394
1020320525212581888
1020320452630261760
1020320415271579648
1020320379691298817
1020320088325591040
1020319966917251079
1020318660802633729
1020307516171878400
1020307452183613440
1020306826276032512
1020306490790416384
1020306252839043073
1020305207501180928
1020303370916163584
1020301037847105536
1020294866318909440
1020169628172079104
1020169144786931712
1020168013935513601
1020130889475461120
1020127723098918912
1020125199025491968
1020123678766510082
1020123596981760002
1020123042188578817
1020123006977347586
1020122420890558464
1020122215575183360
1020118906135097345
1020118527020236800
1020064015714783232
1020063978104315904
1020063614957498368
1020063444400328704
1020062906271051777
1020062599902302208
1020062347241586688
1020062237212520448
1020062065405423617
1020061775604088837
1020061543420088320
1020056427514204161
1020056323226992640
1020056228322598912
1020056105223942144
1020055987921858563
1020055913594605568
1020055833898516482
1020055684229083136
1020055525147533312
1020055388861890562
1020040005887176709
1020039684469161985
1020039623878332417
1020039449772781568
1020034127507214336
1020033653693386757
1020032973402501120
1020032859200016385
1020026020798361601
1020023465544384512
1020023343670493185
1020020760629448704
1020012248289501186
1020012123517222913
1020007031556763652
1020006767865073666
1019989816543498245
1019989651203993608
1019988426525995009
1019988175605960706
1019987937285505025
1019987605599981568
1019987492009861120
1019987383922634753
1019987283854970883
1019986828642971648
1019986587348856833
1019986336420433920
1019986265188569088
1019985008512126978
1019981530230394880
1019979747588296705
1019979594772856832
1019976920727945217
1019975182792916992
1019975086990876677
1019974908695150592
1019972549130809345
1019970033882206209
1019966793098637313
1019965512435097605
1019963610934730755
1019962984997838848
1019962746547433472
1019778282903015426
1019776618032713730
1019776230650974208
1019774785440698368
1019774597242195969
1019774357218955266
1019770981479518208
1019765205914521600
1019759852644683777
1019757501749788672
1019754031588282368
1019734375737561088
1019734054344720384
1019702195678339074
1019701883575963649
1019701789128560640
1019701576531890176
1019701460840394756
1019701310537584640
1019701258075230208
1019701080756768768
1019700895783768064
1019700811742445569
1019700724027019264
1019700605206585346
1019700516564107264
1019700371382468608
1019700032340156416
1019699963226451969
1019699660712275968
1019699535340240897
1019699441882853386
1019696855389700097
1019693290680213506
1019691854684676098
1019691715752546304
1019667008055586818
1019663696208039936
1019660644361166849
1019658991373348867
1019652898404302848
1019652450654081027
1019652320043380738
1019651048129073152
1019649399113183232
1019649155369701382
1019648751462436870
1019648477599621125
1019648287131996162
1019628733966274560
1019622879678222337
1019622647104188417
1019621510137438209
1019620181767786496
1019619616765698059
1019618421942734848
1019617816545234945
1019617577646067715
1019610982312824833
1019610080906547201
1019609372337598464
1019609252061736960
1019607756192481281
1019607020930887680
1019606775975292928
1019606591589552128
1019606331706302471
1019606143948263435
1019605762857930753
1019605592808349696
1019605421454249985
1019605165949808640
1019604880498003968
1019604693818003456
1019603100334772224
1019601427285659648
1019601226898530304
1019598476571750401
1019598189077385216
1019597968759054342
1019597721546772480
1019597133039751168
1019593094814105600
1019592714428583938
1019580241587703808
1019577699919122432
1019437527902621696
1019437094681407489
1019436615956160512
1019429981053706241
1019428895207108608
1019427752255152128
1019425729858166784
1019425189149454336
1019424841642934273
1019418636061114368
1019418296993636352
1019418107398541312
1019417811188371456
1019417572641558528
1019338340443807744
1019338283166392324
1019338148948652036
1019337681149587456
1019334596981387265
1019334518375841794
1019334458141544448
1019334229384204288
1019333974903132162
1019333861673750529
1019333549965619205
1019329723560849408
1019329293757841408
1019326515090219008
1019324838350082048
1019324496090685442
1019324030103498753
1019323082635448323
1019320269222137856
1019319966221373441
1019319771056230401
1019313335089664002
1019313074514333696
1019312791679832064
1019312631734243329
1019307162324164608
1019306807838302208
1019306412105699328
1019306083981111296
1019303393867784193
1019303225596547072
1019302729552973825
1019302565274685440
1019302551634792449
1019302458407964673
1019302336441864193
1019302221278834689
1019301709728960512
1019301615818498049
1019301409961992198
1019301259214508033
1019300796570259456
1019300677082853376
1019300474967740416
1019300387130626049
1019282554908762112
1019282251245289472
1019279511182028801
1019279327387705346
1019277772395606022
1019277481583546369
1019275038023999489
1019274647467102209
1019274421117349891
1019273963514552320
1019273696790372353
1019273591165251584
1019273544352649217
1019273226386575360
1019273094739955712
1019272797309292544
1019272021564379136
1019271980682563584
1019271782153547782
1019271729762504704
1019271572652265473
1019271022015598593
1019270989421662208
1019270923487244289
1019270763357065216
1019270508867674112
1019270385181839361
1019269966376423424
1019269811816353794
1019269669616791552
1019269467065475073
1019269127763058690
1019268599838539777
1019268538245238786
1019267992293691393
1019266644101816325
1019266545200099328
1019266098020212736
1019261364785893376
1019261301107974144
1019261216701677568
1019261049818755074
1019260845975580673
1019260682435481605
1019260411747725314
1019259937174835201
1019259659771883520
1019259442062389248
1019257880854310915
1019257769344557056
1019257629141499904
1019257467480485889
1019257327206137858
1019257042719203329
1019256934707458053
1019255950950223872
1019255867793952768
1019255853776621568
1019255530106294272
1019251772479754240
1019251466127757314
1019248624625123334
1019248516693151744
1019244391398027269
1019243315420696576
1019242164281401344
1019241962111750150
1019241552240087041
1019241245502312449
1019240813715476480
1019225824602591232
1019223997173633024
1019223788209233921
1019223678544998400
1019223562631118848
1019223389800673282
1019223328920305669
1019223113828102144
1019220437220364288
1019220422678732801
1019220028246384640
1019219994431967232
1019219848541425665
1019218095519551488
1019216933214879745
1019216774972178432
1019213897927098374
1019213675385819136
1019212329584644096
1019212090475675650
1019211807402143744
1019208336644993024
1019207318305673216
1019180593962258432
1019180426458554368
1019180205276090368
1019176064185192450
1019060199330603009
1019016408691245058
1019016213148700672
1019015987528650761
1019015839201275905
1019015319850020864
1019014889325629440
1019014496311037958
1019014368820973568
1018978557068967937
1018976539164250113
1018976278249197574
1018975899256020996
1018975789793017857
1018975657353797632
1018975453690908672
1018975249512255493
1018974656110497792
1018974440661700608
1018974233957978114
1018973968936693761
1018973581349400577
1018973286041088000
1018973049960435712
1018972765364342784
1018972653238018049
1018972391085674496
1018972339462180864
1018972170335277056
1018972096385486848
1018971621116338176
1018971565319434241
1018971503906512901
1018971425074569217
1018971380015038464
1018971344019574785
1018970783220142085
1018970614906974208
1018970561857380354
1018970301584076801
1018970210588651520
1018970174597271552
1018969956933873664
1018967983262183431
1018967917977841664
1018967872197005313
1018967253788905474
1018966878331469824
1018966321298632704
1018966133188251648
1018965841352806402
1018965738412036096
1018965588033622017
1018965551631228929
1018965514415112193
1018965477589159943
1018965425718222848
1018965035232776193
1018964805074505729
1018964771113226246
1018964698799267841
1018963242545303552
1018961417528111104
1018961338914271232
1018960259640102914
1018960228623290369
1018960155919224832
1018960016823418881
1018959939354718208
1018959884849700865
1018959834065129473
1018959778968727553
1018959661582700546
1018959549338980353
1018959472339795968
1018959341691555842
1018959301086449667
1018959218081173506
1018956679201869824
1018947642884349953
1018947544490135552
1018947493676158976
1018947366655873033
1018947068449181701
1018946365513256960
1018946022326849536
1018945901950357505
1018945425427107840
1018945275505926145
1018941823518167041
1018941729398026240
1018936704261148674
1018936426619162624
1018927922743336963
1018927727561330688
1018927485747191809
1018927218440003586
1018926336608436224
1018926183587737602
1018924818601783298
1018924671662809091
1018924639970619393
1018924614456573952
1018924274277642241
1018924213745410049
1018924025756700673
1018923909952032770
1018923539435540480
1018922528360804357
1018922355475845120
1018921218550968320
1018921103874457601
1018920918192742401
1018920815809703938
1018898909928751105
1018898363759169537
1018898318313902081
1018898117289226240
1018897955871436800
1018897912561102848
1018897709258899457
1018896963323027456
1018896887326396416
1018896811615031296
1018892965287165953
1018892028422303744
1018891867067502593
1018891756035821569
1018891639752937472
1018891600209088513
1018891428058095616
1018888741258219521
1018888635352059904
1018888203414200320
1018888042344599552
1018887966201143298
1018887886958194690
1018887623497125889
1018887194214322177
1018887078883610624
1018887004304658432
1018886903993692160
1018886700867706885
1018886653946073089
1018886536157331456
1018886309115547655
1018886188013424642
1018884764126851072
1018884584233230338
1018881268992364544
1018880852539904000
1018880780670521344
1018879667745550336
1018878434259406848
1018878295524470785
1018875115390586880
1018875009752797189
1018874960880775168
1018874908120682498
1018874844576997376
1018874722090668032
1018874668034547713
1018874588305018880
1018874539541979136
1018874508479008768
1018874440812294144
1018874394813321216
1018874353482596352
1018874300495953920
1018874262751498245
1018874107314745344
1018873928171839488
1018873844038361090
1018872229675917312
1018872009206398976
1018864993339691009
1018859750719664132
1018858951100813312
1018858590650683394
1018856912765546496
1018856772134756352
1018856645101805568
1018856545709420544
1018856503174926336
1018856236312350720
1018856138706735105
1018855577773117440
1018855435338645504
1018855280224980992
1018855169054953475
1018855043687120896
1018854959285243904
1018854711926116352
1018853890488438784
1018853827208982528
1018853731700535296
1018853707813937153
1018853619209302016
1018853486136627200
1018853439546195970
1018853254476763137
1018853147140329473
1018852995386179584
1018852869133471744
1018852699654193154
1018847031933235200
1018846621696757761
1018833631123566592
1018833481613414402
1018833215073734656
1018832777976967170
1018832508165685250
1018831883738734592
1018661022415155200
1018660949660766208
1018660436185616389
1018656247724138497
1018655651537588224
1018655499573776384
1018655475490021377
1018609756423053312
1018607981477400576
1018607838346797062
1018539414488780801
1018517167124467713
1018517010999840768
1018516794926133251
1018510264973582336
1018509721588916224
1018509318319149057
1018506438690394112
1018499981316165634
1018499681557598208
1018495326532128773
1018495197179793409
1018489835093360640
1018487384973955073
1018485841994440704
1018485317446307840
1018484503436840961
1018482511108812801
1018482145747243011
1018480060221853697
1018479938251493376
1018479820018212865
1018479561200283648
1018479206370566145
1018479012249817088
1018478885363748865
1018478599756754944
1018474879790788609
1018473629779156992
1018473267076780032
1018472549171236864
1018472356874997761
1018472216109907969
1018465387451740160
1018464846189297664
1018360204646338561
1018345105810485248
1018291834483888128
1018291705441914880
1018285040684367873
1018262885464788992
1018262729457651717
1018219650545586177
1018163620751073280
1018163534402867200
1018163292110577665
1018163003747983365
1018162837687078912
1018158225999491072
1018157930569445377
1018157817209999361
1018154159768555520
1018152825799499777
1018152664415293443
1018152034665746437
1018151616191574016
1018151118365437952
1018150927675678721
1018148220726333440
1018147962994810880
1018147771147268097
1018147655728488448
1018147592604213248
1018147535372898304
1018147373720244224
1018147231478767616
1018147050108616705
1018146931435036673
1018146762564034561
1018146680145874944
1018144339007102979
1018144193108172801
1018144010764943362
1018138080639901697
1018137434440290305
1018106182005919744
1018106148036194304
1018104564208275456
1017990819733786624
1017970319317962757
1017957148918198273
1017957006538428418
1017948808582455297
1017948682438742018
1017947674178408450
1017947355830767616
1017947005107269633
1017946636302061568
1017946401362325504
1017943437545439232
1017943292221313024
1017890490354630658
1017890408666484737
1017888593304539136
1017887266402897926
1017887006746083329
1017886876928237568
1017886792006152197
1017833979913867264
1017803491035828226
1017799913361559552
1017799489782996993
1017799324120633344
1017797307184623622
1017797226624684032
1017774650254864384
1017771602430365700
1017771227384107008
1017760950898880512
1017750513495019523
1017735451325628416
1017735307297468416
1017735022344798210
1017734836625330182
1017734712134131717
1017734609843482625
1017734381585207296
1017734292955418625
1017733543848538112
1017733286960029697
1017527472848625664
1017476131325464576
1017471423059722241
1017452540064133120
1017448776968089603
1017448489641566208
1017448087810396161
1017447873770934272
1017447755382390784
1017447591322308608
1017444386907590661
1017442750168485890
1017442540533047296
1017442407435112448
1017442310144118787
1017442192686710784
1017442048771805184
1017441943276736513
1017441828394631168
1017441752058335232
1017441637037985792
1017441528321576960
1017441471786635265
1017440139973447680
1017437210344337409
1017399291663527936
1017399142107222016
1017399035844493313
1017227805250277377
1017199361984475138
1017198779165003776
1017198391850360833
1017165077454127104
1017164980452581377
1017164881718661120
1017164702781181953
1017164469234028545
1017164374195175426
1017164257836847106
1017164161283973120
1017164067855687680
1017163910317858817
1017163810426249223
1017163718445191171
1017163675709464576
1017163574299553794
1017163538773790720
1017163367847530496
1017162918880825350
1017162813675065349
1017162656342474752
1017150444500672512
1017089397878067201
1017089065362092032
1017088755646296064
1017088599530131457
1017080946368098304
1017080874377064453
1017080807213674502
1017080694000898048
1017080518263951360
1017044057388920833
1017043954741792768
1017043712633958400
1017043419087228929
1017043289676140544
1017034560339693568
1016876407467765760
1016875519118331910
1016865033400274944
1016862975788048384
1016862824574971909
1016862587991019520
1016861883566100488
1016859122996842496
1016855544857022464
1016853751058006017
1016853627175088131
1016853538549444609
1016853436363624449
1016846546795671552
1016846310555648001
1016846017642233856
1016845350248861698
1016803288967270401
1016799254801731585
1016799158051762177
1016799096059957250
1016799013633449984
1016787589091782657
1016787364042166277
1016778733552848901
1016777934789541889
1016777613241651202
1016776487129747456
1016772863804825600
1016772534698696704
1016772438535884801
1016772113875787777
1016771965712060416
1016771867527536641
1016771728016625665
1016771637721649152
1016771392023547904
1016771213425856517
1016771119397863428
1016770812299358209
1016770615993397249
1016770332068368384
1016769887312769024
1016769769549238272
1016769676536373248
1016769595502456832
1016769066483281920
1016768964280582147
1016768904578859009
1016768733258440704
1016749212325867521
1016724425054605317
1016724130698285061
1016723927991758849
1016723848878874629
1016723712580771841
1016723532372430851
1016723436020883458
1016723283205677056
1016716891614793729
1016716761499160578
1016688153661464577
1016680347709444096
1016679764701130752
1016676817179234305
1016676535338782721
1016515247912423424
1016489242531450880
1016482141331509248
1016469693513814016
1016438675444551680
1016437279127203840
1016437185392803842
1016436956354568192
1016436797361082368
1016436321894707201
1016434488002392065
1016434364891189248
1016429669661466625
1016429493576257537
1016429433048182785
1016429247936724992
1016428778246098944
1016428593520496646
1016428462255607810
1016427685839597568
1016425941541810176
1016425605905178624
1016425528184754176
1016412767539093505
1016411015863590914
1016410826494930944
1016409992172367872
1016407331230420992
1016407126376374275
1016407056792915968
1016406965864542208
1016406812256501762
1016406547130470400
1016405479902367744
1016405393441001474
1016405168571736064
1016404677917896704
1016404474942849024
1016404395876147204
1016404010465746946
1016395328495476736
1016394873107337216
1016383681043353600
1016383536440455168
1016383311772602370
1016382776424239105
1016379487313940481
1016379366635384832
1016355966948921346
1016355570067083274
1016355417453158401
1016354508715315205
1016352299353038849
1016344467102683136
1016343930923823104
1016343846312136705
1016343551418957824
1016343438751608832
1016343243007684608
1016342961905455104
