1159630466896367616
1159627945884782592
1159626371963822080
1159626241101615105
1159595537370189824
1159594440777801730
1159200572131557376
1159199899302285313
1158885999318933504
1158884268589764608
1158750285835096064
1158748573577596928
1158745989018087429
1158745383461253120
1158745210148364288
1158744375758712832
1158577224586448896
1158034549848170497
1156776489041289216
1156746467316391936
1156745269259542528
1156667430845837312
1156666412758208513
1156663674255241216
1156326859832885248
1156319775921803264
1156256718499639296
1156255255023108097
1156253671006412801
1155873834483847169
1155528603867598849
1155524155070021632
1155523439614029824
1155244882010636288
1155243721513820160
1155242350303559680
1155240049669054466
1155235419379736577
1155232773952532481
1155231147506323456
1155229427908763648
1155228980020035584
1155226777414819841
1154885148468322304
1154883224163631104
1154883085806125056
1154546559805083648
1154371872970035200
1154108613616529413
1154108300306202624
1154051324826095616
1154050224488239106
1154050035404775424
1154049135495938049
1154048744817430530
1154047422093414401
1154046422095781900
1154046084072689666
1154045846398238720
1154045716072763392
1154045525894688771
1154045295451234307
1154044990353362944
1154044885286080515
1154044700191387654
1154044646281973763
1154043913876828160
1154043833283309568
1154043792422346752
1154043555750404096
1154043253521444865
1154042964026376192
1154042737106178053
1154042665459056640
1154042624711389186
1154042322331398146
1150131255712702464
1150130565367996417
1150129036275793920
1148299238020771840
1146801769529241601
1146800261702332426
1137496587406495744
1109146274467479552
1100831526416113664
1100827762292535296
1100818918443081729
1100810323143970816
1100804588582490112
1100802121706856448
1100795472044642304
1078310010625581056
1078306069535809536
1072205937069326336
1072204322539065344
1065706623014858752
1065704779890880512
1065703866715389952
1065701982315266048
1065698261057495040
1065697746714157056
1065695148569329664
1064423609563672576
1064322234045489152
1064317954634870785
1064306692282736641
1064303530729648128
1064260798741078017
1064253415381843968
1064242147514187776
1064234273878630400
1064226517465493504
1063585668293582849
1063555067901407232
1063553751363989504
1063545924943720448
1063507663042961408
1063500862352314368
1063499765227241472
1063488207646425088
1063197236744470529
1063197127583576064
1063196747202146305
1063191807217922048
1063189544055394304
1061425267942379521
1061386819340648449
1061378882194956288
1061373106478997504
1061368236409679872
1060287153555431424
1060285398637658114
1060279821861699584
1060278528657117184
1060276373342711808
1060274691036786688
1060271264021893120
1060224514745757697
1060209895088119809
1060208765675352065
1060208182625132544
1060202331990454272
1060201006460354560
1060194601665888256
1059997072491896833
1059995318748536832
1059993971965849600
1059844499210362882
1059842298689671168
1059829098082590720
1059651222674665472
1059649062553571328
1059646010471809024
1059645450175696897
1059505160819367936
1059505002966708224
1059504341420204032
1059503759326294016
1059503076145475586
1059502122822029312
1059501978177290240
1059500888488734720
1059500468911521792
1059499242610319360
1059495795097890816
1059494557337870336
1059494332632199179
1059209642717339648
1058795687360380928
1058793652292440064
1058792854414286848
1058777320335405056
1058774987018985473
1058774138251173888
1058773110583750656
1058770789736968193
1058769591856324610
1058765823068663808
1057775628517224448
1057775314984550400
1057771243124883456
1057689994385514496
1057689806501629952
1057689428875853824
1057686991544832005
1057679214365761536
1057290128287162368
1057274846055358464
1057274469050343424
1057272647766106113
1055921985677537280
1055894512738783232
1055887618045407232
1055840118836088833
1055660242178953219
1055659900309659648
1054484882833854464
1054482276422082561
1054477850613440512
1053839267443535873
1053838976123985921
1053679688478912512
1052588115158683649
1052583432813862912
1052580985341009920
1052292588470857728
1052289175766986752
1052284306972848128
1051626736394297344
1051195287698464768
1051191586648772609
1051186466192154624
1050796276214685696
1050783808482566144
1050783549253545984
1050777950608478209
1050776587904274432
1050771290179526658
1050769806096388096
1050493708821389312
1050463539721195520
1050463182949572609
1050459564322172928
1050456422922612736
1050201073514766336
1050200457426030593
1050196275260321792
1050195701747970048
1050192494057537538
1050188860720738304
1050119606323433472
1050117078827458560
1050110971543355392
1049756296814112768
1049747513354252288
1049742958398910464
1049717527830441984
1049707342168641536
1049706876743471104
1049703495396352000
1049702023031996416
1049457134344142848
1049453838745231360
1049448056947585024
1049446857078796288
1049446319830401024
1049445949771108353
1049445731801608192
1049350294570590208
1049347580063145984
1049343527425990657
1049341443355996160
1049337866470342656
1049335640335114243
1049333490225831937
1049332855866707968
1049332366437539840
1049331632920883200
1049330809134403584
1049327367322095616
1049326135622782981
1049303233502400512
1048699479853953025
1048698297613934593
1048694710246592512
1048694494319718400
1048693554736840704
1048667939711242240
1048657444912549888
1048288796255563776
1048274886630592512
1048274502415601664
1048250534535225344
1048218581282902016
1048218220929286144
1048217905244958722
1048217421557850115
1048216875778228229
1048216380971962369
1048215426193211393
1048080405184663552
1048077475853398016
1047977422346276864
1047948075002560514
1047947983734562817
1047886025496748032
1047885464709939201
1047710245579968512
1047709239945265154
1047705401473392640
1047649335431716864
1047648367952551936
1047643413510684673
1047639928455065600
1047627930484924416
1047552681546412032
1047552264615784448
1047551788415471622
1045835658634248192
1045833028679786496
1045815522204340225
1045814547980795904
1045812755423358976
1045812661844246528
1045810718413471744
1045733844479950849
1045682121174437888
1045674819683897344
1045661978755100673
1045657996326404097
1045656925222797312
1045488326914920450
1045485200245809152
1045483920647630848
1045478255233458176
1045318265004744704
1045129133183791104
1045128940388372481
1045127555961909248
1045121992846757889
1045121939554033664
1045118489529266178
1045111330850492417
1044932385429643265
1044746901281632257
1044744168692568064
1044743749081788416
1044739869405106176
1044652299170136064
1044650738339602432
1044648429115195392
1044647240667525120
1044640319264849920
1044636226282647552
1044629076961447937
1044441136327155712
1044435946765250560
1044433480296226816
1044433158253342720
1044431969398845440
1044350778092056576
1044343177849622528
1044338795380785152
1044338597053128704
1044337062772502528
1044334569644732416
1044333593638490113
1044331832014065664
1044331659993051136
1044331566871113728
1044331044340559872
1044330204812824576
1044236293650100224
1044234711214612480
1044226906634182656
1044072251925028865
1044058130852659200
1043999149652303872
1043995555574116352
1043985901238419456
1043923608580448256
1043922282731646976
1043891147188318209
1043748755990671360
1043747307651358722
1043742958086836225
1043706028456476672
1043654409236885504
1043555727082631168
1043553403035508736
1043549941497384960
1043542599305285632
1043542173214367746
1043540627315515392
1043525691872956416
1043298510936858625
1043233584616681472
1043224339200393216
1043223460250509312
1043220410450333696
1043215660153626624
1043211841449549829
1043208904212004864
1042957185745969152
1042946912721068033
1042918880312606721
1042916171278802945
1042914980884971520
1042894050804719616
1042872320572895233
1042870742033981440
1042868832275054592
1042777919431401472
1042772543994654720
1042763712375877633
1042759445237776387
1042638125288181760
1042637033523429377
1042633558219583488
1042629564512362496
1042627642812334080
1042622388192436224
1042617047023149056
1042483508537507840
1042483253989404677
1042453480537907201
1042441216103604224
1042439474985095168
1042432385969610752
1042415626336133120
1042158901603385344
1042133155010895872
1042104589464395777
1042064633337544705
1042062079677542407
1042051634732253184
1042049577195585536
1042035324514258946
1041907620548763648
1041819846617391105
1041817444812115968
1041729320526372864
1041728828152832001
1041718666289504262
1041717232760307713
1041686904863809536
1041683258679783424
1041681991043768322
1041675647058305024
1041670207532490752
1041547332758593536
1041538058829496322
1041537150213210112
1041509680520949760
1041506765030871040
1041441575249752064
1041432121930207232
1041427214602915840
1041426881382244352
1041423111478886401
1041188053233020928
1041175517851017217
1041123465011486721
1040723459016318976
1040699839867060224
1040619537169698816
1040616571549376512
1040615404933013504
1040613595124396033
1040478091447984128
1040476709336694784
1040402804051832832
1040385701030707200
1040383522714746880
1040382237634584576
1040379045613993984
1040378408377638913
1040367867097604096
1040365121866874880
1040364413767696384
1040362496073199617
1040242628967555072
1040087474888830977
1040086769075511296
1040084836516429824
1040081703845253120
1040077397213700096
1039932438087000064
1039929153368162305
1039734052683751427
1039663354145529856
1039648268269932545
1039648065454407683
1039576395800698880
1039575988340809728
1039561483066138630
1039559173455982592
1039531150379642881
1039530431119380480
1039527363363528704
1039317967891128320
1039314594408230913
1039240087328894977
1039235243117490178
1039180245977325568
1039179363894190080
1039152536505135104
1039020685941596160
1038870359313866752
1038863467841605632
1038854143371165696
1038852486675628032
1038845917644779520
1038829834430898177
1038436946287058944
1038325545635799040
1038322981053689857
1038320851530076160
1038317091932143616
1038307458941239296
1038305573282897920
1038103094960082946
1038099002502205440
1038097634907447296
1038085718663282690
1038085008374648833
1038078482171879424
1037924806065192960
1037924071520886785
1037919138386067456
1037915145643515904
1037911737796706305
1037838834359103488
1037837606053011456
1037830360623501313
1037828970270449670
1037828351136882688
1037789757718257664
1037786551063695360
1037770691087499264
1037763477400510465
1037573510887952384
1037570402141138944
1037563675203104768
1037557294647541760
1037396892928245760
1037396330367184896
1037395029650636801
1037394342007042048
1037388544304508928
1037382771851722752
1037380089413914624
1037376332487770112
1037373970125705217
1037365676355215360
1036717647495229440
1036714457806721025
1036487883295584256
1036484446159949825
1036483448834121728
1036481710538481665
1035702275669282818
1035618215747973120
1035615326652645376
1035611578433818624
1035609204004798464
1035607036505935874
1035334505169481728
1035326592854065152
1035271684905811968
1034871511100715009
1034869075699163136
1034687881900515328
1034686791935115264
1034686481414074368
1034685983503990784
1034682100652236800
1034676651584409601
1034675631882088448
1034542429586698240
1034540356845502464
1034535998942658561
1034477978363645952
1034475465791041536
1034269107091165184
1034263805390254082
1034153365217792000
1033932047411175424
1033927205204549632
1033925425351675906
1033868209261228033
1033797856283439104
1033441454956269568
1032787663986679810
1032755472061747200
1032754702662828033
1032696096542187522
1032695075225055233
1032690325125382144
1032688887989071872
1032687998905675778
1032687135646572544
1032686150060716033
1032684808323751936
1032328982216073217
1032326672773599232
1032324893973475328
1032258830581682176
1032257736279437317
1032001658643931137
1032000435417018368
1031642674141442048
1031625750519066629
1031625223185920001
1031622112983674880
1031600662088282113
1031600327105998849
1031287065571278848
1031285931486011392
1031283082010099712
1031252750355423232
1031244838698532864
1031243967256354816
1030971745665052672
1030893860979785729
1030839752147132417
1030836194140016640
1030648698479370241
1030647154858061825
1030645071362707456
1030580625181368320
1030516543149338624
1030314381546942464
1030312014080438272
1030304442552266752
1030224300287000576
1029788163437260800
1029787707617173504
1029786911773061120
1029753693212573696
1029569158097391616
1029563092479303680
1029561106690273281
1029559130397138944
1029548541985914880
1029543064035938304
1029540829352742912
1029539316798648320
1029363247822950400
1029358683405217793
1029357037530955776
1029356551385956352
1029355635937140737
1029156867518287874
1029141605909819392
1029141237268242432
1029132177722597376
1029130508096036864
1029128692448935936
1029047756206166019
1029046538834571264
1029043959853506560
1028709308400205824
1028703298335830016
1028372112858333184
1028370797314764800
1028311053036212224
1028102712297050114
1028072617805152257
1028058184705925120
1028056543604830209
1028055475290497028
1028052202726649857
1028049011125575680
1028047574786170880
1028045230396780544
1028041707370176512
1028041417141043200
1028007252051906561
1027947618351996928
1027920107043868672
1027775837448204288
1027770720535728129
1027770543586459648
1027701352900640768
1027701101229834241
1027695034341023744
1027606140773851136
1027605689747664896
1027605393638227968
1027603562509955072
1027600828671160321
1027600315237818368
1027600167627718656
1027599570786607104
1027580669231226880
1027579257533255683
1027574217972142080
1027271866304458752
1027268027471908864
1027266831675940864
1027263781414494208
1027260094893895680
1027256825748451328
1027255843853545473
1027254611529236480
1027251404023296000
1027250481775575040
1027036892749938688
1027036145853423616
1027034874056650753
1027034277790146560
1027031617674440704
1027029254565838850
1027028925065486336
1027027764702932992
1026928422025449472
1026871620374163456
1026695638329655297
1026524810937954305
1026480582367240193
1026160585077968896
1025896622176124928
1025884302477676549
1025883814847963136
1025882185973133313
1025784480919773185
1025783898926505984
1025588175417163776
1025586888088776709
1025585461463379968
1025582796453031936
1025517153863184384
1025515757994536960
1025515142761480192
1025434314664640513
1025433139022200833
1025426635464486913
1025286950180118528
1025283698545979392
1025282144845758464
1025280361436086274
1025252822160302080
1025249986118709249
1025180504968978432
1025074570758250496
1024788058871218176
1024749282836893696
1024591415114784768
1024539049460097025
1024537791152021504
1024535875579834368
1024534485767868416
1024531250445340672
1024529446605221891
1024527392054763520
1024524894678048769
1024524169906536448
1024522653585960960
1024521840520097792
1024486164726657024
1024484732791189504
1024481304442679297
1024404541737857024
1024354482103017472
1024353896582397952
1024353204551606272
1024345924791717889
1024345759225761792
1024345156110053376
1024343706248200193
1024341227733282816
1024335469285265408
1024328488713515008
1024323847896543233
1024314365032378368
1024303713714823168
1024302864796082177
1024293617316159490
1024165609561452544
1024153442091028480
1024148984581914624
1024147133983678464
1024141525356179456
1024071853231357953
1023795487709655040
1023791708322971653
1023790996436312064
1023790649739362304
1023787520599810049
1023787019506352128
1023786438838472704
1023785751505326080
1023638013136388096
1023637373614080000
1023636208843251712
1023634639506661376
1023622428247830528
1023617775476953089
1023562998776922112
1023562515807055872
1023561819611324416
1023560505393274881
1023559488685522944
1023558978163302401
1023555293521764353
1023332587035484160
1023331282560806912
1023324584638988289
1023310593510367232
1023310032522305536
1023305851694592000
1023304771912916992
1023303888181456896
1023300971261124608
1023036354228178944
1023035888933036032
1023033899935354881
1022927108111196161
1022922776221376512
1022919676647493632
1022743705285881857
1022739355482251270
1022737595501953025
1022737031397425153
1022612476460847112
1022611204261330944
1022553010273050624
1022552219118256128
1022546012345257984
1022544058382610432
1022541101201145856
1022538046011396096
1022302125370499073
1022301318109487104
1022300403436683264
1022300287183159296
1022299629365342208
1022299317317459970
1022299003021447169
1022297397584515072
1022210882787573761
1022208442973413376
1021974914428010498
1021912014585655296
1021901145139105793
1021889814902099968
1021889176092823552
1021888472385122304
1021887192942010368
1021810658176716800
1021641775054647298
1021641631693332481
1021639956576460806
1021570114955538432
1021566828839985155
1021566147026608128
1021564055520047104
1021493349390397441
1021483017087447041
1021459508898365440
1021325440319754242
1021314061936443392
1021312931919642625
1021311157984882688
1021303370449993728
1021256792666279938
1021253910139244546
1021251282579873793
1021243993907126272
1021240898217132037
1021235275878432774
1021196143613505536
1021192809099931648
1021173966403092480
1021172233387925504
1021162851577155590
1021162849714954240
1021155833743171584
1021153112344498177
1020869878335516672
1020868589769801729
1020867676959195136
1020864698491666432
1020859007253196801
1020845481201582080
1020844144841945088
1020842761170255872
1020839799106629632
1020837297988734976
1020836591932182528
1020800594024443904
1020799024448729088
1020794717942902785
1020794611793506304
1020768275888652288
1020767480006959104
1020724743002120194
1020723868325928960
1020552590738665472
1020547627497152512
1020547500128710656
1020541171104268288
1020537283181547520
1020511899866181632
1020510304524910592
1020442319240040449
1020382384091361280
1020379919384129536
1020304821176360961
1020299269880737792
1020298730640048129
1020216464714825729
1020210707369869312
1020210567674355712
1020210505556692993
1020210405551902720
1020210312740364288
1020209539197440000
1020209458712961024
1020209205154758656
1020208961344028672
1020208778505990145
1020208701779480577
1020208616240906240
1020208496678072320
1020208335260286978
1020208275084652550
1020208161356070913
1020208089046310912
1020207986235490304
1020207524228694016
1020207073844330496
1020205663195082752
1020205458605293568
1020204796840620033
1020204112804057088
1020199446292774912
1020095748329811968
1020049614555164672
1020044397356781568
1019796710371995653
1019793287639588864
1019681342601146368
1019677087022501888
1019673043759652864
1019669810383282177
1019668732635828224
1019665280501407744
1019658685553860609
1019652456110624769
1019649870993416192
1019644459154173952
1019637822934749184
1019627322750562304
1019505436305678336
1019502607679680513
1019430739073351680
1019430730944745472
1019430728294006784
1019429121590362112
1019429119790968832
1019429113856053253
1019422888955265025
1019420482880172032
1019377943909314560
1019331137909415936
1019302262747746306
1019302260231188481
1019299366958272512
1019299364777295872
1019102963397099520
1019102035394744320
1019101375488094209
1019098330536656896
1019097707971952640
1019097585363980288
1019096854967906306
1019090534638350336
1019089309867991040
1019088572203220994
1019087097230077952
1019007768060092416
1019007763299463173
1019000884779352064
1019000880090177536
1019000866429255680
1018960562691010560
1018944566844506112
1018810628331335680
1018810238248448001
1018738416383508480
1018735911331246080
1018733645622702080
1018732714055254016
1018729502615134209
1018727952228368384
1018678769123389440
1018678412632702976
1018623418256670721
1018623134109274113
1018622607430639616
1018602310816002048
1018602119815823361
1018565507765624832
1018335894665715712
1018334689558331394
1018319126794682368
1018317268256579584
1018314429446828033
1018311600145494016
1018305786424881152
1018305248136269827
1018301078234849280
1018300940191875072
1018292866261499904
1018292559058124800
1018290919643070464
1018290581141745664
1018290516616568832
1018290413705183232
1018290172457246720
1018288571122241536
1018282422306160640
1018281255756943360
1018279594762235904
1018258642452168705
1018256003853250560
1017962898566438912
1017961243104108545
1017958884839788544
1017955835475947520
1017928697825726465
1017928502572605440
1017877939143102464
1017834939520151552
1017832550905999360
1017831244925562880
1017829742404222976
1017825491225436160
1017824904970817537
1017823678015291392
1017822253919039489
1017819762712166400
1017818396358918144
1017816968697528320
1017808196075806721
1017802486470434816
1017615273807900672
1017536032160473088
1017535566974341120
1017531700958511105
1017488206982365184
1017485105265119232
1017355155547701248
1017353220635516928
1017352336040005634
1017345751423127552
1017297798138458112
1017297107332448258
1017296825462636545
1017291595777863682
1017290828492898304
1017288550432174080
1017283824625958912
1017280655854481408
1017277404568477696
1017244478157959168
1017243920000954368
1017242035756003328
1017237460084903936
1017235177666273280
1017232087160537088
1017228155797438464
1017225599801176065
1017201270824697856
1017184928411238400
1017180577479327744
1017180054097235968
1017177563095945216
1017176487491878912
1017126986106298368
1016922943253667840
1016920883204460544
1016918931745861632
1016918621052760064
1016915895132667906
1016837695115415552
1016835777018277888
1016835354928615424
1016535443683172352
1016535421382037504
1016396770375434240
1016171890505732096
1016105377773961216
1016101566258954240
1016098784596463616
1016072292860719104
1016071023576281088
1016062016312696832
1016061355835547648
1016057081760120833
1016055218709004288
1016054530453016577
1016054431186423809
1016054308125564929
1015849819422613504
1015848589560434688
1015844458699472896
1015842873227374592
1015840269764198405
1015723524504211457
1015695656436957184
1015695653618397184
1015695643661164545
1015685136459841536
1015685134459158528
1015685131539865600
1015651811015909376
1015651800861405185
1015651798353207296
1015642988498677761
1015642768859848704
1015642301731766273
1015640923345076224
1015415347095035905
1015411072163934208
1015391426194989056
1015379309756755968
1015325863166894080
1015325081277362177
1015319593504477189
1015310649151242242
1015307793803296768
1015305857888759808
1015302952414638080
1015113047692595200
1015112530014769154
1014993019177594880
1014986916087803904
1014986516718706688
1014973948486807552
1014973785634533376
1014967171867217920
1014966799333351425
1014965780364980224
1014963630658355201
1014954123018432512
1014952339407454208
1014950162303672320
1014950090404794368
1014942126210105344
1014940374744174592
1014936305447256065
1014922127026184192
1014659142013730817
1014655373309956098
1014650262416285696
1014647087013638144
1014647077312217088
1014639165172899841
1014639159602843648
1014639152816459777
1014639142196559872
1014639139168268288
1014624829666832384
1014594675833835520
1014594538420125696
1014594308681318400
1014579734116626433
1014577028106862592
1014575917597769728
1014575635543420928
1014574649122828288
1014544692648669184
1014542645908000769
1014542454391894017
1014540913039761409
1014539162957959168
1014370593611792385
1014255994451345408
1014254705810108416
1014254698700783616
1014254250958786560
1014253469987844096
1014243823357030400
1014243547204050945
1014176751424036865
1014176524335919105
1013845536783269888
1013663015508500481
1013649769519046656
1013649206282629125
1013647337070006272
1013614942044344320
1013614941641887745
1013614941172064257
1013601786479820800
1013458674176516098
1013456104523640833
1013453680127852546
1013452934367985666
1013451543633248256
1013333516631699456
1013333299287093248
1013218168225927169
1013216089730310144
1013215670090149889
1013148716348289024
1013143313023504384
1013134535976935425
1012835017150509056
1012834594389831680
1012827048505556993
1012813344548384768
1012789766624956416
1012789124267327490
1012788360648130560
1012577469176602626
1012567380822638592
1012533301351886848
1012531159886991360
1012526597855838208
1012458825125801984
1012457523146731521
1012454914293788672
1012413405175603200
1012412859370749952
1012410739666051072
1012406506212372480
1012404200939053056
1012404194270011392
1012404183050346496
1012385882903441409
1012384303517274112
1012381781192949760
1012380017379061760
1012371211538403329
1012308048671657984
1012308040874221568
1012133994287095808
1012129890949214209
1012128347986382849
1012128334229073920
1012117308313985025
1012115802772799488
1012115555682168832
1012035308928434177
1012035264246501376
1011781523056443392
1011779070143500288
1011778480260857858
1011770638229360640
1011747725329567744
1011395759441235970
1011394104859586561
1011393682363183104
1011373602690641920
1011372422061162496
1011371640234520576
1011368382774431745
1011367757030420480
1011365923662413824
1011365525904023552
1011360185040887808
1011299610864672768
1011298169190141952
1011005100926513152
1010995297462259713
1010994162827575297
1010926446146084865
1010922572349751296
1010921822378848261
1010920594731200513
1010916150727696386
1010915838767927297
1010914777470648320
1010914558091845632
1010907719904079872
1010906380276883457
1010582266198687745
1010540178891345920
1010537580578783234
1010453548717432832
1010356720722370560
1010355454789091329
1010354145146986496
1010353897720897536
1010341275659169793
1010293869055959040
1010229198445686784
1010224636968108032
1010222500943237120
1010219704529530880
1010219042190159872
1010209254635028480
1010208934295003137
1010208496011231232
1010056265286873088
1010054518703181826
1010042152305348609
1010039561026600960
1010037126740639744
1010034670812127232
1010021785184505861
1010019024036454408
1010019014297378817
1009980953966534656
1009949008263966720
1009945858337431552
1009944945463967744
1009940721929875456
1009938045670338560
1009935998506000384
1009934996117774336
1009934311020118016
1009933796928471040
1009933130264805376
1009931367071694848
1009929417357852673
1009929035147665408
1009927234126114816
1009925959410069504
1009847067290714113
1009847065868886016
1009843764519530501
1009842874186268672
1009840189399691264
1009835637199929344
1009790919845933057
1009790459864993792
1009642664499638272
1009641768634085376
1009549913774948354
1009513160494145536
1009333061287202817
1009325700455649281
1009324075477422082
1009321084158500864
1009313202386030593
1009310878557040640
1009286678228303872
1009280236901433344
1009279454328188929
1009222839856066561
1009206602346315777
1009204441721913345
1009201827106074624
1009200158418989057
1009199547560554496
1009198315454414848
1009196262661296128
1009192162607575041
1009189947687952384
1009188538691096576
1009183053585907713
1009180195188666368
1009179420840509440
1009178727551414272
1009141542366281728
1009096324044632064
1009094906730594305
1009093786843037697
1009092719329677312
1009090690993668096
1009090380363526144
1008763047408594944
1008570392858877952
1008569953224572929
1008569741160546305
1008569345230790657
1008569250657665026
1008569189169106944
1008568830824607744
1008518087442755584
1007842458875514880
1007839835942350849
1007839722603888640
1007838981315223554
1007746028735381504
1007745947240038400
1007674763345424385
1007673466089115648
1007636837265883138
1007635854808866817
1007406435741732865
1007387689866260480
1007386699649781760
1007386061897490434
1007384650518417408
1007381356777623552
1007376734956605440
1007376396639879168
1007371936039501824
1007371779516461056
1007371413219467264
1007364458820165633
1007363926210723841
1007355962632491008
1007342757076062208
1007342254325788672
1007341750229217280
1007341486625603584
1007301860208721920
1007301585494409217
1007290915679977472
1007286291640213504
1007286121254903809
1007107395812712448
1007104897110589440
1007032955292643328
1007015791974203392
1006970399324663809
1006968705106960384
1006792882332880897
1006783591576231937
1006738075131654149
1006653690759897088
1006650950528872448
1006647718293340161
1006646427890544640
1006646223753736192
1006639950698143744
1006592995716562944
1006584701669130242
1006582613576900609
1006479669430910976
1006476175181414400
1006475399201615872
1006474185466568704
1006473818540392448
1006471005387157504
1006469324775686144
1006398118873653248
1006394189418917889
1006392901159415808
1006389189036740610
1006385577078370305
1006385574146596865
1006378886433632261
1006377898079473664
1006369299907293186
1006317885277392896
1006282711433076737
1006280135887151112
1006272279032913920
1006271995992915968
1006270652309880832
1006266429799161857
1006265431135477760
1006264806624485376
1006260865702584322
1006255507554750465
1006254854384128000
1006253359387459584
1006253057355575296
1006251562035863553
1006250555071553536
1006250165353582597
1006248348855123968
1006248035276345345
1006247309829533697
1006246062326083584
1006245467863171072
1006243682272477185
1006241960296775688
1006238909028683776
1006232182715633664
1006228411432370183
1006225942736297985
1006060153341239296
1006055646645501953
1006054132006830080
1006046337970761729
1006045004513439744
1006044403339677696
1006042063631028224
1005966692462178304
1005966025005752321
1005965321369337856
1005963372565749760
1005904313862897664
1005903002299871232
1005898416155529216
1005877728816480262
1005703270029934592
1005701212245639170
1005700398353604608
1005699126653157377
1005698410891042816
1005691108398006278
1005688551147630592
1005686540058558464
1005683564657049601
1005677904410210304
1005677506047795200
1005570151612231681
1005569890567090176
1005561700312014848
1005517209903550465
1005517099333181440
1005510315998527488
1005509641831268352
1005508168158310401
1005501483175985153
1005501029713002496
1005499372879036416
1005490239148716032
1005490193611145216
1005482884868653058
1005306997124689920
1005267363615240192
1005265434579369985
1005264370446635008
1005260108807278592
1005259499442135042
1005258203964190720
1005257803315810305
1005253588786950144
1005252233896710149
1005248757741469696
1005240480941015040
1005233390080049152
1005232764344360960
1005232311980290048
1005228751217516544
1005227854932500480
1005129127383293952
1005128544366690304
1005127995109982208
1005125137987821568
1005122173734776833
1005122024488878081
1005121432198643713
1005119108008931328
1005118955059417088
1005115908145045504
1004988791747014656
1004984840440037376
1004983730908196864
1004983414171168769
1004982745511219200
1004982601260548097
1004976960609476608
1004975228085100544
1004955343011471360
1004951823898198016
1004950254238617602
1004948961461858305
1004947297929609216
1004945713006981123
1004944768990711808
1004943875809554432
1004942668261019649
1004941442886668288
1004941220710236162
1004939606817570816
1004937442791575553
1004937092516888577
1004902204384268288
1004901374277050368
1004897833764335616
1004897469895856128
1004897155260211202
1004894753366859776
1004887174175600640
1004862496421773312
1004861564166406144
1004858472389726208
1004857569507041280
1004856586085388288
1004855494429720577
1004846161297936384
1004828694605467648
1004583276541980672
1004482243283247104
1004481898159091712
1004475333788094464
1004472351793111041
1004465781847908352
1004463456114769921
1004461464185212929
1004460086859689984
1004458921195520000
1004457460554334208
1004251540545159171
1004220225741471746
1004193477133983744
1004188934497169408
1004185041042268160
1004184637390741504
1004184386412077056
1004184317705121793
1004180644878999553
1004097651082588160
1004097392755367936
1004067521387900928
1004067008843939840
1004056775685955584
1004056173752958976
1004052513786511360
1004051541257478145
1004048470267682817
1004046912440360960
1004044854085627905
1004042940103077890
1004041574643163136
1004040237654274049
1003868988328144896
1003867668401684480
1003863887614173184
1003862145048514560
1003861251879915520
1003859641460187136
1003803940612259840
1003801325442818048
1003800588813885440
1003714291055226882
1003710969564917760
1003704656348844033
1003502753207865344
1003501118796648449
1003492655316152321
1003490447702966272
1003427897523068928
1003403279940796416
1003402635297165312
1003399945699749893
1003171104456765441
1003121377891610624
1003121015302443008
1003073988451397634
1003067717547507712
1003043822350131200
1003043625956139008
1003041123609165824
1003020364937494528
1003019462436478976
1003018387281154048
1003014544250138624
1002810858735525888
1002807433381666818
1002791592942419969
1002791563322245121
1002791003575775233
1002788789956145155
1002784849474641921
1002784128335376384
1002763770509160448
1002763211349692416
1002761282372526080
1002761130786283520
1002760166595440640
1002758976583299074
1002746696260960256
1002691773494276097
1002690560325382144
1002676331249717248
1002676192292454400
1002663237576347649
1002661176671531008
1002660276141871105
1002421119477878784
1002418281997717504
1002409307747414017
1002405958448844801
1002404019115999232
1002401798710181888
1002383864306679809
1002377659022696449
1002376924818051072
1002373089475190786
1002372476116951041
1002370048747454465
1002369174687977472
1002360920624906246
1002358653771382784
1002352120404705280
1002297835566465024
1002296858335629313
1002292604745142272
1002290251639869440
1002270889314926592
1002263638671966208
1002261278729977856
1002248120011374592
1002247074291712000
1002245624492797953
1002244590835941376
1002237737867472901
1002231822628012032
1002225522191958016
1002224014180282368
1002080363332567040
1002045066305716225
1001980224182079488
1001980083597389825
1001943173999091713
1001942406139383808
1001917453973139456
1001917186351382528
1001909286757318657
1001865047235219457
1001863380854980608
1001862966025764864
1001855324419063813
1001848002930077696
1001846978676850688
1001685898134806531
1001683981660819456
1001590675954057216
1001589395118481408
1001571405752819713
1001527141303922689
1001525370422677504
1001332998082473984
1001214309274345472
1001178351594233858
1001178172078022656
1001172410626850817
1001171668125999109
1001171103799173121
1001170254364475392
1000925406210342912
1000921162317115392
1000848536999620609
1000845494485057536
1000841036824956929
1000840518618628096
1000813136348303360
1000808959182176256
1000802634876338176
1000798972141752321
1000798426966118401
1000792329446281216
1000791456213155841
1000777164201996288
1000774154587553793
1000550466952966144
1000422423102078976
1000421627979444225
1000417338519257088
1000409843755200512
1000124523805458432
1000122175368511489
1000078666808754176
1000072494970109952
1000067193269239808
1000066993364463616
999817666603831296
999812258547957760
999807179325521922
999787334575927301
999785485668044801
999780773761728513
999520655019098112
999509846704640000
999504625509195776
999502164396392448
999495509030006784
999431579440111617
998235102306947073
998230851149180928
997846873049190401
997842448188518400
997487133358112768
997289218182340608
995342658326298624
995319398687625216
995168625928560640
995143873813884928
994996822446718976
994995999406940160
994676265016745985
994316666988249088
994285487337586688
993337033895493632
992967506728894465
990036370130325504
990032740702564352
990032534414098432
987524198808473600
987341880944836608
982451150392717313
980649586258661377
