1330367723508015104
1330332637513338885
1330317653710426113
1330316010642092033
1330314006888845312
1330312496268402689
1330296283756711936
1330292030002630657
1330291435615227906
1330291223366656003
1330288231200460803
1330287403387531272
1330286960393515011
1330286227346628611
1330270029229789187
1330243191149391881
1330229293683761153
1330222605689909252
1330212817740455937
1330212346048999424
1330211895664652291
1330207748240314369
1330207161536962561
1330207130578788353
1330206171760906243
1330206088143253504
1330204958390710284
1330204560351244290
1330197357015740418
1330196285035606016
1330195952116830211
1330195237436788737
1330194707331362819
1330188933691478016
1330187773131837443
1330184887521964032
1330181593625993217
1330180817969090560
1330009619272491008
1330002250450804736
1330001026661949440
1330000456647643137
1329999184267710465
1329998652350341122
1329977924070617092
1329975088071012354
1329970322490204161
1329965192294313985
1329964087619571719
1329963588648390657
1329958119510843393
1329954950965768193
1329954255382466560
1329953464072462337
1329943955862151173
1329942942451167232
1329942614087491591
1329942246603550720
1329937509577527296
1329936114275278851
1329933499651022849
1329930087504998405
1329929141911777285
1329926284202414082
1329924399441588225
1329924017822846980
1329923850365186049
1329923447049367553
1329921034141757441
1329913716754755586
1329910927211323393
1329908848761724928
1329908643425366016
1329904102625644545
1329891355275964417
1329886199998189568
1329885950651080705
1329884210417569792
1329879219489431556
1329878211090657285
1329875275115622402
1329872900426489858
1329871507980480512
1329871224407814152
1329865187101437955
1329856210183577606
1329855542945263617
1329855334006071303
1329854868023021569
1329854548341645313
1329854040218472452
1329853676790423555
1329853067618037763
1329852126693117954
1329851577235075076
1329851337924890627
1329850074319491072
1329849313040666624
1329848150920744961
1329844455055233032
1329836508459769856
1329816420411187202
1329672338548383746
1329646402146852865
1329638965327106058
1329637245767327744
1329636599844495361
1329631204077936640
1329618656830124034
1329599050811891716
1329598709055844352
1329598367450755072
1329597768399204355
1329597467936116739
1329590919272804362
1329589988628033540
1329588106266353669
1329586533553352716
1329579542382514176
1329565704832618497
1329563961293942785
1329562661844099072
1329561668976857100
1329561308057001987
1329559770144116736
1329558580375281671
1329558484317310980
1329557962810159104
1329557691761635329
1329557297094414337
1329555780912222211
1329553188429721604
1329543136704667650
1329540845213798404
1329540497803800578
1329537861260107786
1329532568119750663
1329528359550914560
1329511185255960576
1329496957560233984
1329495285207363585
1329490552388194304
1329490464211415042
1329489092808237057
1329484745936424961
1329483615709827073
1329474095025704961
1329473966214242306
1329471975941681158
1329471065249226754
1329468852900667393
1329460944993464320
1329457229863542787
1329436576284372997
1329292782758981632
1329277417094074370
1329274114834649088
1329273069492383744
1329271871007830019
1329270764059680769
1329268884168450049
1329267578741661696
1329267405051355136
1329266770818068480
1329266392227590152
1329262930257469441
1329260165095415808
1329258591119941633
1329257964574810113
1329257858756718593
1329257584696696840
1329255142013734912
1329253708383784960
1329252092758929409
1329249961993703426
1329249333095636993
1329240285063376896
1329237621307027456
1329237001502068737
1329236705455575040
1329231713604669443
1329227214194356225
1329214905904484357
1329206542500057088
1329198425607450636
1329197058880917507
1329187188672696320
1329182089116340226
1329181101072453632
1329179940793815047
1329179258237952001
1329166814346088448
1329165646920343553
1329164637540130816
1329159261520359429
1329157032625233920
1329156861074042880
1329156018551607302
1329154247208873984
1329152758637846529
1329151754576015373
1329144888093528065
1329139707603804163
1329138673204535296
1329137629334433793
1329136994027442179
1329136876272414720
1329135550079627264
1329134525868290050
1329119381943701505
1329116309431463936
1329115836750172160
1329115563289960448
1329109956478558215
1329108214294712320
1329105671590187008
1329104376317816832
1329099087723995141
1329087085681119232
1329084616628551680
1329081394929098753
1329078044766584833
1329077837286969347
1329073903965147137
1329072990504402946
1329071505355931652
1329071331774750720
1329070239544270851
1329068236328013830
1329067619719274502
1329067472792788993
1329064337462468614
1329063759466409984
1329063330699481089
1329063219030347782
1329057653654433798
1329054912794292225
1328904282838589440
1328903038896103432
1328902733206872064
1328902663249989638
1328902398048350210
1328899329076162562
1328895863037587456
1328892657985351682
1328892210318880768
1328890318771646466
1328887414723637249
1328885439101595648
1328880506394570755
1328879355490144261
1328877763575623680
1328857626755608579
1328857140249890816
1328854039526838273
1328849512505466884
1328844450680991745
1328844148456079361
1328825834602422272
1328823405261549568
1328819821941846016
1328819536771112962
1328813409580822532
1328813057477406723
1328812940091412481
1328808977501720585
1328804881776455683
1328800646317936644
1328799177439055880
1328796998301081602
1328793515925630976
1328792932640563201
1328790154773934080
1328789765265764352
1328764907811188738
1328758750694551552
1328758301409095681
1328756485871034369
1328756259206598659
1328749961400422401
1328749880882442242
1328749091635998720
1328748813243314184
1328744507802849280
1328733339973545985
1328732645648424960
1328728547008110594
1328726389839818753
1328715373412290562
1328711418791800836
1328540773378383872
1328539870504083458
1328537914695950336
1328509997127438338
1328508871737044992
1328507236595937282
1328503885678465024
1328496496828968960
1328492215367299072
1328485897931722752
1328485555458469888
1328481226685112320
1328475330772799489
1328472892204572672
1328472112152064000
1328471642784337922
1328469714985771013
1328468988578443269
1328468819560591361
1328460951163711488
1328459447769976839
1328449707467812864
1328448700318932992
1328446614797774852
1328441615485202432
1328424119659081730
1328424013220237318
1328416996749406213
1328416847939694594
1328414352429494277
1328411478676922368
1328410822448713728
1328410056975671304
1328400069746429953
1328396738089144321
1328395071192961025
1328392839336759306
1328391895391887375
1328389236366729221
1328384011434143744
1328378216323702784
1328377967496622081
1328374284113354753
1328359008026189825
1328358181379198978
1328353225376935936
1328340879602540551
1328198052763619329
1328197730922078209
1328196374521896962
1328184670081736704
1328181323199025154
1328169678326407168
1328169639621369862
1328161505334992897
1328156474380591105
1328153501160103936
1328151816287215616
1328151591308976131
1328151219559391232
1328149590449795072
1328141248125874177
1328140751654543365
1328139544533872643
1328137352502513665
1328136177988345856
1328135461307604994
1328135294583967749
1328134016931868672
1328133671841312773
1328132696028164098
1328132286991265792
1328131352764542977
1328129287405363201
1328129162549342214
1328128612416036865
1328126293146284035
1328126156277690368
1328124745137664000
1328123142569594880
1328120805713186816
1328118004400463874
1328117482490650630
1328115484408025088
1328115211811901448
1328107737713160199
1328099680069279745
1328093215740850177
1328092080414072836
1328042944679567362
1328034298948177923
1328027252437753861
1328021238472728576
1328018605137678339
1328018454675415040
1328015471887716354
1328012350868348928
1328011623034916865
1328007805429837824
1328005715936628743
1327987834637185024
1327825021297889281
1327823205919297536
1327822400763867136
1327821879663611904
1327813990425260032
1327804067205230592
1327803680163291137
1327801390421381120
1327789633254682627
1327787226198106114
1327786750111002624
1327786494736654337
1327786020549619712
1327785655641001984
1327785522568245250
1327784041685381120
1327783808230330368
1327782933877428224
1327782386512384000
1327781936253833216
1327781229924585474
1327771937481912320
1327753294178099202
1327753008227217415
1327752345460101126
1327752265386627072
1327752136336281603
1327751878109696001
1327749975569293315
1327712664068481027
1327709453861466118
1327705883376295936
1327699374462394371
1327698840611414022
1327694496591732736
1327692572316332032
1327691085351673857
1327688244092350467
1327685521490010114
1327685387360329733
1327684898522599424
1327677227220283392
1327677181594636291
1327416930601463808
1327415809870852096
1327406690979950593
1327404497908490240
1327403354948034560
1327402645594796032
1327402318455840768
1327400323007307778
1327398581653934080
1327389213092962305
1327387044428046337
1327386671717945349
1327386415588634625
1327381494676025353
1327380660676386818
1327376975208587272
1327373538983096320
1327372319489224709
1327352551474335744
1327351606556364804
1327350939850772486
1327346448862748674
1327343253600030721
1327332495201808384
1327332198228369408
1327330166457184256
1327329609860472833
1327327574050172930
1327324264345858049
1327322268855365632
1327320661140844552
1327317802332643328
1327317389776654336
1327317157223522304
1327316987001921536
1327316598059913217
1327316498721943554
1327316192751742978
1327316082655420416
1327315963918872578
1327315341693874176
1327314544608358405
1327314140772388864
1327312890597167107
1327308658745757699
1327308419573952514
1327299381494738945
1327298908515602433
1327297939652415494
1327297049776320512
1327296626797535232
1327287145141301248
1327286487411531779
1327281781280804874
1327280759560933376
1327275617247703040
1327274284654452736
1327274141955796998
1327273849034059778
1327273162053136386
1327273127492149248
1327267611810418689
1327266854310653952
1327263261218263041
1327262294309482496
1327259345273368577
1327258318142889984
1327080948945592321
1327078934127800321
1327075966217281537
1327074704620916747
1327074627600920576
1327074356367929344
1327006883413176322
1327006023660474369
1327002355158618113
1326998872376418304
1326998600308707329
1326996022489477122
1326990174283292681
1326976742628667397
1326973374128676864
1326968210831396864
1326967373648244736
1326961910093385730
1326961365215563777
1326960288650944513
1326958900747395076
1326955336964714504
1326953592847282179
1326953489898098703
1326953088733880322
1326943420103929857
1326941857373360129
1326941379436670976
1326940323998814209
1326936674912317441
1326933988569714694
1326925763224989697
1326924966592385033
1326924099050942471
1326923100978601987
1326922600648486918
1326921940200808455
1326920372491612165
1326918557293273089
1326913370017193986
1326913188357689349
1326910080810438659
1326908768345612301
1326740654790160390
1326737278354468865
1326736750199382016
1326734778964520961
1326734180693266432
1326733825251172352
1326732310465671168
1326731958861385728
1326731591058599936
1326728402167099392
1326724246945603586
1326724071246196738
1326722892026044416
1326720340538630144
1326700737498411009
1326699252857393153
1326698514043334657
1326697937410412547
1326688348388421634
1326688046629072896
1326686120499957760
1326685313192910849
1326685050130325504
1326683304200953856
1326680641509978113
1326675845486882818
1326673757759549440
1326673117343870976
1326663356657377281
1326662768553054210
1326662050416914432
1326661891301797889
1326659798520254466
1326659548820762626
1326658498571214855
1326658260804513792
1326653684424597504
1326652262157049862
1326648706893025292
1326647629414064131
1326646187684995072
1326645436979965952
1326645089570058251
1326644241649569792
1326643692640346112
1326643445667082250
1326643167811293186
1326637996012150791
1326636615075237888
1326635006480015364
1326631516470980608
1326625542473388033
1326623773458653185
1326622647388692480
1326622197692194819
1326622083590344704
1326620874393391108
1326620660534218755
1326617573237141504
1326613649994158081
1326607212299628544
1326605832755220480
1326593053793071104
1326585350320427008
1326582248385163266
1326566368041381888
1326565028586250240
1326563277514608645
1326561698984157184
1326560743219752965
1326559314098655232
1326555748768358401
1326554179960250368
1326548475190730752
1326546175621701641
1326545851796221952
1326544848107704322
1326533876806787072
1326528549042401281
1326527235336048642
1326525719271313413
1326351410804514816
1326343584757510144
1326340685310681094
1326340200822398978
1326334927063953409
1326333679036194818
1326332390017552384
1326331796322136069
1326331432478846980
1326331167377936385
1326326721767944192
1326324737400770560
1326318659338444800
1326316676204408832
1326316283584000001
1326305091150864386
1326304651596226566
1326299821242769411
1326298971959140357
1326288979235377153
1326287914611970049
1326285962566045699
1326285386717474816
1326284981166108673
1326280494766493696
1326277564944494593
1326277181769715719
1326276616532729858
1326273177274736641
1326272601690402816
1326271590326280192
1326271341193023491
1326265141189599233
1326263092293083137
1326261682537177096
1326254696621805575
1326254368723767297
1326253169278672897
1326210287251369984
1326192453821599750
1326185780759420928
1326183708433518592
1326180425795039234
1326175800148766720
1326175222484115457
1325988851467350019
1325972868631556096
1325971005253283841
1325968402750566402
1325966169300459526
1325963547046797313
1325962855959711746
1325962398868627456
1325960313439662080
1325959832898334721
1325959274292457473
1325958286798168067
1325957475905003520
1325955548236406784
1325954696696258570
1325954216792383490
1325950683993034753
1325946515945295875
1325945851294986242
1325929146896224258
1325926869682753536
1325919891854139394
1325919780759539714
1325919149659451400
1325914366504480775
1325914008344547335
1325913810088177665
1325901759093542912
1325901243651338249
1325900822857838592
1325897253295452162
1325893923601063937
1325892011333971969
1325890821443477506
1325890748919795712
1325880196399030275
1325875362455298048
1325874621309198337
1325874330044129281
1325873818393604101
1325870306385391619
1325868292142149632
1325867783675113472
1325860659066777601
1325855400265125896
1325855117325848576
1325851615430111232
1325837310156550145
1325832809781587970
1325824641647120387
1325821652228321282
1325814292067790848
1325807635388567555
1325805416413007874
1325804248437841923
1325803659138129921
1325802479100047366
1325789190643191817
1325788598029983744
1325643109791838210
1325629177727504399
1325622378102132737
1325586725113131008
1325571927793168395
1325566501429022722
1325560392526016513
1325559622577557511
1325558116159787012
1325556362152206340
1325547275209338880
1325547018085928968
1325541841316540416
1325535745751322625
1325533305517780992
1325520707678334976
1325496869464788997
1325496781203976192
1325209032668352512
1325207515768922122
1325206474004389889
1325203322291228672
1325203085870788608
1325202819197132800
1325201800668983302
1325199401900511233
1325198786595942401
1325181043658272769
1325180257163481089
1325180018914455553
1325175391724691459
1325174976333410304
1325173216307011584
1325170389316640768
1325170150828466183
1325170026177916929
1325168753458425856
1325166817266954241
1325152831469285376
1325151308366536704
1325150499176239105
1325149360829554691
1325148244469567489
1325147524018151425
1325146931950092289
1325146352880332800
1325145952861057026
1325132059409592320
1325131009797419008
1325130082659299328
1325129373280657413
1325128968060669952
1325123713776275456
1325122463605420032
1325120886958039041
1325120677360201732
1325118629524992008
1325117740278050816
1325116607237074945
1325096272886452224
1325092579063586816
1325089054451511296
1325084695944699905
1325076966576435203
1324942240989503489
1324930555230752769
1324911270324264961
1324910650750078977
1324902934082183171
1324884673839968258
1324877795470815235
1324876529558577157
1324873697358974977
1324864227757203456
1324861332357865473
1324860800205459458
1324859042880163841
1324849684410781698
1324849392680128512
1324837247892545544
1324832511357276160
1324831795704201216
1324828858969923588
1324828324233908226
1324826096978825217
1324825806183477254
1324822216287133701
1324821941673463809
1324820688771960835
1324817915896582150
1324809329766207488
1324807026682351628
1324804532363239427
1324802747057741826
1324798558730674184
1324798343680266240
1324795986070458370
1324794211733032962
1324792684775702528
1324789146309873664
1324786552577363968
1324783159351910400
1324778134353399808
1324778059300483080
1324776094734667778
1324751136860131330
1324749920121880577
1324741925468020736
1324739275569668096
1324735914107674624
1324735615917838336
1324735346941321216
1324528955647549442
1324523965172383745
1324522801408200708
1324520060216578048
1324518339159429121
1324518049416957953
1324508280102785025
1324503236469018624
1324503017840877569
1324501797214498816
1324499912344612866
1324499136817889286
1324498866276880386
1324498771103854592
1324489018084646915
1324483113825828864
1324476102618849282
1324475136985235456
1324474885033414659
1324474622746730496
1324474353329852417
1324472703970119684
1324452448363270153
1324452192099672068
1324448245209325570
1324447880250314752
1324447621889576963
1324447290677993473
1324446646806155265
1324440192225259525
1324440025287823361
1324436155681640458
1324435431220535297
1324424301475434496
1324423000930897924
1324422372905132032
1324421372542595077
1324417708943986693
1324417154691858433
1324416227473821696
1324400604677054470
1324394708915945473
1324393896655441922
1324392676758851584
1324373888642547712
1324373490238181377
1324373034468315136
1324370237660299266
1324368123848437761
1324367714631229440
1324363408947425281
1324361279574859777
1324354242262552576
1324350741465702402
1324350079944318979
1324342484571459585
1324342239628349441
1324201931485700099
1324190280237666304
1324175516878938116
1324172810303012865
1324169105121923074
1324168832823533568
1324164494784925699
1324163554698821634
1324162929848131589
1324159796476600326
1324153830020403200
1324145871303442434
1324145622006566913
1324121726989553669
1324120067546750984
1324119252136349698
1324116205599367168
1324106101307154432
1324104906249244674
1324103760898084866
1324096199046123521
1324084246626095107
1324083350773125124
1324080460608217091
1324074738482847744
1324072187326849029
1324070705219182592
1324069028068052993
1324065133828734979
1324064053556355073
1324058333775626240
1324054014317727745
1324052854726950912
1324052152277491714
1324051731047718912
1324051088887218182
1324049753345265664
1324048743256281088
1324041233132605443
1324037730423181312
1324037423953780737
1324036144997257216
1324009881821712391
1324007388396007425
1324000562485075968
1323998774059028480
1323993336261283840
1323992999378837505
1323989547303186433
1323989088727388161
1323988135819313153
1323982722549895168
1323822393052352512
1323822250001420290
1323819229498482689
1323812714947465216
1323810441156583432
1323808774138843136
1323808485608480772
1323776850791927813
1323768729138843648
1323768166716157956
1323767977607634944
1323766802325905408
1323764376395010049
1323750229838073856
1323746008862494720
1323745748467486722
1323743272481837059
1323741892903841794
1323737183140876289
1323735377337896964
1323735348850184192
1323735317309018112
1323729511834394632
1323706758834114567
1323706144494419970
1323704669781315585
1323701366632685570
1323701288375341056
1323692437542490116
1323671245678936070
1323668600524296193
1323667646726983681
1323667494033379331
1323667173135523840
1323666146982350848
1323654188656664576
1323652212598415362
1323651786033500160
1323650300675280897
1323642570514305024
1323497253923946496
1323495248434257920
1323486336712609797
1323480844519022592
1323459473961373696
1323450708960620544
1323426500914413569
1323426302716710918
1323423382549995521
1323422514949836803
1323413618151596038
1323361848239017988
1323361279759814657
1323352921858285569
1323352003246989319
1323351618050510848
1323349374198534147
1323325008781914112
1323321578826989569
1323313029824581632
1323294951812325377
1323293483193565184
1323293136030998535
1323290000868417536
1323289305398321154
1323287442070392833
1323286747917287424
1323282829569069056
1323282105988730881
1323274275177041920
1323271391140073474
1323264600775761922
1323107942057549825
1323096096919425024
1323074058028752903
1323052788570574850
1323046968713760768
1323036192858869772
1323021919634006017
1323001731513462785
1323000905755697155
1322993129012822018
1322992660219600897
1322991798269128707
1322991690253258756
1322988565270245378
1322988101841702914
1322973206983135234
1322965961515945985
1322959972020506625
1322959302005542913
1322926171999342593
1322925237328105473
1322924797408518146
1322913433696800769
1322913390872899584
1322909628028669958
1322705578804846594
1322703555279704065
1322687586960351232
1322669815832682497
1322662501948002304
1322661775901364225
1322659781795061761
1322659071451942914
1322658307115524096
1322657892592398336
1322656976246067200
1322656145660616704
1322651464179789825
1322651085157339136
1322650553118269444
1322643950986022912
1322638417570746368
1322637438804742144
1322635117374918656
1322634479349993477
1322634310902534144
1322633551033081858
1322632889352265730
1322630809887625216
1322627594534195201
1322626367243112448
1322624431253049345
1322618851192934405
1322609944663916545
1322601235829186567
1322600066960470017
1322598686166294528
1322596308667039745
1322595897784569857
1322594411918860288
1322593392401010690
1322592344227618816
1322590829278613509
1322590460527943681
1322585889344802818
1322585862765449218
1322576857552879618
1322571158684917760
1322563084230250499
1322555713319817219
1322336191459528704
1322330659592032257
1322329320942088194
1322328721425158146
1322326194365337602
1322316390603345921
1322309431971975168
1322308702100140035
1322306657729290241
1322292563139846150
1322287189657571328
1322286581244432384
1322280852181704705
1322270569732202496
1322270421660684288
1322267505990262785
1322262788329394178
1322262516953763841
1322261037329063937
1322247037459533826
1322246218110636032
1322232368162361344
1322218075408793600
1322210123142627328
1322209077557157890
1322208678263607296
1322208257142829056
1322203796269867010
1322202870314340352
1322200109959028737
1322199882912960518
1322193408115511300
1322191856906719232
1322191331603656704
1322171442641936384
1321979149788024832
1321976133118840832
1321969978132865027
1321969902887051273
1321969275981172736
1321968534767980547
1321962935850336257
1321960287994552320
1321959919415906304
1321955122533064705
1321953793538482176
1321953614181605377
1321942778067275776
1321939925776932864
1321935205033279488
1321934421193334791
1321933021520547843
1321930679605727232
1321929264657256448
1321926811224297472
1321924110864289794
1321922293812047872
1321916942987517952
1321915919900286976
1321915728585515013
1321915691306524673
1321914811920297984
1321914191683485696
1321914132820611077
1321910388506660865
1321908955015241729
1321908468908019712
1321906985307090953
1321905305282875396
1321900885996351489
1321899292886552578
1321898130837803008
1321894457520869376
1321892336864026624
1321890142244798468
1321885056504397827
1321882207582064641
1321877701263839233
1321877082566254593
1321865098395267072
1321864227515191296
1321838563688914945
1321837752070131713
1321837437358952450
1321829599274278914
1321819443455033346
1321813021967220738
1321811465758801925
1321651045437759488
1321643970863210498
1321642869971689472
1321640718834782208
1321640612408500224
1321640348167344130
1321640177706635264
1321637774190104582
1321637529569972225
1321613199876173834
1321587342528958464
1321586499679379463
1321585102317637633
1321550811495878659
1321539310349357059
1321539042278842372
1321533135230849024
1321515019545268226
1321513903055130627
1321510093033267201
1321494661387685890
1321492938988396545
1321489204271063050
1321486048879398913
1321477997183016962
1321477579182845955
1321477532353466370
1321459711733018632
1321261026751467526
1321244993936347142
1321242584208056320
1321241929091289088
1321236930353311747
1321210252684103683
1321207516907397121
1321207432773799938
1321207286501703680
1321204847283228675
1321202356533534728
1321201121222893571
1321200862635712520
1321197247720280067
1321196750317772801
1321192319442423811
1321191953699057664
1321179630527721474
1321178291525636100
1321175437847023620
1321174685191725056
1321143888799797249
1321143647912472579
1321130324278022147
1321126380072030210
1321126221091143681
1321125480788037634
1321118360470474757
1321117579692355584
1321105230877130753
1321105089285771272
1321104596727746562
1321104157995130881
1321100131299635200
1321098220836184075
1321097366519357440
1321096486009085952
1321095423545823233
1321089240344780801
1321086869875101698
1320925612043833345
1320914648485474304
1320899521530990592
1320897990995910657
1320896100409217026
1320888268901277698
1320883232305520647
1320878771050844160
1320877772139581441
1320876568407953408
1320875509773963264
1320874451802693635
1320874189633572864
1320873636119613450
1320873347715051521
1320872901743136770
1320872486641278976
1320869037853843459
1320865117089767424
1320860362980446211
1320859696757133319
1320858453204762628
1320856344715534336
1320836050630152194
1320833261229232131
1320833067058139136
1320832610864525312
1320832216348434433
1320820432363290630
1320818892034494465
1320813056272834567
1320812343346028544
1320809178257129475
1320806953224986635
1320805980821663750
1320802259995938818
1320798649824268289
1320796932911091715
1320792950285230080
1320784835812667400
1320783868211941378
1320783363377168384
1320781378917720064
1320765940397674496
1320765451132162048
1320765342067707904
1320765207514415105
1320763139995164673
1320762983363084288
1320762610376155136
1320740028679655424
1320737349303738368
1320735066495029249
1320732435617845254
1320731066752270337
1320511836618395649
1320511461010165760
1320479090877648897
1320468295003316230
1320465633121894408
1320452041093926912
1320450067023745024
1320433173898153985
1320432601971253250
1320431752037498881
1320421542753435648
1320418708414758917
1320418443498311687
1320412782743924736
1320411299768139776
1320131799411007488
1320079097813475332
1320038876199723008
1320038300674129922
1320037734753406977
1320032043867275273
1320028807961731078
1320026923892867073
1320025991813730305
1320022062312935424
1320015086765867010
1320010561791418369
1319850238165790720
1319843092858626049
1319822314582822912
1319816520143392774
1319795094267068417
1319793355136565249
1319792677299363840
1319789345390403586
1319788666248716288
1319788189612187650
1319786750034673664
1319782878000140288
1319782252801384448
1319781835862347778
1319781351969705992
1319778473100140544
1319777811222188033
1319769236798115843
1319768530892500993
1319766897487958016
1319748304608034820
1319747417118593029
1319732343649783810
1319727983905722369
1319723985085583362
1319719642068299781
1319715695886766086
1319714526133182465
1319714206799757319
1319711970241773568
1319709275632005121
1319709135362002947
1319709042663739394
1319708897138102274
1319708050345857025
1319705135849873409
1319699120894976000
1319689074526064640
1319688910679715843
1319686883270602753
1319680883285237762
1319678003329273858
1319674192774729730
1319669312983060480
1319654243729539077
1319462414031687685
1319458384836513793
1319457587746754562
1319454475308929029
1319451079193600000
1319447708604768258
1319444441028022277
1319444274883235842
1319443930870677506
1319433843393388546
1319431474072997889
1319430874006519811
1319428821771341825
1319427972785459201
1319424503664041984
1319422838189772801
1319414097813831680
1319412304249749505
1319407157318766594
1319405415940169728
1319404645685600258
1319399127172763648
1319398660535451648
1319397817090297857
1319388067090882567
1319386088058834949
1319370911460589568
1319369717002440707
1319364558356611075
1319363797040173056
1319363358022373376
1319345583568658432
1319345366802833409
1319344938958684160
1319344304259817472
1319343697578909696
1319340161373773824
1319339657700777984
1319336124695924739
1319332078320820228
1319328551280300032
1319326280433664000
1319325535227576321
1319311482878832640
1319310798846595072
1319304044595249152
1319302325761134593
1319302225101991937
1319301618261807105
1319301312769675266
1319301183501176836
1319300460952625160
1319291765342433281
1319291186402586626
1319280701200453632
1319114477770592258
1319096069653958656
1319095466513006594
1319092699992121345
1319091617228357632
1319089586333732866
1319083485546663942
1319080657604300801
1319079157167493120
1319061015766704129
1319058563461939201
1319057131866329092
1319048490463465472
1319047868175581194
1319045724584218625
1319035968930840578
1319033091529281537
1319018757377937408
1319017440429432832
1319011966942326784
1319011049165737987
1319010762912862208
1319010542862934017
1319010075189665792
1319006035005394945
1319004178295984128
1319004122599858178
1319003168634736640
1318999575907258371
1318994409820651520
1318991820215488518
1318986860094521344
1318978840715288577
1318975595376762880
1318974729202577411
1318974004888207361
1318972323429601289
1318970674224955396
1318970001714515969
1318967623686696961
1318966083043446784
1318965604292956164
1318958862834323456
1318958659179847680
1318958089601716226
1318957903815057410
1318957590005665792
1318956495699103744
1318956371593842689
1318956125283360772
1318951356724543489
1318940088232009728
1318939841183272960
1318934864024997891
1318934809608134656
1318931870701191168
1318929224678465539
1318928003842379777
1318927664573534209
1318926330256306178
1318925683557621763
1318923855327645705
1318919956436815872
1318919420836794373
1318918334897885184
1318911239221817346
1318909861397221378
1318908309785743360
1318908179397419014
1318907449408094208
1318759432562626560
1318756098988441612
1318747656156491777
1318747411213406209
1318746472179957765
1318745371468795912
1318742990937071617
1318734313589006336
1318734037838594055
1318733727678238720
1318733440821481474
1318727451774681090
1318727315401150464
1318726555393282050
1318726439810830341
1318726294083915776
1318725521044365312
1318721746728570881
1318718178860683264
1318717735795384321
1318717577699491841
1318716716545941506
1318711443781451778
1318710262959083521
1318656506334744582
1318656018075832326
1318653455200849923
1318652560199344128
1318650804820115456
1318650680782036997
1318649339372240896
1318648935947378688
1318644432464433152
1318639726816120834
1318638587542458371
1318631433909436420
1318630337161924608
1318611182593462273
1318607297007001600
1318606696000950273
1318605317350064134
1318603053998739456
1318599172346548224
1318591206616649729
1318386520571711488
1318349275957501955
1318341691108151298
1318340903208128513
1318336249783005187
1318332486775148544
1318321918722953216
1318312406783791109
1318304030536441856
1318301167529623557
1318288487142010880
1318283930307645447
1318278993230123009
1318268052002177028
1318262935412760576
1318262065556049921
1318260400744443906
1318255568969150464
1318255410684592129
1318250456662114304
1318233656314519553
1318232576348258307
1318195246547816453
1317995256177172483
1317990819958317056
1317984897961807873
1317980124399259651
1317977584731291655
1317910595052527618
1317893197272678400
1317892461327429633
1317889847605035008
1317887826667708422
1317886989673398274
1317884829699112962
1317884155477299206
1317883388951515136
1317608455226773504
1317607248198328320
1317595234755350529
1317594096584826880
1317583041263525890
1317581818326036482
1317579816045060097
1317574543364554754
1317522885796298754
1317508982613987333
1317505719919284230
1317492103673503746
1317491305363234816
1317489396233494528
1317480909155827720
1317289180855140363
1317288938894221312
1317288090948542464
1317283301476937730
1317283029866455041
1317282175713202178
1317281900147388416
1317281690037997568
1317280242499833856
1317279457535840256
1317276350168895488
1317262257013837825
1317261705936863233
1317261167161737216
1317249278235021319
1317248645830422528
1317248320587374593
1317237871712083980
1317237038480003078
1317233424390914054
1317216156118183936
1317215847803478018
1317203750218551297
1317193078990544896
1317182608888004617
1317182258713972737
1317164286897250304
1317163739666386944
1317162922402086913
1317159533211492353
1317152071095930881
1317151419653410824
1317147920613986304
1317146491203485697
1317145448419917825
1317145283705397249
1317132072893415426
1317126371789897729
1317125308047364101
1317125212534657025
1317123653574795264
1317123016451567618
1317121782701301762
1317113407150170113
1317112030650826752
1317105981600485376
1317104336380579845
1317097356521803778
1317096282943610881
1316954903126966272
1316954453006745600
1316933118260137984
1316932464095408130
1316932123819970560
1316931122857709568
1316930962421387264
1316929860820963328
1316928691356733447
1316917078151041026
1316906109999960065
1316905044067930118
1316898173777043457
1316897780368068609
1316896178475356166
1316887031826567168
1316886491352748035
1316880720493772800
1316852983771131907
1316850359143464960
1316834508973518855
1316834439025111045
1316824317615726593
1316821864589778945
1316820582877614081
1316818538775089152
1316817236275990533
1316813550501888001
1316813243147526144
1316812807657189376
1316811836503793664
1316798856194129923
1316791392295944194
1316782980678012930
1316778313961046022
1316777954123436032
1316777786523222017
1316775129628790784
1316774420313145349
1316773037266669568
1316763366560542723
1316762832604663811
1316762153035223040
1316757558850449409
1316756240115077127
1316755389543743488
1316578400102948864
1316576741993975814
1316575878491578369
1316570758747955203
1316561913896144897
1316561736858832897
1316546289631399943
1316545786327465987
1316538146989973505
1316522042917900288
1316520541482819584
1316520261819281409
1316510880692043777
1316489065819189248
1316479450301820928
1316478925829218304
1316468820798836737
1316465170030497800
1316464584493092864
1316460082905911308
1316459435737460736
1316459250298892290
1316458950519332870
1316456922737004544
1316456595023376385
1316455756338810883
1316455575077695491
1316455136848424969
1316454976848355328
1316454617283276800
1316454323438661633
1316440052063440902
1316436306092871680
1316427106788741123
1316425858303832067
1316424493158539264
1316419115435859968
1316414041271787521
1316413344778252288
1316397499100397571
1316397099592880129
1316396738048077824
1316395945819594754
1316394564748541952
1316242531525500928
1316240717518376962
1316239805970350081
1316237549724217345
1316237481222852609
1316235280886697989
1316235032944611331
1316234351949090816
1316232806729691136
1316228295017541632
1316227779705417729
1316226763136086016
1316225358606340097
1316222797321064450
1316214284871962625
1316213311738871809
1316210902497140738
1316203333883957248
1316202102423724032
1316201599715418122
1316200525466079232
1316200306762559488
1316195263317446656
1316194276930453505
1316176237157646343
1316173178876690439
1316169418821578758
1316154120017977352
1316153413265174530
1316142722852499456
1316141906720587782
1316141060725370884
1316136655292698624
1316136572971028482
1316136086838693889
1316131320586817536
1316123119405404162
1316117271031545858
1316106667889766406
1316092697556516866
1316091780459360257
1316089769584218114
1316088374290153479
1316073185864019969
1316070116908584964
1316063112408297474
1316061663469199365
1316060920515383297
1316058266108080130
1316057009683419137
1316052351619420161
1316050259928387587
1316040627243626498
1316035084399661056
1316034948655132672
1316034465559347200
1316025188161523718
1315805837340930051
1315805274112958465
1315803551092879366
1315796502699270145
1315772513356578816
1315772387908935680
1315766100429332480
1315765759449214981
1315765299061415943
1315750933628936193
1315748196812021765
1315748120530243584
1315747738554949632
1315746300831432705
1315742164782125057
1315741485946548226
1315716249071104000
1315706475617095681
1315705609426219009
1315700980743274498
1315697062302887936
1315696899819675648
1315693614710820865
1315685544194707456
1315480952630542336
1315473355433279490
1315473134607380481
1315472595504988160
1315465200762580994
1315464677892280321
1315463743158059008
1315461539361628160
1315459163766632448
1315457831378866177
1315453474855845888
1315451201366958080
1315447308734132224
1315444945231151105
1315440765296934912
1315439117774323713
1315439015810797569
1315438505921839105
1315432267167215616
1315423687273836550
1315422690824654848
1315421226278547457
1315418052213833728
1315414868288245760
1315394527054770176
1315390328036306944
1315374920327737346
1315367379145289730
1315350310555189249
1315343092199849985
1315162562359558145
1315106809338826754
1315103776349585408
1315073926188457984
1315070084948398082
1315038942404718592
1315035734567518212
1315034800953196546
1315028070361956352
1315021533786632193
1315020115163914241
1315008131886452737
1314998934310400007
1314993995156725762
1314993039891456000
1314959067752861698
1314958804916862976
1314954770642329600
1314795239756922880
1314779071360925698
1314778897184153607
1314777154668965888
1314776836480565248
1314774082655748096
1314773748973809665
1314773015461269509
1314772609859489794
1314769936007548928
1314769168617615366
1314768731483111425
1314768493347319808
1314768255349854210
1314761503766175744
1314751546358484999
1314750708449775617
1314747330952912898
1314746232754114560
1314741078139035648
1314721305040748547
1314720211375923203
1314719695313006597
1314715552187809795
1314710055917359104
1314704969451352066
1314699237918035969
1314691495941804039
1314684383090049024
1314677804903038977
1314677268791406598
1314676716024008705
1314672654851465220
1314667234703429636
1314666516923797506
1314666229752307712
1314663483590443008
1314660608910987270
1314659619969605638
1314658976596922368
1314656484941336586
1314640190112174080
1314638523513876480
1314637962525773827
1314632386467033088
1314631266596196352
1314629872216690688
1314628283741413377
1314627246074847234
1314625127120867328
1314618597180833792
1314616019827204096
1314613957035003909
1314613591451070464
1314612444615016460
1314610066645975040
1314609186131644416
1314607965417148416
1314606499256303616
1314605895414939653
1314592694820372487
1314582991180619778
1314580710645170183
1314578455250468864
1314577957730611200
1314575211048640512
1314574290461876225
1314568601471512586
1314567962678964226
1314567549519114246
1314567321583845379
1314567113391190017
1314563751203540998
1314562325756743682
1314561833936748544
1314417052258533381
1314416134905638917
1314403469927878656
1314403430761402368
1314377716859273218
1314377120068624386
1314377038602678272
1314376223154462723
1314356999702949889
1314354220678688769
1314348404391247873
1314347794837237771
1314343506828091392
1314338044883931136
1314333949867569153
1314332780390690816
1314331741667164161
1314330971433586689
1314324150367014913
1314323445195378688
1314323062452629505
1314321923019616261
1314319742518394885
1314318661457530881
1314317057907994630
1314313284036759555
1314312736961179649
1314293341794770947
1314288817852030976
1314286962765955072
1314286393464688640
1314284230961233920
1314283373905444865
1314274089285152771
1314271607263817728
1314271392523837442
1314267972421193729
1314264645092376577
1314263982887391233
1314254921865269250
1314250651925393410
1314249088381194240
1314246773469310979
1314245996231241729
1314238496501043203
1314232137571356672
1314228948981735424
1314225416517885955
1314224376296988672
1314224044020035585
1314220831405375491
1314220626912120832
1314218883109335040
1314211999153225729
1314042095930347520
1314040930509500416
1314030843644579842
1314029865096687622
1314028991586672642
1314028476643540993
1314028334322454531
1314026517341577217
1314026153796141057
1314025972438577153
1314021229158969350
1314020177101688835
1314015262014922753
1314013803902889986
1314013253958336512
1314011531865214976
1313974568764215302
1313971311023140866
1313966287790505985
1313965282080288771
1313963342445379584
1313962967491399686
1313957977808867330
1313956387987349505
1313952885672157190
1313951027176058880
1313948621583376384
1313937093740068865
1313929461876875264
1313928516887621633
1313927700923535362
1313921698547339270
1313921495337492480
1313918351920463872
1313916751340613632
1313902606679511041
1313893440585900032
1313892267728535559
1313887910974849080
1313879304401563648
1313879104710742016
1313877360928841729
1313874496479064064
1313874149069271040
1313873564605575168
1313866893497950208
1313681961995702278
1313680825049849857
1313680466097197056
1313680136894644230
1313678962657308673
1313678273226903553
1313677450908499968
1313675011610292225
1313669619790553088
1313669160069668864
1313667558508298241
1313666804879962112
1313659754573692931
1313659441200406528
1313659304461901826
1313658930040578049
1313658444327596032
1313658223560470531
1313657641764360196
1313656877868363777
1313655865195532289
1313654954914189317
1313652153811173377
1313648373472395269
1313648023717785601
1313646836243222528
1313643406166548480
1313633355729117184
1313632966506172416
1313626990314913792
1313624611112792064
1313621220030545921
1313619299303657473
1313616254910029829
1313602836656160769
1313602399005802497
1313593037805809666
1313592609789677570
1313581591365668868
1313574971176820737
1313572616360386561
1313570887094996996
1313569999316021248
1313569563150364674
1313565857189187587
1313565795444830208
1313565017594355717
1313563115611709440
1313558613407997954
1313557287408144387
1313554879303110658
1313553993243787264
1313553003127992320
1313550473593585669
1313549743293960193
1313548706331975680
1313542180171112449
1313541060518457347
1313540767110094848
1313540420358598656
1313537807747616769
1313531602287431681
1313525224567169025
1313524845611753472
1313522429545807873
1313521480928555010
1313521223255699468
1313520599080337410
1313520037060399105
1313518600892944384
1313515864625491968
1313513891134083072
1313508618780672000
1313504785786699782
1313504267811127296
1313502029902426113
1313501802659282947
1313498746475421696
1313498557857628166
1313498085516087297
1313497628534071304
1313497176115482624
1313496761357545474
1313493949005402117
1313493681593253888
1313492882138042368
1313491842235805699
1313489113409097728
1313483278012362752
1313480296529039365
1313479458670686212
1313478120125726723
1313465041765752832
1313305894868979713
1313290211506507776
1313283359565508608
1313276162727178258
1313274994210877446
1313274348191571975
1313273817578516481
1313273475201732610
1313272473077657601
1313267109321994243
1313266643536142337
1313266112419762177
1313265564543053828
1313264383854809093
1313262459273216004
1313260881485213697
1313259108292792322
1313229212610895874
1313219316259618818
1313217854704152582
1313202270092361728
1313199938113806336
1313198679793295361
1313197985942196227
1313197227100307458
1313194700128563202
1313190344129941506
1313187324356853766
1313186427170164736
1313185071168401409
1313181354666921984
1313180088201080832
1313179572750503940
1313174577271504904
1313174350728658944
1313161351271976961
1313160660658925573
1313155048533307392
1313154486278520834
1313147390661218307
1313145683105460224
1313142597687349251
1313142009163546624
1313140597172170752
1313139951001899010
1313130903691026432
1313130047805550592
1313125579621793793
1313122615209451521
1313112624993841153
1312939505452806145
1312927081404260352
1312884929982795777
1312881876634341376
1312859093556703239
1312821581912174593
1312821146929246208
1312820593105010690
1312820085074137093
1312819208112295937
1312819090839478275
1312818974858588162
1312818409541955584
1312817486723776512
1312817163439349760
1312815547336318977
1312814778922999819
1312814108941733888
1312813602697605122
1312813338435428357
1312813296853098496
1312534321220128768
1312533651192602626
1312532787920957441
1312532337251381248
1312532108066263045
1312531406896066560
1312530728601546753
1312527305135202304
1312522610219970565
1312521664618323970
1312521409285906432
1312520442029121536
1312513401797574656
1312511848395153408
1312505626690416642
1312500067874398208
1312498229850771456
1312493811696693249
1312492436065718273
1312491575629369344
1312490916003803136
1312490724236029952
1312486964247977984
1312481534427852800
1312481264796983297
1312481029911838720
1312480460191133696
1312480084209541120
1312473394944729088
1312471824349839361
1312471654858067973
1312467444766629888
1312467370980433920
1312465934687244288
1312465109738872832
1312464924598169600
1312459902372044801
1312458510353924096
1312457161004314629
1312456763216519169
1312454021949476865
1312453399380520960
1312451981512830977
1312451418570145792
1312450417071067138
1312450112791080960
1312449827356073986
1312449349842993152
1312438307041624066
1312437568856715264
1312411835522600960
1312408380863066113
1312407692456144898
1312407147687350273
1312402097078497283
1312400266390630401
1312400155400953861
1312389708903833603
1312388364105117696
1312384694978310144
1312383798852624385
1312112120343916547
1312056408100274176
1312055873427197952
1312049598438027266
1312049348453244929
1312044962985500672
1312041748529545216
1312040968481366017
1312040754865299457
1312040275972419587
1312039925299245056
1312039059343183872
1312038467979874304
1312024000097406977
1311897858765991936
1311895870170898432
1311845565412659202
1311841996391297024
1311840909198327808
1311840690003943426
1311840211282866182
1311839691738619904
1311835833926914049
1311833870191427589
1311833322088288257
1311833088520003585
1311831456566726657
1311827077683965953
1311819985635901440
1311819297279348736
1311818961793822720
1311815922286559232
1311810881454563328
1311808083480522754
1311805439877746690
1311804277388607488
1311804174980583424
1311803833178349568
1311803434652368898
1311803229106245633
1311795565693468672
1311790775185874951
1311790624723685379
1311789725909504000
1311786850378539012
1311786502066667523
1311785891699060747
1311783469534642177
1311780282417254403
1311778887228100609
1311778440786382853
1311777875058712576
1311776389213949954
1311772765033320450
1311772247934328835
1311772025426501632
1311771950059057152
1311770987667640324
1311770488033677318
1311770206713319426
1311768998367973377
1311766698467438592
1311765668963012613
1311764926692814862
1311763173083676673
1311761613633003522
1311760902987878400
1311749471538155520
1311738059327709184
1311737935302217729
1311735796655943681
1311726800037449728
1311724842459312128
1311723952587366406
1311722505795665920
1311722277529149446
1311719141154467840
1311718435441840128
1311717615962918912
1311716057799950341
1311715823644487680
1311715345074450432
1311714975971504128
1311713653515845634
1311710684816838657
1311708346127450114
1311708199293157377
1311706644884140032
1311706530195148806
1311697838494056454
1311691188567670787
1311689430097432577
1311688323971321856
1311688296771317762
1311687431540875264
1311683824263274496
1311680446263177216
1311670859665416197
1311485612009062400
1311476160556040192
1311461072356990977
1311457883012435968
1311457719304552450
1311447848710541318
1311435515477008394
1311435506819969024
1311435154670395398
1311434769696260101
1311431447778136065
1311430733337104384
1311420409540206594
1311420381690040321
1311419761566404608
1311419506024210433
1311419301379932161
1311408942321487874
1311408009818574851
1311403366124343299
1311402352197459969
1311396399397965825
1311390196806692869
1311389220536279043
1311388866063077376
1311384029959200773
1311369734802243588
1311363440213209094
1311363403525640193
1311356771756322819
1311354864677552130
1311349186537943042
1311347438486249472
1311345451916984323
1311340051188649985
1311338835985469447
1311338484859310081
1311331896484298752
1311331090519425024
1311330691506987014
1311329070899228672
1311323230179856385
1311318309388857346
1311312095238119424
1311310994971521024
1311307906176950273
1311306939884765185
1311294524325605376
1311288976649662465
1311156921769103360
1311156352618844161
1311151604381487109
1311150727742607360
1311140555863322627
1311138851159773185
1311137297249849344
1311124338414936066
1311123115313897474
1311120393806245889
1311117143484887043
1311116102768918535
1311110321097125888
1311109631868047360
1311108502832713730
1311098899759681538
1311098553947901954
1311090872751194114
1311090292888662017
1311090069676195840
1311088667876823040
1311083864962535424
1311064720875704320
1311061237380382721
1311060499967213568
1311053218454142977
1311047754756640769
1311046584382128129
1311045944092364800
1311045621877551107
1311045111711703047
1311044937019011074
1311044858434519047
1311044700913258501
1311042208238370816
1311041807715835911
1311040715074535425
1311040106174861314
1311036274212581377
1311030321668857864
1311016939590909952
1311012076182265856
1311008701873090562
1311007106900918274
1311006070685433857
1311004971094216704
1311004787278778368
1311004135609827328
1311003957452574722
1310990009152024576
1310989840452923393
1310989284334239753
1310988911020249088
1310986567276732421
1310985827263156224
1310979181606567936
1310978329885978625
1310965058265116672
1310957798793019397
1310949613424316416
1310946046059708418
1310945646678077443
1310942374311464960
1310938856863272962
1310936499295260672
1310934145951035397
1310929064375529479
1310756024672976899
1310755075674042368
1310754456536076289
1310750669272313856
1310723574047617024
1310716118672314369
1310714648996589568
1310711955913682945
1310709152449269760
1310706553885003779
1310699997806112768
1310699668146356227
1310697767178731521
1310695055338934277
1310671878726524933
1310668645106933761
1310664542712672257
1310655795932135430
1310649304734928898
1310648777238290433
1310625521039011840
1310625116531941378
1310624849015058438
1310623501313769473
1310623321936015363
1310619916630921216
1310618439371890688
1310617773115150336
1310616015705759748
1310615712759779328
1310611862837493760
1310611785876111363
1310604525292728320
1310603856901025794
1310603406244032514
1310602408897187841
1310602219763499009
1310601833153519618
1310596371658010629
1310596110461829120
1310595162528243717
1310594653876555776
1310590774753538048
1310589873112350725
1310589599274668032
1310587686504325128
1310586129037627393
1310572701032108032
1310571832500776961
1310562742693253121
1310391401725788160
1310389589962559491
1310388660869754880
1310387961771556864
1310384793587200000
1310357379419197446
1310340865840250880
1310339026692562944
1310336755497865218
1310325082670141446
1310324951874973696
1310324235257118720
1310290953509494787
1310289466460975111
1310289344394153985
1310288700815929345
1310287988824309761
1310287039787683840
1310282322172940288
1310229001114464259
1310228618581356547
1310228519407030273
1310227782060978176
1310226509706166273
1310214206420062210
1310213307215884288
1310212773457137666
1310211654001590273
1310210700984438784
1310034649788428294
1310031981091188738
1310030528247140352
1310024405825847296
1310005471022133248
1310003450265186305
1310000306932023296
1309996092310814720
1309990087862751235
1309989974943707137
1309989584563056641
1309972649221787648
1309955269447815168
1309953041249054720
1309943374884016128
1309921124910804992
1309919387860840448
1309916509620318217
1309899873785913345
1309874558309203968
1309873577085280256
1309872892021288960
1309869514750910464
1309861687252733952
1309694071850569728
1309684600122245120
1309683245429161985
1309680402907496448
1309677695643590656
1309672732603412480
1309652883189755904
1309652639752376323
1309652456658350081
1309651342324043777
1309649849013465089
1309649636475494400
1309647331969634304
1309643123421831168
1309640473934532608
1309639630304743425
1309639356181872640
1309638940274626566
1309638503689605121
1309638122481868802
1309624097106808835
1309623519303659521
1309618042461204480
1309617773086158851
1309610829227188229
1309610277713911808
1309609988621565958
1309601259272441857
1309600726331592709
1309600593816805376
1309600116404346880
1309599789970075648
1309595290115153921
1309590330744987649
1309589739985678336
1309589021291671552
1309568007556009985
1309563794205614081
1309561305389584386
1309553284743659526
1309552814159470592
1309551570565115906
1309551378709254144
1309550536786694145
1309549712727584769
1309536666382749696
1309520626525364224
1309515265621798915
1309514297916219393
1309507254350237698
1309504279363846147
1309503501710626816
1309503373897609216
1309502799256924165
1309499141999988740
1309495541009723393
1309494071656935426
1309493740579500037
1309492098643746816
1309491963222282240
1309320666156544000
1309318010201665538
1309317245349359617
1309316222664704000
1309315352329940993
1309312751924281344
1309312473720332289
1309295134681554954
1309293817821102080
1309284562841858049
1309266140481359882
1309230152866508804
1309229372981874688
1309229171311337472
1309225251897831425
1309223888958771201
1309222588393173000
1309220247556296709
1309217133730164738
1309213013229133826
1309211808390148098
1309211107949793282
1309210566838358017
1309205782831992833
1309204786194067457
1309203431354183687
1309202088719773696
1309200663180697602
1309200317859467265
1309198521392914434
1309197233007595521
1309196970674851845
1309196940941369346
1309193572374261760
1309193188721266688
1309192467389067264
1309192234022178818
1309191388916060160
1309188209092562944
1309185273469833223
1309184151099187200
1309181669203742723
1309181163173556224
1309172561398444035
1309170865125425157
1309170551857074177
1309167331764043781
1309165891658149890
1309164982060355584
1309162241141411841
1309161191319666693
1309157168185331717
1309156983380086784
1309149685731463168
1309149030551781383
1309147170684239873
1309146180601995264
1309139037299576838
1308992932624687105
1308979290961256451
1308975789417914374
1308974402139283463
1308972075311398919
1308967364139143168
1308923760960036866
1308897717767286790
1308897549932265473
1308890305085820929
1308881873582645249
1308878092405010433
1308875115493560320
1308874870734958592
1308873141469564933
1308872024174071808
1308859692609933312
1308856257978281994
1308853786694299650
1308846514853294081
1308837914332332033
1308823410814922753
1308823250944888832
1308823060527681540
1308821564884910080
1308820763219197955
1308805925269114881
1308804520059772928
1308804200877510661
1308801771301732353
1308801454250110976
1308789273831841794
1308787366090416128
1308786134831575041
1308782789614080002
1308776453824229379
1308623409715318785
1308616664381087746
1308616444662423553
1308614738033741824
1308604459711332353
1308604271999541248
1308604102293716993
1308602163002830848
1308601949424627712
1308600937758556161
1308600772410699779
1308585682458292224
1308583274009300993
1308582934589444098
1308582448373080069
1308571811752411136
1308559332599042048
1308558536071352322
1308555635634601991
1308553699279728640
1308551569374412800
1308551020692344832
1308546354893946880
1308545091750039553
1308544520246767616
1308543772410683393
1308542709745975296
1308539536608198658
1308539357637337093
1308538503362416641
1308538412572573698
1308537568800247809
1308536407443615747
1308536294365110274
1308535790977286144
1308535604221800450
1308533131054546950
1308513654715944960
1308509174951804929
1308509051106533377
1308506556988874757
1308506518195777539
1308495417110343680
1308492818730622977
1308492462235803650
1308489906474360834
1308489173561675779
1308487813483180032
1308485509514223618
1308476727799275521
1308476066651148290
1308470518094467074
1308468947872894977
1308460020636553216
1308457743200772097
1308456933993611264
1308455473985867777
1308448307778326531
1308447115627171841
1308446213939900416
1308444936854007808
1308444366105702401
1308442288029302787
1308439317610737664
1308438352656510977
1308437275550900226
1308436580479238148
1308435426194096129
1308429010351919109
1308427048671744003
1308421883491123206
1308420695387406340
1308418241577062400
1308417751069986817
1308417422328762370
1308412234201280513
1308410676927508481
1308394999227310081
1308394340885069825
1308394043559350272
1308170961917800448
1308168449441648641
1308163319174443009
1308160920393330688
1308159893908664320
1308147592434462722
1308143312692482048
1308142047807799297
1308139998378708994
1308136621607391237
1308129327742058497
1308114885579083777
1308108088470310912
1308103849178206208
1308092647005999105
1308087310257401857
1308082326065348610
1308081032839794690
1308079195772383234
1308078764228849671
1308075016274300929
1308068855407874048
1308065288441810946
1308063500099629059
1308059435579867136
1308058488912982019
1308057598680346625
1308056599060271106
1308055818974134274
1308055573452263424
1308053236205727744
1308052424406556672
1308049728022732800
1308048384796889088
1308043140943806464
1308042901675552768
1308042043835514881
1308032575789830144
1308028525186818049
1307821329840844801
1307817208840704001
1307804499696902145
1307803987228459010
1307803145435783169
1307793572457050112
1307790596199907329
1307790049577185280
1307764334244909056
1307763626028269569
1307709092195176449
1307522234735628289
1307520973923643398
1307519008040775680
1307486298442170369
1307486067294195713
1307479423248105472
1307459378908463105
1307453257074323457
1307451763558146048
1307450846955950080
1307437720466194433
1307434478135054336
1307433858707709960
1307428962432417793
1307421148481810443
1307420817479925760
1307419832493670401
1307419104970711040
1307412120267522055
1307409481937178625
1307407107969421312
1307405803863904257
1307402860955656193
1307402583959654402
1307401581860663297
1307399302235533318
1307398993832480768
1307396651951239170
1307379030119927808
1307376871861084165
1307376805234475011
1307376472521347075
1307376217113399299
1307375393637363712
1307375120479068160
1307375068188639232
1307374278355152896
1307373285794033679
1307372364003450881
1307372297452490753
1307370904884781056
1307370613514928131
1307370217849458688
1307369722573398016
1307369311787458562
1307368248640405511
1307367367748603907
1307367223871377408
1307366826796552194
1307366557631287299
1307366086258634752
1307365567041622019
1307364829263470593
1307364512761286662
1307362914089807873
1307362266862571520
1307360898814816274
1307354463599030273
1307353943362752517
1307353733794234369
1307352962151268352
1307352073378443266
1307350024100155393
1307348507142086658
1307347962549370884
1307347664225423361
1307346674034126850
1307346365593329664
1307340640699576325
1307340109868564480
1307339864967389184
1307339155672911874
1307335485774344193
1307335128293814272
1307334677108322304
1307325168046551040
1307108181634678784
1307087272320303104
1307085710436990978
1307085260845395968
1307084961929977858
1307084355664314373
1307072485637140491
1307065198075879425
1307051147937689600
1307050953783349252
1307050019862831105
1307045179816390660
1307043971701633024
1307043393399386112
1307032728349618176
1307031838834253824
1307030051305803778
1307029984666693636
1307020130128453632
1307019657170354178
1307017682135506946
1307011718338543618
1307010833948594182
1306994019612979201
1306993262662766595
1306987762218930176
1306987623962083330
1306986877568851968
1306986006248390660
1306963337780039693
1306962487691022336
1306956311712739329
1306944996675911683
1306940180981481474
1306791565923360773
1306790292008378369
1306770683234574338
1306770450249285635
1306769731177844736
1306766801754357761
1306765101135998977
1306764433985765384
1306763734673653762
1306761717712654337
1306760432749772801
1306756679435014146
1306754419816620034
1306751689215692800
1306751257281880064
1306750766477185027
1306745851042242560
1306744239183876096
1306740521935745024
1306738183405740032
1306734180110348294
1306729922132664321
1306726484338528257
1306667020918960128
1306666585218781185
1306665793455882242
1306665111193554946
1306664463748169731
1306658573829705730
1306649356347609088
1306648228163653636
1306643863721963525
1306635825275379715
1306635450602393601
1306632684937121794
1306631798298992649
1306630550015422464
1306627939770003467
1306622036022890496
1306620251505922048
1306618415478603777
1306613895688323074
1306612949004554242
1306610859016368129
1306610664283295747
1306610468040192000
1306608016712663041
1306606470541332480
1306601699323392000
1306601588618862594
1306592621322625029
1306592190798340098
1306590949028626433
1306439678242029568
1306439503125585920
1306426249838030848
1306414080245338114
1306407752235876359
1306407156149825537
1306398995292532737
1306398675476897795
1306396157573300224
1306395046409916417
1306394097649954821
1306393535340597248
1306392795062640640
1306391423714029568
1306390947580739597
1306379551975657473
1306379216624201730
1306364171941015553
1306360330885500928
1306358651557478402
1306347498282287104
1306344786396434434
1306342977716080646
1306339364616785920
1306332607031005184
1306332285566955522
1306329408916070402
1306328909689094147
1306326610208075783
1306311026053443587
1306309898108575762
1306308886551572480
1306303634624348164
1306297897688936448
1306296913571057665
1306296617096679424
1306293076495945729
1306283354216636421
1306281116815503361
1306272361403101186
1306270211939725312
1306256130570694656
1306254478098796545
1306247090801172481
1306246815981895682
1306239193136406530
1306236525173182464
1306235962511495168
1306235601033850880
1306233716935733249
1306232308953907203
1306229707269189635
1306223977623322629
1306223422242983936
1306217499382493187
1306049053864669185
1306046643091972096
1306041585356996611
1306040500651261954
1306040029538586627
1306039380868509696
1306038963367481346
1306036916945592321
1306033259244068864
1306031546277785600
1306028752321810432
1306028375862063107
1306027853759287297
1306026404316880896
1306024020253511680
1306022948004933632
1306022313155014662
1306020909225054209
1306019988764061698
1306017707779862528
1306016580460048385
1306015653879578624
1306015405450944514
1306014907897442306
1306013766266519552
1306013393791397895
1306012400370540546
1306011770390274050
1306010225665863681
1306009862267113472
1306009723372744706
1306008494861058050
1305996258440622080
1305982478725898245
1305981038922027014
1305977783651315714
1305975038596784130
1305974550354591744
1305965829952069632
1305959401153540098
1305954710969552896
1305954245741621248
1305953625517305856
1305946394902102018
1305945631685566465
1305945281343770632
1305944353618173959
1305936121667428352
1305935193451237377
1305926582054334466
1305896917545766912
1305895812313088003
1305893858467868672
1305890223688232960
1305890098593107969
1305882011975004167
1305881398360838147
1305881123915026438
1305880453463838723
1305880251994722306
1305879975195705345
1305879580608278529
1305877110884626434
1305692677091057664
1305680500871311361
1305679246074011649
1305673592546484226
1305657505889034240
1305657314364530688
1305650952108679168
1305650156981948417
1305649033030111232
1305648339413762048
1305646956333748224
1305646570659028993
1305645418655739910
1305644822871642112
1305644398147928064
1305640618509643777
1305634211542388740
1305633845551783936
1305633368504242176
1305632577055854594
1305631965081677827
1305623158872039426
1305621316209385480
1305619580749074436
1305619421927440385
1305617132336668672
1305616831227584517
1305616290695073794
1305615958267039749
1305612838845722625
1305611549923516416
1305609017989967873
1305607292528799746
1305606876076404738
1305600318688894977
1305596005023395841
1305594924470071303
1305594493585027074
1305593562298568706
1305592953583415297
1305589774686867463
1305589509439082503
1305583569394434049
1305579467008602118
1305579162468528129
1305578057756037121
1305577551985864704
1305575609477849090
1305574810290917376
1305573493816406020
1305571032158400519
1305570575310561286
1305568999732899841
1305561929503694849
1305556106811502593
1305555912074186759
1305555219221278722
1305554586598617088
1305554442092150787
1305553248338808834
1305553109104709634
1305552603149996035
