1038959269926842368
1038636375728377857
1038634252211048448
1038633784764186629
1031166150833565702
1015218576557510656
1013040212598018049
1010291662709575682
1009246705227911168
978604135091236864
977720731420241920
970628227390722048
969697959276417025
969501128575635456
965407292299628544
965405171294629888
964647156102696960
962682376810913794
962643233238142976
961541771611267074
961177035359117312
958458890378711040
958132439297265665
958130971739529216
956971131671429121
956543760229457920
956332994121302016
955242282038579200
954735776444702720
954369465109700608
954085701020086272
953441305715265536
952547310063452161
950802663221981184
950783586864631808
950711418201899008
950587369580826625
950187561296842753
949763087724371969
949389105187627008
948655436575715328
948570703317610498
947877379803885573
947875667554852865
947855060251189249
947109743377702912
946380857597681664
946115953758212096
946115635318321153
945848227554906119
944950981275635715
943908076591165440
943907619089080320
943041636745007104
942753569005903873
942698613628653569
942439598877237249
941642458781270016
941288455493029897
940973529532719104
939945420423335937
939791986147676160
938571451707346944
938355801554608128
938355461253935104
938061163148992512
937827526885494786
937755163649019904
937410620210733056
937283856943779840
937038427400392704
936558275549712384
936548076013195264
935529255106203648
935497265137012736
935122608521142272
933478178550697985
933269875199324160
932709349905932288
932031473552523267
931150864710012930
931140314949091333
930816813180641281
930750767476232194
930391067995836417
930189525904748545
929317755744018432
929313087475343360
929312456828059649
928442007772647424
927842766922637312
927658835031965696
926435199205875714
925785922079264770
925784403179077632
925754862066982912
925709131352297473
925708410649219074
923700777373220864
923633779947835392
922987656354594817
922814545260720128
921748015580192768
921334998002733058
921207169789366272
919333092170584064
918943692764872705
918829486333988865
917842124241907712
917369049948049408
917368720024129537
917179831179243520
916055264096333824
915729515732717568
915172508621590528
915172305122275329
915170244460650496
913821850320252929
913757757916008448
912492344359792640
910905006324248576
908693814679932928
908691617678204928
893997817773031424
888496975145979904
888437848361271298
887749246212071425
887312625859792897
887310406217158656
887301128332902400
885895275880914944
884813480208904193
883812952553476096
883761066865557505
883760975006093313
883030051805114373
882998847169081344
880778379401678850
880769409727565824
879318951309832192
878201561406726144
877368546090668032
874660685975834624
874416561997697024
872859800664756224
872517594632388608
872516014692499468
871127645261623296
871101501338304513
870670906376564737
869320472214859777
869228788911149056
868211387448922114
868122797616373760
867517987372367873
867132862574866432
867125303285612546
862514717729882113
862510377988481024
862452967491940353
862451379109056512
862451153883340800
862450642136305668
855570473589108736
855554967381438464
855432949361192960
855382593721835521
855378196782624770
855378042419634177
854129992640450560
854117696656613380
834749510689644544
834615457529417728
834466411410051076
834453320823603200
834366629345632258
834366577982238721
824851090201915395
824331698565324800
795578250563112960
795120610980597760
