1330212025440612356
1330192678169022465
1329803019073056771
1329797017741234176
1329601855652048898
1329470887985356801
1329470533835087872
1329469696463269889
1329469285866024961
1329468701821841416
1329467768115236864
1329466743396372480
1329465361041940482
1329464691794567173
1329463355183157251
1329463168607850501
1329462717787336705
1329462294477230082
1329462044559552512
1329459158425473030
1329458929500348417
1329457712078458882
1329457170363117572
1329455716655112202
1329454610340319242
1329428618238447617
1329424130169593857
1329423199201873920
1329238828352147457
1329238606830047232
1329210362521153536
1329195292395270150
1329170401063284737
1329145559958089728
1329079197520650243
1329076327786323982
1329074010437545987
1329073897124229125
1328037519527702528
1327998186544312321
1327994651853385728
1327994559087915008
1327978216565469185
1327071526705836034
1327065576733339654
1327063995849838592
1327063137993060352
1327061598549237771
1327060360399085568
1327059423668416512
1327058802022232066
1327058123652206592
1327053775178256385
1327052842734129152
1327051600049942529
1327049358794248200
1326644605392130053
1326590278778712067
1326564272059674632
1326548612352864256
1326548448846344196
1326322030568988675
1326310065977102336
1326224381773836296
1326224011018309633
1326166782734979072
1326166571639771136
1326166420917522434
1326166312129794050
1326155418549235713
1325259225988263936
1325250782678159365
1325120649271062528
1324035101655707649
1324019702612533254
1323714692221673473
1323714287408451584
1323679741254291456
1323484678263812102
1323458283647213569
1323450003143249920
1323409431426719748
1322572955805732866
1322202031147331590
1321986715876294659
1321974764433559553
1321972461211181059
1321972250556407812
1321913318974566403
1321869691481149440
1321869363297816576
1321630453581963265
1321608620501536769
1321272144244936705
1321051403490570240
1320730201115025409
1320729479724126208
1320544935783796738
1320499653654315008
1320497665042501633
1320474992275050496
1320117990797488134
1320115533535154178
1320111040248557576
1320106737932898305
1320106299762368514
1320090699841347584
1320083646083178501
1319619661198184454
1319351661383614464
1319351577375920129
1319307578132791298
1319306897992843264
1319306091113680896
1319305134279712773
1319304455179952128
1319304099184185344
1319303516310077442
1319302767991808001
1319302179770015744
1319302120131231745
1319300461393039361
1319299858327621632
1319299392747282434
1319297885519769602
1319297303342186496
1319295869523546112
1319295369054924800
1319294475815051266
1319292501128212482
1319291983932747783
1319291655757807618
1319227705192292352
1319218522061406210
1319072651969691648
1319043212070260737
1319039412467105800
1318971194478034944
1318970024921628674
1318922113827414018
1318916325364948993
1318914978380918784
1318906908342890497
1318905217757433858
1318647963099549697
1318288134069772288
1317915601013190657
1317898480157921280
1317884191850233863
1317536091436625921
1317512885367676929
1317508786110799873
1317490492347744260
1317469214773530624
1316931316726829056
1316928662445412352
1316772511162470402
1316722342945583104
1316541208102088705
1316541081765457920
1316537811923873798
1316536135108243460
1316534210904182786
1316532870257750016
1316531575664840704
1316530325238018049
1316515452592496641
1316470031828619267
1316446041030496256
1316416112578437121
1316389522272325632
1316366884074385409
1316366579815395330
1316351141475688448
1316071908459393025
1316012935920058376
1316008558392233984
1315865849421537281
1315864575665999880
1315684311681695744
1315323663453954049
1315323250285654017
1314600741290602496
1314234689553600513
1314233966057205760
1314233084850696193
1314231900412817411
1314229523412643844
1313928299542970369
1313920806523670534
1313904051717844992
1313903190946058241
1313901680753340424
1313898788885536769
1313324022655078400
1313322935776665600
1312934204175515648
1312760961435152385
1312758564189020161
1312728234103123969
1312723584188592129
1312721851865497601
1312089737717481476
1312087187316449281
1312085454884343810
1312084016242339841
1310987923668561924
1310987594486947841
1310531866726985728
1310281570566189057
1309854610618830848
1309854025840496641
1309853242927599616
1309851210124529666
1309660559860793344
1309252126653247492
1309248279633440770
1309243860003028992
1309200990374162433
1309193668365033472
1309188997441302529
1309188391569850368
1309186975665184770
1309184289800704000
1309183209062703104
1309182824797396996
1309180528516628480
1309179367394807815
1309176012337545221
1309175600779845636
1309174804575145986
1309173675036413952
1309169749797081090
1309168062042693632
1309167695221448709
1309166808944054273
1309162538521767946
1309161448644456454
1309160668759764992
1309160528846163968
1309160435703259141
1309159754581803011
1309159307636805632
1309159074098012160
1309159005319766017
1309158110372728832
1309157977056739329
1309157558226161664
1309157418341982216
1309156679305629696
1309156395422494720
1309156208515993601
1309155971290271746
1309155908707119106
1309155852725760000
1309155762292260868
1309155617488203778
1309155252067852288
1309154725280067587
1309154441204039683
1309154388154478593
1309154325927780355
1309154260505034759
1309154197464645632
1309154123988766720
1309154049141469185
1309153937459752964
1309153830739771393
1309153684182519816
1309153498861318144
1309153183613308935
1309152991723900932
1309152842331107333
1309152599350939648
1309152311265112069
1309152107493298176
1309151734980325378
1309151443132260357
1309151045898178564
1309150977191182337
1309150846844837897
1309150600471425025
1309150534889361408
1309150456934010882
1309150399761350656
1309150328122675202
1309150232467439630
1309150153710993409
1309150075239751680
1309149981568315400
1309149828518219779
1309149746846666752
1309149653305356290
1309149544106557440
1309149395234025476
1309149254750031872
1309149110897868800
1309148842030399490
1309148661402738691
1309148286343958528
1309148035432185860
1309147794138173440
1309147473064189959
1309147211775827970
1309147052614586372
1309146583171293185
1309145945377038347
1309145564769120259
1309101134154543105
1309100925840224257
1308950943287906304
1308923603774312456
1308855323168567296
1308852505447673863
1308834947541630976
1308819581981593602
1308758062552027137
1308757014877741056
1307898201257762817
1307766784100048896
1307329471175946240
1307301914703474688
1307110080509288450
1306718740931907584
1306686456455405573
1306686360984657932
1306651722723528706
1306628624469110786
1306570915958882309
1306398222995333124
1306367512486064129
1306364133114343424
1306346285776199680
1306326303520559106
1306323799403638791
1306320978738372609
1306309350798090241
1306276600636493825
1306273216961314820
1306023545353441280
1306003177758756869
1305628376653275136
1305628299012567043
1305197240399597569
1305192152591368192
1305149543500206080
1304411508466737152
1304374523794460673
1304372497173942273
1304274273431957504
1304168101647462403
1304098877117788163
1304088268519211008
1304088063438729217
1304087273600843778
1304087006746750978
1304086451030757379
1304086384475607041
1304085587251658756
1304084810282004480
1304084247372795905
1304083607796043776
1304083317403287553
1304083150738526208
1304082838933958656
1304082764313104385
1304081734393356293
1304081222679789569
1304080926813585408
1304080698429579264
1304080060979326977
1304079507075330051
1304078970825179148
1304078613206228996
1304078248234672128
1304078123970035720
1304077239798116352
1304076876965646336
1304076403751768072
1304076039941914626
1304075948933996545
1304075476814757888
1304075161759617026
1304074875955486726
1304074737484730373
1304074648632602632
1304074437185228800
1304074236030582785
1304074163892690944
1304074076282126337
1304073884430462976
1304073558184865796
1304073476450418689
1304073372071014400
1304073330128027652
1304073276705120258
1304073020865216512
1304072721912008704
1304072472225107968
1304072281635926021
1304069953851666434
1304019434189844482
1303905830992072707
1303822311401938957
1303821144781475847
1303820837791899650
1303782300707164161
1303782108259848192
1303782027997700102
1303781658609496066
1303781217209397253
1303368490049589250
1303327666490224647
1303327512097894400
1302670102035390465
1302669889912606721
1302669288411721728
1302665952073527300
1302346027740073987
1302339703287447553
1302332284633329664
1302331224753610754
1302124883346948096
1301661095954915329
1301628925408407557
1301338223399047169
1301335902174748672
1301198472805339139
1301193204113584131
1301191680985567232
1301168915050041352
1301159831315918848
1301159233275207680
1301019531859685376
1301001273622364160
1301000637786841088
1300853840095465472
1300791034973171714
1300790923094261765
1300789573526654983
1300783187698868234
1300559790217854976
1300501897464426500
1300499663515197445
1300230276342329345
1300196301175435265
1300191323782361092
1300189623608643585
1300167604963864576
1300167518510821385
1300166357003141121
1299801846664572929
1299746475728089094
1299738850328223744
1299726670753128450
1299367174004510721
1299366323630333953
1299363150127607809
1298999945555570688
1298894045620600832
1298104914145611776
1297175679033901056
1297017001794252807
1296955827878866945
1296861544882601986
1296609584245866497
1295918935364308995
1295917644420456448
1295902741672480768
1295902167245742080
1295530236990431232
1295438427907936256
1295088199006588928
1295082232147841039
1295033749000921093
1294643360523837440
1294346724664803328
1294269392616919041
1293668159699005440
1293651014726361088
1293650575964479488
1293649248433643521
1293648782635089920
1293630759228645381
1293608391823306752
1293608244548706306
1293584579438284803
1293417211147825153
1293175777631100928
1292946389773832193
1292552764309098496
1292523541737373696
1292523449055944713
1292513536854372353
1292494901247184896
1292494382432686081
1292489809643143169
1292235068853948417
1292229446318129153
1292229111449083905
1292228395867287553
1292227570910531587
1292226848764698626
1292108543647244288
1291854905460785159
1291792947764224001
1291760748864118785
1291760624817627136
1291750218904621056
1291737571198894081
1291489600771366912
1290654335098068994
1290642482439626752
1290642278311239680
1289570009799258112
1289569759722438659
1289315549789315073
1289313814689615872
1289294145924640769
1288991674358804492
1288990356386742273
1288989664792268802
1288989523209326594
1288989264412377088
1288984602934218752
1288507167692259330
1287505614323752961
1287379571499728904
1287045641923899392
1287042095006527489
1287041712544776192
1287040473878732803
1287033114326335492
1287031826142420993
1287005062158589952
1286464160394612739
1286427255904899074
1286381789926363137
1286349363988639744
1286329549337370624
1286328829053677570
1286315826581327873
1286306445370294273
1286086184427565061
1286020939273166849
1285957569144643585
1285956832717090816
1285779139384008705
1285566364992843776
1285022597269381120
1284694527983353856
1284692220264828928
1284691261497184257
1283976313305432065
1283821727965904896
1283814123336282113
1283812655573225473
1283779907823296512
1282703959979958276
1282666260703191040
1282660894242156546
1282655941188624385
1282655354699026434
1282373095467241473
1282345840317739008
1282343436281053186
1282342878577078273
1282336818898272257
1282335248899022848
1282318608874516483
1282318316221210625
1282316912874094593
1282316644564570112
1282101287249743873
1281959061852950528
1281958707006443521
1281957791641600000
1281956621049110528
1281943235875811328
1281935811181776896
1281935539147616258
1281935526845730816
1281740902038413315
1281716837991034882
1281715925855752193
1281410093146398720
1281374242005831681
1281292922139357185
1281292505728921600
1281290871657422848
1281287308130615296
1281277633419005953
1281247696725127168
1281244756484513794
1280965658893746176
1280960090628067329
1280925187769278464
1280924199792623620
1280923951590408195
1280908345751330818
1280902072787968002
1279402709989425152
1279128107866300417
1279126011653824513
1278750779764072448
1276910756932521985
1276860400978538496
1276860331101491200
1276859611765772288
1276583732758171648
1276534460780023809
1276295283006152707
1275898244795637761
1275801347795935240
1275420764833972226
1275420726468714497
1275420682176933889
1275420624245178368
1275420424361447426
1274499494823047174
1274019256200499200
1274018299559514112
1274016778050551815
1273691803196305416
1273441348700512256
1273271221065527303
1273270207641944065
1272923213975224321
1272918244127657984
1272883467303485443
1272883005254782977
1272879490281152512
1272584877368651777
1272542011673972738
1272541609201152003
1271916182053040129
1271078741939273729
1270782537892331520
1270117784786284549
1270117503897939976
1270117490786537475
1269990285351751684
1269989238315126785
1269073769106231299
1269052760667947008
1268975467534614529
1268947810180874240
1268907533432913920
1268708206504747008
1268606883151167492
1268606307373850624
1268605763079090182
1268605652840132610
1268603678723846149
1268603229782368259
1268595020795445248
1268594991141728256
1268573772522631169
1268572245942767616
1268571300383076353
1268569191923224578
1268385202201657350
1268172362047987712
1267852616165470208
1267739093242429440
1267735899925819392
1267732341029568517
1267731487908147200
1267665196782440450
1267549571611320321
1267528642931892224
1267521543602569217
1267520171310231552
1267484129244971008
1267475953342713857
1267474935049531395
1267472022902386695
1267310420483858432
1266073158936862728
1266030938082938880
1265457621915643904
1265427707711623170
1264576748253065216
1264193685513789442
1264008761213104129
1263956457852198915
1263853431942512640
1263497140711706624
1263495528802922497
1263489214945144836
1263285529904324614
1263281877105938432
1262780289815924744
1262726884103725058
1262726663844003840
1262726241481785347
1262723569756274691
1262723255825203200
1262499890841690112
1262397323323289604
1261655760301367299
1261332678021918724
1261312378676936705
1260992721063481345
1260963100326576131
1260939426974359556
1260638149350502400
1260630842604433409
1260585909554155521
1260566921776414720
1260566598106124294
1259942034527473667
1259921859413454854
1259149623404498946
1259142062290632707
1259140060231815168
1259138268031062017
1259137260383096834
1259121480266375169
1259115486467502081
1258841483362349057
1258802131844415491
1258802098919145480
1258802009513299973
1258801666104713216
1258463867690274818
1258433235555663874
1258200620135301120
1258147936451559424
1258112099932352518
1258060036217200644
1257786544343171073
1257754565774061568
1257741043820347393
1257736252624973827
1257734182643654658
1257733454361395204
1257733259594694661
1257489391603286019
1257467876769959943
1257465994517393408
1257463349719293953
1257461689412399104
1257460953140125702
1257460613250457602
1257399050850140161
1257398729042268161
1257382926255341569
1257375815580426242
1257375336184066048
1257343666504548357
1257334965941030912
1257324655792160770
1257313574721957895
1257312641145466881
1257312023127273472
1256967890751950849
1256932481539981320
1256927962185818113
1256584923877707777
1256584192768520196
1256583739485945857
1256568218371702784
1256304925337944067
1256304789714923520
1256300688386207745
1256299959370072064
1256299799911051264
1256295438497517571
1256236494412558339
1256234134223101954
1256215085065830406
1256213884626755591
1255928897788612609
1255927147610484742
1255886523641270276
1255885997214220288
1255881838846976001
1255866165563478017
1255864327380312064
1255273754109906945
1255254816848297987
1255251294706700288
1255153899624939521
1255143370206228483
1253799184492310541
1253798788336156672
1253798086188638217
1253796285070675968
1253794541775269889
1253793087937282048
1253792611405639681
1253791391026642946
1253789484304470016
1253787298841481218
1253786158200434688
1253776954765062150
1253752501834260481
1253752323509272576
1253741881722376195
1253450304802172928
1253443784333025281
1253442597953179653
1253403257814351872
1253402621978836996
1253400241291833346
1253371045958094849
1253370810103930883
1253369571114958848
1253362006041792512
1253361769428508674
1253327344527261702
1253327147994738690
1253283325332066304
1253281660923187207
1252734774000713738
1252699638479704071
1252697928533258241
1252697627310915589
1252697429931184129
1252696467841724416
1252696173426679809
1252696030442926083
1252695471639969793
1252695182388199425
1252694802707210240
1252694334614503425
1252694269728563203
1252693924818432003
1252693856799293441
1252693677979418627
1252693249833271297
1252693128932401159
1252692812098912260
1252692400398651401
1252692187353092101
1252691934797275139
1252691127142166539
1252689995967725568
1252689868754489351
1252688385757544450
1252687712328581121
1252687290075414534
1252686526036815872
1252686438564597760
1252686381555605507
1252685982643769345
1252685468132573188
1252684807689158656
1252684537643106307
1252684465538809856
1252684175410429953
1252683929481592832
1252683732764577793
1252683643924951041
1252682776651931652
1252682657567301634
1252681773819080705
1252681747365539846
1252681606680195073
1252681337921851400
1252680642434916355
1252660718027014145
1252583615319457794
1252579973401137153
1252394752663678978
1252346140030169088
1252345477468549121
1252247179030417410
1252246670869434368
1252245543180472323
1252244978300063745
1252240812697628675
1252240661610455040
1251172243272499201
1250926651954913288
1250179888243445762
1250168317429649408
1250162003622211598
1250160346498846721
1250159346773876736
1250155462433157120
1250154168486109186
1250153210981031938
1250152769337655298
1250152585048272896
1250152226422751234
1250151535054663682
1250151150441189378
1250150767098499073
1250150528589455360
1250150344618905603
1250149878526889984
1250149001019744267
1250148236314247168
1249734341405573123
1249026493243678722
1248698462381707265
1248636093286711297
1248398457489899523
1248384174861385728
1248381204602093574
1248380138644856832
1248380066020524036
1248379397221957633
1248379265294282752
1248379092459638786
1248378891858612226
1248378393101398028
1248378219062915073
1248377838358515712
1248377605755043848
1248377435634012160
1248377236752723969
1248377044343214082
1248376931847790593
1248376447225323526
1248376283848781825
1248376131218051073
1248375958278553606
1248375731324735489
1248374859840675843
1248374750105284608
1248374496790228992
1248374182326329353
1248373469739282432
1248372921300443137
1248372520379494400
1248372007147732992
1248371601827119105
1248371354128117764
1248371203431071745
1248371055493656576
1248370702195011586
1248370612084584450
1248370425148715008
1248369307060449281
1248369148608090114
1248368759305375756
1248368159834411008
1248368010081042435
1248367395405791232
1248367205361815558
1248366916370137088
1248366299425710080
1248343449146986504
1248342789013811200
1248342613977169925
1248342353590530049
1248342118487261186
1248341817533378561
1248341435981668358
1248340167456407552
1248337310938279939
1248336948655271936
1248336776277737474
1248068176258236416
1248067400517419008
1247977904618733569
1247977088252104710
1247946744752734208
1247743106386141185
1247742822637285376
1247721543393783810
1247668153972338688
1247660490349740033
1247656961727967233
1247656254589341703
1247655824069189634
1247655705773051904
1247655569479159809
1247655267770208256
1247654608677322754
1247654347355414528
1247654288714760193
1247653965057216517
1247653894009827331
1247653679148253184
1247653527784239105
1247653195586863111
1247652979014078464
1247652712193445889
1247652430797582336
1247652382462431232
1247652273381158914
1247652127369027584
1247651957596139520
1247651769963986947
1247651728125833216
1247650604287229954
1247650281271316484
1247649769314488325
1247649638942937088
1247648523031642114
1247624021488918528
1247623692240203777
1247623470000865281
1247623274214952960
1247623161555779585
1247623040118202371
1247621437864775681
1247621196910338048
1247621024377647104
1247620884891947016
1247620735855726598
1247620641253199872
1247619684393943042
1247618857033961473
1247618683465347074
1247618318573461509
1247617929308504066
1247617346421866496
1247617248128380930
1247616902144327692
1247616666965598218
1247616225741586434
1247615946329665538
1247615274867712001
1247613866521001986
1247612919015264257
1247611934993776640
1247583186659487746
1247582207696343041
1247582022052257792
1247581232495460354
1247580893981573126
1247580873677037571
1247580839023652864
1247522147456565248
1247367464847015936
1247363628400930817
1247337778221850625
1247202982233608192
1247201073711980547
1246520343214391296
1246093976056324105
1245766041898291201
1245064485053829120
1245010847090565124
1244778411823939589
1244310265128239104
1244310189580451843
1244310127844511745
1244310011339255808
1244309944154931201
1244309903923167232
1244309504478543873
1244309445175361536
1244058866511482882
1243269272513720320
1243263063932973057
1242829754975293441
1242823751160541185
1242530731139780610
1242530580304220162
1242508929768267778
1242436668474494976
1242434722233552898
1242159444311584768
1242159076307591173
1242158616343429120
1242158219063169027
1242157297394204675
1242156940257644546
1242155810014343169
1241813551980982272
1241803219187183617
1241795522593259520
1241704345034543105
1241703997662212096
1241703760625360897
1241703411923517442
1241703058553389056
1241702922460725248
1241702635008413696
1241702356858830849
1241566978520879104
1241524617023496193
1241494933376315398
1241494797141114882
1241398901288165376
1241398663185862659
1241075688712605697
1241013540452028419
1240684966964424705
1240519207089029120
1240455942694674433
1240437035342708738
1240415963750830085
1240326160669716480
1240244716203053056
1240143781950783488
1240107064820748289
1240082163644747776
1240055915530924032
1240049932964421633
1239999660867100676
1239999407292112903
1239993111176151043
1239988549816135685
1239987428695425025
1239971547659390982
1239967316185513990
1239946817921527808
1239945608787623943
1239894570726576129
1239676444906790913
1239664417857589256
1239642237899767808
1239639998317694985
1239639940981575680
1239631816065257472
1239377954901295106
1239377624100732928
1239372104417644544
1239229622157541376
1239201170087989250
1239201073904193536
1239018513878192130
1239004937654239233
1238954814932946949
1238940647844982784
1238915558898352129
1238901219181187076
1238707946839777282
1238705109246398467
1238704442989559808
1238704370843336705
1238703420665716738
1238643576134918146
1238483580147453952
1238237360762040329
1238223459236352001
1238214837886484480
1238151040584818690
1238150812762886145
1238139611878174721
1238117432776065025
1238112917066825728
1238107303087411206
1238104004619644928
1237935065994330114
1237903171659366401
1237852784189296640
1237792923271528450
1237789997689901056
1237787779985281028
1237785208004448258
1237784849357910022
1237784353104637959
1237784110560673792
1237783733685583874
1237770238994808834
1237757522976653312
1237743812061138981
1237743132302860293
1237742985070153728
1237716819005313026
1237234779092930560
1237052220962734081
1236405028224712706
1236372312372523011
1236327732851683329
1236301198522748929
1236300714994999298
1236300203449344005
1236299823323713536
1236299113840377858
1236166754776342528
1236041287230517249
1236002386801541126
1236002143913545728
1236001199985430528
1235989027402235906
1235962314928672768
1235961814401323010
1235931889292267520
1235630810868391936
1235629045490110465
1235628751058128897
1235628676336816128
1235628238564716546
1235628030451646464
1235627833063600130
1235627665735868417
1235627083960930304
1235626426193162241
1235625568567267328
1235625407979888643
1235624784710508544
1235624130109739011
1235623147325579271
1235622370645348357
1235621898609782784
1235621209384964096
1235621018112339978
1235620968942321665
1235619897650098183
1235619718410784773
1235618761303969795
1235618604906934273
1235618166610382849
1235617626489008128
1235616266980913157
1235615750964027392
1235615589684727811
1235611255932583937
1235611081810284553
1235609913939947520
1235608990354202626
1235608647402541056
1235608519979741190
1235608266345820160
1235606182787780609
1235605768646193152
1235605346292359169
1235604020565340160
1235582085781307392
1235426121253974021
1235425667228921856
1235424228700295168
1235386977559568384
1235386264200699905
1235384722022334465
1235384465901400070
1235380119923015680
1235379536776310784
1235378990254379010
1235378599068303360
1235377210074238978
1235376733609697281
1235376641263783937
1235031533259350016
1235031111165571072
1235005286135537664
1234958769546813440
1234957951816826883
1234957819381764096
1234957375255252992
1234956739323232256
1234956460892860416
1234956125897924609
1234955918992957442
1234955619297308674
1234955083013591040
1234954918722752512
1234954338910588929
1234954225362317312
1234954033867247616
1234953628978491394
1234953237507268608
1234953117122400256
1234953039343235073
1234952830043246592
1234952484059320320
1234952312067588096
1234952147105669122
1234951955828609026
1234951456626794497
1234951063700201478
1234950898624933891
1234950789581475843
1234950491571965952
1234950281554747392
1234950052856172545
1234949695199469568
1234949434800254982
1234949247759462401
1234949030205181953
1234948933689933825
1234948883869990914
1234948831323795459
1234948684355424261
1234948548816490496
1234948038411595776
1234947770932498432
1234947284904927239
1234947016188399617
1234946920176607232
1234946640760451074
1234946533969289216
1234946472497614850
1234946230771429377
1234946091788984321
1234945983148175360
1234945842756431872
1234945745981075456
1234945426752708608
1234945304857890818
1234945174205321217
1234944760273653760
1234944606032269312
1234944499689938946
1234943352484900864
1234943306733412354
1234943166899523585
1234943112746864644
1234942999106289665
1234942882307563522
1234942807795732481
1234942715789500422
1234942625712672769
1234942384422752258
1234942267342848000
1234941766991826946
1234940921596301312
1234940795809095680
1234940404887322624
1234892599166722049
1234891986097836032
1234890421857390593
1234890187190173697
1234887655625809921
1234887073108287494
1234886323196002304
1234885309508313089
1234884948861095937
1234884868380798977
1234884690244460549
1234884519976751104
1234884382680322048
1234884338786938880
1234884217286295553
1234883876520177664
1234883666125447169
1234883375212695554
1234883293130231808
1234883013256806401
1234882857270751232
1234882783459315715
1234882502667505664
1234882413534334976
1234881766160240644
1234881364635344897
1234881086532063235
1234880909595303937
1234880658771673090
1234880446347010048
1234880246488457216
1234879856485306369
1234879784947273729
1234879696267026445
1234879505434578946
1234879433036779520
1234879065519198209
1234878741488242688
1234878008210665472
1234877561777381376
1234877396370829313
1234877112412246017
1234876924582940674
1234876648358633472
1234876325095145474
1234875354541645830
1234875136098131971
1234874463260434434
1234874010145521668
1234873025805344769
1233146859666968581
1233146399031730176
1233145905337032704
1233145405237538816
1233144649256185857
1233144196493717526
1233143790963240968
1233143442903117840
1233142928408825856
1233141951576387592
1233141267879669775
1233140403324510209
1233139819070599169
1233139571229167618
1233139057661743106
1233138042178867202
1233137881302077442
1233136402038239240
1233136245670391808
1233135038864273424
1233133473206067200
1233133015326433280
1233131976015720450
1233131660071313410
1233131166015926283
1233130834795864067
1233130762381275140
1233130148259602432
1233129657240870914
1232850676557979648
1232844669383561216
1232842351720255488
1232508148252061697
1232473699594338304
1232445004787765248
1231969561576181761
1231031517461217280
1231012818712977410
1230623629710327808
1230623539843211269
1230622518702153730
1230622091571056641
1230621667090669570
1230620706469285888
1230598366687563776
1230597104327942144
1230594011502694400
1230593770082705409
1230591967161176066
1230545346415255552
1230545064536965120
1230541178552094725
1230540691022979072
1230540285249232898
1230539978838618113
1230539743827562498
1230539253932789763
1230536843608891392
1230536190639648770
1230534340062404610
1230534063477477376
1230533993684176901
1230533027861860355
1230532152128831489
1230531442574266369
1230530914620526592
1230528911341236226
1230528742742790146
1230526923773796353
1230526525977567232
1230526280325529603
1230506006091911168
1230504476269780992
1230212641068593154
1230180994436796416
1230142570606612480
1230005385584664577
1230005109771456512
1229980765812875266
1229946676967870464
1229880994397851654
1229452358389772288
1229452269432774656
1229228686471319553
1229228513422708737
1229228269645520897
1229226151568199681
1229225045643407360
1229224934515318787
1229221639407185920
1228895933464793088
1228842544651436033
1228841776540241925
1227683797552029698
1227625800855363586
1227238345039843328
1227237817505517568
1227235925551390720
1227234734113247232
1227234557432344583
1227233697298079744
1227232337303347203
1227231441198731265
1227228683942977540
1227227332022349824
1227225382094561286
1227224738461888512
1227089069198495745
1225901667599704064
1225882439265943554
1225860628960731137
1225798427453378563
1225617744915312641
1225577754848088064
1225536714904625155
1225536335999651847
1225535895211737089
1225535784939331586
1225535517548257281
1225535136621645825
1225534337535401984
1225533749510713344
1225532173337481217
1225531465242488835
1225531301224210433
1225531195901071360
1225531143082127379
1225530887649054720
1225530778555166728
1225530712381698050
1225530633390346240
1225530027976077331
1225529713839484943
1225529661167415311
1225529477414957085
1225528794896838680
1225528708846497793
1225528493011808264
1225527987778486272
1225527843100209170
1225527553210888200
1225527472642576385
1225527369739444226
1225527201128419328
1225527093980794880
1225526920147800064
1225526847968030743
1225526735946559493
1225526447571394560
1225525532311334915
1225525042714423298
1225524735397769229
1225511480986128390
1225511295765635077
1225499426938028033
1225184052786888706
1225101330932518912
1225099505386840070
1225062943315910658
1224880140112551940
1224872001405431810
1224750623733747713
1224411627224780804
1224410735826145281
1224408185370566656
1224408074309586945
1223606636562059265
1223455777400262657
1223338764816220163
1223109556491808768
1223054809089105920
1223049550555992066
1223048953387798528
1223038604680867841
1222937112183549960
1222936611077459974
1222935908980264962
1222931166241738752
1222930806508871683
1222930412944744448
1222930106810863617
1222929988040765440
1222928048426749952
1222927621882773504
1222926353076539392
1222926105134477312
1222925964574744576
1222925862422577152
1222924707651080193
1222924186802425858
1222924070683127809
1222923838897491968
1222923601273290759
1222923528824975360
1222923101928919045
1222922779403702273
1222922350204801024
1222922260597682177
1222922065273069574
1222921640566231044
1222921585771806722
1222921478238359552
1222921408235307009
1222921355915595777
1222921077464215552
1222920642145783808
1222920468224671745
1222915762517610498
1222743972650651648
1222701731949305857
1222701373529231362
1222694227299241985
1222153929204649985
1222142454905933826
1222120099609362437
1221952411398541313
1221950996907208705
1221588790185275396
1221583681577459712
1221580558989496321
1221580190687600642
1221579696699211781
1221554450050973696
1221554233327136771
1221553854652862465
1221553450330284034
1221552834778476544
1221552708802564099
1221536658992062466
1220544955724201985
1220337149951848449
1220062634000756739
1219363698667638785
1218760920064757761
1218395675928485890
1218392296858836992
1218153713875013633
1217814934802915328
1217813121269747712
1217704835186921473
1217520302751735808
1216942293372035072
1216769690422448128
1216738962993229825
1216713850743148544
1216216343839694848
1216088366913150977
1216085030814060544
1216082657441976322
1216048553354846208
1216047580871786497
1216045641887113218
1215751356650328067
1215738851685289985
1215662798841270272
1215409034523742208
1215151177932967936
1215004990294708225
1215001820441063424
1214603280237641728
1214595977576886272
1214591441932111874
1214590937898373122
1214590269884157953
1214586515747147777
1214585652001550338
1214584734665314306
1214584166890852352
1214583745132580865
1214583614228377600
1214577926332653569
1214577019679395840
1214576737947979777
1214571906252324865
1214562212007690246
1214436325752999937
1214418747546624000
1214416443116343296
1213217598495739905
1213205613288869892
1213183277504315393
1213130678293991426
1212480376880476160
1212035138579771394
1211151810192388097
1211149849288232961
1211149057604956160
1208787461058379777
1208284247259328514
1208111169225023489
1208017111760674816
1207740924052283393
1207740565389004803
1207718179981713411
1207376486371676160
1207294405494878208
1207110545742188544
1206606904644046851
1206582229385781248
1206582221764775937
1206209297228677120
1206019056433807360
1206016888209362945
1206016027135561728
1206013744020631552
1205526850937802753
1205523145941274625
1205246090360053762
1205244304203100161
1205243981233348609
1205243709694128134
1204996153697284096
1204802982157651970
1204743764465651712
1204742212707377163
1204041266914349056
1202588916580323328
1202443136200531968
1201912214850027520
1201859048854999040
1201720205694709760
1201666596957302785
1201664513201909760
1201595470470172674
1201544230121988096
1201375430974091264
1201374794949767168
1200070637211049986
1200067240231677952
1199527440265154560
1199468062480748546
1199467786176802816
1199442461027905538
1199441583344693254
1199440494935367680
1199439795962949632
1199439562092797952
1199439083183001600
1199438789971791880
1199437861352886274
1199437238989406208
1199436454365143040
1199436310630543361
1199435635209244678
1199434784570826752
1199434108050591747
1199432975831711745
1199432436893003776
1199430440693751814
1199429829554257921
1199429591644934145
1199428613717856262
1199428328517722114
1199427965232263169
1199427061506543616
1199426242136674305
1199425728875499520
1199423355910311936
1199421337325985794
1199420953463283712
1199419958536658945
1199419848645853185
1199419368985288709
1199419217042460673
1199418987962089474
1199418737264381952
1199418368585023488
1199417085924970496
1199417028328787970
1199416786418110465
1199416214604468226
1199407739782467584
1199403114522132481
1199400486358671360
1199397744198213635
1199395907336331264
1199394936883417088
1199393986982686723
1199393699018526720
1199392490283032578
1199391607721779206
1199391134012903425
1199389022298214401
1199388093582843904
1199387203064995840
1199386717331046400
1199386541224804352
1199385510013284352
1199384718816555008
1199384460778758144
1199384344965656576
1199383797948715015
1199383289003487233
1199382252318277632
1199381532873547776
1199380246656618496
1199379954976337922
1199379522015158273
1199378396834340866
1199345423376191489
1199344410535718920
1199199457272848389
1199160313272295424
1198618385921253376
1197981316266020874
1197980921766567936
1197980265328660481
1197858877125124096
1197141476993572865
1197135940654915584
1196608263682433027
1196052692994547713
1196050006425387008
1195498915614855168
1195094355498938368
1195092792500006924
1195092559166672896
1195091303471763456
1195090901745512459
1195089882059812864
1195089696097030144
1195089116704194561
1195088618085396503
1195087468506361867
1195086825725079553
1195085649193455616
1195085216118968326
1195084706376814592
1195084092657872896
1195083729632399361
1195082709955227665
1195082422838341637
1195082062363078658
1195081424652709890
1195080996921720832
1195079747010727936
1195079161230049280
1195077298472521728
1195076684413833217
1195076387335487488
1195075833850929152
1195073970250403840
1195072239135277063
1194782956121972736
1194671313576714241
1194671242831421440
1194670540587442177
1194670263650136069
1194645621795373057
1194601233606225920
1194407622822240267
1194407069375508481
1194218622245322757
1194033301197070336
1194033119025872897
1194032759804776448
1192922447932248064
1192917190233743361
1192914140538572801
1192912459318939648
1192908518770323460
1192895830761656321
1192893266963976192
1192892798791569408
1192892145113403392
1192891092586373120
1192888154790989824
1192883611550306305
1192883114252611584
1192882004817272832
1192878348436987906
1192877012471422977
1192876190144450560
1192846247020904449
1192844866608386050
1192843547797528577
1192842691148689409
1192840629400801281
1192839892054822913
1192839388671156225
1192838554000510976
1192835999061151745
1192829359448612870
1192825833943191554
1192823718222929921
1192822348744986625
1192821302366789633
1192818549779243008
1192816716960686080
1192811447350419457
1192801929702903808
1192799651814088706
1192798253617688576
1192548407996559363
1192546200207216640
1192542456732168192
1192542354906988545
1192539566223372296
1192538536089726993
1192538032223723525
1192518403677966337
1192516873700675585
1192515369245839360
1192514616032735235
1192263237124931584
1192263050117754882
1192262162317824000
1192261075472977920
1192260020177719296
1192259581608632321
1192259056892817408
1192258541400285184
1192258034308911104
1192257698156482561
1192257211269107714
1192256260705587202
1192254734134136832
1192254251185135617
1192254098420183041
1192253488086102017
1192253363242651648
1192253190567272449
1192252502588186624
1192252322711298050
1192251046854365185
1192250704519421952
1192249954460405761
1192248026078814209
1192246590959955968
1192246215230005248
1192245914632642560
1192245518828789765
1192245026866302976
1192234949635653632
1192234595586052099
1192234037613596675
1192216159258599424
1192215702658256896
1192103854210502659
1192087319999852549
1192065648886779905
1192041341334802433
1191533775588605953
1191533397732143104
1191530076040519681
1191529814454353925
1191528953326034944
1191528410767613952
1191527673052483584
1191527053444689920
1191526905465516032
1191526432557678592
1191526058484469761
1191525655575506945
1191522843273711616
1191522415785984001
1191521530926305280
1191520670913576961
1191519270255177729
1191517697315614726
1191516869863317505
1191515247896616961
1191514198762766337
1191513555079716869
1191507817905246208
1191424170774736899
1191423672982134789
1191151494969593856
1190633844413743105
1189383215678668800
1188996172171694081
1188991502804049921
1188990985679900672
1188868729796517889
1188539200704012288
1187869258929364993
1187346554472091653
1186866309818175488
1186822093830316032
1186817668621459456
1186816891815374848
1186440529925591040
1186439374621347840
1186435354213146624
1186301859679608832
1185616863641907200
1185616482216091648
1185410111176622081
1185344963867004929
1185265721795842048
1185244728192884737
1185242620999675908
1185163950066933763
1184431339929587717
1184252113066627073
1184191321986260993
1184175774888275970
1184123450039902210
1184111010648612869
1184110820755722240
1184086257581920262
1183903384795074561
1182132012280401920
1181916282196762624
1181915593773113344
1181915209075699714
1181564274507948032
1181422991235833856
1181391114298908673
1181365623143763975
1181348581166505984
1181348416011558913
1181331877099167744
1181060012153671680
1181059153432924161
1181059116229373952
1181058462836506624
1181057375039475712
1180590017724338177
1179963495279972352
1179962081338101761
1179960024656945155
1179765592468971522
1179765111646556161
1179561061151887361
1179413184022753282
1179168085045121029
1179135379594723331
1179135152880046082
1179134797052030985
1179134590734278661
1179025808708554754
1179012802381598720
1179001711131811840
1178816175565869057
1178814228590972928
1178811951738163200
1178036781176020992
1176955922297643008
1176654476087877632
1176599131709693957
1176502468815007750
1176502231966896128
1176501890777047040
1176501880639381504
1176355672637825024
1176215597602025472
1176125784358039553
1176107063774195717
1176102898910072832
1175564937428533248
1175533935775932417
1175532740604780545
1175532231433039873
1175493607631085568
1175435878740713473
1175435264019390466
1175433803483013120
1175413111064604673
1174802569778159617
1174796760235069455
1174795763295146000
1174794751561912329
1174793434391023617
1174792118520483841
1174791389474934794
1174791108574007310
1174790818307162117
1174790149164716052
1174789924526206984
1174789484438835210
1174789412028342272
1174787416495968275
1174787029298794506
1174786558580445185
1174786391013806084
1174786194741350406
1174786065074479104
1174785963597451267
1174785616560762880
1174785341359894529
1174784766769598464
1174784595587403777
1174784285783601152
1174783925237010435
1174783539784499200
1174783145960513537
1174783101148520449
1174782431980900358
1174782268474363904
1174782027306082305
1174780846169083907
1174780397068177408
1174780118604140551
1174779665871003648
1174779414195986433
1174779268150284294
1174779122561761280
1174779021814616068
1174778889589202944
1174778716355997703
1174778024849547264
1174777951096922113
1174777835086581763
1174777637736189955
1174777502407024646
1174777350694854662
1174777208084357121
1174777090450890753
1174776927829331973
1174775859439460355
1174775652031127552
1174775448657702913
1174775187360931843
1174774511666941954
1174746598640967680
1174745826368921600
1174745456150290433
1174744995934429184
1174741744170221576
1174741033898455040
1174740840272596993
1174740506804457472
1174739787141570560
1174739680417460230
1174739444622118913
1174739222005243905
1174738638485250052
1174738190667780097
1174737978486398985
1174737523014328320
1174737087381364736
1174736373804404736
1174736109076668416
1174735926146281474
1174735845955375105
1174735617520996352
1174735533588787200
1174735278810042370
1174735119472615425
1174734997556740097
1174734676700860416
1174734462019604480
1174733726414254082
1174733298997825538
1174733156144091136
1174732932646363137
1174732779537543169
1174732502633779201
1174731969529352192
1174731541429329920
1174731301024350208
1174731016696684544
1174730837671235585
1174730673355202562
1174730473869910016
1174730057916604416
1174729800604430336
1174727015079063553
1174684058019946496
1174575676944539649
1174495992806367232
1174467046882590722
1174461519238717440
1174439302505345024
1174394854119530496
1174366621697286146
1174365629043957761
1174353613520588803
1174349905755811840
1174126734880337921
1173965326091980805
1173950755314839552
1173928323292041216
1172902431015002112
1172901256823824387
1172900295233462272
1172596840455462913
1172536888487550976
1172535075826753538
1172492954470162432
1172484598548357122
1172484204715749376
1172476201769865216
1172475692145098752
1172475476721446912
1172473688094138374
1172333829874274304
1172328390445002758
1172174869016064000
1171879616086204422
1171847359212531713
1171833513701773319
1171830161811169281
1171546230469648386
1171545144446849025
1171544541536706565
1171460513378623490
1171414868601315330
1171156134213967872
1171107975915855876
1170887468905836544
1170857754136842241
1170577122659905536
1170576745591914496
1170477743613628421
1170433182220640257
1170305678361190400
1170299006976778240
1169982992451821572
1169965187803361280
1169965089195208705
1169962161189376002
1169257380514844673
1169222599185969152
1169221624052277248
1169043451826098177
1169042528739442688
1169042249021366273
1169041847857111040
1169034870808600577
1168947883158249473
1168947456769437705
1167187898497687554
1166827790798327808
1166550228255817735
1166549570102452226
1166549552809353216
1165975307008000000
1165974950907457536
1165669177216118784
1165311238689251328
1165297610963529735
1164977116431208448
1164962815683256326
1164716975249117186
1164716089210802176
1164529425461010432
1163941232902623232
1163663151700877312
1163662712116776962
1163657492129341446
1163634814655913984
1163633983458107394
1163237950399889408
1163237795760091136
1163194634543255560
1163192974546747392
1162896136086138881
1162895415559229440
1162895041964195840
1162795158536146944
1162753764022980609
1162414419781005315
1162414197063467009
1162392398355488768
1162101278694092800
1162097399055224833
1162096638065856512
1162095436842319877
1161865183993765888
1161282915080318976
1161244553187344384
1161001205944004608
1160921432282599431
1160775539025690624
1160755224069451777
1160549480657313792
1160331349850566656
1160211148807032834
1160148651991339009
1159941458440392704
1159869567906308103
1159868956250902534
1159858903942914048
1159858740167958529
1159173545735442439
1159171399874990081
1159143035688706049
1159140204021764096
1159140195305963520
1159140194437795841
1159140193271787520
1159140192349032448
1159140191455666179
1159140190587367425
1159140189681401856
1159140188662239232
1159125557965217795
1159117128773115905
1159107100330643456
1158968202824749057
1158963826567655424
1158963343388008448
1158754473612906498
1158754392037896192
1158453425518055430
1158071601247727619
1158071536819064832
1158071520633196545
1158042529226469377
1157792901247709184
1157792642601820160
1157106829886992390
1156970608950960128
1156970480802369536
1156418099983409152
1155882123900968961
1155579633527611398
1155502474586972161
1155260559790628864
1155236564341051393
1154598712758493184
1154592382475743232
1154452195703549952
1153767377751937025
1153526561443856385
1153525441426264065
1152074429305778177
1151685964693147649
1151624457305362433
1151117639407865857
1149374811828838400
1149281303042437120
1148938753232101377
1148929112813264901
1148928932340744192
1148928256655142912
1148742333439139840
1148742156733091842
1148671221594279936
1148664120209793024
1147851938807107584
1147522562357977088
1147164329801912333
1147154768705597441
1147046731642789888
1147046510347083776
1146277241313275905
1146276377332785153
1146240767280734213
1146240539731353610
1146240400832831490
1146106283029860352
1146106042222338048
1145856452021706752
1145853596216504321
1145852769351458823
1145830064854065152
1145374319125696513
1144964221781839877
1144964084183511040
1144938066198614017
1144113308557029376
1143877779274047489
1142633740625203200
1142042261557075968
1141819403543166977
1141816483250626560
1141737963635838981
1141730918182379521
1141348682933161984
1140651161114107904
1140051914803032069
1139902884097789953
1139902800631123969
1139494288604184577
1139487808110899201
1139487692855660546
1139487520000024578
1138921515045572608
1138905036279488512
1138176609964478464
1138176066072252417
1138140241414541315
1137522631622778881
1137019683419414529
1137017951742300161
1137012065183440896
1135690877219639296
1135553865175035904
1134833516452048896
1134540791571836928
1134483583312179200
1134267272443248641
1134243876368048128
1134223795453980673
1134201780592451584
1134201645003231232
1134199368972587009
1133975075202330625
1133974215269339137
1133973201871036416
1133834152493502465
1133790406452293633
1133623122341404673
1133622621113733120
1133622299104464896
1133620890862669824
1133619474635010048
1133616278277578754
1133615494618001408
1133614413481631745
1133613011514449921
1133611705802448896
1133609857708199936
1133608428717322240
1133606021698473984
1133602503902154752
1133600764436160517
1133600706173186048
1133579284805705728
1133570637367107585
1133567036821393408
1133545846677561344
1133475002882224131
1133469309747978240
1133462716360773633
1133460626859220998
1133459690531110912
1133449446111322112
1133071491828977664
1132294011023253509
1131542733166923776
1131540309358387201
1131539585576710144
1131026621908115456
1130831002232905729
1130830853238677505
1130830665182789637
1129235877497135104
1128781138766516224
1128506554314043392
1128503542136954880
1128291127289946112
1128018608876138496
1127922777497976832
1127919464438218755
1127200978904788992
1126933438500618246
1126920493230166017
1126881886427668481
1126290498791124992
1125997588103204865
1125728851248676864
1125392172646322176
1125391696211140609
1124847671334899712
1124282628658667521
1124271998719414273
1124265919331676160
1124251426878894081
1124165003932835840
1124163628045950977
1124154493673857026
1124080001270333441
1123986439518203904
1123985693112512518
1123756404613971973
1123617333182980097
1123226255288147969
1123204134373613571
1123203720693547008
1123046751391318016
1122734364062814208
1122196595964092423
1122193164377436160
1122180596695019520
1122156022397906949
1121284677870874624
1120898946791026688
1120885294423859201
1120668840994713600
1120468405121843200
1120448851490607114
1118528296936005633
1118173384578412545
1118173322280361984
1116467847063060480
1116467775399235584
1114978622039842824
1114113820878938112
1112189573524832257
1111979371680722944
1111595538900758528
1111594938213507073
1111464547108438017
1111083262372442114
1111083250997444614
1109146197825150977
1107860392741662721
1107605892554461184
1107601170019876864
1107484853933613056
1107286772067852288
1106907329742729216
1106759607526088705
1105907832904396800
1105901096340520967
1105817504134373377
1105800154207191041
1105799078703779840
1105680324275654656
1105480355371515905
1105480296303157248
1105263618336190465
1105252744502431750
1105191188808822784
1105163259898937345
1105156891980767232
1104233690488557568
1104140079621173248
1103315395476406273
1102933087976128512
1102686555238481920
1102558850362822656
1102558633106251777
1102555506051293184
1102543557821370368
1101625315384803329
1101341029133881344
1100370737939050496
1100363619693457410
1098975957820624896
1098397719230595072
1098064246678654976
1097547012201955329
1097201935441186817
1096958902900539392
1096958088710635520
1096926966173843457
1096589255198031872
1096492129159925761
1096491909399355395
1095934317124075520
1095855082602668032
1095742479322750976
1095330399193042945
1094799527066898433
1094797692469997568
1094678471924764672
1094675779798093824
1094600790948413442
1094600778571046912
1094600768156504064
1094598360340803584
1094459971029348353
1094394235531476993
1093927327682232320
1093904595867308033
1093904491429220352
1093904458793304064
1093544319368208385
1093544196215062528
1093125039983980544
1092810165919928321
1092652109944770560
1092503006854172678
1092501497861062656
1091735093943648257
1091732257474269184
1091723930304430080
1091192656854765569
1091086234951315458
1091059711561080833
1091037118158254081
1091035573228322816
1090670671548612609
1090643648667156480
1090569531423117312
1090260444000989184
1090256856818335744
1090242991963414528
1090007858224214017
1090007848602476558
1089889693100068864
1089873953810759680
1089872576409731073
1089486252603248640
1089482072333398016
1089481947393470464
1089479120562675714
1088793583707213824
1088791616595345408
1088787345091018754
1088786353310048258
1088673522757574656
1088673028047859716
1088595205626961920
1088432901035708416
1088432149764681729
1088047898376523777
1087703390065516544
1087703362039173121
1087679821117825025
1087437813983969281
1087395226174537728
1086669613939724288
1086460796924776449
1086302571474636801
1086302368092880899
1086151234929725440
1086057865364885504
1086046209335271424
1086043564365283329
1086043471520112640
1085747724123815936
1085587005138972674
1085416308475379712
1085250269389168640
1085154970176024576
1084878443739860992
1083808993997451265
1082623722618585089
1080832277838512128
1080815301405655040
1080652783739637761
1080155222385848322
1079013300149600256
1078315889387360256
1075393764473081856
1074341147743522817
1074335830473433088
1074335756695601152
1074334540624224257
1074310467286372355
1074309889357504512
1074309660985999360
1074308721537441794
1073601273994321920
1072903453473734656
1072840751799828480
1072709070107361281
1072604777060724737
1072604763144024064
1072603452793110529
1072257056382640133
1071848004582293506
1071847961125117952
1071846895612518400
1071836343163125761
1071364239812636672
1070676340326703104
1069979083814125568
1069678700608786436
1069572948800020480
1069235435627524096
1067531733292191744
1067446756059815936
1066912958981316608
1066874662297190400
1066336436398501889
1064311641054081024
1064311515304603654
1063791888782815232
1063531272390225921
1063460914865889280
1063425426645811200
1063393109386633217
1063390385337192448
1063389827121520642
1062879255133077504
1062848875139162112
1062670778485927936
1062400186578821124
1062147879823962112
1062012715475132416
1061703391196393472
1060509910373416961
1059664839797342208
1059664792779177984
1059558605781983234
1059557379589718016
1059036427646832640
1059033920891707392
1058302142224707585
1058299476761370625
1058299432746319873
1058299411477028864
1058153393431154688
1057979654341046273
1057853756371599361
1057794650419970048
1057612100435144705
1057611835501932545
1056689062575267840
1056243786135887872
1056210895318253570
1056210090024464384
1056128270046019584
1055943345929945088
1055917670074368000
1055916935093895169
1055916800146313216
1055855138928320512
1055845818870194176
1055842971684347910
1055842170840801280
1055841496912592902
1055840869717282816
1055558862789586946
1055287473440473088
1055220967079927809
1055125968820625408
1054578415116918784
1054392954893287426
1054391716944535554
1054391682425331712
1052897182838337536
1052411034861010944
1052410201272446976
1052055355646242816
1051143174444453893
1050588703322763264
1049808822347411457
1049808445350846469
1049759910991417344
1049759141663772673
1049725143352786944
1049724558276726785
1049602058012246016
1049600488189116416
1049508361899773952
1048572204089311232
1048305544283533312
1048194778670800898
1048193802769457152
1048193693449166848
1048193630102585349
1048193588629327872
1048192711579394048
1048192100951633922
1048191790166228997
1047931469396692994
1047596291335835650
1047513041749925888
1047446962042261504
1047446721616334848
1047446346226130944
1047446318044598272
1047319930016813056
1047302182717050880
1045988897199656960
1045762317126959104
1045400972506402818
1045291077694083073
1045290851822432262
1045290641264181248
1045085194611503104
1044982383324397568
1044968498638852097
1044933521524101122
1044921990824497153
1044558584665788416
1044558515946356737
1044557857574866944
1044556196810772480
1044380534284201984
1044266955337867264
1044202165194166272
1043850525840740354
1043644563703975936
1043643750986264577
1043480155673583616
1043169748505292800
1043091211203035136
1043089889405886464
1042558480413065216
1041805158093611008
1041410041637740545
1041311017584734208
1041308493414912001
1041308152124325891
1041306542505689089
1040807060970065921
1040065733840044032
1040025449743757312
1039861005642346496
1039498858177458176
1039286299784564738
1039180863270019073
1039180707757740033
1038948418431975424
1038948346642223104
1038765116337123334
1038762236091748354
1038034239193862144
1038034091009028097
1038017518475063301
1037846333871321088
1037815870465040384
1037674895998693377
1037669305452773376
1037662830730924032
1037468892954853387
1037157422673084416
1037017592773402624
1036019875121123328
1035689837578399744
1035605196590796801
1035604717185970176
1035346695725506560
1035263648418213889
1035263477571567616
1034966772049485824
1034966243286167552
1034661404069036033
1033882252265050117
1033882045892579328
1033353123266539521
1033352500240363520
1033087402280202240
1033087284583825409
1033058329420083201
1032792797433217024
1032522631294214144
1032522407481929728
1032513809632645120
1032451596704202752
1032404233851678720
1032403999801204739
1032273117698244608
1032265748310372353
1031912489624248325
1031738970198224898
1031708575859716097
1031708487406047239
1031708205963988995
1031707529187917826
1031699370012549120
1029937488117346304
1029920645990232065
1029892618765959168
1029892033551450113
1029888907331158016
1029888693673381888
1029888317993746432
1029887621693169664
1029887607822536705
1029375958984347648
1029352264086024193
1029348768028733441
1029348184873730048
1029196831610290179
1028864228013355008
1028364392184905729
1027640461979275264
1027530273381134337
1027528402369163264
1027510060694622208
1027181289076666368
1026482999997747201
1026481626203676672
1026480874727108610
1026479760678035456
1026254512594579456
1026253582797029377
1026250169136889857
1026113646005551106
1024863940248039425
1024863642448211969
1024615573664268288
1024527885112156160
1024451946030292997
1024448061484007425
1024440404098338816
1024431175736147968
1024308409859035136
1024119628732293121
1024100179748810753
1024095460854845440
1024094371711471616
1024082776134434816
1024064693885972480
1023945127050522624
1023591243706781696
1023555644937449473
1023554728666562560
1023231459564441602
1022509461267734530
1022509356372434944
1022509136179654656
1022318179140468736
1022283332313395200
1022283081464594433
1022282721320742912
1022278632209874945
1022278447152988160
1022200207205969921
1021756082107179008
1021755725645840385
1021755638777622528
1021755276473626624
1021755197301899264
1021755060961902592
1021750899822211072
1021747821177958400
1021746065861750786
1021477624198189056
1021462529682432000
1021013503220600832
1021011611631464449
1021001141679685632
1020865963078692864
1020811143760285696
1020805664749309953
1020776639431626752
1020775102416326659
1020775075098898432
1020775049895268352
1020774949831806976
1020657179668381696
1020635174953013248
1020404469153042433
1020294682738388992
1020198251822309376
1020197570554081280
1020112767393718273
1020112697206214659
1020110578382262274
1020051341052456961
1020008160373944320
1020007962524430336
1020006278955982848
1019744264857808898
1019704703561682944
1019704613325492227
1019689286600359937
1019615533472321536
1019057323640320001
1018912491907309568
1018140913778896896
1018140775027224576
1018139878029131781
1018139519110049793
1018138575227977728
1018134521693245440
1017757706604728320
1017736312823205888
1017711699779117056
1017613748310302721
1017606552990240768
1017355631832035328
1017355216969183233
1017183925280616448
1017179322719797248
1017179170210832384
1016490201693261825
1016292774348574721
1015973241746313216
1015972769308270593
1015970791131959296
1015755167696859136
1015754267473399808
1015752218266365954
1015749449862311936
1015625043764826114
1014186247957483520
1013847125921353731
1013846847495041026
1013816614645583872
1012465299633950721
1012312381274443777
1012311848841039874
1012163814240997378
1010936936691916802
1010212892673789952
1009767493139877888
1009543330148114432
1009542708921274369
1009229897364058112
1009079292448436224
1008762017178685440
1008720669704679424
1008720260185444353
1007816194836004864
1007744885632438273
1007732758456819714
1007723569848176642
1007718642694410240
1007701864006275084
1007697858248822785
1007697675133882368
1007350256047132672
1007233479543873539
1007200245917388800
1007073399473082368
1007063347580362752
1007062924551163904
1007032411161612288
1007006772127850496
1007005520010661891
1007005137494257668
1006987393986154501
1006984067831738369
1006976024536649730
1006887069887746054
1006869950215147521
1006855887049379840
1006686977662603264
1006635427481227265
1006568172059877382
1006567785403682819
1006559340914978816
1006548335392690176
1006301411544653826
1006295942163771392
1006199515400065024
1006128133165207552
1005632741701013505
1005547022584336385
1005545253082927104
1005456063573962752
1005428532439404545
1005263692466974721
1005253183516696577
1005251689035726848
1005249703217377284
1005241558021656581
1005238130134351873
1005230592441626626
1005166226237214720
1005163959740231680
1005163542826438657
1005163179771682818
1005158800360460289
1005132768341319680
1005132237921292288
1004904374173302784
1004755314699395073
1004154299054731270
1004086185340391426
1004083215089524736
1004078395355992064
1004017122484346881
1004015954613952512
1004014776555638786
1004014561861791744
1003986507697393664
1003979066972737539
1003956935186624512
1003956612124602368
1003949688297582595
1003945314548580352
1003944656017780737
1003683228270645249
1003683019994124288
1003682814775255041
1003653465854414849
1003489350309568513
1003414777123737606
1003366463124754437
1003231166118465536
1003230515720269825
1003230105811017728
1003208092786548736
1003029415968768000
1002943693333127169
1002942783643111424
1002941708508782592
1002898395969748992
1002695392633540608
1002549409161281536
1002508903677157376
1002352657175121920
1002292576161026049
1001914746097012736
1001084528671232002
1000735789158993922
1000730291617529856
1000586325928632320
1000402505275183104
1000402418964815873
1000305382512906240
1000303719550988288
1000111630380826624
1000058788559446016
1000058452323065858
1000056317405552642
1000051507264393216
1000030674181648386
1000029202513563648
999785744712503301
999490643926937605
999487958725120000
999375172711997441
999323416019783681
999309280867176450
999268175538769921
999230187932971008
999105934130544640
998996592068833280
998992522176270338
998987970416869377
998987182684737536
998931009163923456
998681058823548929
998679645309538304
998602645190344704
998558832686174210
998536175118843905
998530773157400577
998524385546956800
998297250169311232
998244632403333131
998243235519754240
998239122471968769
998184784206680064
997468130157973505
997465543555809280
997457606678589440
997446628792504321
997444037278920705
997441585838280704
997433392223449088
997307383218044928
997283964569210885
997154931772706816
997153764418228225
997115812807753733
996810295791276035
996804804272885760
996744906721947649
996740456397656064
996733256895750144
996713754585944065
996509851617554437
996438166705000449
996433610856108034
996430001976303616
996415120568979456
996414086178058242
996413967420547072
996142821555015680
996142294985330689
996131209821458432
996113087861272576
995388150737506304
995372947329208320
994931586675113984
994738707986034688
994738670946185216
994738070774861825
994735837295366145
994734407498989568
994732890012385280
994730987966877696
994730269172215808
994726830635659264
994602653261926400
994602283160698880
993825238394818561
993528984720805888
993490073671913472
993463508036669440
993455008602615811
993178364709146624
992443192187478016
992242214561501187
991650967123873792
991650187612491776
991648426873032704
991646713118158849
991466319613775874
991349466732072960
991322006594441218
991291727150485505
991158944776278021
991106517112950784
991106133371875328
991104916746854401
991103905374326784
991103447121440768
991103297619660801
991102688472522752
991102644101042177
991102443311255557
991101489870450688
991101449684815872
991101401995636741
991100950491385856
991099723145728000
991098460760891392
991090197147324417
991082150375186432
990727174629085190
990673690273738757
990316127610920962
989922725379690496
989919837827854343
989908303672238080
989906928615731200
989904906919337984
989897865370767360
989897241375793153
989897062539055105
989897024165294080
989896737996275712
989896550573858817
989637790378938368
988948840236666881
988926978169466880
988885727814537218
988881910708436992
988867997971435525
988843545376280576
988841223677935617
988839509331718152
988800912155119617
988439752423694337
988439365700476929
988040841812901889
987356320520077313
986790946049286149
986790471157633025
986775244030529536
986668441808592896
986668354072129538
986667221375168515
986616842667155457
986601142850412544
986599871946940418
986597751852077056
986597665508134912
986594506018566145
986313627824218113
984987644731056129
984986151374204928
984925798711906305
984925789987762177
984573549586407424
984572996282212353
984221270152744965
984206660938993664
984142840111476737
984141571468689409
984088776426311681
983536886479278081
983367742383443968
983367608622829568
983303746791919617
983190570393890816
983128743546884096
983128673325862912
983091195642613760
983086321227980800
983082452188057601
983081711226540033
982979967825924096
982593166208618497
982592919973613569
982591099830198272
982590933765165058
982414619011579905
982049473806458881
981656007410618368
981106151604543488
981010193419993089
981006403543412738
980935347805749249
980788516203491328
980788351673536512
980250927054622720
980246954646138880
980230292555395072
980070457327177728
979856505854980097
979843582050873344
979731661834342400
979429316252635136
979360080847167488
979137673578385409
979080469567373317
979080181380976647
978752251903791106
978436299232284673
