1330384738767360001
1330381220878946307
1330378484087201792
1330353888575287297
1330352444338024470
1330320924088922115
1330320756388077572
1330308824977334275
1330301754345447425
1329957469028802566
1329932819959713792
1329931748168192001
1329931466768146432
1329930886121340928
1329914062025572352
1329913508960485377
1329877556984569856
1329838089024327680
1329636747790090240
1329624926207184896
1329624723399929856
1329610034934792193
1329609395886456835
1329595314974560256
1329580774845124609
1329580171360288768
1329579957761187841
1329579851297083392
1329579354414751744
1329567182112493568
1329564573905534976
1329564322637303808
1329563735225036800
1329563314830016512
1329557984846909441
1329557191473336322
1329551480349626369
1329547745368051714
1329542704120795136
1329542607169409024
1329541390137659392
1329540198879817730
1329540144832020481
1329533265422630912
1329505697780809729
1329450459594158090
1329309517423603713
1329306955316248579
1329304626546368512
1329301818220822528
1329301006895595521
1329300671984635904
1329299787443650566
1329298572341293058
1329298316018950144
1329298257344819202
1329297916444360710
1329297438675386368
1329297145954852868
1329296441215369218
1329296212525154305
1329295966994792449
1329293587813597185
1329291179398209537
1329282177679257601
1329276666896658438
1329243548307210240
1329233272333746177
1329135672075010048
1329135422925021184
1329110999140499456
1328968526540001282
1328885877775405057
1328876124030464002
1328855071984152579
1328852418369638407
1328842470256308224
1328798679944241153
1328797783231397888
1328783171874275329
1328598352460734465
1328572643730223104
1328500983266242562
1328492180927877122
1328466902759346176
1328466214813798401
1328461332748726274
1328428015504683010
1328427934491709441
1328405752390696961
1328405341155954688
1328213982797172736
1328211461877886981
1328209641294221313
1328161539191279622
1328159159598997504
1328144029536509952
1328143535736975360
1328111192980635648
1328090130653925376
1328089499373486081
1328070095524904960
1328057432015216640
1327885950576332802
1327804623365791744
1327804490754428931
1327773434227486720
1327743698986168320
1327743553846398977
1327741663683387393
1327699578657726464
1327488217046601729
1327444702279286790
1327423583056928768
1327406940360622080
1327406851101577216
1327406812635643904
1327406561849798656
1327394057060904960
1327394038308225024
1327388578637176832
1327388533246464000
1327371221932019712
1327371109587582976
1327370957460160513
1327352302148014081
1327348806636093441
1327333797055098885
1327304157875695616
1327141619536175104
1327137747837071360
1327098555459198978
1327048448193904641
1327039804136034304
1327035808058990592
1327031518636634114
1327003853284249600
1326985532140761089
1326981171222171648
1326976966348582913
1326975411620757504
1326974703756431360
1326974673268011008
1326974591160487941
1326961767117848576
1326955800149987328
1326955747758927872
1326745842024263680
1326744583355596801
1326728288102854656
1326728165918613504
1326726711631699969
1326723838780923905
1326681627335012358
1326673143323267073
1326664862987005952
1326656684886958082
1326653020340248576
1326624357905387521
1326622154301923328
1326614808163069955
1326603091307757568
1326602977696653312
1326602639828643841
1326419696317591553
1326415658591117313
1326415619433127936
1326397280354709506
1326390417580052480
1326373105569202176
1326357266656714752
1326356052791549953
1326355408399732736
1326351240888938497
1326327706926002176
1326299102464761856
1326291685693775873
1326290353670877184
1326290314764509186
1326282590546849792
1326281441244717056
1326277841223254017
1326276615811162112
1326275807816265728
1326275485869858819
1326275218738827266
1326274996440760320
1326274210826694659
1326273780277157889
1326273422763061248
1326269458566926336
1326268753361858560
1326268364356939776
1326267832120696832
1326266838280404995
1326265617477890048
1326265139474038784
1326264035667406848
1326263470732402688
1326263208961732608
1326262872821755905
1326262105629097984
1326253057118674944
1326246569289543680
1326246432903319552
1326245748044750849
1326245521137131520
1326245272792395776
1326232420086026240
1326227622808834048
1326227341945655296
1326227317819990016
1326225328004460544
1326225278952120321
1326219125685825536
1326201225642008576
1326115174995128321
1326088594327482369
1326057391633256453
1326018612700745729
1326017963640705024
1326008101368164352
1325980124383154177
1325979959236714498
1325979666075815937
1325979397380329473
1325979132191256576
1325978910975275009
1325978600152182784
1325978436570066944
1325978143832862722
1325978061481914368
1325977976408854529
1325977840945393664
1325977394528849922
1325976286351790080
1325975865453408256
1325975666517479425
1325975273079263232
1325974559154171910
1325960688590839808
1325933498553622528
1325920591245881345
1325913066878414850
1325910527760080897
1325901784590802944
1325901684380479489
1325888438604886020
1325885665561743364
1325883029248761861
1325882813938331649
1325882754614046720
1325880089905520640
1325879524974710784
1325878632133308416
1325878041948598273
1325865850830807040
1325857158450180096
1325856210805952513
1325856122457137157
1325855923479326720
1325855535741063168
1325855280869957633
1325854767378096129
1325852459235827713
1325851417609863168
1325851292263014400
1325849085635559431
1325848613814071297
1325846363683184640
1325838615818067969
1325837723194724374
1325837537747767303
1325837322877767683
1325830308860583937
1325827449930670080
1325822586337419265
1325818242808442884
1325603666191998976
1325563101257805824
1325552995375964162
1325551027190378499
1325545115440603139
1325542307370823682
1325534628032245771
1325533296961466368
1325532642058637314
1325532568830271488
1325527984548110336
1325527298875912192
1325523061102178304
1325522278772215808
1325262043331571712
1325212139003502597
1325211969650126849
1325192476596957184
1325166925538684932
1325155607834365953
1325154980584624128
1325136953109405704
1325133776477843461
1325133573104435201
1324969039291019264
1324968183162265600
1324960912260820992
1324953387910131712
1324942260450942977
1324941440808415233
1324941365575262208
1324941036699832321
1324938979909672961
1324935944844140545
1324935819656794112
1324935283586916352
1324934380905656322
1324934135744323584
1324933972485267457
1324931960804794369
1324931554817183744
1324931269348663305
1324930916649594880
1324927200316035072
1324926776817160192
1324924295127080961
1324923845560561664
1324912228487684098
1324907272758321152
1324907039848603648
1324906923615989760
1324905362680672256
1324884236294238209
1324882317895225346
1324879863929450497
1324815886264406016
1324774904181350401
1324766171288072193
1324766058180341761
1324606309648408576
1324597822486794240
1324593838862729217
1324589650900480005
1324573119198031873
1324572892789579776
1324571632384397312
1324571562561789952
1324571459352551426
1324571043260891136
1324568937023954945
1324565872170602498
1324551698547838976
1324551608961699840
1324519007253196800
1324518824675168259
1324504892547895296
1324500023443300354
1324499106643861504
1324498941296091136
1324498244345323521
1324497519695388672
1324495110730469377
1324484047238701056
1324484010907557888
1324469604119433216
1324469184898736128
1324468951728926721
1324468838570840064
1324449258871918592
1324442487931445251
1324440828845170688
1324440015233982465
1324439244933386244
1324437017531305984
1324436145673916417
1324413115228934145
1324409647688679424
1324406461489848325
1324406356409896960
1324404071868948480
1324402375847669762
1324401466392473602
1324400628173434880
1324385245286653952
1324253570204540928
1324249703039426561
1324243703481864198
1324236988665405440
1324236630010462208
1324235945734893573
1324235642209931264
1324233556890013697
1324229305514143744
1324177123569889280
1324169599370240000
1324162519976472577
1324149082143641600
1324148602445312000
1324141513333444608
1324112638939439106
1324106737192939522
1324104701038620673
1324103576248066049
1324103159833337856
1324102475490668548
1324098531825577984
1324059911773396992
1324057230992441344
1324021318602252288
1324021068521074690
1323888756055666688
1323888659431485440
1323882757341081601
1323881569115729921
1323869373614813184
1323868067869323265
1323865673559273474
1323864520821932032
1323857488890847233
1323809344270430209
1323809180470276098
1323808786608316416
1323808316376506368
1323808040332664832
1323807963342012416
1323799737208766464
1323796040982487042
1323795699327098880
1323794483381592065
1323793476404695040
1323793400726921217
1323793094777602051
1323790874501808128
1323790733216681984
1323784901674430464
1323784402556563458
1323784100411437056
1323738950121385984
1323738250096209920
1323738042020978688
1323735407570292737
1323497734125494272
1323490392327692288
1323443461261910017
1323443293246685185
1323426201013153792
1323423067222077443
1323421198928105474
1323420917150621696
1323420716981628933
1323420168257597440
1323418740562620416
1323418644588556289
1323415529470615553
1323415238302068736
1323414857543163904
1323412340738453505
1323411839938560001
1323411480633466880
1323411028806307840
1323410977686081536
1323410694247604225
1323409671667945472
1323346883868196864
1323318034811990016
1323295525576220672
1323131221027680256
1323130973966327809
1323130185827250176
1323130056449818624
1323096345146650626
1323093982885240832
1323092981977477121
1323092693031899137
1323073734761013251
1323072351320207360
1323072240468946944
1323072051893084163
1323071962676031488
1323070960283496450
1323070870223421440
1323069981597130753
1323038560212066304
1323032604501708808
1323014417152311296
1322991581897449472
1322987103714635776
1322974510954500101
1322967188165328897
1322940967570173952
1322806784763981824
1322756996920082432
1322756697144713216
1322756371796783105
1322756141554700288
1322746382877290496
1322743928169267201
1322730510678851584
1322730216628776961
1322710048150220800
1322693570235523072
1322692350481559553
1322684363419443200
1322677034913472512
1322677011714772993
1322580841051033600
1322388899902021634
1322349383984185344
1322334077270282240
1322317288394010624
1322276189147332608
1322275942824255489
1322275566200840193
1322275527822962688
1322275309559840768
1322212620028567553
1322037087923658753
1322031319736438786
1322030584848216066
1322026114315767809
1322025449342464001
1322024951956738049
1322024847925411841
1322024187758669827
1322016230765518848
1322016034031759360
1322014599768469504
1321960291228286977
1321960254159036416
1321960039276425216
1321957614826106880
1321957188185649152
1321929875549167618
1321929660536553472
1321924111254257664
1321923834346237952
1321917998291013632
1321890236259987456
1321887827416641536
1321688720496492545
1321687607131009024
1321634197463724032
1321633890402922496
1321633656100675589
1321629081440575488
1321627387545767938
1321608945123774465
1321608484169764864
1321582466772004868
1321568760063496196
1321519678573867009
1321519442732306433
1321477556386758657
1321325485020778496
1321319989081559041
1321317119200423936
1321316179999363074
1321307132357214213
1321307080901447683
1321306698418630657
1321306638314332162
1321305845074898944
1321305271612940290
1321304951608496132
1321291001638588418
1321284740826107904
1321283542010089472
1321283456639193088
1321281326796816384
1321281245293072385
1321280987280543744
1321279464647475200
1321276653444608000
1321274225785622531
1321273288476160000
1321273065590845440
1321263580944084992
1321260836615147520
1321258070157094913
1321257850140651521
1321252834365431813
1321249713367117824
1321226144373301248
1321225544894087168
1321224950817042437
1321224542996422656
1321214612524601345
1321212525443117058
1321211927809277955
1321209997213089792
1321209824177090561
1321206746195447809
1321202313533419520
1321202040010231808
1321201947534217216
1321198575804502016
1321197881202651137
1321196465939689478
1321194137916305408
1321194105792196608
1321192820556754945
1321192790865264641
1321192517509890049
1321191648903065600
1321191621585629186
1321191602178584578
1321191580321992705
1321191412474376193
1321191379226161152
1321191339652833280
1321191315166482434
1321169817651404800
1321167938552877058
1321119041570762752
1321114830820929542
1320944943867723778
1320934663292997632
1320932047284621312
1320929152707383297
1320928204505268224
1320917796016943104
1320905451718938624
1320905411579371520
1320897598010675200
1320897530448654336
1320894967926063107
1320892468196339717
1320892435447201793
1320892398306684929
1320884297192992768
1320883289914105856
1320859559037054976
1320840245395345408
1320839350196862978
1320815221343047681
1320780778989498369
1320753546208464901
1320542408321363969
1320511229664751616
1320492092930453504
1320476373001981952
1320474683108569088
1320471019245584384
1320465620324864000
1320454920898658305
1320453792106569728
1320432278627962880
1320431804193538048
1320431571103461376
1320264232277979136
1320264102682390528
1320263773593088000
1320249805461876736
1320246421954592769
1320244773379207170
1320244606865305604
1320244479777861632
1320244404368539648
1320244057583480833
1320237379219681280
1320235907480387584
1320232231692980225
1320229607887417344
1320227813878910976
1320226919875366916
1320226884139929600
1320226775079677953
1320225945215614976
1320224391297314816
1320222938520403968
1320219952729653249
1320218473239203840
1320216196143218689
1320215914130731009
1320214612797648898
1320214442143961095
1320213819864412164
1320213662590586881
1320213473763217409
1320211623500369925
1320209735350562816
1320203777459146752
1320180892774481920
1320150013205381120
1320148067295715329
1320141774937935872
1320138853076750336
1320138692082556928
1320136323651399680
1320135976992210944
1320135316116697088
1320133882969161728
1320130852928376837
1320128168594788352
1320107123993264128
1320092270264152064
1320091301795172352
1320086180700983296
1320085352195866624
1320084020848259073
1320082748460068864
1320072117476454402
1320049283341512704
1320048792402497536
1319784034763849728
1319725722223652875
1319720551477379072
1319715959473643525
1319714640675409922
1319707648246206465
1319689931459948544
1319689432056774656
1319505221521997827
1319503716714676224
1319493351830441984
1319488503172849664
1319471082852724741
1319466179585593344
1319466166054768640
1319465917298970624
1319462813245505536
1319459520331108358
1319458831185956864
1319457934158532609
1319363446014578688
1319355646869827584
1319355086842179584
1319319636245053441
1319318871535304704
1319301022968328193
1319298752264503298
1319297823880327168
1319295125269499905
1319292533273341957
1319291891322654720
1319290527204823043
1319289892094930951
1319284207760199684
1319283615776141314
1319278521743601666
1319277492935381003
1319274432846856193
1319272947102539776
1319272691380047876
1319158934075265026
1319158231860727808
1319128846944194560
1319114504748216322
1319113297539444736
1319113068807393281
1319111697861324802
1319110550903787521
1319108771218677765
1319108033084051456
1319103949320998913
1319073606446567424
1319048505445421057
1319040944767787009
1319040867584208896
1319038918147256321
1319024504006430721
1318962906868768769
1318949239527940099
1318926484052922373
1318788988623331338
1318788632979922945
1318755120654340096
1318731968234672131
1318710167672934400
1318695034640769024
1318684476583542790
1318684450289430528
1318681050944397312
1318656595820081153
1318643463588442112
1318638563508957186
1318605706845540354
1318565563250085888
1318562802525597697
1318428412491358208
1318422597034340352
1318410774931406850
1318410562909270016
1318409576803303427
1318377870419402752
1318377801083334656
1318377413919657984
1318364082316046336
1318364000330027008
1318358574850928640
1318357750359891968
1318356414344032256
1318327771693641729
1318327242749923328
1318327204544049152
1318327083978825730
1318318193354571776
1318304816771125248
1318301400925827072
1318299286350647296
1318295695661518848
1318295656214056960
1318295522696781824
1318295456804319232
1318295282237386752
1318295078666842113
1318294768120557568
1318284285200060416
1318264901207355392
1318259837571002368
1318258463668019200
1318233453280718848
1318226201765416967
1318199262954594306
1318198895550341121
1318192745165606913
1318192441476980736
1318192204939231234
1318073481003585536
1318073282877247488
1318049298823716864
1318025229780676608
1317947749908717573
1317692397703241728
1317690416083259392
1317690265620996099
1317657992972566528
1317649695456415744
1317597981772754950
1317580776221724672
1317556465645727744
1317376958821326849
1317376788754878467
1317346484694765573
1317275640144429056
1317255841116901377
1317248759680651264
1317248372730961920
1317216194617765888
1317211311512506368
1317183844588560385
1317176714695380992
1317147130671280129
1316953107063033859
1316950767480283136
1316936380518453253
1316936268639621121
1316935953278263298
1316935415044231169
1316935042485096449
1316927210146627586
1316906848801488898
1316841994694676481
1316839534332702721
1316832556902473729
1316810573179424769
1316806257035091971
1316625902038466560
1316607693654761472
1316605879307902977
1316602813078794241
1316593318613061633
1316593140095123458
1316567335398850560
1316567084030074880
1316566674087178241
1316566425679486977
1316539443096875008
1316509745545572352
1316446038417268736
1316442400873644033
1316220792057675776
1316220736579624960
1316213593457586177
1316213380013678593
1316150390971228161
1316147575116890113
1316138866634416129
1316124078202216450
1316118718330531841
1316039872835018752
1315899283762155520
1315899230205091840
1315804920398802945
1315804627044974592
1315800283646062592
1315800246560096256
1315510998405578752
1315393202380185600
1315392292824391680
1315390038457237504
1315389263626739712
1315379392227360768
1315364039074086912
1315153025774751745
1315114649952550913
1315114516909158400
1315094081131880448
1315090292953870336
1315090140063133697
1315087871045369861
1315087742129242114
1315087527628267523
1315082481020805120
1315074002155528193
1315073768700538881
1315051571378483201
1315031074251001856
1315029724356210689
1315024105834332160
1315023867778199552
1314714840011730944
1314714109384953856
1314713982616236032
1314683635040096257
1314683426113372160
1314681872375443456
1314637662582521858
1314625381366820865
1314625268997267457
1314456695012118528
1314432389930598406
1314422460998062082
1314406685390172160
1314400923167285249
1314400818527780864
1314396532561440768
1314394101316423680
1314393903626293248
1314315495286341633
1314315000345812993
1314314965461815296
1314303488868802560
1314298794112999430
1314294935026233345
1314294116981727233
1314289898052960257
1314287159088607232
1314267151407013888
1314237879724511234
1314230742436769794
1314047616406089728
1314047355310628864
1314032848299462657
1314021526174228481
1314007582193795072
1314007478682546176
1313987650869698565
1313982424272039936
1313981914118791168
1313981429110501376
1313967526095720448
1313943426321313795
1313904451997052928
1313899848010264577
1313691301003501573
1313687540185006080
1313684352622972928
1313681909994536960
1313681754067066882
1313681607782363136
1313681586659889152
1313681365003460609
1313670568651100161
1313670354456387585
1313669760064790528
1313626724207263744
1313622160016113664
1313609631407714304
1313608446143594498
1313608225036656640
1313592657201954816
1313591575952326657
1313591333701914626
1313590109715881984
1313573003096068097
1313572933260832770
1313572635465318400
1313556990233210882
1313556119084646405
1313548249496600576
1313547897019879424
1313547441619181569
1313546246100054028
1313533029676089345
1313490605234892800
1313489765942132744
1313384072132009985
1313366022683070465
1313325420578652160
1313325331533631488
1313293922190454785
1313285862960951298
1313284533798629377
1313281208780877824
1313264388388745216
1313228521615974402
1313224979853438977
1313223387867570176
1313221543082647553
1313221457439203328
1313166227691372544
1313010730203975681
1312986031457595394
1312985505345105920
1312985375237836801
1312943970729619456
1312916988985925633
1312915242351878144
1312885836774404096
1312878319042531336
1312875141009821696
1312874133357654016
1312855349209169920
1312853276228947968
1312852777807347712
1312847901903654912
1312847807460507650
1312846805483184128
1312846416297877504
1312844838232940544
1312843609784287232
1312835243217354752
1312828326663217152
1312828175873835009
1312828032390815744
1312596882498097153
1312596773983010822
1312589198562521094
1312581287996088320
1312581190512115712
1312580365043691521
1312580271816859649
1312579536882597891
1312579332645089280
1312579279947931649
1312579121491238913
1312578737062375425
1312578550902349824
1312578296119390208
1312578189084901378
1312577986693001216
1312547349848190976
1312546286495625217
1312540083518468096
1312539272323375104
1312510855586607104
1312503521447538689
1312502296895320064
1312500419344527360
1312480161904783360
1312293117920309248
1312235216086298627
1312222152217694215
1312207204984918018
1312203744579182593
1312202226186678279
1312201939615014912
1312191032323309568
1312184926020624384
1312182625709166593
1312181876648366080
1312181797761896451
1312178740428906496
1312171221430067200
1312163442212495361
1312163428291600384
1312163416874778624
1312163406846193665
1312121032841416706
1312114559281328129
1312114208851415040
1312093114761240576
1312027170923974658
1312026887498027010
1312005171870752770
1312005135137038337
1312003892343832577
1311932330043293696
1311901582779281408
1311899989686198278
1311899241262977030
1311897501553680387
1311892246300557312
1311853564273192960
1311852786137538560
1311849565675352064
1311835634487631872
1311835475313782784
1311835275593748482
1311831142044065792
1311821576959008770
1311815446149042180
1311801770973130752
1311785795771011072
1311783914172686336
1311779082292477952
1311777135481167872
1311775849557848064
1311775630346735616
1311774737912066049
1311761807732686848
1311731557196075010
1311577603782836224
1311559944609570816
1311523067546533888
1311522895462625280
1311522871290859522
1311518278087565312
1311517205541117953
1311515836176269314
1311513887112654849
1311513072763375618
1311512725055569922
1311510184246816768
1311508727758032897
1311508513026445312
1311507046479597568
1311505385535221760
1311505338089209856
1311503527391490050
1311503241188868096
1311503158586245122
1311503042794184704
1311502641944551425
1311499349172596738
1311498870564810752
1311442601183252480
1311414100682067968
1311404184781062144
1311404058150928384
1311402411454586887
1311383226154455042
1311350034919641088
1311346839912759296
1311346784468230144
1311175663873789952
1311169617813929984
1311163092772909056
1311154571570413568
1311063738833760257
1311055142641307649
1311047591027601408
1311041839445635072
1311040431946256384
1311037433866104832
1311037064800944128
1311008756000419840
1310999153233682432
1310998039432015877
1310996298066083840
1310993551883292672
1310990662997741568
1310990358445092864
1310979556778496000
1310831469749649408
1310818066431840256
1310772810415915008
1310759950314954752
1310738176386805760
1310731353550401536
1310723984367861761
1310701170332020736
1310688296608169984
1310681803380994055
1310670619055394816
1310663086974676993
1310662822297305088
1310654205107949573
1310414303984455680
1310414014808113152
1310297607890034689
1310297283435491328
1310292363474993152
1310282669578620928
1310055534435860480
1310052946869059595
1310049737953996800
1310009843843964929
1310009699505324032
1309991424092299266
1309981396480466946
1309979417972621317
1309979092674998272
1309972476626046978
1309971684103827457
1309970674052595712
1309970516338331648
1309970425841999872
1309941606699601921
1309941371025780736
1309928721755680774
1309927947050967040
1309754151337824257
1309726021042667520
1309725232878350337
1309722729122205696
1309721158787280899
1309717079201689601
1309715409520664577
1309714984885075969
1309714938949107712
1309714714771910656
1309714330368106496
1309713774794874880
1309713606003404800
1309711313023774723
1309709286486941696
1309697581694349314
1309691487211331584
1309691311155339264
1309660204112338944
1309625044272689153
1309620855761178624
1309608254973136896
1309605152933007367
1309604650627272706
1309603813649772545
1309581424693923840
1309580774593585152
1309578084522156032
1309574270423429125
1309574262332637184
1309561457617432576
1309556540597174272
1309529933576695809
1309529262039293952
1309528662320902145
1309520762403864577
1309520565682630656
1309517229411561473
1309512381135945728
1309512294540353537
1309512246440026118
1309348052004610048
1309341714880933889
1309339397834252289
1309321583870111746
1309321453355937792
1309321299412488192
1309317619980279808
1309316642833395712
1309316316570947584
1309315962823303168
1309315893520822272
1309314621744898049
1309302160690016256
1309269340361908224
1309247017483345920
1309246870577770497
1309245395843706880
1309240832860409856
1309240743488229376
1309237165541322752
1309236393718108162
1309199050978156545
1309197511303651328
1309197476520288256
1309195680355725313
1309195565616381952
1309194076168753152
1309172871898566656
1309151305462501377
1309003680230842372
1308982427038220289
1308981936774356997
1308972126385430528
1308969786907426816
1308969345922498561
1308968597549711365
1308952514981576704
1308951939950891008
1308951812972576768
1308951364463026177
1308945086193889281
1308937673256525824
1308935864093831168
1308935659890110464
1308935241772544000
1308929471068733440
1308929313811525632
1308925452803870721
1308925412303568896
1308920763756482562
1308915403398184966
1308915268098445319
1308914270323847169
1308910801315598336
1308869877843865603
1308862380630331395
1308829584541003777
1308828777447788546
1308820563691929601
1308799466502197248
1308799112045682692
1308640187652534273
1308624900945403907
1308624266976403456
1308608920093589504
1308607178635239424
1308607009709674496
1308606466396282880
1308603017881513985
1308602826654851072
1308579237838741504
1308573314030288896
1308537434783842307
1308523422771707909
1308522908847833089
1308522094838321152
1308521691040100353
1308513168981884928
1308440821801209856
1308282514289565696
1308277008632176640
1308276047390019585
1308275283141615616
1308269759671140354
1308259567831117825
1308259520531976192
1308255479974354944
1308222965641740288
1308221979590156289
1308133471869521920
1308131082571665408
1308131026779041792
1308129920120356865
1308123347117465601
1308114937374408705
1308093598248783874
1308067873877704705
1307943169846177792
1307883147485274112
1307879354228121600
1307875883093385217
1307871549819506688
1307866876731506688
1307844942056710145
1307830303420022785
1307823847987703810
1307816825397207042
1307807234940792832
1307792797458546689
1307749636900229121
1307749502757998592
1307749033868316672
1307748375178084352
1307747616185221120
1307747089158266880
1307746957985603584
1307746407932076032
1307744094978895873
1307571999472930816
1307565723300974592
1307543346433282048
1307505301432672256
1307481696351039488
1307476326253604864
1307471564045086725
1307463195066470400
1307389600231383040
1307389175054786560
1307387563720634368
1307386305555255296
1307386066500870145
1307385629026578439
1307385154038427648
1307375656695521281
1307374993345445888
1307373083502673923
1307372904162574337
1307372034679140353
1307370473806651392
1307370141642973184
1307370046977581056
1307246983376109568
1307183145574432768
1307159980613595142
1307146425143308288
1307142465430978560
1307108150638764035
1307101236882268160
1307055358972698625
1307052376491200512
1307036794685394945
1307036484231364609
1307034204962803713
1307032143386890241
1307032085480251392
1307031263287611392
1307031118479327239
1307028786920128512
1307023694758207489
1307017295286415360
1307005286998257666
1307001099996463104
1307000993951830016
1306999882784239616
1306996898763603969
1306995304881778688
1306987607017115648
1306987301998866437
1306986288055283713
1306985478646837248
1306985235154952192
1306983459341111296
1306982492591845376
1306980496107352066
1306980324103069699
1306979680751366146
1306822252181233665
1306811194171252737
1306803049076322305
1306801529412874240
1306782439696728064
1306782196578091008
1306777373925310464
1306774762790612992
1306773624154550272
1306772563494801412
1306772416958312449
1306768370058932225
1306762299462627330
1306757913944289280
1306753936875945984
1306753342362714112
1306753037654831104
1306751288806236160
1306750724043239424
1306750415115964417
1306736486121762816
1306702598448312320
1306702513769455616
1306702463207190529
1306691410591055872
1306691012627103744
1306612605478252544
1306414752814436352
1306414524312944641
1306404495610445825
1306404347991875586
1306399586123018242
1306396204503199745
1306393625572438021
1306380392493056000
1306379976766152704
1306379456395657216
1306323463947382787
1306300418708832256
1306279696510775298
1306255568315625473
1306254286607667200
1306254140918513666
1306251770021076993
1306249567319465984
1306244826992504832
1306244735514718208
1306241645885550592
1306240392157949954
1306104997852196864
1306085979271442433
1306057238872813569
1306055564452147201
1306054876770820096
1306053904342429696
1306052230886416386
1306050258997112833
1306049612558471170
1306047219833815040
1306045251069464577
1306040642091413504
1306039216174850049
1306038765400457216
1306037030099484673
1306035915605803008
1306035029567565826
1306032733496528901
1305928497609814016
1305928032843169792
1305756313507344384
1305737895949471745
1305735883945963521
1305733370819702784
1305731528404557824
1305728731676209152
1305714982517047296
1305703305436254208
1305702707282325504
1305697235389227008
1305685891180969986
1305673362400841728
1305664980021374976
1305642359212904450
1305638295892668417
1305638246504824832
1305637863258648576
1305629237261619210
1305627312021528579
1305607904733671424
1305607074269757440
1305606976701902850
1305604950114721793
1305601933432905728
1305531064576692224
1305378127271489536
1305377855010897922
1305286314401521664
1305285796824412161
1305267555406290944
1305259855746195456
1305009806462181377
1304998156128583680
1304961141018210305
1304961036441714688
1304961017311424513
1304960341156134912
1304958538129633280
1304958345774657536
1304957738477219842
1304957389179817986
1304957301682368513
1304957011843399680
1304946224760410112
1304946120582295552
1304946073018855424
1304919274100682752
1304918904825720832
1304918732939042816
1304916784546365440
1304889282423734272
1304889165809463297
1304888548823150593
1304888399090728960
1304887738563403776
1304886707406254086
1304884582664122368
1304874312717856768
1304844240665501696
1304836884061810693
1304663246666739712
1304636067459428353
1304589445908365312
1304578504466538504
1304578167575781381
1304578061908598784
1304577955839049728
1304575425385906176
1304573996218814464
1304573588142342144
1304572663524806658
1304572052192534529
1304570248998187009
1304563230040358915
1304562594020306947
1304561416762880002
1304560000564633601
1304559009668661248
1304556813736701952
1304556318754328581
1304556187539697664
1304556121324228608
1304556035257118725
1304555848719650816
1304555518137114624
1304555038904406016
1304554532878331904
1304553595254251521
1304542843441209346
1304542569699905537
1304526401144578048
1304523105776398336
1304496170752909312
1304474755072835585
1304474694272262144
1304463733683494920
1304463592566091776
1304461805670952965
1304453045950898176
1304452831663984641
1304323416791547904
1304322285768122369
1304321769700913153
1304321339335925760
1304307970352709632
1304304211568373760
1304303825918935041
1304303726115524608
1304298922412630016
1304297800818073600
1304295494152122368
1304292843456880642
1304285023969787904
1304283469602643968
1304283327298285568
1304278522408493056
1304275657161990144
1304273767905009665
1304272228192669697
1304272168113631233
1304272027742736384
1304271634526863361
1304268173420756993
1304267807429984256
1304267582455808001
1304266502456172544
1304266184276299778
1304265144780890112
1304263426638778368
1304263246271127553
1304262117726584832
1304262115600019457
1304261656235651072
1304208099079716864
1304177959872294912
1304097116453629952
1304078142743613442
1303946106888310785
1303934124084789249
1303895929301262336
1303824573658525696
1303822660451753984
1303821861197758464
1303808549777100801
1303807155431026689
1303806308248743936
1303805228244856832
1303790118700855296
1303726230491938816
1303566468286541825
1303556469443362816
1303546289364164609
1303461172717531136
1303454210181144576
1303447365735546881
1303446322872156161
1303445032884563968
1303420783801200640
1303420417319686144
1303416798881091584
1303396166097223680
1303386907414421504
1303382082941460480
1303373643380961280
1303232398453219333
1303225927531364352
1303225133193023488
1303217993422270465
1303165274070241280
1303133371103494144
1303120760630726656
1303085676254998528
1303043706073751552
1303036691620311040
1303036649463455746
1303036630085767170
1302895028826595329
1302866051445612545
1302852606906134530
1302852470104682496
1302851172420579330
1302843449108910083
1302842946933280768
1302842722709942273
1302840365523763200
1302826249161592832
1302815073786720256
1302794917731643392
1302792393310244867
1302789958445522944
1302788582571155456
1302750985538777088
1302750853447561219
1302750596315844608
1302748395006615552
1302728689914753024
1302728295939633152
1302724561037717504
1302724125085954049
1302723961927512069
1302721628451733504
1302720647261372417
1302720463877992448
1302716483588431873
1302713018581540864
1302710694383464448
1302709084471394306
1302703851896676352
1302703469170548736
1302702085746561024
1302692307204894720
1302691430226210816
1302684154589454336
1302494737383878662
1302480517023981571
1302474468325908481
1302468847849492480
1302468273196249088
1302466870985908224
1302464945934663683
1302431658990206977
1302431568640667648
1302431479335538688
1302430998617968641
1302428206310465536
1302427671138201601
1302424772316295168
1302423561580294147
1302417636018597888
1302413330494058499
1302409638982242304
1302392309959385088
1302389564082810881
1302386263169802242
1302385822730076160
1302385568475619328
1302374761226334208
1302334007263129601
1302333730854379521
1302332395480166400
1302330677661110272
1302330456331792384
1302328961335062528
1302324204897890304
1302323753322295296
1302166071391133697
1302165756503760896
1302164992377061377
1302163665244708864
1302159765431222272
1302158213429641216
1302157834537193472
1302157653347459072
1302147099039920129
1302140573961261056
1302139502983442434
1302137999694524416
1302134237139591168
1302132428228579329
1302129054607224836
1302126130879553536
1302125951573262338
1302123805758771201
1302114386216009729
1302110601359974400
1302110323185299457
1302109796229816321
1302106843422978050
1302106195759476736
1302096971356803073
1302096192776450048
1302096092121579520
1302085573935423488
1302074736424316928
1302070851345424384
1302067100643549189
1302045451617624066
1302044751118524416
1302041459403571200
1302035481320857600
1302008912259035136
1302005491883798531
1302000391190646786
1301994580867452935
1301993833903915008
1301991718691065856
1301991525656621056
1301989876296867840
1301987922879500290
1301977567965057024
1301973068521197568
1301972604522172417
1301971925606916097
1301971783667523584
1301970399920447488
1301969625081552896
1301969375218466821
1301966562291642373
1301960939802038272
1301955182100504576
1301955070724943872
1301951616694628352
1301950672854605824
1301949949127450624
1301801226074382336
1301799936061702145
1301797148464275456
1301792520305741825
1301791758037131265
1301784768321785856
1301784033781669888
1301783490841571328
1301783379537309700
1301782862375469057
1301778366945570816
1301777542425145344
1301775768528117760
1301771874666532864
1301771384838926337
1301769416623960065
1301767631087697925
1301766726615404545
1301764674715709440
1301750445375778816
1301750173010259968
1301749009917206529
1301745461359857666
1301745422432522241
1301718943812530184
1301718386070650880
1301717670115635200
1301716837156216833
1301716537796169728
1301712276072755200
1301711530107400192
1301709684357775360
1301708856406364160
1301705822771113984
1301673854935343106
1301651528407609344
1301634819772751872
1301634755528540160
1301631568973238272
1301629456944037888
1301622409049432070
1301622062629318656
1301621132995342336
1301620662289670144
1301620560569331712
1301614079069495298
1301613905458769920
1301613819161001985
1301612391478620160
1301609174061572096
1301569152939778051
1301568790296051714
1301567116634550272
1301561635845201922
1301560189082951681
1301392126182223876
1301392065515806723
1301385427044110336
1301377667523063808
1301377331127345153
1301374308367790081
1301365959437873152
1301363151946932224
1301358036104085504
1301336666221629447
1301336618578505729
1301316689284403200
1301314165353541633
1301270502338486272
1301263255269113856
1301253992165437440
1301232201917489152
1301231610411483141
1301205201131630592
1301199051413573634
1301198312461090818
1301194586484666368
1301027996103393280
1300985943898218497
1300959536178589697
1300959316791287808
1300948934899068928
1300937750745477120
1300937049176829953
1300932122337849346
1300932071989358592
1300927172429963264
1300914486329532416
1300909375351959552
1300909137845338113
1300908883569815553
1300908117614419969
1300906481206796289
1300899603844218881
1300899355327565824
1300869393174364161
1300863906844352513
1300859673852157956
1300683610857537537
1300681433011417089
1300673553587564544
1300671662019411968
1300665159308865541
1300645997119332357
1300645090726092801
1300643651710722049
1300642825101545472
1300628729480110080
1300589658431078402
1300556196454084608
1300534882754465792
1300522781742755841
1300509865350062080
1300509280420864004
1300505735831273472
1300498851619463170
1300492506778329088
1300490835172098048
1300347561706844160
1300271659027509248
1300259673312911360
1300255848153792512
1300253870870863872
1300253742453764097
1300253232090947585
1300252827189563392
1300251630256889857
1300230511831310336
1300227438627053574
1300174644167598081
1300165657552510982
1300154650935525379
1299921749635522561
1299881217467191296
1299876851867820032
1299876729691889664
1299854849681494017
1299845664990466048
1299764709223141377
1299753124912013314
1299558705621422081
1299510418164068352
1299508352733519872
1299505560908308481
1299504697686982656
1299503886156181504
1299495027010277377
1299494597148594178
1299493786393800704
1299492933419200512
1299492554916782080
1299484656488701953
1299482169023148033
1299479101778964482
1299477087124746240
1299460563764871171
1299431670538358786
1299422846771441665
1299418639070830593
1299197979782533121
1299195774476021761
1299190641746944001
1299190614488219649
1299038711519182849
1298988689884758017
1298988366256431111
1298776467963285504
1298730280342020096
1298730074850484225
1298711973664759808
1298700452289081344
1298698473483546624
1298682304533893120
1298296882620280833
1298073988329951232
1298058124297871360
1298054250342150144
1297954994683953152
1297784299161174017
1297782720525774853
1297781834646880256
1297781687187898369
1297708548244164614
1297613250352173056
1297612717277077504
1297598641981419520
1297598460313534465
1297598306403532800
1297434783270592512
1297426630617399297
1297425118264614913
1297424046615748609
1297408153819152385
1297407055825797121
1297406351698624514
1297405919957901317
1297404640305152000
1297327398367592448
1297317577861939200
1297303122923028480
1297300008350302209
1296900453360218114
1296862662261800960
1296708013160464389
1296690552847491073
1296646738632036353
1296645914069622784
1296635280976277504
1296621624175681536
1296619859086737408
1296617774572134400
1296615318110912512
1296615110039937025
1296614533872513024
1296614340875792384
1296614118678396928
1296613963459772416
1296613834480709632
1296613328265994241
1296613256795062272
1296613166772662272
1296612931371556866
1296612875474092032
1296612620552683520
1296603711179862016
1296602227612631041
1296597965734391811
1296589280089759745
1296588094607523840
1296272522518781952
1296270410749624320
1296260660695728128
1296260594333446144
1296258852099256320
1296258793668452353
1296258591993655296
1296226655694774273
1296224776374034433
1296224656404262913
1296222136411885568
1296221209038749697
1296220332286603266
1296219001148731393
1296212336991117313
1296211535375679489
1296209001550475264
1296191635533918208
1296190835248099328
1296190641144119296
1296190003584708608
1296187346941931521
1296179879965159424
1296173483731202048
1296159836489555975
1296159373618749440
1295957470569877509
1295957457370378246
1295939675534721024
1295938426194112512
1295936883118112775
1295935197599301633
1295930587891380224
1295929459506155521
1295928835502792704
1295914532594839552
1295909502680629250
1295890421009137665
1295852162900058113
1295824240743075840
1295819867707207680
1295819732579319808
1295818521780264960
1295817851354222592
1295817304756776960
1295817092751437824
1295816348010835968
1295815424580362240
1295814181069807616
1295814107099041792
1295802882516635648
1295793187831783424
1295777066491629570
1295776962590334977
1295776266621050880
1295628196000313344
1295627012548096000
1295622846593380352
1295584595103174658
1295574595727003648
1295565141283491841
1295540855965507584
1295538621982715905
1295537248373374976
1295536416278028290
1295534845859266560
1295484616099262466
1295474318160171008
1295428969349566464
1295411488643903490
1295404684186759168
1295229475915931648
1295228370033156096
1295224514226188288
1295219498090262528
1295216857050279936
1295216747457310720
1295203664580112384
1295203615221485568
1295201131988017154
1295200048922259456
1295193519682805761
1295188897094197249
1295188722246225920
1295188532798005248
1295188469480734721
1295187475707568129
1295145580516331526
1295117123073736704
1295116103446925312
1295115836517220354
1295098233262243840
1295093730190524416
1295086226190372869
1295046316662362122
1295040496268529666
1294891882577686528
1294807182999875584
1294806650721898496
1294805987648368641
1294781694256402437
1294778703025598464
1294777359871037442
1294774402848980993
1294771659354681344
1294771313471401984
1294768105256706048
1294767823307251712
1294767230748520449
1294765319668432896
1294764951886630913
1294764817111121921
1294762667127656448
1294746005510819840
1294728804930162688
1294718244419325952
1294717868727099393
1294717012464132096
1294715466917613573
1294712269134131200
1294712184002420736
1294711236764905474
1294710307474960384
1294708263372521473
1294697072264794112
1294482040960593921
1294481166351790081
1294480413092528129
1294477994711384070
1294469548607864832
1294459330415046656
1294459065641267200
1294459014332309505
1294458831007711232
1294456537373581313
1294454327986225152
1294440873791455232
1294422064070303750
1294420303301484544
1294417943925678080
1294417642363719685
1294416676730155010
1294413885202665472
1294413008647737344
1294410790846574592
1294405023087157248
1294400546187730950
1294400012567195648
1294381031345123329
1294364264543657984
1294338012537528320
1294322491498754048
1294142144593051650
1294141769936822274
1294141458241396740
1294140305327890432
1294124090689634306
1294108907162361857
1294090770882822144
1294090426622676995
1294087792457261057
1294055564125724672
1294051391057453056
1294051313253146625
1294051160211349505
1294051045501308931
1294047189321134081
1294046981988315136
1294044986430722050
1294044574818512896
1294034575379718146
1294033086661894146
1294027847539912704
1294027402268442624
1294027134101360641
1294026293197996032
1294021262314844160
1294020824979054592
1294020771942031360
1294020239533862912
1294009637037989893
1294009623561699330
1294009592691662848
1294009565785124864
1294009505529729024
1294009485321592833
1294009477536997376
1293994397260845056
1293986707180630017
1293986280766726144
1293979292280295424
1293966363585732609
1293961792448655360
1293784087891607552
1293777343396425730
1293759584918618112
1293714782969663489
1293699003301810177
1293696669062594560
1293696106971320320
1293695398649819137
1293694527518265344
1293692397352714240
1293678603893223424
1293677620031184896
1293677525126635520
1293677476304961537
1293662755636084736
1293650861973860352
1293650547522670592
1293623651644801024
1293623601048911873
1293623234265411584
1293622451155263488
1293620156556435456
1293581483160920065
1293565611356770304
1293565338706092041
1293401569140985857
1293309451647062016
1293299111219798021
1293291993955577856
1293277879799693315
1293277811982000130
1293259715309264897
1293255235620597760
1293242468121501697
1293195062965239808
1293022019156455424
1293019814328320000
1293019109903355904
1293018950511366144
1293018912364232704
1293018842696802304
1293018784052023296
1293015714157088768
1293004417445146624
1293000512103518209
1293000486245691393
1292993770015748098
1292993126202630144
1292992415947608064
1292990381559181312
1292957729951113217
1292953272014090243
1292947538824187904
1292944999282118658
1292939189864902656
1292937106625458176
1292935640225468418
1292935488609820672
1292935280974950400
1292933799815258112
1292933028600193024
1292931864185847810
1292924555296534528
1292920696289390592
1292899604590022657
1292688904701620224
1292688112267583490
1292687549601726464
1292687352888885248
1292685267376181248
1292671023200911360
1292658931144077314
1292645864645640192
1292645622617534464
1292640011486027777
1292639960768495616
1292635330936373249
1292634398341251077
1292631984783515650
1292631490073829376
1292585378273058817
1292566597215739905
1292536371169525760
1292533697321738240
1292533575854694400
1292533200040783872
1292530300464111616
1292529656306966530
1292343233771704320
1292331567835230210
1292327468234285063
1292325127846125569
1292310448402862082
1292234789987086336
1292226270978179072
1292218609108783104
1292214472363237376
1292214169131814912
1292208966252949505
1292208220539195392
1292208108844924928
1292207364209176576
1292206845722071041
1292202680434139136
1292201894291505152
1292199264131588096
1292196345239879680
1292195921992638464
1292195207501369344
1292194962260389889
1292194677492346880
1292194139233124352
1292178433762422784
1292176310073090048
1292175200851656704
1292174131438313472
1292171087573262337
1292165079308222465
1292164838475489280
1292155036219236354
1291945977612398598
1291944012803223552
1291943339877572608
1291942874049736704
1291919050856161280
1291906564660461568
1291906529625427968
1291905491556130817
1291896911062921216
1291895348655398912
1291871559720763397
1291871143209697284
1291870901844299776
1291863075151384577
1291861991062040576
1291857737127735297
1291852447045111808
1291851730733367296
1291850798905909248
1291850146750386177
1291849396166959104
1291848240493662208
1291847209575763969
1291845393496645632
1291845266472132610
1291843938077245440
1291843853184643073
1291841944520359938
1291758001095733248
1291757894438809601
1291754034408206336
1291744988791939073
1291744800014659584
1291744254444711936
1291738884540231681
1291737597916504065
1291569894836695043
1291521631953645570
1291515820133109760
1291514564207505408
1291508469250560001
1291267141367300101
1291212037876457473
1291189424433197057
1291189290072907776
1291184802499092480
1291184390018674689
1291182856052629505
1291182431236689920
1291180387717320710
1291165357093388301
1291158592880611328
1291158125513453568
1291136610839404544
1291129018243137536
1291128926811480064
1291128826332815361
1291128731101048832
1291106543518310400
1291074919984279552
1291074814921211905
1291074647430057984
1290922737611882496
1290920983813996544
1290900780300419072
1290900408567652352
1290900255224061952
1290898260379328513
1290897358746554368
1290896918831230976
1290896686382903296
1290895573923463168
1290853793706303489
1290851524818739201
1290850897271164933
1290811270829166593
1290806880038617088
1290804466887692288
1290798418575519744
1290786537135841281
1290782222950313991
1290781662930968576
1290760383699906560
1290758812635291649
1290742753752526851
1290727516575920128
1290723762409676800
1290723628057636864
1290722347347918849
1290722015884656645
1290721895311187979
1290721874960191488
1290720140519120899
1290717562611752960
1290716192487825408
1290713318672367616
1290708321024929792
1290703518760701952
1290701494879043584
1290692584830984192
1290677980608397314
1290549265350057986
1290549120000655360
1290534495616040962
1290533651050950658
1290518729533427712
1290507633942646784
1290502980148420611
1290487429363716097
1290478106826833922
1290465678043029506
1290424165850259457
1290422246687641600
1290420991177310209
1290419928105852928
1290419208266760193
1290418487391813633
1290412776712622081
1290410859794018305
1289378091752517632
1289332839826169858
1289326321261150208
1289308020271325185
1289286492028719104
1289286308691550208
1289286066420080641
1289285955703074816
1289284923384197123
1289284616004571136
1289284478066548736
1289278698307239937
1289278438990163968
1289275844599390208
1289275324644175873
1289274069779546114
1289269964218802176
1289256445481902085
1289254135880011776
1289250593953812480
1289250263383990272
1289249781680705537
1289249302057873408
1289246664209731585
1289238110610395141
1289040328964489216
1289028760843350017
1289026716048871428
1289016308382568448
1289016156976607232
1289007351215816706
1288972821503381504
1288965545308479488
1288964796956717058
1288964006712152065
1288961061463392257
1288949752210415616
1288948763243900929
1288937773521674243
1288930573042368512
1288916510233239555
1288914959808831491
1288913991197249539
1288908617698013185
1288902441606377473
1288866678734913537
1288866397490036738
1288866389814464517
1288865677546098690
1288864449328103425
1288864074982256640
1288688153843208192
1288647621192474625
1288629000470839296
1288627759795732482
1288626585159925761
1288624968536698880
1288623914910756865
1288622871321837568
1288621948268736512
1288618761319149570
1288583821156167680
1288564177913573377
1288554288419987456
1288551578933309440
1288551440261283841
1288551182470975488
1288507370696450050
1288481840228171778
1288353755797188609
1288340777660084224
1288336732014829568
1288321192445665286
1288288845394579457
1288288623578755074
1288288464484610053
1288286211807870976
1288285995180400640
1288284332059176960
1288283906173734934
1288282896042618882
1288279710082842624
1288275009161445380
1288270365316136960
1288267336248520705
1288265793809997826
1288247980210835456
1288247883381186561
1288247434963898368
1288247008508043264
1288243656894427138
1288216584910249984
1288216369717284867
1288194313462063104
1288194142615400448
1288193999644155904
1288182885401460736
1288179560438095873
1288179467697795073
1288169842923548672
1288169740280532993
1288138628179177473
1288138116025315328
1287992770120966144
1287992514926927873
1287992297204756480
1287992241470836736
1287978347968917504
1287949747441954816
1287948504837439489
1287920748959395840
1287916335012298753
1287915444225978370
1287914792313741312
1287914535580397568
1287914004694720514
1287913853301358592
1287913767188090880
1287913687953674242
1287909203491713024
1287856994087350272
1287833294273470464
1287833263319515138
1287820622769332225
1287795360958574592
1287794317830971392
1287792052176973825
1287786874145083406
1287786319041531906
1287786291975708672
1287783588784508935
1287776508929380352
1287772015831601153
1287771018732290048
1287761601420914689
1287758766616612864
1287758553327923200
1287745678974672896
1287649813534633984
1287644137475497985
1287643760109801472
1287643448225468416
1287641253736112128
1287633720418148352
1287632674669109249
1287528558118699013
1287526457019977730
1287470133296988160
1287469977122091010
1287468259378450432
1287466526497558528
1287465987080683521
1287465553708318721
1287461896879255552
1287461759889154050
1287451104393887744
1287253766782164992
1287252559304855552
1287224343404019712
1287208012361457664
1287116298040860672
1287112677974736896
1287107848132911104
1287105840353140736
1287105349858676736
1287105057599578112
1287105034967121920
1287105012120731648
1287097168654815235
1287096110817767425
1287093203196411904
1286951320222601218
1286931591151976449
1286891409648361472
1286878332194234373
1286868971774332928
1286824688014983169
1286816215814594561
1286788875164295168
1286779566586040320
1286758100691816448
1286757955162054657
1286757863109656579
1286757781547241472
1286757634981453824
1286757507101339658
1286757396208062464
1286756878291292165
1286744583653793794
1286744491987271681
1286744408327630851
1286744310734618625
1286742776277868549
1286727180861476867
1286726646263721985
1286725001593286656
1286724696717762561
1286724232798334977
1286722406820671489
1286720496201940992
1286706316027654145
1286569704446808064
1286558500181757955
1286515692196360194
1286515620092063744
1286515350142513153
1286503965060788231
1286503470032252928
1286502135916445696
1286501642448248832
1286501622072270848
1286500399080341504
1286500314665820160
1286499210519613441
1286495035110776833
1286494465587204097
1286494365515313152
1286479623589638144
1286479051767644161
1286478978832891905
1286478768304001033
1286478090273796096
1286477892701040640
1286477482665836544
1286477219934732290
1286427199759769600
1286426523491213312
1286426000813731840
1286424821392277504
1286421712121114624
1286419149569191936
1286406942819262464
1286392262369435648
1286380705027485696
1286379777658466304
1286352911946178561
1286121485078159361
1286121241816883200
1286095122724077568
1286093797193945088
1286093099354095617
1286068915416649729
1286067990270636034
1286054852133621765
1286041813996847104
1286038339162759169
1286037487597400064
1286037353098698752
1286036671885000704
1286022605481185282
1285988536026427395
1285973277945393152
1285972965650165760
1285812993817587712
1285782603144949760
1285779951657136129
1285777885354004480
1285760223320305664
1285750776879435776
1285730040458731520
1285725611189837825
1285710202436812802
1285686309676253184
1285685504386752516
1285684966484054017
1285682371732398080
1285678912379523073
1285677681477124109
1285670613819031553
1285669732440580097
1285668840156823569
1285668373322498055
1285667817350672384
1285667473002561537
1285667122346184705
1285650714124050432
1285630838219124738
1285442629937721344
1285425062468706304
1285424751507169280
1285406609011867648
1285377810614247424
1285375028490457089
1285374783140458496
1285373752725798912
1285372681878003712
1285372137767792640
1285363776548597760
1285363472365051904
1285348316176240641
1285348279039868929
1285348227189846016
1285345122100617216
1285343597810728961
1285342225358970880
1285321389180952576
1285312020351524866
1285311624618717184
1285299189199499264
1285297106073206786
1285293757441560577
1285292668927393792
1285292501742448640
1285292458629165056
1285288934218493952
1285288385796468736
1285287926591483904
1285287552275017728
1285287025776775170
1285284999302791168
1285284259670814721
1285284125260181504
1285282855245905920
1285064577374273537
1285050103317753857
1285041160281403392
1285038188075954177
1285037938644889600
1285037235008532480
1285036247233073152
1285035131892162561
1285032413395955712
1285024847039549443
1285024135723261954
1284994961130221571
1284994374082998273
1284965014185467904
1284948539454320640
1284948009478787072
1284944042116038657
1284939644635770881
1284938582545686528
1284930412767137792
1284747300028522497
1284690484040880130
1284605702321758208
1284594326169776128
1284594030932660224
1284590164510035968
1284588075654344704
1284587624431104000
1284585703905521664
1284585090064936960
1284584937144774656
1284581263433560070
1284576404999245824
1284568679418490880
1284568325100429312
1284534548433264641
1284528315445817349
1284322138652946433
1284308316554854400
1284308165773819905
1284293833866412032
1284293790430146560
1284292438199169025
1284292038884638720
1284291142255665152
1284289858781851648
1284288986689617920
1284284463099392002
1284274852317126658
1284249779485110272
1284243768749641728
1284243499206860800
1284225164625031168
1284217752673116160
1284216862432272386
1284216809135038465
1284191303790518273
1283983078415712257
1283929964476198912
1283929138902863872
1283903163850878976
1283896268213948416
1283878866809950209
1283864880605364225
1283857284951506944
1283838114482405377
1283836443220234241
1283826906354204672
1283812002784333825
1283810481686278144
1283803460752642049
1283803157328363521
1283656921669685248
1283656789284847617
1283650736182620163
1283629016109350912
1283625687543214083
1283600001218654208
1283581209889566721
1283572656072056833
1283571209431429121
1283569634239590400
1283565266673098752
1283501433011101697
1283501176919437312
1283497353933213697
1283497150668779526
1283496334218022912
1283494117205368832
1283493727437066240
1283493289761533952
1283493101563023360
1283492609462136832
1283479138565644288
1283456965402714114
1283456730605613056
1283456163275669504
1283455248984506368
1283453804155830272
1283452648914472960
1283447044623892480
1283446736795561985
1283443808114368513
1283441999765475328
1283441235198443520
1283438889382838272
1283437731906048000
1283436508997914624
1283434946531676160
1283432304321454081
1283431307591155717
1283430905244254208
1283428329547333639
1283428214849839105
1283427857017044997
1283427750842454016
1283426331842281472
1283425534932930560
1283422754998493185
1283422658697273349
1283422302085033985
1283415123814764549
1283415050988986368
1283408990811099140
1283407387735601154
1283403956299890690
1283402469100453889
1283400258404454401
1283399377365630983
1283397894972768256
1283396292908023808
1283357149008101376
1283218236255858688
1283176832389586945
1283175957180944384
1282942525314080768
1282942162762633221
1282904018415579136
1282881011328495619
1282863773330681856
1282863703336136704
1282781983484137473
1282772523684265984
1282745341624844291
1282559446871273478
1282552956479590401
1282551383900565509
1282546519103725568
1282540111989596160
1282537512016257025
1282490665792794624
1282490384887631873
1282490004774637568
1282485671655903232
1282485461311582209
1282482055738036225
1282475068728066048
1282474296791556097
1282472173945274368
1282470725706604544
1282464711200501760
1282460880781754368
1282460000963551232
1282458881709367296
1282456275171684352
1282455531110580224
1282440745551568899
1282404672632877056
1282403677785948161
1282166033751695362
1282165874166644737
1282159518248431616
1282159341131292678
1282159091679289344
1282158968639328256
1282127153300217858
1282123527269777408
1282120790826258432
1282120646655434752
1282116434492039169
1282115856298848259
1282035411561439232
1282024945346703360
1282024483172134913
1281834481901375488
1281828468221607936
1281820357469573125
1281817841226993664
1281796306415968256
1281795002943696897
1281794542451097601
1281783005049229312
1281752598291320833
1281723186971901952
1281707888134635521
1281656054112296960
1281654594653700096
1281639340322385921
1281635577603878912
1281635170924105729
1281447054246543360
1281446562711961600
1281440360133267456
1281439262320349184
1281420674800578561
1281416973771931648
1281391335233089536
1281391101065093120
1281386999363108864
1281381788628262915
1281380692757291008
1281374004868272135
1281369869779234816
1281330155810459648
1281325608060911616
1281324309986734081
1281323174546640897
1281308344519712773
1281307850690658304
1281306829037940742
1281306117038133250
1281305921075974144
1281305596235583494
1281305177681690627
1281304902506029057
1281297630174339072
1281295335202140161
1281291063064485892
1281280313537163264
1281270671947915266
1281072849503973377
1281072473711112192
1281053843070103554
1281051096409092097
1281048373500444672
1280978609067311104
1280976797476311047
1280968953477697536
1280964239318896640
1280961836880293888
1280961174977331201
1280913088410054659
1280711770726793217
1280708265496567808
1280696070071152640
1280691142061785088
1280682240263852032
1280682014421577728
1280681894825213952
1280681721227182080
1280681553211748357
1280679717557788672
1280665330155544576
1280654267129360384
1280601723287924738
1280600946007924737
1280599103534010368
1280590117028065281
1280582663263272960
1280565416780197888
1280554745652887552
1280553849502093312
1280552059209572352
1280549320748462080
1280409664803332096
1280341908787625992
1280328784546107392
1280305438991323137
1280305096069242880
1280301037652336641
1280299020389236736
1280296675005943808
1280288226675052545
1280274898649264129
1280253448265424896
1280253316321079296
1280252548432027648
1280238567696957440
1280236908702908416
1280208534769000448
1280202550302531584
1279931808428126213
1279872699485941761
1279850250841124864
1279849400089448448
1279849169130147840
1279849043636531200
1279638409569382400
1279621697017196545
1279617898151948293
1279614718043230214
1279598679863595009
1279570763423440896
1279569635298275328
1279567539488473088
1279565649853857792
1279564144199348225
1279557012041289728
1279556787058798593
1279556712370847744
1279552528829444096
1279541186919727104
1279538457988091904
1279533239183372288
1279531992095178752
1279525826040496128
1279515780183252992
1279515069512990720
1279512425172054016
1279512227523878913
1279510345199976448
1279500246272245761
1279497491356872709
1279497271848038400
1279491075242029057
1279488462370992128
1279488251753984000
1279486061752848384
1279484002894675968
1279483870581125121
1279483778583257088
1279482404428636160
1279482261599993856
1279293389666529280
1279255206169948161
1279249096776310787
1279245874003087366
1279242086877769729
1279242000282181632
1279239225829847040
1279239106367639552
1279239051308982277
1279238799097126912
1279235494237224960
1279235474985414656
1279208564024725504
1279207388650721280
1279187683022114816
1279187112164601857
1279114431541084160
1279110520747044864
1279080416587075584
1279079683787808771
1279072458167869441
1279071653314478080
1279067133805117441
1278925691690483712
1278919502302871552
1278918872226123776
1278899773051768832
1278897179382427651
1278895622985150464
1278895473508540417
1278894623306334210
1278893057509691393
1278892094245896194
1278885555531649025
1278883867571523584
1278882016776171520
1278881162593595392
1278878801750097921
1278865269083914241
1278855169279537152
1278853902318710785
1278849651375067141
1278844333970665477
1278760444530810881
1278760278386020353
1278734009476894721
1278731999989993472
1278535699545747456
1278500116240797697
1278499777726930945
1278491612289437696
1278486446400131072
1278482817274351616
1278462649219481602
1278460119773306881
1278459838645886976
1278448520060645376
1278441386065498116
1278437937903013894
1278431799060975619
1278427386476888064
1278426901288271880
1278426618906775553
1278426249568948224
1278424591443034113
1278424317458612225
1278423894592909312
1278421439591243776
1278417770204418048
1278416544708489216
1278416025982099456
1278415658913423360
1278415490600202240
1278414624870658049
1278414460495912961
1278414037462642688
1278251162634817538
1278235100124073985
1278234977172258817
1278212224943718401
1278206219736379392
1278205585435930624
1278205189204267009
1278189230368288768
1278183851999756289
1278183674983448576
1278183635108184070
1278183408867381248
1278163111430815745
1278155823504654338
1278153734883770369
1278153338647912453
1278148907160109057
1278148788859748352
1278146289079709696
1278145835910328320
1278145508784013312
1278142839570878464
1278142591863648256
1278135477053222912
1278131232627290112
1278130791235547136
1278130741541351425
1278130419561422849
1278128925827190784
1278128760642957313
1278126366962016257
1278126355058581505
1278124557035962369
1278116507491299328
1278070860457205760
1278055489079656448
1278044211321778176
1278044177402458112
1278037216241913857
1278037098973388801
1278036931176042497
1278017484709171200
1278016173431386112
1278004714286616576
1277865664598798342
1277858691249631232
1277846261945659393
1277842847614373888
1277837732341968896
1277836767358382080
1277830708514271233
