1286452660602724353
1286452418943672320
1126198466886004737
1125936955470913536
1125936752886071301
1102736720947175424
1093715600411643904
1093708693080686592
1093681186730315777
1093679408056029185
1086557652665036800
1071984030688587776
1058037721741119488
1058037089982390273
1011351661934186496
1001529959951798273
1001529231527079937
1001527826594566144
1001526920411000836
1001526267051741190
954880100562022401
954844751077040128
954841609014861824
906372646765506560
906371129966821376
906370817235222529
906367785227481090
906364401753772032
906357734680952832
906356817625800704
906356231367020544
906354464537419777
906353852995293184
906349204540358656
905963934506786816
905963077966983169
905961409162481664
890277283247869953
890271676407185410
890121136691978240
890101810412826624
890100704819503105
890099084350148608
890096632913698816
890094744587653121
790029784118022144
716729952083677185
716729557978472449
716666124931194880
716662447273193474
716656019439353858
716655254469632000
694430144354582528
694428326648107008
571566183293460480
571564599335526401
571563949067411456
571563335235194880
571554182374690816
419978099304849408
419976539912933376
