1330560276597518338
1330559943079030786
1330559897893810178
1330559546566303745
1329952198407630850
1329952157127368704
1329871009655164929
1329850615330189312
1329850556907708418
1329850512741634052
1329850407422713857
1329850330025177097
1329850274572357633
1329850025724289026
1329849899597385733
1329849328320585730
1329848861129641986
1329848424435421186
1329848059040325639
1329848036013596673
1329847955751309312
1329847895336644609
1329847513420095497
1329847386450096128
1329847302882807811
1329766064868175875
1329618118612819970
1329617902954291200
1329617832930390016
1329617671080566784
1329576483774476290
1329403075275186178
1329402910069940224
1329402693966770176
1329402576526340099
1329402115635212289
1329401930335084551
1329401796935217154
1329401745659801600
1329401526335512578
1329401452385738752
1329401414033010691
1329258743645818884
1329224820895178760
1329218985112588289
1329218876085768194
1329214786333249540
1329214723339014145
1329214649057808387
1329214387769528325
1328864998488207361
1328864900710543362
1328864637509623809
1328864391513722887
1328863396540932097
1328863255725543425
1328863116789243904
1328762059400634369
1328761854966030338
1328671547565936640
1328293070769688576
1327612576650432513
1327427611207806976
1327427462599487488
1327427207388680193
1327427151050797060
1327427125247406083
1327001822721142784
1327001529996484610
1327000868374405120
1326585674716356611
1326585364056862722
1326584966306787328
1326584786937389059
1326584728863059969
1326584680544612352
1326584391955587072
1326584315959005184
1326557985263538176
1326557092556263424
1326228440975101952
1326228298188337154
1326228144584593412
1326226910930722818
1326206123561644032
1326205911304720387
1326205723429249029
1326204706520133632
1326204444829245445
1326204357679980544
1326204249487904775
1326172847383990277
1326172597327958017
1325945965921116161
1325939957857398784
1325939230103793667
1325866262916952064
1325523460924301316
1325439444497948673
1325439383470829568
1325438781638447106
1325436674520788992
1325436630111543298
1325264343907373056
1325129010158866433
1325128682353143809
1325128414798475266
1325128237270269954
1325128152058748928
1325127963826925573
1325127840363405313
1324186962308276233
1324186745416667137
1324186637597814785
1324186341857497094
1324186296860971010
1324185984507039744
1324185948670873600
1321901376021139462
1321834795601661953
1321834478520643585
1321834386162094080
1321834281283571713
1320694833380532224
1320528860623081473
1320528637704155136
1320528389007200258
1320528351279370241
1320528290499756033
1320528184429916160
1319456372174561280
1319452283822870536
1319452086996787201
1319451973129850885
1319101803280109570
1319101676930859010
1319100469118197762
1318661089291272192
1318660906998517760
1318552653358616580
1318550535176335363
1318297135759110146
1318159653256257537
1318159496234098689
1318159392496386055
1318159237378379776
1318159164997169152
1318159062924726272
1318158849539452928
1318158443816079369
1317798966596145154
1317793208387178496
1317789583480848385
1317789390337417216
1317789063718592514
1317789009054208001
1317788766682173446
1317646874883612673
1316912554896203776
1316912439561248768
1316912276964806660
1316798439590633472
1316797973494464512
1316797841520635904
1316560111721164800
1316559995236950017
1316559834595155968
1315266610807091200
1315266355625684994
1315266158057140226
1315266045863776256
1314918571265454081
1314918524029153280
1314918320580239366
1313823671627272194
1313630592492285952
1313630546359136256
1313630504143462405
1313289914428030978
1312465067552636931
1312464955627593728
1312154506843418628
1312154461863735298
1312154401855868928
1312017402260008960
1311994835432353792
1311994659049177094
1311994564866080769
1311994378152542208
1311994314583572482
1311994076930150400
1311697614023331841
1311697482422849536
1311697261093584896
1311697110753062912
1311365396776222721
1311364555348606979
1311141102687342593
1311039820018352129
1311039577273118730
1311039336637399043
1308844311426084870
1308594451988742144
1308188547640369158
1307863777979912193
1307706148607401984
1307684594267967488
1307505497386496002
1307288289133703168
1307288024275918849
1307287879937404932
1307037740341628928
1306170312011153408
1306170030409871363
1306169911262220289
1306169648682020866
1306169541546967040
1306169300999385099
1305849735836819458
1305849405132636160
1305849126618386432
1305849125792083970
1305505599224979456
1305482165086490624
1305358988616364034
1305358669610090497
1305150554763661313
1305150126101536768
1305149954600718336
1305149102884356107
1305148872747085826
1304377589054791683
1304372471525769217
1304076201221410816
1304075898203799556
1304075601393876998
1303032278759677953
1302987661917990912
1302570653195948037
1302036438041714688
1301844482133045258
1301839146458152960
1301490855753154562
1301490722147889153
1301250767542792193
1301250650559348739
1301250499648385024
1301192990518587392
1300945868363911170
1300571699193303042
1300395883087966210
1300193356388143105
1300113469644124163
1300113433854181383
1299739424759197699
1299739308539154433
1299412855561871361
1299101842576740352
1298736035879424000
1298735926181613568
1298735895982604288
1298735812906020865
1298671003648888833
1298605082204942338
1298599316760801281
1298599249987469313
1298599122367320066
1298025915511963656
1298025839888605184
1297859208923291648
1297858413293174785
1297858262549831682
1297858035671535620
1297857909771182081
1297857795623194625
1297577588521676801
1297577480920928261
1297313690648223744
1295652467703767041
1293920386959237121
1293920070427709445
1293919486324727808
1293919075400396801
1293918945607667713
1293918859154665472
1293918626454568960
1293918443117436928
1293888148318105601
1293887523543023619
1293295722289401859
1293295652659769345
1292881772062167040
1292130215422984193
1292130016717869058
1290995981161566208
1290995435419598853
1290441201687175173
1290441066546700290
1290364106596323329
1290353056899530752
1290253047025635330
1289547797310648320
1289547760299999234
1289547557580890112
1289547314059599872
1289532969778987008
1289530242281873408
1288877612115406848
1288877336419536898
1288877270564823041
1288877231150964737
1287942867143491584
1287942611815333889
1287942372308000768
1287942174928187397
1287200139686354944
1287200042407923718
1287199868231069697
1287119562257960961
1287119254630928395
1287119239015534606
1287029317621424128
1287026000061181952
1287022250638692353
1286756761962250241
1286756627660636160
1286756592873070594
1286756534001840134
1286741240063635457
1286478138592112640
1286043872683085825
1285983329125359616
1285983094470737927
1285361895126577153
1285361753581387776
1285178044886536195
1285177841601122304
1284839412560465920
1284452205840535552
1283723700064354307
1283723285541392385
1283723114027909120
1283722693213290496
1283531105686233089
1283216974487736323
1283201623901310978
1283201556234608647
1283200838119362563
1283044970103033856
1283044657518215170
1283044337975209995
1283044256832196612
1282836587936731137
1282526876720861184
1282389048422735873
1282341584210661379
1282341382422700032
1282341088200732675
1282299316745445376
1282298715500359681
1282293731421564929
1282293238922203142
1281942254140166150
1281720695173652481
1281720577645056003
1280838873690472450
1280838789171208192
1280838551639404544
1280826024943632385
1280306255433805825
1280000936316940289
1280000737850855425
1279961623697010688
1279609530947710976
1278871147212410885
1278758223236026369
1278757987709042688
1278692714159263749
1278692282754109442
1278637082496380928
1278454148871094274
1278318488512352257
1278300921672478720
1278299640530718726
1277987716983140353
1277987491249782784
1277766965441040386
1277766834641604608
1277766566436896769
1276872007439745025
1276871648889765889
1276279513656242179
1276279329098469376
1276279091914735616
1276116374277033984
1276116196384034817
1276115744376459266
1275750846282809344
1275750749537001472
1275750568993214466
1275750512420421633
1275750103135981570
1275750049142714369
1275563714457018369
1274521859933995008
1274521797648625664
1274521641255608320
1274521444983230464
1272494965860585472
1272494857769177093
1272494760457048065
1272494656593551360
1272494621751422982
1272132108073476102
1272132040494911488
1271653642479841281
1271653567406002176
1271653404583038977
1271653238903844864
1271652902067744768
1271652699289853953
1271651745706491904
1271651635807338497
1271651604312268800
1271651406303449088
1271650969101774849
1271650897869901824
1271258242715455494
1269940316288757760
1269940069391007745
1269939919188889602
1269051431459446785
1268846475133550592
1268183825777074185
1268161665893310464
1268161509026299904
1268154500910649345
1268154425517977600
1268154048194269191
1268132231995961344
1268131880345440257
1267922939304951809
1267922885479403524
1267753429851611136
1267753273630568449
1267753161256730624
1267752816749228033
1267752646921895937
1266506123236061186
1266320224887939075
1266320038539165696
1266320034730848257
1266124997111754755
1266118376339968001
1266084266775138304
1266083979310096384
1265558019288555520
1265557817685139457
1265557702052401154
1265016141371658240
1265015919312543746
1265015467581870085
1264666892972765185
1264666699040784385
1264666458354847748
1264666212237291521
1264666124098121728
1264357728727846914
1264250849993404417
1264179927223545857
1264179782721384450
1263989272664780805
1263989244986626049
1263988975104069638
1263988507305029635
1262875363111247882
1262875186958929921
1262875115471208454
1262874999293128704
1262726046044094465
1262724266480427008
1262723652916776961
1262723571689893889
1262723511153459205
1262723255204446208
1262723178159312902
1262723132848291841
1262358507824787457
1261749498981867522
1261749476651339776
1261749214947807234
1261748797614497793
1261748485524766722
1261748272609267713
1261748140664860672
1260910702232911873
1260910669622280202
1260910558070611968
1260910125897994240
1260909949019963393
1260909879059001344
1260909318947430401
1260909165968412673
1260909010347229187
1260908953417986049
1260908777550856194
1260326392052494339
1259485839370977282
1259453226987991051
1258950456652562433
1258711747592101889
1258509363456557056
1258508449358331905
1258507083344826368
1258506760937066496
1258506528996257792
1258506281247109120
1258505981371138050
1258505760901742592
1258248792136187906
1258248752172761088
1258248644156887040
1257809242855223301
1257701627416457216
1257701385543602177
1257492881608257538
1257492801866158086
1257492763609911296
1257492637956923395
1257492556042186752
1257490313209315329
1257032834361053184
1256786604129214464
1256406034387734528
1256405838048235520
1256405617222320129
1256217810528800770
1255830276455960576
1255447583377502211
1255446972389044227
1255446678120923136
1255446143821131777
1255341609539047425
1255341477720469505
1255341097066389504
1255340400535101440
1255340161845641218
1255339760001986560
1255339468539781121
1255292859588247553
1255291523132010496
1254453007326027779
1254452887301865472
1254452729411448832
1254452601363599369
1254199516737257475
1253857921210990592
1253836503870029834
1253270707385053184
1253270576833200128
1253270471488962560
1253061496743047174
1253061315515555840
1252572548044390403
1252435816728555520
1252211971807686656
1252211896930967553
1252209683655426049
1252209559705452544
1251858178742067200
1251858144399065090
1251552350847881218
1251552281989914624
1251511244969914369
1251510390669873152
1251510126307090439
1251278874492768257
1249332889587777537
1248969426327781376
1248943615222611968
1248583546421248000
1248583397062119432
1248005032596746242
1247133038561157125
1247132789662781442
1247132450767208449
1247132388318228481
1246638145686376450
1246637841880416257
1246637733629526016
1246564833983635458
1246413485984157697
1246413123235479552
1245008602794000384
1244805934448357377
1244805800108986368
1244662201610362880
1244661999562301442
1244595696545738752
1244595596809375745
1244451597746307077
1244269269367558146
1244269241269919744
1244268981244104704
1244268744853069827
1244050727347130369
1244050504881262599
1244050443292024833
1244050331736121345
1243700012460244995
1243469937886273537
1243469863177400320
1243469723192512512
1243469183666606081
1243288612076244993
1242932485048107009
1242932457642635265
1242932350880821249
1242421813902290945
1242187685827149826
1241923554490408961
1241923510655746050
1241923150914433024
1241923068399947777
1241922964108587011
1241528884715290624
1241323508237570050
1241322992237412353
1241322881864392705
1241322535943311362
1241322460076814337
1240927154055122944
1240926385511772163
1240679928015851520
1240679860902789122
1240679777624895491
1240357172158115841
1239881077453398017
1239880689471959040
1239880427944529920
1239634967149371393
1239169279444037632
1239169148145541120
1239169051387142144
1238523363951357955
1238262552574005249
1238243310264860674
1238242951656079360
1237914133711945731
1237914017680809984
1237913814420643840
1237913558081552387
1237913292011704327
1237913159069052928
1237771341920600064
1237771163163602944
1237741343654494208
1237740988069752832
1237740414452580353
1237739413125414917
1237717501221515264
1237567324955136000
1237567205304197121
1237194403548192768
1236804721580609536
1236800233511804929
1235365784643305472
1235359022825512960
1235265299450138631
1234847911793635328
1234809602056892416
1234809130466103296
1234696111916560384
1234648662413844480
1234648519493005317
1234490071719563266
1234488835557527552
1234459851255926785
1234454566458068993
1234454540155576321
1234454321212928001
1234454163649593345
1234454069474922497
1234290472467750913
1234215277778362369
1234197383799504896
1233955504117907456
1233955097782226945
1233955005549490176
1233954896183013376
1233954623607709698
1233954545887260672
1233732855668277248
1233425507775123460
1233425401906683906
1233208567836106753
1232838035064139777
1232837849894006789
1232837656683458561
1232837590715420673
1232837538143965186
1232837489188130824
1232767118472548352
1232472003300360192
1232471942818459648
1232471588571762690
1232166193404006400
1232166085006364673
1232165907448897537
1232126747514228737
1231695722761854982
1231610013640253444
1231399628249190402
1231399039721144320
1231399008477810688
1231398915792154629
1231027636341739521
1231027616624173056
1231027569161637889
1230826200257507334
1230697405990887425
1230697269952794624
1230697155452497927
1230696913697169408
1230696742536065024
1230696466651516928
1230696179018747905
1229933052161339392
1229854695012827143
1229598879450107905
1229121895011946496
1229121834559377416
1229121555319476225
1228530459501637633
1228530357093511168
1228530226008817664
1228530088557338624
1228530026607468544
1228529851835076608
1228529593839235072
1228010760380522496
1227410836672729089
1227410733450899458
1227410560083472384
1227209253984886787
1227153442545786880
1227153278271619072
1227153182746345472
1227152954299428864
1227152793020063744
1227152601839546369
1227152552225132544
1227152283663773697
1227152151216082944
1227151618686226432
1227151426289270785
1227151381724827649
1227151231786848256
1227151001465114624
1227046260512903169
1226953019201290246
1226936770689892355
1226936575952592902
1226936485812801536
1226936330116091905
1226712821565706240
1226688861964849152
1226688414126395392
1226687736435892226
1226687595004006405
1226170980504129541
1226170498993790976
1226169708082290689
1226070701985140736
1226070610956181504
1226070194482810880
1226070057001922561
1226069858170888192
1226069806098587648
1226068866394152961
1226068309382172672
1226068038803480577
1226067360521560065
1226067209304379393
1226067087757578241
1226065878346862592
1226064989561245696
1226064928987131904
1226064397170356226
1226063429414400000
1226062769168011264
1226061721539895305
1226060981379444736
1226060538238599168
1226059916953165824
1226059686606262272
1226059528816324608
1226010667855077376
1226010559616897024
1226010114940964864
1226010020497805312
1226009957503524871
1226009794324111360
1226009491197526016
1226009313937895425
1226009078088044545
1226008628647399424
1226008443972194304
1226007453659205632
1225628667558187008
1225627951586332672
1225627801589616641
1224543627759759363
1224172306999730177
1224171839817207811
1224171758456098816
1224171726990381056
1224171689078075395
1223818370971328513
1223818317128982528
1223447052765581312
1223446997841195010
1223446874830659585
1223446750393970688
1223446631397445633
1223446616130097152
1223226241966276608
1223226024244252672
1223225500363042816
1223225420306403328
1223225208397496320
1223095757059829760
1222386443244445697
1222363601740144640
1222363586678480897
1222135747752484864
1222135612335099905
1221898555079741450
1221898507533148161
1221898461332824065
1221762849615335424
1221555824583233537
1221543420478590981
1221537596683276289
1221537504056238081
1221537055152406528
1221494052580929536
1221414877094465539
1221414786359025664
1221414651172442113
1221414132647452678
1221413652093456384
1221413365630873600
1221412750007640064
1221412564560728065
1221412488295657472
1221267273601765376
1220994552988950528
1220994173173739520
1220994124532387841
1220994055846400001
1220993660424261632
1220993573149126656
1220985606307753985
1220985424874786816
1220544970941136902
1220285028577566722
1220284920058257410
1220272521150332928
1220272471963770882
1220272184884703234
1220175234063572993
1220175186718314496
1220159309708959745
1220159293217034240
1220159128116563968
1220159065772503042
1220158783349043200
1220158657226211328
1219603310841298944
1219603203475505152
1219237209515208704
1219236822762561536
1219083051474595841
1219000117107265536
1219000098987880450
1218342401200271361
1218322796461330433
1218066553935187968
1218066397454045185
1218066285084454912
1218066200758038528
1217655288796459009
1217655082575110144
1217654069285859329
1217653965728485381
1217428244254855169
1217427895288836097
1217181259744645120
1217181102605053953
1217177744636829696
1217175464386711552
1217175267116044290
1217174955206610944
1217038852550025216
1217019298306318336
1217019259307679744
1217014377989201920
1217013243409063936
1217012922586664963
1217012654138589186
1216469669781131270
1216469223221886977
1216468896510894082
1216382503667322883
1216382300486762500
1216216444351979520
1216216376559505409
1216215955476492288
1215818673421791238
1215818525471903744
1215818355258613761
1215812607304720391
1215812477310656512
1215626427502092289
1215626360875573248
1215626325353955333
1215626286246301699
1215626263852920832
1215626133363970048
1215626095086784512
1215596639353819136
1215596581753380869
1215087797838761990
1215087609342562305
1215087120068628481
1215086960139800576
1215086795467214848
1215086526159294466
1215086421985439744
1215086327110172672
1215085566833909763
1215072981807923200
1215072870868619264
1214847341318025216
1214847279036862464
1214847130306859008
1214846953567244289
1214846864283066368
1214846777217765376
1214845306786996227
1214736911870439426
1214736587025780737
1214600651864465408
1214600551834570752
1214347478792855552
1214347343073546240
1214347131215122432
1214346613998673930
1214345950501703682
1214175219163770883
1214175126213840897
1214173946217684993
1214173691665403907
1214173594928009217
1213964447376654344
1213854872979812359
1213694110575542272
1213541887447064576
1213527712444436480
1213515763358806016
1213515625726926848
1213515420415791104
1213515313091895296
1213515171093712896
1213515064717828096
1213469601918521344
1213442211133702146
1213442076072988673
1213441528414318592
1213441399384920065
1213441168459157504
1213441012988891137
1213440760340713473
1213440649833467904
1213440554845032448
1213440507877216256
1213440449358237696
1213274106575097856
1213274038358958088
1213273570400489472
1213273510753292288
1213273450070061057
1213273261183815680
1213273119579873280
1213272962826166274
1213272699369328640
1213272535535640576
1213272513133916162
1213272259475001344
1213272178625523713
1213272116155604992
1213271688663703557
1213271622360150016
1213271427417346050
1213271381753974789
1213271247464873984
1213271052542984192
1213270925388451840
1213202781038956544
1213186164829687809
1213089673691770880
1212945978032033793
1212945790894845953
1212945235745103873
1212945166702694401
1212945138621833216
1212945098775912448
1212944977870938112
1212944810954362881
1212930138742120449
1212929747224858624
1212929543964676096
1212929058029346821
1212928813493039104
1212928489097052160
1212927771166609408
1212927224019595264
1212926931416633350
1212864955525091330
1212736825510563842
1212736781277368321
1212736028747927552
1212735778805161985
1212735544930779142
1212735515063177216
1212735439158820864
1212735367872499712
1212735336008294400
1212727821665284096
1212727688168910850
1212727521822810115
1212727239227461634
1212727198236499968
1212726924352598016
1212726494998470658
1212726361883906048
1212726327821901824
1212726180488634368
1212725890481823744
1212725607827681282
1212725066347233280
1212724951444316162
1212724909748695041
1212724776206245888
1212724678046949376
1212591536174772224
1212591486686187521
1212565837258862592
1212565710947389440
1212565604915466240
1212276432912736256
1212276265677447168
1212166185204228096
1212111632047968256
1212111144225267713
1212110995348475904
1212046778733867008
1211983064743763969
1211982978047451136
1211982914789036033
1211632052019376128
1211463495788744705
1211463376146239488
1211459063298572288
1211458969375563781
1211389356570750979
1211351217248645125
1211127597666652160
1211127500354576384
1210658015453597698
1210657756560216064
1210657701103050752
1210657486459588609
1210657406759383040
1210657265553956864
1210300988193677312
1210300702863613959
1209578171563200513
1209461585321836544
1209461494276141056
1209461388118233089
1209461301501743104
1209461235068145665
1209449869531856896
1209208562376945667
1209208451869618176
1209052157653192704
1208730401449160705
1208730074385702912
1208729992424828929
1208729891988033541
1208396618778714112
1208396440998940672
1208396106012475392
1208395913753964545
1208395614284898305
1208395339457290240
1208395240098410496
1208395088533106688
1208394890977124352
1208394620780060674
1208394421672263680
1208394136845475841
1208393831105941504
1208393601027387392
1208393518097608704
1208393404931072001
1208304194551263265
1208304141338075136
1208239385134714881
1208239260538679301
1207953356410499072
1207949628362174465
1207949334710493184
1207948984494567425
1207948440040333313
1207948261950185472
1207948221378637824
1207948126776123393
1207947968881537024
1207947841353723904
1207947337609416705
1207946756908027905
1207946480713117696
1207946111908040704
1207945922551922688
1207945644633141249
1207945011691700224
1207944658145464320
1207943611163303936
1207943422633332736
1207942903902953473
1207942733207355392
1207942415677566977
1207942228242583557
1207942081819357184
1207941953624653824
1207941513315004416
1207940824056680448
1207940755857297408
1207940719832453120
1207940368098103296
1207939859429646336
1207939687471616001
1207819624630411265
1207819525816754176
1207491919909183494
1207490908515717121
1207490568928088064
1207490443044360192
1207486260954193920
1207485915775586304
1207485601953521665
1207485491765022720
1206808226391609344
1206808120024018949
1206807595132030977
1206807102431338496
1206806989118099457
1206806807018115105
1206692969404928001
1206692939256209410
1206425019280175104
1206351071821664256
1206338260282290176
1206338167974113280
1206337752016576513
1206337662589779975
1206337468905201666
1206042741911805953
1206018507827228672
1206018383055065090
1205837022285484033
1205661195505672192
1205661056573562885
1205534650631938049
1205534454988582917
1205534324705116162
1205534251392946183
1205534171860545537
1205533936492916736
1205533914133082113
1205533866297110528
1205533643017531393
1205533440952717312
1205533310417592321
1204849695455109120
1204849634599936000
1204849500583604226
1204596274688876544
1204586242144456705
1204586166445641729
1204586034396323840
1204585986828705797
1204585846046941185
1204585727411003392
1204585652404269057
1204585260916326401
1204585201533370369
1204585121275371522
1204584954207834113
1204584706630512640
1204584359107452928
1204070215614713859
1204070152423297024
1204066498899333122
1204066221538320384
1204066122674442246
1204065845737115649
1204065725247361024
1203431964310724611
1203362771909435395
1203301108854251521
1203300738698493954
1203300647161991168
1203300563213078529
1203300400025219073
1203300041911422976
1203299977239416832
1203299644899504128
1203140746313945088
1203140288623054849
1203140216632029185
1203091749654138880
1202879104871206912
1202765756666195969
1202765733840719872
1202765695227957248
1202709572005376001
1202591368968900608
1202587379497918464
1202587311705403393
1202586930103410688
1202586704504332290
1202573784353517568
1202573641441062913
1202215686845739010
1202215642545475584
1202214662286331904
1202214431591215109
1202214191433732103
1202214006141980673
1202213952303910913
1202213843331637248
1202213797412429825
1202213701929127938
1202213559607926785
1202213219974221825
1202212709380624384
1201850347158953984
1201743109769576457
1201743030967029761
1201737972233703424
1201688929801572352
1201643704504791040
1201643632048115714
1201643504168030210
1201643210193408000
1201642926239031296
1201642747880448002
1201488891292913664
1201488626699374593
1201270191436574721
1201270130392621057
1201148057397735431
1201146775916167168
1201146597016506368
1201146553639067648
1201146338785804291
1201146231403241477
1201145746613035009
1201145207313649666
1201144666160320512
1201143794718121984
1201143422981214208
1200934099151720454
1200907928884195330
1200907847921483784
1200907642849366021
1200907229357961216
1200907106192375808
1200814066689871872
1200813586844733440
1200813194526236674
1200812819261935616
1200812623631192066
1200812429501796352
1200249460649017346
1200248943109648389
1200248300739411970
1200248186268528645
1200248091020070912
1200247947788800003
1200247761154781184
1200247670272593920
1200247634029694976
1200247437199319040
1200247286804230144
1200247220546789377
1200247171490205704
1200246822645747712
1200145839567654912
1200112476983058432
1200112155443507200
1199933711099269120
1199880061857517568
1199805371675807749
1199562153474301952
1199562071660277761
1199367928757604353
1199367727699374081
1199367524963561473
1199325692007211008
1199325618749558786
1199325535266131969
1199325344840536064
1199161100689969152
1199160811119353858
1199160106530816000
1199083447232409600
1199082903948464128
1199082642618142721
1199062146920984577
1199057091731832837
1199054960475942913
1199054930327343106
1199054851709308929
1199036281369636866
1199036242731687936
1199036207512076290
1199036005204008960
1199035070071394309
1199034739388289024
1199034571926523904
1199034455857520641
1199032560984219648
1199032486971531264
1199032314187198464
1199032264543408128
1198964673938436096
1198814114136678401
1198612027385798660
1198592017347076097
1198591892008689669
1198591710047154177
1198241282361090049
1198241190824599553
1198241097136459777
1198241060545277953
1198240824447905792
1198240733817380864
1198240677139812353
1198234278712283140
1198234133325058049
1198234110709374976
1198233853233643521
1198218652937576449
1198014887122919424
1197663690180481024
1197486698864746497
1197486634196971520
1197486337877856256
1197485770287779840
1197485427307008001
1197482312046383105
1197482069728907265
1197481612230967297
1197481204343279619
1197479981959569408
1197479794696474629
1197479562298494976
1196891370428010496
1196891247429992455
1196891182825115648
1196891101153636353
1196890797209198592
1196890650454700032
1196890614488543233
1196858207597137921
1196766971418828801
1196766802526781440
1196766607206424577
1196766472003080193
1196763015653314560
1196762901182402562
1196762730138611712
1196762684877922304
1196762465901719552
1196762421765050368
1196762370586091523
1196762060790648833
1196761929919946753
1196761653464981504
1196761584749699072
1196761435667341312
1196761198655606784
1196760815950540800
1196405773443764229
1196405750102462464
1196364679444086785
1196364595490906112
1196057399393759233
1196057097261273090
1196056842176204801
1196056685909094405
1196055886059446273
1196055791595380737
1196055390884118528
1196055267642925056
1196055011542929410
1196054916227379200
1196029192409931776
1196028695934320640
1196028392375762945
1196028256400674816
1196028156232314885
1196027954935062530
1196027852577267714
1196027341560000513
1195900552871321603
1195774392489402368
1195774189044719617
1195773752447053826
1195547323415310337
1195547292176191488
1195547139033772033
1195547026127237120
1195546996582572032
1195546795851599872
1195546747059220480
1195546395811430401
1195546023738970113
1195545764480589824
1195545657353875456
1195545618716012546
1195545447911378944
1195545260543361024
1195403211559047168
1195193341425655810
1195193247624318977
1194803761635573761
1194803374551683074
1194803102660145152
1194587229139689477
1194476130004275200
1193807674879676418
1193807533271597056
1193807387980947456
1193806820231520256
1193806688131915776
1193806267141283840
1193789686134775808
1193789348409479168
1193788850252009474
1193786655854997504
1193786205755887617
1193786128782053376
1193785780352831489
1193785505181294593
1193785272816812034
1193785009615917056
1193784943844974592
1193784517464666112
1193784331870883840
1193783867569836032
1193783041723977728
1193782570590310400
1193782341786853377
1193782023766396929
1193781441789861888
1193781173471842304
1193643938760085505
1193643613906976770
1193563684456542209
1193563526578819072
1193563462569472001
1193534075673419782
1193534017813012486
1193533981700083712
1193533854268764160
1193533532569788416
1193533204499779584
1193315020958044166
1193314647467794432
1193313831969329154
1192615873464487941
1192615758494412800
1191829574495227905
1191829477959057413
1191829408258105355
1191815241799274496
1191781027666153475
1191780888742379520
1191779319930085377
1191775056961134592
1191774852044197888
1191774640173174785
1191774551333593089
1191371447610085377
1191160700317700097
1191088218856398857
1190223960719409158
1189779904390414336
1189779764166451200
1189778902492831750
1189283177338146821
1188922612346445825
1188922545053020160
1188922490279661569
1188921158248386562
1188771362606850049
1188493788177674242
1188490753712017408
1188049076069261313
1187699063531233282
1187693588978814976
1187530420784717824
1187513247274094593
1187513086858747904
1187512492265738247
1187180614736367616
1186813696019972096
1186427413263212545
1186347864592658434
1186312238845648896
1186312086906920962
1186311802612846595
1186311619992788993
1186311503252807684
1186310926389202944
1186066872778838018
1185979859866210305
1185891304628203521
1185890758353719299
1185690240641581057
1185674570939981824
1185674550849277952
1185674530670481409
1185674475171434497
1185674250012839936
1185674135541821442
1185673914330030080
1185673809438879745
1185673712118435841
1185673455649394688
1185673200589594626
1185668921615179776
1185668591515062282
1185668512418799617
1184787107870576641
1184784946734555136
1184643351393513472
1184643119125540864
1184642721446846465
1184640182877917184
1183937901807198210
1183937856412233729
1183937812242092032
1183937437011197953
1183560330250784768
1183353505349808128
1183353308897071104
1183353262415794176
1182994385648177153
1182994209655136257
1182825515025162240
1182825387568566273
1182825261001248769
1182825151420870657
1182825109209407488
1182825006960693248
1182824899716493313
1182824322789982210
1182824105692807168
1182823962084028418
1181905609907683328
1181905165273706496
1181905111804731393
1181904984616701952
1181724569956159488
1181724366612172800
1181724146016882688
1181528928751689733
1181528683418398720
1181380483097268224
1181379995144540161
1181372475852165120
1181001840143589378
1181001746455420930
1181001663307534339
1180933870226743296
1180821464817262593
1180817018154553344
1180816605351235590
1180816403143811073
1180816217872965633
1180816143734444035
1180685445040087040
1180506600253071362
1180506416416772096
1180458799657869312
1180306340692025349
1180306196370247680
1180306027062931456
1180305900076228608
1180305649105883136
1180077500422066177
1180075843143512064
1180070107000852480
1179794346490630144
1179794286038147072
1179794171105816576
1179793960518201345
1179547801983815680
1179162052805484544
1179135079475503104
1179135005999685632
1179134858595049473
1178885270097268736
1178881476017958913
1178720647461163009
1178389072118767616
1178388368507510784
1178135346539896833
1178134159996444673
1178133874586423296
1178133781917646848
1178133710085996544
1178133473367924737
1178030997272743937
1178030943975673857
1177549929541242880
1177549270381207553
1177549201657520129
1177549127699324929
1177548962372493313
1177548807871094785
1177548676471939074
1177548270438178816
1177548063835140097
1177167588708823041
1177164670781796352
1176994675640688640
1176994287197622272
1176844636192694272
1176824382519427073
1176824064779923457
1176823992566652928
1176823835112460288
1176823611845414917
1176823505746354176
1176823422124535809
1175821090662309888
1175820975436390400
1175820771308052480
1175369779445673984
1175094250616307713
1174816450399354881
1174816008302923777
1174699966280929282
1174699834537861121
1174622520688959488
1174493217645088774
1174493150183907330
1174338304084520960
1174338241446719488
1174337602415190021
1174291471475847169
1174097205701074953
1173954907495419904
1173883506730119168
1173883456557899778
1173883145588023296
1173882534276546560
1173881510648328192
1173880318606106624
1173879710486540288
1173879551199535104
1173879198538182656
1173878992992165888
1173878810699325440
1173878674128588800
1173878450777731072
1173878074259247104
1173877727771930624
1173877483374030848
1173441780601229313
1173217138716356608
1172962866653216774
1172923150872567809
1172710492726603776
1172709896040669184
1172707668680724480
1172609434721431554
1172609207515959296
1172608831563685888
1172608766065463296
1171945185506398208
1171945009509261318
1171894345907220480
1171886702174117888
1171886609010180097
1171783544433254402
1171699916814659584
1171411683354406912
1170569964576804864
1170569855021604864
1170569708405448704
1170569565564280832
1170569438418149376
1170569372479447040
1170441307833208842
1170142460619689985
1170142268688408576
1169589528430096384
1169589241598361600
1169432899252359168
1169432644679020544
1169290382548619264
1169289405212889089
1169288722166308866
1169288656470851584
1169226336847695873
1169226222104141831
1169051040894935041
1168953913590059008
1168679512248397824
1168676603725078528
1168310987264598017
1167950846639759360
1167950562463141889
1167413684479520768
1167257731952205824
1166549510027382784
1166535670216757249
1166535422991839232
1166535132548931584
1166535010549161984
1166098400569417729
1166098374514360321
1166098355145138178
1165646757168132099
1165646607506915329
1165646473138249730
1165646095529197568
1165372865430085633
1165310161742913537
1165109388992008192
1164942167841869825
1164941855424962560
1164941530202853376
1164940594432622592
1164939356555161602
1164938774905860098
1164758740190416898
1164758689267372034
1164757758899441664
1164757651248439296
1164413626670833664
1164413357581066240
1164413255399481344
1164412920505294848
1164412442258153472
1164412390554963968
1164412353355628544
1164412117757366272
1164411988841259008
1164411813141856256
1164411668660666368
1164137108031922176
1164136912749301760
1164136697564684288
1164136608997814272
1163699529608290305
1163699389912834049
1163699272958795776
1163699213479350272
1163698997195919366
1163698858179878912
1163698463353266178
1163698133223792640
1163692222371553280
1163083365035237381
1163083211540488192
1163044433664888832
1163044207155699712
1163043813428011008
1162714299724378112
1162703149557305344
1162702397447254017
1162702007578320896
1162701875113803776
1162701129672736768
1162700939662372864
1162700761693872130
1162700611244167168
1162485606456410113
1162161987310301184
1162161863997759489
1162104049518424081
1162103977510674440
1161915517696913408
1161915424914714624
1161915387988127744
1161915307595829249
1161915155409715200
1161914822923104256
1161914749166268417
1161823364652122112
1161823276710137856
1161822832785076224
1161808789395464192
1161764066043596802
1161725063433003011
1161526677303889922
1161428409081368577
1161428179925516289
1161427995279745024
1161427891583967233
1161427817420247041
1161427772784422912
1161427667993972741
1161427626696818689
1161427505397608450
1161427437487566848
1161427018233393152
1161426977754144768
1161426923416891393
1161426877833261057
1161425553490137091
1161109009413419008
1161108920171192320
1161108494340317186
1161108404775116800
1161108073966182400
1161078493322600449
1161077693259165696
1161077377646157824
1161077114298404871
1161022648098443264
1160744736044519425
1160744364676722689
1160744263107469313
1160744188893433857
1160744009557565440
1160743897921966080
1160743846734639104
1160743428327694338
1160623772707250181
1160623644772642820
1160603022164221953
1160602698057732097
1160369379965591559
1160341390368358400
1159994624771055617
1159972337879527424
1159972164466040837
1159971355049246720
1159971315610112003
1159970739564535810
1159932906799869954
1159930641946820613
1159930361012506625
1159930216879464448
1159930146993954818
1159929402190438405
1159815873143726081
1159815483492851712
1159707689305432065
1159670099080617985
1159566490690973696
1159139123397124099
1159138725189828609
1159138525251538946
1159076758068572163
1158872529773182976
1158850614270615552
1158839853355819008
1158839797240217600
1158679401434947584
1158679129585332225
1158309397891887104
1158309397833158657
1158201406987395073
1158201171280109569
1157963835497693184
1157963149364080640
1157962813064790022
1157962666838843393
1157962506536738816
1157526023568789504
1157525963170885633
1156783918693199873
1156783740955369478
1156783609036099584
1156783577717256192
1156783413766053888
1156783175382851584
1156783116800974849
1156783068155453441
1156782933329489921
1156782258445049856
1156781942706188289
1156781146363047937
1156574235122442241
1156573667851231233
1156338248488239104
1156338094590824453
1156337966958202882
1156337906174369794
1156337783285399552
1156337650909032449
1156213830835478528
1155679856975368193
1155459484996841473
1155459368168624129
1155458945173139457
1155334114578444289
1154931885971333121
1154530431703715841
1154386393407401985
1154386201945808896
1154185266942398466
1153817971451559936
1153499501136678912
1153499437328752640
1153085716886372352
1153085671382421504
1152882266101694464
1152881695525351424
1152881501224230912
1152738418721525761
1152658362481463296
1152574085668507648
1152573828477984768
1152573690070077440
1152235918075551745
1151895026781368320
1151894866399567873
1151868696668844032
1151868327784058882
1151868017866870784
1151867808453681153
1151674007164469248
1151673866554683393
1151673613784932352
1151673450165088267
1151554823692660736
1151542476840341504
1151541945321365505
1151324143339606016
1151323851093094401
1151323583798489089
1151323323353223170
1151323042339000320
1151322634610708480
1151322372428959749
1151273735070126086
1150945878888374273
1150840577820438533
1150840503807676416
1150840238241198080
1150479212853243904
1150437383227228162
1150437349198901248
1150437231930355713
1150436994176212992
1150433218933481472
1150268073036984320
1150007672110047234
1150007546104680448
1150007498012844032
1150007292424839168
1150007190918488064
1150006795668209664
1150006645839269889
1149474441434259456
1149474309028495360
1149305160377733120
1149304590015303681
1149078298460221440
1149051420114673664
1149050120417218560
1149049683723083777
1149049668149612544
1148989476275970056
1148989189272297474
1148989051430756352
1148988814351831040
1148808779447832577
1148808739031592961
1148808618273333248
1148624306731175937
1148624247700512768
1148030083401244674
1147970182347988992
1147969936809218048
1147955192199098368
1147954956315611136
1147954774354083840
1147954570989117441
1147954378718027776
1147875869081440256
1147875504416014339
1147707601788047360
1147707511933493250
1147678919702863872
1147525059268841472
1147524937424355329
1147247686250315779
1146929861228924928
1146811423655374848
1146634790705225734
1146634466707824641
1146634231931658243
1146634070773968897
1146633996140519424
1146432070874542080
1146429957796769792
1146429837021777920
1146413361271382017
1146413211559845888
1146412836970815488
1146412739428069376
1146412624722178048
1146411370382053376
1146411099073536000
1146410754209452033
1146386911923232768
1146386853278441472
1146386766817107968
1146385046208679936
1146180728906014725
1146005086193299456
1146004823424327682
1146004466010738688
1146004101077053441
1146003926296289281
1146003647974838272
1146003520375656448
1146003299356819457
1146003000093265920
1146002856174075904
1145711799762849793
1145654733711040512
1145452287621554176
1145452237646417922
1145343456098885633
1145343271578820608
1145343222497107970
1145343177982906368
1145343018632916992
1145342955672276993
1144941798189600768
1144941737007353856
1144941623664664576
1144940850436333568
1144940801304223746
1144940642071699456
1144810209724043264
1144810080765956096
1144809827325153280
1144809537456803841
1144808948299698176
1144808818615996418
1144361714181398529
1144062738483822592
1143529170712051712
1143502505151729664
1143502111294050304
1143501957581156352
1143357278940274689
1143136081388462080
1143136031283253248
1143135341362200576
1143135280851034113
1143135217257013249
1143135163976695808
1143135125519130624
1143134847558459392
1143134655614504961
1143134621825142785
1143134554145939458
1143134492200263680
1143134439037427714
1143134367226695682
1142964392407027712
1142895297573609472
1142895272886001666
1142895106409844738
1142895038600380416
1142894950121689089
1142894785474236416
1142894544213696512
1142894462110195714
1142894279020486656
1142568575712071681
1142428001172434945
1142427390511128577
1142427331593723905
1142425087766880256
1142227123748384769
1141669931995545600
1141534134881460224
1141129980887408640
1141129918601990146
1141128708947922944
1140467391492739072
1140433927301210112
1140433757197021185
1140433542893248517
1140319550677929985
1139940773477138433
1139940475715145731
1139775809537884161
1139775349615714304
1139775235681656832
1139774935298203648
1139774672558415872
1139774030607556608
1139773832821002240
1139681621857067008
1139662971259539456
1139662904393969664
1139662651309662211
1139662311034171392
1139662210387664898
1139661987191951360
1139374465718972418
1139129032488968192
1139128820051664896
1139128475166695425
1138993624891478016
1138993597108408320
1138993463855333376
1138993300457873413
1138927635684372480
1138927588309684225
1138766091843510272
1138765778814164992
1138639249518014464
1138639110007140352
1138639022622990336
1138638936937574401
1138638899549544449
1138638841684869122
1138638610075389952
1138638457776082944
1138627609997303808
1138627551327375362
1138587020639514626
1138441035405770753
1138440220175667201
1138274861112025089
1138274829830885376
1137926877711089664
1137926565071851520
1137784883579883522
1137784008610385922
1137783915282935809
1137783710399569921
1137781106864992256
1137781077026713600
1137781044374102016
1137780560804405250
1137780477354479617
1137780217064370177
1137779682848452608
1137779448655306753
1137779314534100992
1137546824837947393
1137546535309381633
1137395717151100929
1137395661471657986
1137395487877804032
1137389143334490112
1137315434976481288
1137314684615483392
1137057241570455552
1136703676750467079
1136703212596211712
1136703063799029763
1136702948828954624
1136702927719079937
1136702894026215431
1136702850602545154
1136702789013377029
1136702515494510593
1136702452680577025
1136702415275790344
1136702376545533952
1136702239345717248
1136701509784223744
1136668872029954049
1136640343082983427
1136479377921892352
1136479127521964032
1136478942083395584
1136478619684020224
1136478284718497792
1136478139394211841
1136477679845355520
1136477640762822656
1136477565978386432
1135740249806651393
1135740065475366914
1135620908666822656
1135620843894169600
1135506266737057792
1135505894018572288
1135352264267354112
1135352064240947200
1135312731895140352
1135303839312162817
1135303830390956032
1135279137738899457
1135061700313583617
1134865680799555589
1134655946779746304
1134655807344259077
1134655719570100224
1134655526263037957
1134655124738072576
1134504528005476354
1134410687952953344
1134410612275109888
1134249384751841281
1134249109269954560
1133914907571884039
1133817902749102080
1133522426191601664
1133203291117166593
1133162992265302016
1133162728422543360
1133162650253385732
1133162602253684741
1133162541893521410
1133061381014675456
1133061327319126016
1133061177733537800
1132984903501533184
1132598820884418560
1132356292666953728
1132355914101645313
1132355734438596608
1132355665727512577
1132355594806005760
1132355448206692353
1132355301502586880
1132355049978511363
1132187078127759360
1132111267555106821
1131869995967963136
1131864852065116160
1131863280077680640
1131372350996402178
1131372269081681922
1131151801670094849
1131151704668426243
1130780232078774275
1130780053032316928
1130632767165915136
1130632702212923392
1130632617177550849
1130632538232373248
1130632518187802626
1130632411358924805
1130631990900908032
1130566735675961344
1130566688322334722
1130418271151378435
1130089981324734464
1130089391970504704
1130089343945760768
1130088995776602112
1130088383752134658
1129216961420910597
1129216806286176258
1128992531398701056
1128992411504525314
1128992368445808640
1128992268646604800
1128991964366606336
1128991827384832001
1128991750327029760
1128991735219138562
1128971554849722369
1128842949020856320
1128480402329538560
1128479321826430976
1127911070130155525
1127911029923512320
1127910982469193730
1127589869235130369
1127560680507420672
1126910556143792129
1126236937491296256
1126236167077343237
1125955940635828224
1125892912552849415
1125892566212390914
1125806555209830401
1125806385835520000
1125805800742637570
1125363341348810752
1125362769719713792
1125362255556689920
1125361998143922176
1124779054673141760
1124650248809402368
1124299000801263617
1124287893885812736
1124224046969884672
1124027859167776768
1124027442073616384
1123694371503837185
1123694273394769927
1123694098278428675
1123404855656185856
1123039727546982401
1122870540014895104
1122868581954285568
1122835847638810624
1122835700834099201
1122834978696568832
1122290976897290241
1121953112976166913
1121589485773426689
1121589380559376384
1121247899109793794
1121247829941469185
1121247723179663360
1121189377051435008
1121189278036496386
1121188978403807233
1121188841522716678
1120796557312430080
1120796219234816000
1120348153461510144
1120347940558712833
1120347769162665984
1120347416727830529
1120317095043055618
1120316760010514437
1120316655593295872
1120316329045712902
1120316203900264450
1120316027185790981
1120315823757901825
1120315527707209728
1120315432790102017
1120315034704412674
1120314542515474432
1120314441407578112
1120314268535152640
1120314094651883521
1120313732759007232
1120313506853728256
1120005509891932161
1119712551418441728
1119712509701828609
1119630565697888258
1119397198347661312
1119396965471719426
1118886260607782912
1118886138729652224
1118886028415205376
1118885806977028097
1118885639414603776
1118881012157689858
1118880910789763073
1118845333914705925
1118845278575038464
1118845111478247425
1118845032910479360
1118844400501702658
1118844248370053120
1118844092136534021
1118708805561409536
1118331742803378178
1118199226910027776
1118199147167981569
1118198581599571968
1118103677703806981
1117496961295421444
1117408849672192012
1117343909254979584
1117343512851361792
1117249351036940289
1117234226502537216
1117223780089257985
1117134281078378499
1117133878026805248
1117133743607767040
1117061649297489922
1117061110904033281
1116994725150638080
1116994637120462848
1116993942463979520
1116993817939410944
1115979735740354561
1115967073501446145
1115966810568962048
1115966048744898560
1115961930580099074
1115955456424411137
1115955056447238145
1115706113683488768
1115705828630306816
1115705724116635648
1115705475008532480
1115705366434783235
1115630504697651200
1115630220843855873
1115428453921230848
1115097114361643009
1114879273771388929
1114342753369038848
1114008933994311681
1113900388938342402
1113899621749805059
1113392638252789762
1112691360367284226
1112674043998683136
1112465549357916162
1112465344562638848
1112465253617549312
1112464865095020544
1112464730764070913
1112464370196451328
1112464334037368832
1112464207235215361
1112124135197605890
1112123947057856512
1111701890847424512
1111701814729232386
1111701588022910978
1111327279186132992
1110612896059457536
1110612662436749313
1110612489325199360
1110612008687284226
1110565418442346497
1110510158977949696
1110510111410307072
1110509938684633088
1110503564609290240
1110438678759907328
1110438595540762625
1110335297693368320
1110018070129639424
1109883163369709573
1109881118436798465
1109880642429480960
1109880418365591557
1109493609034862592
1109290856249524225
1109290778428354560
1109290462995726336
1109290290429509632
1108910807935528960
1108709303832244225
1108709115805736961
1108701511499087872
1108582101182492672
1108581943338303488
1108446372888489984
1108445860151676928
1108444685624848385
1108091430839431171
1107977084004171777
1107767250155700225
1107766961549819907
1107766479280328704
1107765856786878464
1107765663735693312
1107765576754180096
1106928527855808512
1106272653332148225
1106230568465981440
1106227958182748161
1106227768520556547
1106170648618024960
1106169646640758784
1106169401294888961
1106169337591877632
1106169130242244608
1106168961027190785
1106168778176561152
1106168581191073792
1106168529781428224
1105435585509031936
1105295862345990145
1105262433093017607
1105262203509370880
1104756110362316800
1104374420783681537
1104265113257889793
1104264881321201664
1104264635706998784
1104263986470625285
1103994829007175680
1103994189002534913
1103862020754079744
1103819488737271808
1103781673173504000
1103781540255928322
1103509465389768707
1103310330481074177
1103309843966898182
1103309685778714624
1102806458092175361
1102635138964484096
1102283679206961159
1102014118297522176
1101952824777297921
1101952753608413184
1101607535210102790
1101216437107085312
1100975332142792709
1100975211145515009
1100974771876048901
1100970995505078272
1100748896886759424
1100748743006138368
1100748562437230593
1100620829715505152
1100620383521304576
1100273163521482752
1100244536675221504
1100185779127701504
1100185744461701122
1100173956915621890
1099871665079631879
1099871521407930368
1099831203824320512
1099830886286151680
1099830756514455552
1099830566839611392
1099830431950737408
1099830412673724417
1099830288971124736
1099830189436166144
1099670237329457157
1099670173215326208
1099670135890198530
1099670101840801793
1099669906210066433
1099665194077298688
1099522686135533568
1099396418152869890
1099393389899014146
1099393112269619202
1099392981092782081
1099391535714615298
1099391380848291843
1099391159355535361
1099391082561966085
1099391039029297153
1099390520403640320
1099390337573928967
1099390248210087939
1099390195735121921
1099306613637296128
1099306206504587264
1098387426723225600
1098387359488458754
1098224253210685442
1098012141666402311
1098012094509862915
1097646876508213249
1097646676880379905
1097646564720472064
1097612676161773570
1097544857726472193
1097198550331596800
1097198442852597765
1097198309100404736
1097198036462305280
1097197746526801921
1097197645037293569
1096885493218902020
1096752829203656706
1096597383440404480
1096440702647615488
1096261222402613248
1096261014352318465
1096260933666656256
1096260789223243777
1096260674408333312
1096260338637512704
1096253168734867456
1096252744468443136
1096251058605735937
1096071750230650880
1096041157581303809
1096041046939713536
1095396737882181632
1095367713860583428
1095313959475912710
1095313900948590592
1095311204749361153
1095310360951877632
1095310274381389824
1094820305598627841
1094763074467364865
1094690805003046912
1094653281505300480
1094443056277929984
1094443034199109632
1094442953383309313
1094442802610618368
1094044683293073409
1093660991999614976
1093660510006980608
1093660471406809089
1093660137103998977
1093660025409671168
1092974358321082370
1092572887242948608
1092572158402932736
1092572027465142272
1092571167431512064
1092571088566079490
1092564202349309952
1092563687569793026
1092079848925863937
1092058250172870656
1091934551721590785
1091882828630032384
1091743181497077761
1091532966038302720
1091532652451164160
1091532460733677568
1091532235784765440
1091529142141706240
1091218007345504257
1091217950131056640
1090798330651787274
1090577163399692290
1090577057661235201
1090576449499811841
1090576341869756417
1090344913139568640
1089971865060286467
1089971678967418880
1089678330603978753
1089677912075325443
1089677857838772224
1089338840966414336
1089338417622728705
1089338235287990273
1089337861474783232
1088865735999397888
1088865695633457152
1088865580642377729
1088865512430415872
1088865124176330759
1088864777571577856
1088864689461882881
1088864557534199809
1088834648069812224
1088834094891442176
1088674714430697472
1088674596721754112
1088595805039181824
1088490650801197059
1088490487919595522
1088442756182228992
1088265969808613376
1087923431629377536
1087553731888119808
1087511094845935618
1087469773452128258
1087469703671500800
1087469561493053441
1087469492836409344
1087469258261565444
1087469164082675719
1087469081719123970
1087469013947568128
1087468892363075584
1087468744690016257
1087338703700164608
1087149488278523904
1087149416207798272
1087149219390111746
1087149098074099712
1086988258414862336
1086852442128560128
1086798707922796546
1086798682006175744
1086607511271149569
1086606625983643648
1086415195814150145
1086393917396926464
1086393639247466496
1086393415078682624
1086065477439418368
1085667095726252032
1085598833881493504
1085598773454299136
1085590751587827713
1085589470789947392
1085589384278261760
1085588475389403137
1085588327296835584
1085532565778432001
1085532506496077825
1085532429090205696
1085532373926727682
1085532297921736704
1085532115045883904
1085532012474191872
1085531953460400128
1085531730910593025
1085366546497716224
1085112646465216512
1085006297580429314
1084960912904208385
1084950773371469824
1084937010379411463
1084932625536565253
1084932579252490240
1084931420341063681
1084927483416317952
1084927437505523712
1084897765543628801
1084897603010129920
1084896937688604677
1084874321057722368
1084874135526887429
1084623252553695233
1084623222019182593
1084493977208930307
1084493942572363776
1084196026414759941
1084195950757851136
1084195839835295750
1084195729600593920
1084195501933760512
1084195218973474818
1084195136492527620
1084195097804197888
1084195033295802368
1084194978493018112
1084077032269668354
1083892263913168897
1083840135928733696
1083835977867714560
1083713626492600320
1083582639754436609
1083580395768156160
1083578949794492416
1083578677420539904
1083578446016663553
1083578434910150657
1083564910938914817
1083471400151732224
1083173942234353664
1083162761356632064
1083102619890057216
1083102511689617410
1083102093085495309
1083101989557415936
1083101890290860033
1082824770444558337
1082824718229622784
1082795438221205505
1082794895214022656
1082602040516378626
1082348117175996422
1082301054551756801
1082143253707870208
1082117009771556864
1082116408551575553
1082074828209881088
1082045998862606336
1082018372747956224
1081962369973129217
1081962230646800386
1081942688474255360
1081942550167150592
1081941735880736769
1081941575771541504
1081941438617866240
1081941075881836544
1081937119604625409
1081639376608772096
1081606365813067776
1081606248473284608
1081361461065195522
1081360700621156353
1081162824779481093
1081162710392410112
1081162558864875520
1081162484789186560
1081023173984993280
1080864588856475649
1080856525739094016
1080660262577934336
1080512562016514048
1080512507658321925
1080512272932458496
1080150073873518592
1080149982836076545
1080149889307365376
1080149711905009669
1080149617449291776
1080149489204252673
1080149306869538817
1080149267707318273
1080149186425901058
1080149102548213760
1080148861476311042
1080148557641015296
1080127519981010947
1080127415609901056
1080127382130970624
1080127279882211330
1080127072859815937
1080127024889544704
1080127014982635520
1080125223616372737
1079965414279577600
1079964785167486976
1079963295795331073
1079962900331139072
1079939226450513921
1079938758592679938
1079870631901097984
1079870569984733184
1079870499696590854
1079870478603468802
1079594824800583681
1079543076329320451
1079542762826067968
1079542684396728321
1079522051935924224
1079521877247361024
1079521810251685888
1079521714164432901
1079521585013420032
1079479276418801664
1079478838390853633
1079478646941863942
1079478581649174528
1079440556978327554
1079262296432611328
1079155440477528069
1079155372659802112
1079046042220412928
1079046001070166016
1079045944455385089
1079045544360755202
1079045458432049152
1079045311006412801
1078917977100242944
1078852234815983616
1078808741246570500
1078782010066386945
1078720177158701056
1078718132414541825
1078718083253092352
1078704258999087104
1078496843666022401
1078474131195207680
1078472432040726528
1078400993493176320
1078400668484976642
1078384225215225857
1078384013612642305
1078383952640032773
1078383852412907520
1078383829369475074
1078383797215920128
1078375154881843200
1078374797468418048
1078363757833871360
1078263571769888768
1078153741004652544
1078099459018555393
1078099321982210048
1078099214993895425
1078083348524908545
1078075321566588928
1078075008633790464
1078041500011900929
1078041059215753216
1078040916869500930
1077992849604526081
1077992731044139009
1077811775171686400
1077811722088603650
1077811562180689922
1077811515384885248
1077755622693789696
1077714458456276992
1077714431277174784
1077714412251811840
1077714249332543489
1077714136732176384
1077713724260171781
1077713575077122048
1077709949822820353
1077646328967188480
1077641587356766208
1077641339582455808
1077623797937856512
1077623039695691776
1077622905398325254
1077622865913171973
1077622730244177920
1077622445090226183
1077620446869237760
1077620371417976832
1077590436515069952
1077590403359100928
1077590367430737920
1077590276909289472
1077462274099593216
1077461977214214146
1077461857332416518
1077452391585320965
1077452002353926144
1077448123478429696
1077448020164251648
1077447987188637698
1077447745554792448
1077426183963328513
1077359670011068416
1077345570807787520
1077166525017137152
1077087712430182400
1077087597233614848
1077087568553037825
1077012520999809025
1076998969824346112
1076974574099722245
1076974529250054144
1076973618083569666
1076906819707174913
1076865369850200069
1076865268964646913
1076865232272834560
1076834389126983680
1076834261678915584
1076834170092089344
1076833766155472897
1076833610240614400
1076833545904144384
1076833353200996352
1076833302282145792
1076833189790928898
1076832913625358337
1076832861842563072
1076832791361437696
1076832372526587905
1076637360811589633
1076637240657354752
1076632433649508354
1076631985857146880
1076631890088595457
1076631697612042240
1076631631765688320
1076629424630566912
1076628656716435457
1076598994820833281
1076598535989149696
1076575564205576192
1076498579471110144
1076328298463023104
1076328249872003073
1076317835931074560
1076317778301267968
1076294744383410176
1076287848435908608
1076279957658177536
1076208068873072641
1076207581415292929
1076207545084272640
1076206999048806400
1075932772391370752
1075932637867503617
1075932576437690369
1075932474985902080
1075932444841467904
1075932396862738432
1075931223099404289
1075931125317541889
1075931073861902336
1075806355200622594
1075806276897173505
1075779123916759041
1075779065225887744
1075778894685450240
1075778813802500098
1075774111396184064
1075773438583660549
1075772378649526272
1075602786430173185
1075576184845598720
1075547502923927552
1075547217602203648
1075497032738058242
1075462894400299010
1075462735834550277
1075462674035675136
1075447775779844096
1075447757970857984
1075431489838477312
1075394567472599040
1075394522497060864
1075394386370985984
1075394137803931648
1075393961076891648
1075393443998957568
1075393377766686720
1075393334309515265
1075393015299170305
1075392380323409920
1075170860103802882
1075170823584006145
1075170771079712769
1075139262205648896
1075138994206318594
1075138944868720640
1075138833161822208
1075138751461015552
1075138544488865792
1075138403929374732
1075138244227018752
1075108766792761345
1075078610082508800
1075057609995104256
1075056996381024256
1075056884527349765
1075056841648939008
1075056742889897985
1075055952389394433
1074801240872284162
1074678304018436097
1074677681340452864
1074518478789451776
1074518423357612032
1074518399823302657
1074474929465278465
1074474829850525696
1074425837435396096
1074425669965225985
1074421453867663360
1074381531387490304
1074379504884375559
1074372875640020993
1074237665782976513
1074237644157173765
1074237616135041025
1074237401730564097
1074237349763145728
1074236977413791745
1074236758999601152
1074236349174161408
1074236187785740289
1074235934634323968
1074221733807300608
1074221403795349504
1074221227156357120
1074221147326177280
1074220603924733953
1074220450434244609
1074132509171048448
1074115640049500160
1074090231761199104
1073962535647358978
1073962094083665921
1073961892018819072
1073961707289174017
1073961394847039489
1073960786819772416
1073960707765481474
1073078141327937537
1073078128497565697
1073077731586387969
1073077397111611393
1073077015396392960
1072844300768169985
1072686558866796544
1072686429396963329
1072640440288059392
1072640291017031687
1072474104119418880
1072338346691706881
1072337971171520516
1072196867377762305
1072150100305158144
1072008583112474624
1072008268048932865
1072008160586670080
1072008051371245568
1072007968504406016
1072002508975955968
1071909242536382465
1071852019558871041
1071836595966357505
1071829449946017792
1071829281179910144
1071829146286915584
1071828728085442560
1071828352057647104
1071791452987027456
1071597518692200448
1071597187992297472
1071228590447042561
1071228318731644928
1071203443690344448
1071203378196303872
1071203306100408320
1071202840369090565
1071202644755136512
1071045823008571400
1071045743878787072
1071045483634806784
1071045338042171392
1071042971326386177
1070873640546250752
