1329951523351060481
1329951239581253634
1329951171159592964
1329951008756142080
1329950775208857600
1329950014106345474
1329949812674891778
1329949590141816832
1329949371723440129
1329949265599184896
1329948964548796416
1329948827583868928
1329948759912902656
1329948712127188993
1329948603658366978
1329948496128999424
1329948258194448385
1329181997655212032
1329181144986763265
1329179891187605505
1329156152299438080
1329155379872161792
1329154982554189825
1329154724231188480
1329154536745750529
1329154184109649920
1328422072125591552
1327688751594627072
1327688487999397890
1327688260672319488
1327688025220935680
1327687801756819461
1327687066163970048
1327686646905520129
1327285064472793090
1327284847346208768
1327284735689650177
1327284616953118721
1327284492126457858
1327284045160411136
1327283623234473984
1326925601253412864
1326925067477950465
1326924424109416448
1326924077332750337
1326918662570172416
1326918240493203456
1326917537787904000
1326917462844203008
1326917294828695555
1326639900322484224
1326637142269833216
1326616769541201920
1326616448387543040
1326616049777696769
1326615949659656193
1326615851408130048
1326615493701033984
1326615115467120640
1326614979953373184
1326614800114229248
1326613798526971904
1326613271663706113
1326612692359024640
1326612630438440960
1326611769326923778
1326611429001080832
1326611182409576448
1326610675876077569
1326610189773021184
1326609886222802944
1326609730630868992
1326609476963610626
1326609253625290752
1326609167721750529
1326609033680183296
1326608805673660418
1326608341406154752
1326607934629974018
1326607877205749760
1326607667750531073
1326607308269314048
1326606592716894209
1326606119402266625
1326605778799665152
1326605634729517057
1326605400955781122
1326228873751617536
1326228651071864832
1326228534361141248
1326228419101683712
1326228212888735745
1326228126511243266
1326228062606798849
1326227760012947456
1326227169354285056
1326226917842776064
1326226201610842112
1326226109969526785
1326225840263241729
1325835372564156416
1325835120704589827
1325834861194539011
1325834656248287232
1325834128550289408
1325833943980019713
1325833603675164674
1325833274040545280
1325832731234721797
1325831658554097664
1325831436356653064
1325831261693243392
1325484996224716800
1325484681265995776
1324734014612144128
1324732872326963202
1324732194158309376
1324731715634425856
1324084415887126529
1323652859175399426
1323652052455624705
1323651765275774976
1323651674754359299
1323651441110605825
1323650472973004801
1323649698079498240
1323649451760648193
1323649246432698368
1323295252015296512
1323294929221636096
1323294829443379200
1323294756508557313
1323294085554171904
1323293983699693568
1323293839721865216
1322940206874390528
1322939748739022853
1322939642350465024
1322939565812838400
1322938881981915138
1322551873505693697
1322551635533418499
1322551466880618496
1322551284877029376
1322550993855262723
1322550805581344769
1322550529252208640
1322550309323902983
1322314765272707072
1322314656665333760
1322314508623212545
1322314341568323584
1321833806102327296
1321833707204874241
1321833529370583040
1321833135869288448
1321832621899304963
1321832381125324800
1321832162337804288
1321831956716294144
1321831342426841088
1321831007918592001
1321830848849571847
1320747005145010177
1320746783333441536
1320746580417204224
1320746240645103616
1320745804479434758
1320465463239868416
1320457389896683520
1320456412615438336
1320455965573935104
1320455842001371136
1320454999097262080
1320454640803090432
1320454510376960000
1320454348787249152
1320454061561311232
1320453852349431808
1320453719729713152
1320024344664231936
1320023578662686720
1319742983873282048
1319741440528822272
1319741165671870464
1319740594344787968
1319729558946377728
1319729341970800640
1319728808539295744
1319728632886038528
1319728169889320960
1319727590945374208
1319727456727695360
1319727403598450689
1319727058356822017
1319660630006136837
1319659810732691456
1319266746130313220
1319266426734010368
1319266119648112642
1319030357065297920
1319030074331389954
1319029864859496448
1319028249452662787
1318755320798142465
1318755155324461056
1318755045643415552
1318754866349576192
1318754692751503360
1318754592495079424
1318754406842601473
1318754136200941569
1318753851319545856
1317232277877784577
1317232141516775426
1317231780546498560
1317231720349921280
1317231438735966208
1317231268694695937
1317231062028668929
1317230952607698944
1317230846806347777
1317230746017230848
1317230588781232129
1317230338964213760
1317230002266468354
1317229490703986688
1317229101472645120
1317228944500822016
1317228762140790784
1317228462092951552
1317228233566298113
1317227134423691264
1317227075116257280
1317226951644303361
1317226830315753472
1316804072272396288
1316803867921670145
1316803751588454401
1316803676585951232
1316803552572960770
1316803343604350981
1316802941064339457
1316802725661663232
1316802173859061761
1316802054036295680
1316801907491368960
1316801793775468544
1316801741338230784
1316801620521357312
1316801499746332673
1316801111483850752
1316801057125588992
1316800836433932290
1316800637795921920
1316800300267696129
1316800202792071168
1316381440418799616
1316381377332342785
1316381238081449985
1316381020845797376
1316380841069613056
1316380709238398978
1316380145616207873
1316380062648733697
1316379617201020930
1316379462942953472
1316379313067892738
1316379162605547522
1316379108457115648
1316379026735292417
1316378943306358795
1316378797491404802
1316378367071977473
1316378251925712896
1316378129045176320
1316144518253613056
1316140855854395397
1316140611670433794
1316140389380714497
1316140133242920960
1316139986945626112
1316139883820318720
1316139399050977280
1316139220549791744
1316138595019751424
1316138187274678272
1316138019842269184
1316137829416808449
1316137725561507840
1316137576613330944
1316137453703495680
1316136818388078592
1316136750037700610
1316041008124096512
1316040793707036673
1316040658969272322
1316040574110109696
1316014237228003331
1316014154994524162
1316013888064819201
1315778119064715264
1315777434470367234
1315777213812408328
1315776969972178944
1315760679383494656
1315760543307714560
1315760202688335872
1315750438386323456
1315749929369755654
1315700561061183488
1315700159884357632
1315700034831216640
1315699921379450880
1315699696124391426
1315698602153443328
1315669434485231618
1315669051910152193
1314335582781227008
1314335511847133192
1314332987148754944
1314332494750117890
1314332099092967426
1314331578667945984
1314283979311259648
1314281121442480128
1313924948994392064
1313924808027987968
1313924704902606848
1313867724083224576
1313867416330412034
1313867157726326785
1313866571660496896
1313866220475576321
1313862816877604871
1313862670320168960
1313862505844797440
1313573644874870784
1313567933344313344
1313561256226222080
1313560861269610497
1313560440216068096
1313560056428855296
1313559895141052417
1313559694598758400
1313559600948367361
1313558923249504256
1313558675995279360
1313558542457028608
1313558400572166144
1313558103674167296
1313557648558616577
1313557223239421953
1313556620027203584
1313555882588819456
1313555591797723136
1313501924881170433
1313501811764944897
1313501156795060230
1313501065120161796
1313500746935988224
1313500645605863426
1313500426868719618
1313500300473327616
1313500063813890048
1313499916807749633
1313499745432731648
1313499446148128768
1313498450218999809
1313498245595766785
1313498051294588928
1313497618408898560
1313240971136516096
1313240673928134656
1313237392673837058
1313237309089673216
1313236658536374272
1313236469293608960
1313236337751805952
1313235902827692035
1313153347118002178
1313152403047215114
1312923827978956800
1312923642481631232
1312923335529881601
1312923230810763265
1312923024748810242
1312922914719580165
1312922731680206849
1312895067636473856
1312894944428716032
1312894650508738560
1312894517943570433
1312894458145374208
1312893984398737409
1312893592537493506
1312893475830947840
1312893400572592128
1312150457163284481
1312150034884911105
1312149389473845249
1312149167670583298
1312148899579088896
1312148704753639425
1312058713260191745
1312058444178890752
1312058173604257793
1312057357266944001
1311771229376847873
1311771040247238656
1311770779915231233
1311770564718030848
1311424978395394048
1311424785914748929
1311424606465519617
1311424543831945217
1311424300902019073
1311424257289674752
1311424151563845632
1311423685648023552
1311423452423680000
1311349621344534529
1310715192939028483
1310715025007374336
1309697597313966080
1309697523330605062
1309697268660928512
1309697129552592896
1309696721400729601
1309696673375944704
1309696379359432704
1309696270307532801
1309696009820274688
1309695624124588033
1309695389319086081
1309695287779188737
1306244439774380032
1306244065512439808
1306243883219603458
1306243763849715712
1306243659931639814
1306243501773017088
1305991029603016706
1305990820516962304
1305990499782672384
1305990163827359746
1305653414425108480
1305652926476550147
1305652704853684224
1305651925300387840
1305651657548599296
1305651054587985920
1305649443602010112
1305158114140803075
1305157852185542656
1305157421908672513
1305157293361696770
1305156940989775877
1305156651071094784
1305156505147117568
1305156340537372672
1303703170581897218
1303702649049460737
1303702097691508736
1303702022596640768
1303701915453120512
1303701513395515393
1303701351931600900
1303700995092828160
1303448718151225344
1303448564308213760
1303448214406914054
1303447864346116096
1303447723165675521
1303447589228929025
1303447325562478592
1303447170197184518
1303381050685493248
1303380438472294400
1303367601398013953
1303367475967401984
1303116825882836992
1303116520424312832
1303116334218141697
1303115896987119616
1303115661950906370
1303099737197821952
1303099421744267264
1303099281348292608
1303099154189565952
1301982049092345856
1301981927478407168
1301981712386154501
1301981608098951168
1301981459528298496
1301981376485359616
1301981242875731968
1301981129629601792
1301980892408102912
1301980848648929280
1301980700619366400
1301980504846028800
1301980337606590465
1301980178109743104
1301980133335511040
1301980062527283202
1301979647656169472
1301979584896745472
1301979543121440768
1301979471524687874
1301979294558683137
1301979130397773825
1301979052392116225
1301978925833179137
1301978728675684353
1301978596240535552
1301978130521833472
1301926847609860097
1301926242527059968
1301926194653196288
1301925909948063746
1301925869137477632
1301925727214825472
1301925182488027138
1301924943496536065
1301924732309135360
1301924536221278209
1301924089741762560
1301923754612719617
1301923713714024450
1301923447291834368
1301923394439446532
1301189331202109440
1301189084904263680
1301188976766640128
1301188733144768512
1301188663280168960
1301188627544723456
1301188551665618944
1301188258450141185
1301187978924978176
1301187595817201664
1301175657842372609
1301175232166723585
1301175102793379843
1301175035990650880
1301174885490728960
1301174605831233539
1301174437786521601
1301174343259496448
1301174288267976704
1301173995576766471
1300922288410255360
1300922175960956928
1300922095820394497
1300913231179833344
1300912683034656768
1300912547910934529
1300912464486264832
1300912048289669120
1300911776175775744
1300911706403557376
1300911595506212864
1300911085185196032
1300910802640146432
1300910711510413312
1300910529649586176
1300910350007640064
1300890483900608512
1300890046732447744
1300871996721389568
1300492778405728256
1300492542094450688
1300492087280807939
1300436839321354241
1300436766986440704
1300185832284762113
1300185494945320960
1300184500064796672
1299839313778098177
1299839176351707136
1299838877314633728
1299837103732224000
1299058441143463936
1299058008614305792
1299057668770787328
1299057066263195650
1299056971312590848
1299056600930385920
1299056354468835328
1299056043352195072
1299055109406515201
1298794167699517440
1298793930293575681
1298793338343047168
1298793196831428609
1298793028555923456
1298792761353596929
1298792211417448449
1298792057633296384
1298791814795653121
1298791646306295809
1298352219679420417
1298351970399313920
1298351918125703168
1298349943552237568
1298349713133932544
1298349500587638784
1298349292197826560
1298349184743903232
1298348990316986369
1298348785966309376
1298348450711351296
1298269372398485504
1298269174045712384
1298268944151621633
1298018950257602561
1298018383066087425
1298018265244082182
1298017827731853313
1298017501322846210
1298010885391228929
1298008571624353792
1298006437566660609
1298004596682448901
1297960588186796033
1297960176381657089
1297960004117438464
1297936893506539520
1297936086404968459
1297935565967351814
1297935277734862848
1297270063859298304
1297269791309275136
1297269615874039808
1297269119071313920
1297268966927130625
1297268842024939525
1297268219409862656
1297268115881877504
1297267958750699520
1297267896935047168
1297267787279118336
1297267480210022400
1297266368954286080
1297265949641515016
1297265836302843904
1297265160520753152
1297264897512714240
1297264661247561728
1297264266660069376
1297264100137820160
1297263845455491072
1296922626917462016
1296857506820444160
1296857232169000960
1296857039885316096
1296551351434928128
1296551074724114432
1296550997112705024
1296550738017959937
1296550384534556672
1296550096373534720
1296549899815645185
1296549431513190401
1296539249995440129
1296538719416020992
1296538452662525952
1296538163263893504
1296537847344766977
1296536102312894465
1296536025213231107
1296535635381981184
1296535504452587520
1296535242698760192
1296534948250230784
1296534694188552192
1296456811462168577
1296455563296083978
1296454902944862213
1296454425356140545
1296194006901170177
1296163617079848960
1296158934747631616
1296158607700971520
1296157931084292096
1296155312622247936
1296154199084867584
1296153831705726981
1295903035181264898
1295902767567921152
1295902070394900480
1295901970977288192
1295901752051474437
1295901356859957248
1295901254355304448
1295901138101784576
1295900713856376832
1295900603051204610
1295900360058363905
1295824081992814592
1295814096525303811
1295813742693740544
1295813658908401665
1295813493371723776
1295813296591798272
1295813190580703232
1295812937521627136
1295812505881595905
1295442656277884928
1295442243491254272
1295441815563190272
1295441575263182848
1295440578474160128
1295440461364998144
1295430264609366016
1295429397504172033
1295422324871540739
1295422169887830016
1295422026396524544
1295421923879395334
1295421851674406912
1295421664902049793
1295421505501712384
1295421060515426304
1295420724845264896
1295420104566403072
1295419867596591104
1295419400309190656
1295419176266297344
1295418884737003520
1295367009794850816
1295366162025390080
1295365789378215936
1295365664106897411
1295365535484375045
1295364284818444289
1295363515495006208
1295363053244911616
1295362811841802241
1295362357263101952
1295362265730834432
1295362091109343233
1295361984007770115
1295361406007615490
1295361104411947008
1295360895661481984
1295360789721669632
1295131066659823620
1295130678103662592
1295130404056252416
1295130064380559360
1295129808461074432
1295129455736676357
1295129326279520256
1295129062755590144
1295128856471322624
1295128280010432512
1295127990150377472
1295127711644442624
1295127657319817216
1295127354918854657
1295127273251598337
1295126993931911170
1295101672713150465
1295101382534389760
1295101061800185861
1295100851384512512
1295100675735433216
1295100494029832192
1295100274059534336
1295100180807577600
1295099936103518209
1295099754511130624
1295099461471854593
1295098959925358592
1294730044472844288
1294729942471544832
1294729792776937472
1294729187018674176
1294729097562607616
1294728936497115137
1294728737292873728
1294728394156863488
1294724137261256704
1294723752169635840
1294723427429883904
1294722414102732805
1294722002456965120
1294671665482231808
1294671159166869507
1294670864005226496
1294670627484233729
1294670383367335936
1294670075677425664
1294669873507835906
1294669370057080832
1294454440389251072
1294454053515091968
1294453856114372609
1294453682742812673
1294453584721924097
1294453322473074688
1294453048098435073
1294452850890665984
1294452797950144513
1294452640248524801
1294452574347640833
1294452525534388224
1294452405325586432
1294451850897326081
1294451660425588736
1294451554846556160
1294451477042192385
1294392041422684161
1294383532060504064
1294383380704817152
1294383290439176192
1294382896464015360
1294382818491957248
1294382762892263424
1294382198154395648
1294381974753140736
1294381769592995840
1294381646616002560
1294381269380288512
1294381022675480577
1294380961900064768
1294380899136466945
1294380248285319168
1294379913470910465
1294379792305799168
1294379363194920960
1294379198346194944
1294378740823101441
1294330907105488896
1294330586731958273
1294329989031108608
1294329848584794114
1294329610973241344
1294321713526616064
1294321480713433088
1294301856881979393
1294301683581763585
1294301346183573506
1294301216600539136
1294301091559911424
1294300195165880320
1294300172680232961
1294300054891585543
1294299763886526465
1294299307512754176
1294298857694588929
1294298519990177793
1294104747306172416
1294102929838727169
1294052916643291137
1294052860934516737
1294052222448177152
1294051786337054721
1294050802747637760
1294040702989475841
1294039927701639169
1294039595957379072
1294038476963188736
1294011515792588801
1294009527394660353
1294003785543512065
1294003706375966720
1294003610087354368
1294003431653257216
1294003309347389440
1294003056195940352
1294002854894526465
1294002629236809728
1294002209693155333
1294002049047199760
1294001587149398017
1294001280210223104
1293686438454730752
1293656416431923200
1293654614491815936
1293647357578366976
1293647260157321218
1293646673034399744
1293646001719242752
1293645786748575745
1293645558976937985
1293645451149717504
1293644884444758016
1293616000986882048
1293615780282548224
1293614855178424321
1293613485004222470
1293612878428139520
1293611123531382784
1293610258087124992
1293610059847495680
1293609903597056000
1293609802925395968
1293609552416399360
1293609270462648320
1293609228163117056
1293609154095902721
1293577828898713601
1293574208090300416
1293573442394943495
1293564414340153344
1293563831260573696
1293563449163657217
1293563130509840384
1293563019708911617
1293562722836070401
1293562492245823488
1293425580675747842
1293424877555212290
1293424653638053888
1293424447806795776
1293417834165317632
1293417505256402945
1293417307608248320
1293417067249451008
1293416752374636544
1293416199812812801
1293414478193688577
1293414117429006338
1293413947702296577
1293413817251008519
1293413746946105346
1293413113350385666
1293412968529444865
1293412676538757121
1293412344551206912
1293412137746886658
1293411904887521286
1293410942965780480
1293410510851825664
1293410366513242112
1293410029400285185
1293409836294500354
1293409743072038912
1293409560095465472
1293409444085157891
1293409177474277376
1293408686992502784
1293408229968420867
1293407825247444994
1293407544015073281
1293398841576706048
1293398636387164161
1293398494019903488
1293398304135319552
1293397999192702976
1293397432240189441
1293397073455222784
1293396875886747651
1293395939936202752
1293395819303854081
1293395704409333761
1293395515380400129
1293395466541907968
1293395348526792709
1293395247892897792
1293395144696188928
1293394936444796928
1293394842920169472
1293394759910916096
1293394660044414977
1293394616121585664
1293394357043642369
1293394038188474368
1293393713922621446
1293393413115535360
1293392448899526657
1293266833185755136
1293266659961008128
1293265011209408512
1293264767180652544
1293264543682981888
1293264223842099200
1293264068145364992
1293263930979016706
1293263760900014080
1293263556964519936
1293263460151615493
1293263232925184001
1293263134170337280
1293262866636664832
1293262825503170560
1293262749351309312
1293262099850727424
1292948264531030017
1292941246323806208
1292940123919638535
1292939924224630785
1292938669574074371
1292938206413910016
1292937952524300295
1292937087507783681
1292936946394624000
1292936192669884416
1292935407173160960
1292934926568796160
1292934722922799104
1292934641263865857
1292934097329770496
1292933802608664576
1292933702578606081
1292933272134021121
1292933165451886592
1292933027232804864
1292932802447462400
1292932653054701568
1292932521135468544
1292932277467361280
1292932101533134848
1292931954149449728
1292931892040196096
1292931373565480960
1292856070272999424
1292855830795059201
1292855711446130688
1292855324546707457
1292854902511697920
1292854527050170376
1292854395596468224
1292853280838545408
1292852899748298754
1292852786908938240
1292852712799760384
1292851697413287937
1292851664974577664
1292851578651648000
1292851395545034755
1292851046759321603
1292850585595600901
1292850433921175552
1292214396232429568
1292214052878352384
1292213888058941440
1292213619296329728
1292213231138689024
1292212553351745536
1292212284329082880
1292212116175257600
1292211989905698816
1292211930606657536
1292211530767851520
1292211330544308224
1292211046829105152
1292210968366211072
1292210818881183744
1292210515532341249
1292210370585587712
1292210286162669570
1292210055849238528
1292209945107038208
1292209656400494592
1292209549353525249
1292209353261322240
1292209270562275328
1292209128220196864
1291464205254582273
1291463618102358016
1291463382885740544
1291463325277020160
1291462743887736832
1291462690716573697
1291462518607499264
1291462174427103232
1291462079031861248
1291461980667015170
1291461165990649857
1291460952139784194
1291460695653888000
1291460221345308672
1291458519162527744
1291458453970411520
1291458126453985280
1291457978638376960
1291457153752940545
1291456992129687553
1291456668316778497
1291456613035855873
1291456389152296961
1291456146033631232
1291455838826053634
1291455159155884032
1291454900526694400
1291118786104311809
1291118353310838784
1291118186327232512
1291118061253087232
1291117647497576449
1291117608134090752
1291117333243600897
1291117220404191232
1291116994910019584
1291116864546848768
1291116698989256704
1291116455749066752
1291116228551929856
1291115954038923264
1291115866327638016
1291115464664309760
1291115293700317185
1291115111835287553
1291114786407686144
1291113935249133568
1291113231105142788
1291113013005565952
1291112638722658305
1286751681925931010
1286751242656477184
1286750967178735616
1286750750207426562
1286750571257454592
1286750069450924032
1286749778995376128
1286749032300163073
1286748345965273088
1285041166249951232
1284281567402061824
1284281458245300224
1284262405212495872
1284261450714722306
1284261257277607936
1284260606762049541
1284260151629762560
1284259839745515520
1284259254308765697
1284259136633335808
1284258832495996928
1284251142025654272
1284250831630430209
1284250396672684032
1284122616916148225
1283971218614259713
1283970447126589440
1283969968514596864
1283969556965285889
1283968945964212224
1283968702535196672
1283968347378352128
1283968272883306496
1283968121020092416
1283967805063172096
1283967198105501697
1283967162684551169
1283924266551963649
1283924126214717440
1283923970522099712
1283923777198288897
1283923586617446400
1283922834180304897
1283922743637889026
1283922682703052800
1283922615241854976
1283922285041119233
1283922205865242625
1283922082556809216
1283921966030655489
1283921753429827585
1283921613407219714
1283921516602613760
1283921432087416832
1283921269797220352
1283920985045909504
1283920919149244416
1283920856708575233
1283920733651914752
1283920699254427648
1283920631952637952
1283920042053103616
1283919959458934784
1283919756530118657
1283919541685248000
1283919496671944705
1283919393026531330
1283919265347694592
1283914963636166656
1283914355306901504
1283914256728162304
1283914180224057344
1283554975507812352
1283506252480303104
1283505853203542016
1283179098601402368
1283178948386533377
1283178867331600384
1283178734208659456
1283178576389578758
1283178525827235840
1283178324534140928
1283178174713606151
1283177901387665409
1283177719388405766
1283171569347387392
1283171464506568704
1283171359758012416
1283171256368377856
1283170958975438848
1283170801076760577
1282862095160078343
1282861942487445505
1282861836828684289
1282861656557547520
1282861579411746818
1282690500621774849
1282689612205322242
1282689287222292481
1282540878347689984
1282540538604879872
1282540235671232512
1282404845744320512
1282033220289257473
1282033085933146113
1282033033680478211
1282032993293553664
1282032766448734209
1282032635615813642
1282030034878902273
1282029980906651649
1282029813331628033
1282029622243328001
1281459567990169601
1281459188443406336
1281459049502892032
1281458941268910080
1281458853901549568
1281458612733272066
1281458361867702272
1281440576492068867
1281440477678460928
1281440455310192640
1281440319494488071
1281440235008561154
1281439960558493698
1281355778910089216
1281355450382868481
1280894036413304833
1280893779235360773
1280681180275200000
1280681030827966464
1280680797444255745
1280680558398337024
1280680365225459712
1280680152142249984
1280679660481732609
1280679414179622912
1280679354326867969
1280679240879321091
1280679052093698050
1280678915632009216
1280678867435286528
1280678769179496450
1280678409333387265
1280678297257426945
1280678259718414336
1280678183256252417
1280678009746231296
1280677569293979650
1280506830490415111
1280506790191468546
1280506722029895683
1280506167098294273
1280505926051659776
1280505784120606722
1280505696358932486
1280505516721086464
1280505389503700993
1280346178626834432
1280346139712090114
1280345892436865024
1280345768977547264
1280345659455889408
1280345516266553351
1280345316252725249
1280345157733216257
1280345064867131392
1280344884440788994
1280344786122141696
1280344551165583361
1280344442948354048
1280296662099869700
1280296256120606720
1280296142484340737
1280295886292041728
1280295846848819200
1280295707501461505
1280295551884423168
1280295398427394048
1280295150237782016
1280294933765582848
1280294840073248769
1280294788755939328
1280294669553823744
1280294461373739008
1280294264736370695
1280294125267386368
1280166971409981445
1280166781919703040
1280162714094952453
1280162413350772736
1280162063390658561
1280161930779389955
1280161876207300608
1280161596333932545
1280161432605126656
1280161187833864194
1279984842738827264
1279984654255181824
1279984433924157440
1279984394032168961
1279984303670095876
1279984114901254144
1279983797706997760
1279983603338731521
1279983490415464448
1279983361360977920
1279983267907661824
1279982961803194369
1279982863224463362
1279982711411634177
1279982578577989634
1279982306673885185
1279982249018941440
1279982065937596416
1279981854922137602
1279967137990193152
1279967083514621952
1279967013289422848
1279966816207396865
1279966687958151168
1279965547472420864
1279965261567688704
1279964969342140417
1279964952279711745
1279964652143693824
1279964601556193281
1279964507301752832
1279962347012976640
1279962334002212864
1279962300821106688
1279927036295786496
1279926982990368768
1279926889931436032
1279926814123520000
1279926715926450179
1279926534153793542
1279926005361065984
1279924812639375360
1279924504118976513
1279923971765309441
1279815777349070848
1279508591146201088
1279508398128590849
1279507659452936193
1279507329218539520
1279507018798137344
1279506632402075648
1279506555574956032
1279506435265622016
1279506291191238656
1279505986563108864
1279505860603949057
1279505697823092736
1279505537353125888
1279505417878429696
1279505233689759744
1279504796072808448
1279504591944474629
1279504344216334336
1279504137453891584
1279503889025216512
1279503834407002112
1279503561001283584
1279502662619127808
1279501891060170753
1279441196721397760
1279433372272488453
1279432936467476481
1279279600632074242
1279279327666769921
1279279118094176256
1279278796449800195
1279278695002173440
1279278612324073474
1279278563854712832
1279268479535730688
1279268112299220995
1279267777455349761
1279267582155952128
1279265141066878976
1279264948950929408
1279259393280798721
1279245447932993536
1279245364730540034
1279245084152610816
1279210041208233984
1279209899944103942
1279209625519181824
1279209093605912577
1279208905264918529
1279208734825185282
1279207899298803712
1279207711918313473
1279189377801809920
1279189359200137219
1279185095438462977
1279184890861195264
1279184681913597952
1279182248860762112
1279182014860558336
1279181934640295936
1279181835092717570
1279181752322289664
1279181432141672454
1279181224343244801
1279181056248184833
1279180922324242432
1279180624981397504
1279180558434615296
1279180395091685378
1279180163272466432
1279179914705424384
1279179658420867072
1279170904476401665
1279139293122850816
1279134921500454917
1279134857654722560
1279134194208083969
1279133842394116097
1279133594292641792
1279132826680451072
1279132701904142336
1279043216164052993
1279040828350984192
1279040398116089858
1278797671856107520
1278797318267928576
1278796902167834624
1278796683208388609
1278796638551552000
1278796377741357059
1278796173440987136
1278795958441009154
1278795858641743872
1278795573710094336
1278795221430493184
1278795057122775040
1278794884132909056
1278794733297389569
1278766744417398785
1278766350094106624
1278766100830797824
1278765807393112065
1278765665206202370
1278765527628779520
1278765510427959296
1278765453079228416
1278765142411378688
1278765067635310592
1278765008269111296
1278764727951192064
1278709625840263171
1278709402812346369
1278709331089752065
1278708962271981568
1278708597153619969
1278708539368734720
1278708368601800705
1278708269226180608
1278708269221941250
1278428501838831618
1278428414987456521
1278428225430065152
1278428023767937024
1278427963168612353
1278427840338370564
1278335687096332290
1278335653881638914
1278335521802973184
1278335346116161538
1278335218844176386
1278334730664988673
1278334659013689345
1278334440964419590
1278334352359739392
1278334227516239872
1278334158754856961
1278334093969760256
1278101607918362625
1278101423289335808
1278101302401052672
1278101157831798784
1278100958812049408
1278100900951625728
1278100349258051585
1278100121742278656
1278100052871806976
1278099835833344002
1278099270940282880
1278057523145330696
1278057309374230531
1278057218810707971
1278027651802791936
1278027575390908416
1278026750895616000
1278026640732254210
1278026271767670785
1277743960853671936
1277743763993985024
1277743572381364225
1277743510523789314
1277609030601457675
1277607844536127488
1277607605611819008
1277440919709442048
1277440834720247809
1277440748690870272
1277440682467028993
1277395074847059968
1277320015746760706
1277319872679014400
1277319739388293121
1277319281475153920
1277318828691611648
1277318617277755392
1277318454052220928
1277229710225756161
1277229366703865856
1277229255584169986
1277229034796023809
1277228862905040896
1277228559350640641
1277228389481369600
1277228267225985024
1277039346319646720
1277039144795910144
1277038745963773953
1277036669435174912
1277036386684596224
1276887179827064833
1276887116249812992
1276886867892408321
1276886796316655617
1276886713089118208
1276886472164024320
1276886359895093250
1276886071767453698
1276886036556193792
1276702748902187008
1276702559298707456
1276702438301425664
1276702216544346112
1276697891684315138
1276697803612229632
1276697494735355905
1276697008724520969
1276696960976556032
1276696776016187392
1276696676523077634
1276696566141599744
1276696500509134849
1276696311970975744
1276696258162200581
1276696134581235713
1276688309658415104
1276682318435024897
1276682069133885440
1276375161634123777
1276374942578180102
1276374759643594753
1276374691284836353
1276374629863415814
1276374359670579200
1276374315076706305
1276374102874320896
1276373980731981824
1276373722182500358
1276373628519477249
1276373509397024774
1276373440639860736
1276373335170060288
1276373185131233280
1276373107226275840
1276372966867996672
1276372874656231424
1276372765860220929
1276372684067069952
1276372576772567040
1276372484745379841
1276372378881126400
1276372283024531456
1276372216481853440
1276372093630734336
1276371669838258177
1276371545980452869
1276371456209739776
1276371307576229888
1276371135962025984
1276353243774201856
1276343569503182848
1276343015079137281
1276325739931959296
1276325643517485058
1276325590576975872
1276325535824646146
1276325318547042305
1276325213060206597
1276325160681746432
1276280022375043074
1276279858545508353
1276279010117455872
1276278947261698049
1276278826675458050
1276278390715187200
1276251187990454273
1276251163684470784
1276250969794371586
1276250820640739329
1276250702726250497
1276250570626654209
1276223673528172546
1276223406841757706
1275878411614015489
1275878341686460416
1275878174161883136
1275877850986483713
1275877776818659329
1275877691510657025
1275876822648045575
1275872555170246664
1275872488115798024
1275872305097379842
1275826729953775616
1275826472264044544
1275826387992051713
1275826006201425923
1275825902677569543
1275825739796013056
1275799370357604354
1275799296030339073
1275418473448050695
1275417737511272448
1275417562512347136
1275257742186307585
1275257380721225730
1275256957461360642
1275256827521859584
1275256720177020929
1275256409467154433
1275249099005181953
1275247355885912064
1275247254954262529
1275246201760350208
1275246178922303489
1275245769210187777
1275245426749378560
1275245125371912193
1275244611557081094
1275244244329005056
1275243607814017024
1275243477824126977
1275243452566028293
1275243068934021122
1275242995173003266
1275242613076000773
1275242427817832454
1275242295374249984
1275242225966948353
1275242046010413056
1275241973457313792
1275241862454968322
1275241766288003072
1275241710377975813
1275241294617546754
1275241037771026434
1275240996041867264
1275240841381064711
1275211819657973760
1275178878974164995
1275178721419370497
1275178504229961730
1275178406221578241
1275178312768389120
1275178019649400832
1275177915232088064
1275177855304060929
1275177684356775936
1275119589567823872
1275119549977747456
1275119366929932288
1275119265612324864
1275119204585271297
1275118836912500736
1274838347366535169
1274838294879014912
1274837811439386627
1274837509923430400
1274837413584531457
1274836925531123712
1274836865363767296
1274836633540427776
1274836457870385152
1274836285492879360
1274806459033808896
1274796408223064064
1274796325452738560
1274796187191631873
1274796181604843520
1274796180799516673
1274796180384264192
1274753351335456771
1274747557726560258
1274744233728126977
1274744040223838208
1274743847713755137
1274743740935163910
1274743588270813185
1274743431194083328
1274458394624057350
1274458186808913920
1274065767542079488
1274065536670810113
1274064672983924736
1274064444776013825
1274064241792712705
1274064135936806912
1274064075081711616
1274063443297853440
1274063116620333056
1274063009279733762
1274062547650396160
1273805461746143232
1273804136463495169
1273753337301618688
1273753291730546688
1273753243206602752
1273753146557227010
1273752887303135234
1273752810669010945
1273752676912656390
1273752610218995712
1273752384779378693
1273752157808820224
1273752155011158016
1273702563972554752
1273617952600805379
1273617851710992385
1273617665559416832
1273617451339534336
1273617232245846019
1273617034559885312
1273616947792379905
1273616598817882113
1273616444454957056
1273616200996663300
1273616116846223361
1273286812270616576
1273230631338520577
1273230615119147010
1273088282482446336
1273088188139986944
1273088104589455360
1273087931066933249
1273087881834192898
1273085334721490945
1273085272075337730
1273085222775517190
1273085129649385473
1273085053694652417
1273085020790390785
1273084932030517253
1273063110912270336
1273063045095292930
1273059608488103937
1273059447946924034
1273059294707986432
1273022825184391168
1273022477933744129
1272986299973029888
1272986286719004672
1272986283111903232
1272985913128128512
1272720753545187333
1272719510944940032
1272719407840550917
1272719251015495680
1272719036225187841
1272699393594949632
1272699278952038400
1272699103156162564
1272698887753498624
1272698806333665282
1272698483095433221
1272622053212991490
1272621984766099459
1272621820991111169
1272621320145076224
1272562062753849345
1272561019286482944
1272554898731589632
1272553939070676995
1272553746422050824
1272553550690742272
1272545882089484288
1272545673829773312
1272545410528079872
1272545332258209792
1272544741364654085
1272544245358850049
1272543873496039424
1272543309852839936
1272542967480238082
1272542458669223936
1272542302351712256
1272542134755717121
1272542087657865216
1272541919353044994
1272541857428332544
1272541548383580160
1272541493891198977
1272541449389666304
1272541060237934593
1272541002780119042
1272540821032599553
1272262088673525760
1272261861174435840
1272261722250702848
1272261576918097920
1272261444931694592
1272261310059696129
1272261229822668802
1272260949970259968
1272260892919345152
1272260726254637056
1272260674144501760
1272260611083141120
1272260558675271682
1272260444913233920
1272260363052957696
1272260211655360513
1272260127408578560
1272260077383151616
1272259982147215361
1272259820045778944
1272159713824628736
1272159588591124480
1272159500368109568
1272159170779742208
1272158872392761344
1272158257717469184
1272009274407837698
1272009221177925632
1272009166291255297
1272008692565569536
1272008622164213761
1272008482565156864
1272008351296053248
1272007154698838016
1271931048012599296
1271930699063296000
1271858288393515008
1271858252683198465
1271857521796374534
1271856702481031169
1271855884663046149
1271855665175097345
1271855567452008448
1271855136562802688
1271795720043982848
1271795082123853825
1271660827423076359
1271656682494414851
1271656523844870144
1271656431008149505
1271656369892888578
1271652866587934720
1271652322515406851
1271651788488237058
1271650091430866944
1271649627796729864
1271534746376400896
1271534347204476928
1271530404877447168
1271530393905229825
1271530393900953600
1271527846356254720
1271510159190155264
1271509988372963330
1271508142476517378
1271501767558098944
1271483116906057728
1271183076471697409
1271182687911309312
1271120578951471105
1270925056059641856
1270924864761856000
1270924823582015488
1270924601531355136
1270924510418497536
1270924284395810817
1270923534055796737
1270916619456278536
1270916446579593216
1270916378686414848
1270916229037821954
1270889436423663616
1270889345919016962
1270889085880524800
1270889038916972544
1270888970189062145
1270888733168922624
1270888649689710592
1270888591468589056
1270888424547864576
1270888362883207168
1270888127280762880
1270887972020162560
1270887893066584066
1270546719759974403
1270546582623014912
1270546499298967557
1270546219543040000
1270546186907181057
1270545595896197120
1270545487850921985
1270545378648002560
1270545205133889536
1270543477055516673
1270489347171610625
1270488687160094720
1270488523859087360
1270488449443758081
1270488270317608961
1270488205716946945
1270488106643320832
1270487939831611392
1270487818704318464
1270487544862347264
1270487008863903745
1270486821768531968
1270486791519268865
1270486733830811648
1270486126009085952
1270485723599138817
1270485373416730624
1270485252243197954
1270485005857255424
1270484106258702336
1270483865723744256
1270483751445774337
1270483436126388224
1270483242785796101
1270482981841338370
1270482517422780417
1270482115524653057
1270482041067339781
1270481951867068420
1270481864067710977
1270481827266850816
1270481770761252868
1270481510370471936
1270481456540745731
1270370746615820292
1270370413353201670
1270370268230246401
1270370197954654208
1270369200335290370
1270368761195843584
1270368515099226112
1270367907239714816
1270367645762596864
1270367351184125953
1270366902695542785
1270366410485555200
1270365884570144768
1270365717548814337
1270365620815540225
1270365370545631233
1270365196784041985
1270364482548596736
1270364252289679366
1270352831401230337
1270200193518993409
1270200065793994752
1270199894293147651
1270199716530106368
1270199655108759552
1270199580466929664
1270199461055041537
1270198769477251073
1270198538580852737
1270198342706819074
1270198177388322818
1270182092635123713
1270181876859195393
1270176499409096705
1270176370384007168
1270176223499399168
1270176102858633217
1270175732392550400
1270174814267781120
1270174724690112512
1270174637062676480
1270174454824353792
1270174439397666816
1270174343939518464
1270174264025444353
1270174210359324673
1270174158467371008
1270173876077518849
1270173813397786626
1270169228029464578
1270169133557006337
1270169101483208705
1270168904858431488
1270168828282941441
1270168731646189569
1270168643217747969
1270168199321927680
1270168099061248000
1270167623150399488
1270127009281105923
1270126705332502528
1270126625296805888
1270126353275211776
1270124226985353218
1270099565241176065
1270099389705408512
1270099174285926400
1270098791257923584
1270098665575571456
1270098078318489600
1269977788787896320
1269977668138778624
1269977525955985409
1269976075632852993
1269976038718803974
1269975987858673664
1269971366222000130
1269971243123400704
1269970959319986176
1269828674255126530
1269828044425842688
1269827803656024066
1269827563762810881
1269827427724754944
1269827257276628993
1269827193753841664
1269827112820604929
1269826989080186880
1269826826970427392
1269826763892224002
1269826710041575427
1269826618551185408
1269826367564046336
1269826238471782401
1269823745826283521
1269823652318466048
1269823509972189184
1269823438425739264
1269823264404070401
1269822527028641792
1269822377577246720
1269822280588115969
1269822225248432133
1269822107405258753
1269822107401072645
1269818206631243776
1269817973239197696
1269817635052519424
1269817494069379072
1269817382396063744
1269761423086739458
1269761330107432963
1269761228324270080
1269760890133311488
1269760689997934592
1269759620672745473
1269759086909767681
1269759014709035008
1269758970396160000
1269758818679877634
1269758782508171264
1269758502227959810
1269758450793279490
1269758183079178242
1269758002623463424
1269757716680986624
1269757608564363264
1269756631534800896
1269756582952267776
1269756475057954816
1269756394875412480
1269756309626253312
1269756195201400834
1269756029807427584
1269755870113456128
1269755745366503424
1269755473953095680
1269755215126786048
1269755155617992704
1269754996918120448
1269754919956803584
1269754713597030401
1269754711403425792
1269754691287580672
1269754687546208256
1269427838093910016
1269427715469238272
1269427530219483136
1269426368388845568
1269426073256685568
1269425941958111233
1269425649963241475
1269425537279094784
1269425194512203776
1269425120394612736
1269424977167568896
1269424933257375744
1269424775962562561
1269424703644430336
1269424513852116992
1269424212101328897
1269424163745181697
1269423763608592385
1269423707258155008
1269423433936326657
1269423189521620992
1269302650312351744
1269135374367907840
1269134360193581056
1269134270510977024
1269134093796536321
1269134024573743104
1269133826027958272
1269133823830142976
1269133821410070528
1269133802942558211
1269133795174658054
1269132841654185987
1269132466171678720
1269132323426988035
1269132293739692032
1269132179893743616
1269132104572342272
1269132067549229057
1269131626191020033
1269131421408309249
1269131416916254721
1269131274133725185
1269115838415568898
1269115722124279808
1269115611507912704
1269115534039068672
1269086931679416321
1269086703282720769
1269086426546745348
1268908813085822977
1268908683603464193
1268908118483836929
1268907888833150977
1268907694720761857
1268906043737866247
1268905845502480384
1268648979107020801
1268648760101482502
1268648651838103555
1268616981663477760
1268616436424949763
1268616257885990912
1268615996962598915
1268614789216866304
1268614609612582912
1268614557506736129
1268608442446430208
1268608150518722565
1268607933949984768
1268394678698700800
1268361001679929344
1268360545872293889
1268360285271752705
1268359923550879745
1268359704981516289
1268359176058781698
1268358869862043649
1268249749548699648
1268249387559342081
1268249249474465794
1268249071652794369
1268248811664621569
1268248552569880576
1268248395560267776
1268248102340661248
1268248100994289666
1268248099555688448
1268247659803865088
1268159872039710720
1268029609750085633
1268029266496679938
1268023229743943680
1268021637967831040
1268021564332625920
1268021206998855680
1268021078552535040
1268020977335586816
1268020806795190272
1268020287724896257
1268020159513374720
1268019953795387397
1268019775562674177
1268019755887124480
1268019678632267776
1268019381264453632
1268019275760975872
1268019175273840640
1268018279466930178
1268009005005156353
1268008980342685697
1268008958217744384
1268008956787429376
1268008954652553216
1268001502670405632
1268001060460703753
1268001058996936710
1267955166738702336
1267955026825076737
1267954691435970561
1267953909991043072
1267915550421684224
1267650835434991617
1267650834398973952
1267650833576951809
1267599723587760128
1267599220824895488
1267598279061016576
1267597968544133121
1267597698615541760
1267597411708309504
1267597348231757826
1267597301201006592
1267596701134581760
1267553767072739328
1267553297017131009
1267553036643098625
1267552812809912320
1267552658656657408
1267552571729666048
1267552225959636993
1267552142706921472
1267551942584090624
1267551814255177728
1267551078725251073
1267550737107574789
1267550412967514112
1267550307975745538
1267550266951299074
1267549940252921856
1267549682458259456
1267549545489035265
1267549274826407936
1267549200411066368
1267548791386763264
1267548494618738688
1267548185938939904
1267548011049046017
1267547724045357056
1267546538739294208
1267544464551145472
1267544463762587648
1267532698790301710
1267532535723986946
1267532146551353344
1267531870406766593
1267531227545780227
1267319176114266112
1267318835469709317
1267318789718200320
1267318676325150720
1266914227878387712
1266578126152142848
1266578048687591426
1266577626879062019
1266577453805260807
1266577102662299648
1266576886877962243
1266576683928129536
1266576530999701505
1266576413550764039
1266576268616585217
1266576156918083584
1266575954781995008
1266575846887706630
1266575625243877378
1266575477839261697
1266575385858211840
1266560833045164032
1266542757314789377
1266542722954989568
1266542682215776261
1266542448421019648
1266542190668460034
1266542027988250624
1266478756765417472
1266453970408443904
1266453660487188480
1266453594124849152
1266453462906109952
1266452971409141760
1266452754018430977
1266452473385897984
1266452072955703296
1266451193242550274
1266182935373393921
1266182866867814400
1266178223181791234
1266177975604727808
1265738210946269185
1265737290338324480
1265737030601863170
1265736696458391552
1265736652145618944
1265736453222367232
1265726553024901121
1265628872097357824
1265451406363942912
1265451328479924225
1265451145377521665
1265451079443103745
1265450828162306048
1265430065153585153
1265124892074110976
1265064822581780481
1264915341156610049
1264735645961879552
1264635975189196800
1264635137792196608
1264634941121261568
1264559106288791553
1264558936906035203
1264395952732831744
1264386940159193088
1264347243286614017
1264347153557848066
1264321799791144960
1264306311098822656
1263852343704948736
1263851449114492928
1263838520373727233
1263662426467135489
1263653995882573824
1263653671998349313
1263325332884426753
1263314310219968514
1263314264028098561
1263314083647901697
1263313076582899713
1263313036065902592
1263312947746492418
1263312870013431808
1263123929972932608
1263119434748588032
1263097172817412103
1263096880860282880
1262952677295652864
1262928913073762304
1262737816095621122
1262510548387680256
1262506227147239425
1262504807622774784
1262380125301202947
1262372018898558976
1262371919170547712
1262371810622025729
1262222608780505088
1262222219884687361
1262221921439019008
1262221889620963328
1262211451659472901
1262211283220299778
1262205362712657920
1262205135180009472
1262205057950334977
1261843379723177985
1261839556187262976
1261831642961739776
1261830992349679616
1261818927581028352
1261654307486593029
1261653787564883968
1261653672846438400
1261653461562605568
1261583945662992385
1261583645837389824
1261583165954510848
1261583127878594561
1261582875914203137
1261582580068958209
1261503288937070592
1261502949173293058
1261501712294019073
1261501039259213825
1261080854798856192
1261080147211382784
1261073237611384833
1261072955729010688
1261065400877412352
1261065122522345472
1261065043442929664
1261022171301703682
1260949118119075849
1260948237592096768
1260779431896875009
1260779077104922624
1260765934492385281
1260671857428135936
1260671560731578368
1260665488356651021
1260665252708057094
1260665111318011904
1260579768304578563
1260570269455917058
1260400942588948486
1260380307779284994
1260375953991057409
1260360680835702784
1260357630087712768
1260031029361831936
1260030304019836929
1260029803526098944
1260029663230885891
1260001609985097729
1259999638276370432
1259999503916007424
1259884564517814278
1259884419571056640
1259883951830659073
1259883826555179009
1259883669008744450
1259883568773230592
1259883135489028096
1259849062901329920
1259848928083816452
1259691825079578625
1259679911528132608
1259679651720380416
1259679513908109314
1259678985639755777
1259658398498320384
1259630464999936002
1259630002846355456
1259629900056547329
1259629844402278400
1259311997604130821
1259307060098764801
1259302912523563008
1259297317766619136
1259295812120539136
1258981299043229697
1258981006159130624
1258978846327468032
1258884116549791744
1258883945606742016
1258883567481786368
1258883408177987584
1258828236177301504
1258781704241598465
1258781453455785984
1258780105200988160
1258779881615179777
1258779255590096896
1258778794636111872
1258778479018950658
1258778102211067904
1258777691957813248
1258777285789773824
1258777168328286209
1258776860982300673
1258775832228581378
1258775599918678018
1258766189255225347
1258766165045739520
1258624419531915265
1258624340972584960
1258624314326147072
1258624113268015105
1258561763743723520
1258561584638525442
1258561496394563584
1258561456586362880
1258561255083700226
1258561005614845952
1258560845434384384
1258560712722354178
1258560389005996037
1258560330428346370
1258413852649115648
1258410154652884993
1258410063212851201
1258221181104041984
1258221024199405568
1258220739896868864
1257878552210403328
1257878462389313536
1257878114329260032
1257877739979198465
1257847174492065794
1257846697180270592
1257826609194655745
1257494587439894528
1257446631340998656
1257446574717878274
1257446486117408768
1257446318064238601
1257439757577175042
1257424237524070400
1257423477373632515
1257305976492810243
1257305879960932356
1257305349427617793
1257141098595577856
1257140962943397888
1257136102562885632
1257136040873037825
1257135862279598080
1257135688996118528
1257082106355703808
1257082038999379968
1257081765887262721
1257029990803140609
1257029020442480640
1257028231653289984
1256999762865172481
1256999107039649792
1256998871588204544
1256997957217353728
1256776807677702145
1256776748487725056
1256776651972591618
1256768677791195137
1256736599284432897
1256735890983907328
1256731039713472513
1256730787170283522
1256730731230842880
1256730657327210498
1256706419702632450
1256705940063047680
1256655754339119104
1256654530759933952
1256654461088329728
1256654169651310592
1256653808504991749
1256653369793368066
1256638472749641733
1256638012714180609
1256637437268291584
1256602534472368134
1256602373054582791
1256602304075067392
1256601788590915589
1256601415180382209
1256382848153595906
1256382697255112704
1255967192320884736
1255960893973622784
1255898966111076354
1255898314857279500
1255897690824568833
1255872189573677056
1255872139950870531
1255683777797353472
1255317519960866817
1255317388440088578
1255271950714376192
1255271099937456128
1255270826045329408
1255238363101175810
1255214532785397760
1255212347469127680
1255212081688633344
1255211988990390273
1254996933644447744
1254996439626772480
1254970453929545731
1254970227315453952
1254967884847038466
1254963972341510147
1254962250600706048
1254962190752165890
1254949763981574147
1254949561786753024
1254949507856347136
1254949445759668224
1254949437001969664
1254949434682572804
1254949432698662912
1254949425400516609
1254925005147627521
1254924720736100352
1254924718001414144
1254924712028680192
1254924442628526080
1254823014476070913
1254822919072444417
1254778851432923137
1254778769832701955
1254618986005721091
1254618867428519937
1254616311595843584
1254612465666519040
1254604953647079425
1254604531171594240
1254604192217313282
1254599753637093376
1254599438208663557
1254533612222857216
1254533483252396039
1254533000420683777
1254504872629506049
1254464591205208069
1254464383650062338
1254464041105469441
1254462374444138504
1254462253006491648
1254415585867214850
1254415314516709376
1254415019766210560
1254414834579369990
1254414594484785153
1254414104686497792
1254236984991600640
1254236698998738944
1254229414990106624
1254229247796760577
1254229178511024129
1254229125817970690
1254229022168383488
1254228813732446208
1253871576837021696
1253866990738890754
1253853871467753472
1253853757181288448
1253829196125634560
1253739657222905864
1253531204151721985
1253531139723034624
1253465602418606082
1253465537738227714
1253458330430783488
1253457760768757761
1253457607471198208
1253457304105566212
1253457259662766080
1253457083694854144
1253456829016756224
1253411669927026689
1253406986177179648
1253406696623337472
1253406302522314753
1253404199087296512
1253400299970142209
1253352231971229699
1253181357120864256
1253180778290143232
1253143851776176128
1253143602332446720
1253143289475133440
1253143167458664449
1253143070968774656
1253142957923819520
1253142749202677760
1253142620659830784
1253141895728906240
1253104544130596864
1253090883915837440
1253003324363640832
1253003042674237440
1253002982330781698
1253002134162833413
1253001887877459969
1253001479264153600
1253001151055671296
1253001016443719680
1253000812323733504
1252902129804521472
1252797333063913474
1252797064058032130
1252743436991520768
1252743395224633344
1252714280379531264
1252712388576423936
1252712205113389056
1252691634413809664
1252691421750087680
1252688122753753088
1252687772218847233
1252614486357422080
1252614271004966912
1252614150754316288
1252613945644519424
1252603510979469312
1252603292905021440
1252603224944709633
1252603021986578433
1252468682866995200
1252415744395993091
1252415026628947968
1252414782029742083
1252412257431990273
1252411347683258368
1252408597750804488
1252407676312580107
1252325633029541889
1252325433045123072
1252103511342485504
1252090045432987648
1252089708043292672
1252013334087503877
1252013106387021824
1252008367293415426
1251990016756195330
1251989295361134593
1251988965521076225
1251988743139004428
1251905350426599424
1251904924885168134
1251904792399577088
1251742372368494592
1251742028007739392
1251714397443174402
1251681201791946753
1251680805128110080
1251680603747094528
1251652917095956480
1251652168383373318
1251651351433658371
1251587980244004864
1251540138104143875
1251508379610120195
1251342724109910017
1251332759567597568
1251300738216726528
1251250774333587459
1251081221280538624
1251080427990921216
1250983181005791238
1250983107823534080
1250982989879787525
1250982396343791616
1250982060635889666
1250934298267521024
1250931750785744901
1250931656166440968
1250929132009111553
1250929103437529090
1250927704527994886
1250927654716559362
1250926697110818816
1250926472178655236
1250926421700153346
1250926229101981699
1250926060163784706
1250925861479616512
1250920208010809344
1250898952867774466
1250897894133174273
1250896447987425280
1250644515351703553
1250643893818814464
1250634111049519104
1250601008952225792
1250599272892051464
1250593659860459525
1250592950071025665
1250580309290041344
1250570077600124936
1250459124808044544
1250458930876055557
1250313735484264448
1250312150960099328
1250311768087224321
1250311433880920072
1250311257682350081
1250310330758000641
1250310228035268608
1250309746378194944
1250309329695035392
1250308980083027968
1250308778173452288
1250308190031372288
1250308023270006784
1250209081530486784
1250198765878808579
1250198664531886080
1250193402219712520
1250112512009232391
1250106915285159937
1250106169877770240
1250096085235884032
1250093541600174080
1250092695424569346
1250092608866734080
1250087561588064256
1249909495079133189
1249909363327680512
1249902504965558272
1249899839439155203
1249899014537064448
1249886200829063170
1249885707256160256
1249882135793741827
1249863483610542081
1249854939473608705
1249854874436751367
1249784966063538176
1249775894065012736
1249775769112530951
1249775610764972033
1249775182018985989
1249774856310308865
1249772518073917441
1249772028057595908
1249771424652328961
1249771218972147717
1249770283415846912
1249770210900443137
1249770048614535169
1249738149737033729
1249737175538610176
1249737081125048321
1249727813214765056
1249727275601481729
1249564953566199809
1249557477668130818
1249557179813842945
1249549131175079936
1249548997204807686
1249548705436442625
1249548645445308416
1249547745851068416
1249542741480148993
1249541971129126914
1249535941276033025
1249527375848771586
1249527357498630144
1249527206906417153
1249525396581896193
1249456598835245057
1249456472603406336
1249415645269241856
1249412941339938816
1249410291278000136
1249399475820539905
1249398528620793856
1249398457967824898
1249398273296695296
1249398235371798531
1249397453830459395
1249393740613066752
1249393649340821504
1249376537536868353
1249316619249123333
1249316332723679232
1249316162988539904
1249183939299852288
1249180722646126592
1249180025640886272
1249173371989962758
1249171006742319104
1249170999133769731
1249162306845622272
1249162115253968896
1249161164510109701
1249154132721754113
1249153635835088898
1249153453005438976
1249153126332010497
1249152902905683970
1249150988621172736
1249148299879333888
1249148168522149890
1249148094098350081
1249146435716747276
1249143655602032643
1249143653701947392
1249143613793198080
1249143106794029057
1249143045259476997
1249140208366387200
1249139112759767041
1249134813874925568
1249133989262229504
1249133933217939457
1249133824497377280
1249133818407202816
1249121053076570112
1249120948932001794
1249120477714558978
1249120321828986880
1249119738556551169
1249115273698799616
1249115145516625920
1249115026419376128
1249114952431878144
1249114648512573440
1249114497748324352
1249114285319450624
1249114224153874432
1249114135909957632
1249113815293104128
1249113660384919552
1249113299364401152
1249110991620567042
1248821125699772416
1248821085845454850
1248820526539247617
1248820398310993922
1248819531058905088
1248814356856365057
1248782091149606912
1248769477652680704
1248769378566443009
1248766416108556290
1248765932001988609
1248765615323648001
1248759016681025536
1248745558736621572
1248745462913531904
1248745416864268288
1248745299977424903
1248745195841228802
1248626720749416449
1248496406010064896
1248481051959111681
1248480709183823873
1248453180825817102
1248453164237344768
1248384584540028930
1248384443472949253
1248384312384180230
1248383990400049154
1248382841232044036
1248357785152163852
1248305339105267715
1248304123977621504
1248093595296563201
1248092747095068673
1248092514634076160
1248091476279668738
1247979371115302913
1247975065330880513
1247974600581042178
1247974448222928896
1247748010009739269
1247747781189447681
1247677200515706880
1247676991555411969
1247675838671306753
1247675298516172807
1247674352826552324
1247581658263371782
1247581132767367168
1247580941796737026
1247571656811347968
1247571527278755840
1247571275788292099
1247570979745906693
1247570524282200065
1247326578700365824
1247326442272276482
1247286704312061952
1247286197413650437
1247285595748982784
1247257345463386118
1247228734509395969
1247228371991486464
1247220882478637057
1247220341413470211
1247220236371120134
1247219877213081602
1247219845688692736
1247219489307078659
1247219247316688897
1247218949999202305
1247218142528573440
1247021618221719558
1247004241153187841
1246999836110598145
1246999610612224001
1246991238546546689
1246984161560313857
1246983952117583872
1246983950796386304
1246981804411715594
1246969151496675328
1246952504694321154
1246941496441360384
1246940980416090113
1246940680959770624
1246940491435958272
1246940385911472128
1246940112841211905
1246931264730533888
1246930988455858177
1246930307825242112
1246930107433877504
1246930061581791233
1246929980745007107
1246929573687767040
1246929481677275136
1246929232435036161
1246929184141737984
1246928737268097030
1246928386339090433
1246928151525183491
1246825263259889665
1246825197115752450
1246825001405362178
1246824891229319168
1246824717518077954
1246824599909806082
1246824131481518081
1246824023385923585
1246823451672940545
1246823099561115650
1246653592498573318
1246652504017960960
1246652114870456321
1246615873919553536
1246615716473823232
1246615137483657216
1246613070606217220
1246611772938883072
1246611439743307782
1246597408064036864
1246572321143488513
1246571914644070402
1246571648783966209
1246571484723716096
1246571295443234819
1246571208910557187
1246570979821846530
1246570574429720577
1246540304469065732
1246540135174414337
1246464716144365571
1246462457419313154
1246461478489726977
1246461091942731777
1246460898316890115
1246460584293474307
1246311652934336518
1246311577713643521
1246311522818592772
1246311271571410945
1246311118483492864
1246308659266613249
1246308507848065025
1246308187591938049
1246308035485548545
1246307916858220547
1246294397475590144
1246294185994526720
1246293996466470912
1246293821488533504
1246293617498640384
1246280442099257349
1246280262104858626
1246280208019263494
1246279920017379328
1246276580411932672
1246276515286794242
1246273338718195714
1246272545747349508
1246272425790242819
1246251592568967170
1246234735887749120
1246234409671503878
1246233113044410368
1246233068714823680
1246221249287618562
1246124508127297537
1246124454121537536
1246124242556633088
1246124131009155072
1246123902348201988
1246123605416726528
1246123477914062852
1246123203405271045
1246123099889831939
1246122765922557955
1246100753158000640
1245957765056454656
1245956348916813824
1245956248136110086
1245955490493763585
1245884108397375488
1245883589708800000
1245883249458434051
1245882941663662080
1245882462334373888
1245881972339044352
1245881372738109441
1245878048315944961
1245877909023154177
1245877834045743104
1245877735618043904
1245877406268710913
1245873033337683968
1245872674213003264
1245872499495067648
1245872251381006336
1245872165234196480
1245847811909750784
1245847483508379648
1245847207950946305
1245837398950305792
1245833792301879303
1245833718729560065
1245833280533884928
1245832831516815360
1245827128622321665
1245823725905182720
1245823625116016640
1245823338024333312
1245823146449461249
1245822986541625350
1245822897769177088
1245822734900187141
1245822334675476480
1245822046463864833
1245821952150757376
1245749541606789127
1245749107655766017
1245749008988946432
1245748615387070467
1245748350369980417
1245747843752697862
1245747756649443329
1245747297796771840
1245747151692378112
1245746590926553088
1245746499373256704
1245746065334087685
1245745363220189185
1245744907513253893
1245579716641173504
1245579387182841856
1245579198527238144
1245578786176774146
1245578605859500032
1245550171703750656
1245550082130194435
1245549745063387138
1245549467769524224
1245530273296445441
1245530032170139649
1245488375873728512
1245488063486160898
1245468288735313922
1245465732457979904
1245465642850897920
1245408501012324352
1245398977828225025
1245398793505443840
1245375065086029824
1245373613584220162
1245372978046459904
1245372969464909832
1245372817727614976
1245372728414105600
1245372235667259393
1245372066020220928
1245369959783362560
1245369640286474240
1245369372673101826
1245369055046844416
1245368979037622272
1245368804512649216
1245367828418453505
1245367626504654848
1245229472665620483
1245225127257632773
1245215696222425090
1245174114748256256
1245173727580418048
1245173522780925953
1245173180555120640
1245172046952194049
1245139682947719168
1245117073753137152
1245111306140577793
1245110477975203840
1245108053948502017
1245093412367241216
1245093162424524800
1245092996816625665
1245092657291907072
1245092375908646912
1245092313547726850
1245092084710641664
1245091985481859074
1245033497992892417
1245015877654704132
1245013042619793408
1245012465164775424
1245012229340057600
1245012158603116544
1245012082187046915
1245011983394430977
1245011833229983747
1245011749830443011
1245011574906970114
1245010656568332288
1245010492768145408
1245010190639853568
1245010047140151296
1245009705665101824
1245009589558317056
1245008289261215744
1245007447380480001
1245002660094169089
1245002496449249281
1245001916414717960
1245001258294886401
1245000623839309824
1245000410739257344
1245000052487028737
1244842578035347457
1244832432198578176
1244822098813440001
1244821620599865345
1244808009257086977
1244803098767265792
1244803042286784512
1244802865282994177
