1330387691985362944
1329519460219310082
1329503801125064705
1329350553529425920
1329350097898004481
1329162029228232706
1329161371678892032
1329158000964153345
1329156215562244103
1326833225679966209
1326831813600407552
1325933807703306240
1325350203516477441
1325172333238087680
1324796951561490434
1324621366306504706
1324074107869212674
1324039001251131392
1319457672345899010
1318263238463815680
1317254595966533634
1315691467923484672
1311913555277549569
1311909968417873920
1311908141592969216
1310776391416373248
1308113531225726976
1301745004302475264
1301744886731943936
1300205891170578433
1299781120121352192
1299435073381568514
1298852570413309953
1298851860963561472
1298696446380843010
1298695776504250375
1298693298433994760
1298685288202539009
1297073279363166208
1296822781116547072
1296822710996275202
1296816791260364803
1296814997469888515
1296660518564958210
1296659642248986633
1296332261818880001
1296331976962605062
1296144939399761923
1295522725713387521
1295445209304752131
1292969474619056128
1291841329090170881
1291840783507771393
1291592795296337921
1291592536977530880
1290039783419387904
1290013873618198531
1289832461581586433
1289831936886583301
1289296850160422913
1289292868159303681
1289291925527257088
1289291694031200257
1289291246964334592
1289287926384189440
1289287084545433601
1289285967556288516
1289285197402316801
1289283878700670976
1286045228743499781
1286040175999619072
1281680051663253513
1277831466165116928
1276052629689380870
1275682108892160001
1275681595270344706
1275519534485721088
1275518980254507008
1275476485382512646
1273694008309690371
1273347491317121030
1273090938429222914
1271991499069296640
1271506667969097728
1271159638881456132
1271138317518737408
1271124335013572609
1271103333370126338
1270825318803275783
1270803025934852096
1270796890473410561
1270793597563080704
1270785112460976128
1270777319620313091
1270597272045322241
1270544614475399168
1270542697720360966
1270515429207937029
1270515188073185281
1270462953985376270
1270430552504578051
1270213463177035778
1270213404045848581
1270086812355252225
1270086262838484994
1269852940459741185
1268997504097570817
1268994783722311680
1268951673478819840
1268937163938422789
1268927999342247938
1268922211060068352
1268920960494841857
1268908983185801218
1268593908575088642
1268277915222970370
1268253637811331085
1268177025686274048
1267627044898246658
1267537289187659779
1267529653482381313
1267499166755930112
1267488807294730240
1265987627725004800
1265882476876115968
1265488532061200390
1265186744812605440
1264795788145721345
1264199808312541184
1263875453728817154
1263874930900455424
1263485631713415168
1263479474328416257
1262555267453124608
1262448748640305155
1262447358190800896
1262386967368663047
1262374527826264066
1262366702345601026
1262223826995331072
1261173692333203456
1261164691130388480
1261055716825186306
1261054630278168579
1261052412141481986
1261049277968777216
1260686550448386056
1260667962232655875
1260635828595970049
1259994291205701633
1259942059114475521
1259924126694768640
1259906103929954307
1259897395330064384
1259882753539047424
1259880526720237568
1259879885532803073
1259859583276900352
1259573405361278976
1259572313571438596
1259008457023336454
1258828144095698945
1258828011790573572
1258782647796596737
1258497314844483584
1258102063185231874
1256292853963280385
1255863600842973188
1255854263915491329
1255761390964486149
1255594050268397569
1255593763159846921
1255586424696512513
1255586248208584706
1255580221367091201
1253136091911159809
1252691910369607682
1252691510530904070
1252421528509050880
1251216353010352130
1251204463597158400
1251203909529427969
1251143904084123649
1250975315427540992
1250975081616084996
1250911632965939200
1250904833621622785
1250854537356873733
1250853182911262722
1250851647984730114
1250850666064609281
1248887385758355457
1247243010825433092
1247242475405705216
1247232435378622474
1245548483089661952
1245546689290780673
1243690734307459072
1242343402332721154
1242312695405305860
1242003687519793152
1240506238850531328
1240360804026810375
1239698916330942464
1239698773103837184
1239649779531091969
1239649253531824129
1239649013206482944
1238545155877220353
1238536876136505345
1238536775007600641
1238531047681413120
1238281039392489473
1238280880810078208
1238100592612040705
1238011521831231488
1237834082056384514
1236880605247410176
1236383403739615233
1235967616222670848
1235962140349128704
1235961037729476608
1235959842025680896
1235958773996535810
1235799823036669953
1235799543557611520
1235363332628123648
1234367411165581312
1233634625760694272
1233415948943740928
1233115996560482309
1232771688355504135
1232770980549943299
1232498708798832640
1227258481415249920
1227253541976379393
1227102715119128576
1227102494905511937
1227026344246206464
1227024153347284993
1227020441769959424
1226971526421008394
1226962703731822593
1226887887117049856
1226183998461927430
1226183021763735554
1225674573086986241
1225673982096986112
1225508424470978560
1225473340506361858
1225472652896280578
1225467657425760256
1224209808833830918
1224209620522192897
1224050339084742661
1222927038056714241
1220813568716738560
1220418103433224192
1218782459418095616
1218281447456497665
1218246659743809538
1218235595732004865
1217706649839984641
1217561842803007493
1217224193688973312
1217214914634420225
1217214877040857088
1215031637341298693
1215007817465241600
1215001552487952384
1206042082827214850
1204863322312577026
1202683340664590336
1202609980450447360
1202467876680142848
1200951735029772289
1199035389492813825
1199003933118742528
1199003781318500352
1198999192611545089
1198989622744899585
1198713445773926401
1198708247173226498
1198708118827552768
1198708054793031680
1198707857480388611
1198518643350474752
1198339104804626433
1198322319548178435
1198321937732263937
1198318999802695680
1198317948970110977
1198311563234545664
1197602662713319430
1197601330552098818
1197207130161532928
1197066599469133824
1197066526731444224
1196886912604225542
1196311170392711168
1195097512689967104
1193462704947765248
1191773838239027200
1191773062292758528
1191483948481814529
1191482086206640135
1188556136712146945
1188555682817216515
1185373808590573568
1185299832862326785
1185296031807889408
1185258602958901249
1184544196327284738
1184146086132441089
1184124399735185408
1184119641498705920
1182740999182921728
1182740151090503687
1182738775195172868
1182737667034959872
1182695195093164032
1179172296352784384
1177620992694407170
1177495905622089731
1173674815468838912
1171579466784677894
1167462424338993154
1166145090567495682
1164629253599715329
1158105238634729472
1156978682772238337
1156977133417324552
1156646007180070914
1156594574137155584
1156456276337053696
1151977994094882817
1149958580247912448
1149344436209508353
1146945335803174913
1144708247561129984
1144243049188511744
1143382800629927941
1142130270923087872
1141455398597214209
1141021433742659584
1139593771639812097
1139056169757106176
1138850437380157440
1138831890541137920
1138326898872860674
1138219197111119872
1137044137541349376
1134116911321669632
1133861827459387393
1133650256317571072
1132577700214910976
1131946984888307712
1131837914239983616
1131766656294891521
1131766527445876736
1131641844092276738
1130688032456228864
1130215737153458176
1129480174096060421
1129480010660745227
1127783176678588416
1127736719971950599
1127502941907234816
1127342504582569984
1127154970296508416
1127143925326733312
1125486809851547648
1124370250257063938
1124205545819385856
1123683280690266113
1122643967689072640
1122254962967425025
1122254152023904257
1122098100259164160
1121831152489312257
1121536303374401540
1121525889894842374
1121525556619640846
1121519418897465355
1121516774338461708
1121516322561642496
1121513154389868546
1118970140308246528
1118158542261895170
1118158257120583681
1117987764677558272
1117963562704674816
1117894197996974080
1117890935998885888
1117890604774465536
1117828539238309888
1117828366273601536
1117808066832011265
1117164021579489281
1117162955018330113
1116770568492081152
1116765517203820545
1116748638422806528
1116748147399778304
1116747898262294529
1116538565083783168
1116073054004764679
1115644456466825217
1114642633387855872
1113515238912139265
1113110577310810112
1113109127184769029
1112069660642562048
1111425695773683713
1110721507964186624
1110575925014474752
1110571208687452163
1109928672465690627
1109724280751833088
1106478232935809025
1106467368602091521
1105917788017885184
1105539339784765445
1105528176325939200
1105526937466871808
1103798803566596097
1102630314311069696
1102463626194096128
1102162789542645760
1102157430643924994
1102156227340046336
1102146713425506305
1101610436565393409
1101258318394376192
1101009062878199809
1100529721593470981
1098997544770830336
1097281082498654208
1096908035765739525
1096897997680660480
1096889526902030338
1096587987389988864
1095544622410072065
1095154651559809024
1095049574148902912
1094971372315512833
1094966104177414144
1094705911980064768
1094699297126404096
1094697659569459201
1094597062765760512
1094582581943828481
1094165013332484096
1093647243901587461
1093622299884949505
1093613903693709312
1093613827625811968
1093613170789359621
1093548624783597570
1093230670170738689
1092996553751572480
1092973620496908288
1092912759338164224
1092612379626610688
1092604784845250560
1092503763624099840
1092483663571439616
1092477150534488068
1091390903992942593
1091390767178964993
1091383205209477120
1091069521929097216
1091038321692889091
1091021798777475072
1090608634466369544
1090314934582423555
1089985817051828224
1089951635235897345
1089285073935962113
1089284527577616386
1089284441988624389
1089284361931943936
1088876438193930241
1088876367301746688
1088845756793004032
1088290151707623425
1088259540657811465
1088137953862406144
1088114607355502597
1088105675971063808
1088099857900994560
1088093862277599233
1087802050983936000
1087799939567104000
1087796966074003456
1086779241394552832
1086326309427597312
1086325316824584194
1086325182187425792
1086322502157172737
1085352225080258560
1084868410037669890
1084013106202849280
1083449333016641536
1083271150564712448
1083270803129548800
1083237577832964096
1082802278057295872
1082771383522779137
1081085182625660928
1081070138693242881
1081069730562297857
1081068621072400384
1081068049724264449
1080948276445306880
1080948147302686721
1080884782341468164
1080866387881537536
1080741781694763008
1080736397345083392
1080149988531949570
1079421547767566336
1079285803610705920
1078672687151677441
1078377341603188736
1078331844381364224
1078212292855189505
1078212203071844353
1078055094564855810
1078054913287041025
1078035097067098113
1077982938615238656
1077681052091584512
1077680667381719041
1077680179730890752
1077326113741987841
1077326054904291328
1077326023652446214
1076651746435497984
1076651250144501760
1076555256488751104
1076263427109203969
1076263091191595011
1076216431837147136
1076171379375042566
1076168705812414464
1075530716006494213
1075515330120859650
1075123114936295427
1075122290583580674
1075120088888561664
1074799899038900226
1074520026458324992
1073487968504070145
1072225860072235008
1071179260570804224
1070780257429569536
1070413300524113920
1070238987263111168
1070078220177948672
1069616078274404353
1068374773942632448
1068374619940446208
1067979618819428352
1067122174501314560
1064725222589431808
1064628490719428608
1064221395188678656
1064220100738338817
1063696096621486081
1062042810323476480
1061065466205143040
1060997969544204289
1060761202782027776
1060570076531830786
1060047794428370945
1060046556492152832
1059635366225952768
1059635263075430400
1059549575705432067
1059317016136503296
1058861474209239040
1058629093825110016
1058136106733133827
1058135565453942785
1057653558718488576
1057441645128499201
1057359985833922560
1057359840056668162
1057318865183608833
1056924485096488960
1056748390040649728
1055524061063929856
1055195583143702529
1055192267114405893
1055191774812127232
1055145050164916229
1054944818873450496
1054935386387107840
1054934391695261696
1054933033122496512
1054932811478642689
1054756009003175936
1054461453024010240
1054048544376659968
1053368214716071936
1053344485860622336
1053131503457234944
1052222682094346241
1052207138536349696
1051929484482551808
1051928771333361665
1051928480286420992
1051927944418000898
1051925711349579777
1051918425151496192
1051715763676082179
1051707512616079360
1051706973404753922
1051706289267593217
1051013368360906753
1050842657910611969
1050824599863263237
1050254726175047680
1050254588799012864
1050046872000303104
1049762463783227398
1048322441460822022
1048218864390160390
1048192468838232066
1048073752515436545
1047840861143404545
1047737923121172480
1047735637250662401
1047733810337603584
1047593566573420544
1047357786521325568
1047245944834670592
1047223691791106049
1047211171105787904
1046815687027687424
1046774520315596803
1045736249221353472
1045310143490142209
1045106538464063489
1044957259556638720
1044956320120664064
1043213099338289153
1043212608654979072
1043159303371337728
1042936726837252097
1042678050696126464
1042659342942654464
1042659106157412352
1042518591491506176
1042512866253910017
1042511760790638593
1042497366627106816
1042489023351189506
1042486524179349505
1042423537498288128
1042413391028121601
1042397508587200512
1042396519893278720
1042396275214376961
1042394866767069186
1042391625115332608
1042391375784882176
1042308401206833152
1042178644205076480
1039949090577178624
1037790280475402240
1035415520546316288
1033463533193883652
1029284179886923776
1027990018068021248
1024755114685464577
1024358728940830720
1024355295601061890
1024349034771898369
1019520726037090310
1010563185949233153
1009710866533666816
1009654426330652672
1009639067221405697
1007562501054255104
1006611015725969410
1004774184017424384
1004767510351278081
1004429889867583490
1004185632351178758
1003782809029369858
1003508525509894145
1002707667826208768
1002699040331632641
1001568463243173890
1001567769475862528
1001558571857907712
996746415132069888
996580126996553728
995039102297952257
995013501713305600
994953426818695168
994657162461941761
994657021801660416
994437729097322497
994294004861882370
994282201805213696
994278037641465863
993557133655461889
993556505214496768
993556023645556737
992465125616603138
992242022944821249
992133165962682369
992119839207632897
990534623326343168
989553723830661120
988563390783205376
988552758591619074
986659129589682177
986360297626767360
985957373981417472
985753160512876544
984632794025484290
984519392657657857
983239558925111296
982697216384086016
981581432798752769
979048687304413185
977276234966228992
976688596060164096
976679062956634118
975287383380975616
974723396855586816
973290830629875716
973290757716172800
973290396439797760
971873587585015808
971108981656686592
968912430683361280
968903025619341319
968899216213970944
968899067186241537
968804419310686208
968766573744984068
966813338423451648
965478098325114881
963230898610233344
962441729113718784
962053492729831424
961199723465068544
961037298447142918
961034373003993088
960619985189163008
960423991763718144
959536624370675718
959181842493698048
958545187881586689
958447580874268673
958132498126508038
958053559588794368
956789183057719296
956275152983134209
955981138065088518
955977089613787136
955975832270524416
955883130791125002
955845198340349952
955523039843835904
953906770388443141
951894275943534592
951893103153205248
951534435048001537
951525534072295426
951298295930019841
951194063612637184
951193817876717573
951192737562456064
951192646000791552
950968492282531841
950852025968943104
950823681239998465
950771648927543296
950552328012214273
950490676042616835
950457031047118853
950455935675371520
949926261736005633
949436296094715904
949414843622330368
949167517045612544
949166786951417856
949026272092590080
946483200020439045
946241525561905152
945124874175082496
943996067959500806
943994781604175872
943396358685421570
943395869419765761
942966263923519489
942113662181036032
942113176648331264
941959853894983680
941959349844443136
941956089314205698
941368942790168578
941368377670586369
941353786760679424
941205368272809984
940332608642342913
938103497580478464
937793425767895041
937792976075526144
936299689653276672
936025099316154368
935966329710039040
935042368620957696
934261486100377600
934260909710733312
934202239744397312
933093202235551745
933092748604796933
933072604516233216
933064306580746242
933041408323268608
933040895368327168
931213630045122561
931208735967629315
931206727692890112
930857852876607488
930850385471864833
930845063319564289
930844208461701120
929083085135732740
929078036422647808
929077172425420800
928712318199959552
928712149911949314
928679689123704832
928678242218889221
928524285605539842
928475025530867716
928360819926200321
928337492092256258
928201131985076224
928198214842552323
928110071464235009
928030674187104257
927976338597793792
927644304646070273
927637287093063681
927635148480438272
927618857308688386
927560540439896064
927254935674277889
927041317833793537
927040534740336641
926493904022761472
926168266426400768
925849929318305792
925817564789379072
925566790398246913
925039452329824257
925030342989410304
923965094748479490
923953556557893632
923629276661993473
923612322157023232
923400371707482112
923399506330308609
923398960189931521
923398861015699456
923276705397182464
923276504343220224
923275913076371457
923271605760995328
923268055588884481
923266805229121537
923265168200609792
923261428659875841
923051482345361408
922900804985589760
922509770988425216
922505853613363201
921453624978542592
921229388905029632
920348184928509952
920334860610408448
920332771901493248
920332108589092864
920325350667837442
920005219878096896
916434455182610434
916364261122768896
916325777490219008
916133768523481091
916005692816760832
916000097808404480
915978642748051456
915929482082562048
915728416992841728
915727992323821569
915724952044818432
915668029597523968
915599365196181505
915282015200665600
914697707373113344
913505719999188992
913127930699616256
913119684546965506
912719175168221186
912509143822544898
911246933456560128
910935669899431936
910704484661133312
910564848202895361
909110711279931392
908442184055214086
908436709322510341
908156779355406336
908023236625125377
907979880909942785
905153552707964928
902235471195111424
901967516586651649
900876730272972803
900443073456504832
899991558266683392
898982622398959616
898981975876407297
897514695380180992
897317549590949890
897236213987409921
895015438039613440
895012556783398912
894759156770422784
893593601917190148
893591788199579648
893589552564240386
892847059862028289
892802050983178240
892760226151227393
892530435510738944
892502344893698052
892407859840987136
892404557980078080
891850421597327360
891845546146770944
890973687104638978
890661812403699712
890660454996955136
890659223796887552
890576024962035717
890245464796405760
889545985168420864
889521608293068800
889270188448919552
888440052409397248
888439243697160193
887925363447300096
887821449238638592
887817422392131584
887783512224530435
887774117709139968
887392369095651329
885612285980442626
885530074279280640
885344104758075392
885232968431800322
883840655478411265
883405082586370048
883403722805567489
883402210054348800
883397733884715010
883397429864701956
883058449852112897
880896837762371585
880896417937620993
880836808967409666
879520494483058688
879519279892365313
878304814827884544
878023884221665280
878010623422062593
877743128895148032
877741288447107073
877672906238689280
877672572544061440
877669404057665537
877615194247221248
877391331378610182
876981816468672512
874738506345611264
874682397811515392
874682156643217408
874371235983044608
874325164254781444
872973903706062848
872525300810350592
870463664742162432
870463048544391169
870272488030294016
870099631933448193
870002128944812032
869988850101346304
869672097689346048
869567602204565505
869429572122673156
869423619805413376
868279370867240960
867992233374392321
867826870850535424
867743725522497540
867456429111881728
867073250366541826
867055563888369665
867054813481226240
866732158261628928
865645963800477696
865641320152301568
865638999527833600
865638291646717953
865632311546490882
865269700296626177
864951669859262464
864942439240544256
864941150842626048
864938764870844417
864935921971372032
864724926674153473
864615518455595008
864208393845604352
864202572411932672
864136596307791874
864135677549719552
863816198596812801
863174217419939840
863172137800138752
863105068857425921
863103185514377218
863102855074512896
863101541745643520
863099179727552512
863097515557748736
863048766911336453
862749212768952325
862731235264786433
862410315488780288
862409635759886337
862406913929117696
862404914428997639
862404392414302210
862402952581066753
862144969917771776
861989766673428486
861654718279503876
861608730714091520
861593036077371393
860584383861985284
859139671640637440
857422444122058752
856592740708216832
856574000604090368
856572705746890752
856572176979329024
856571784690356224
856569365008961536
856517251012448256
855455657838948352
855453390792425472
854413381918445572
853668746161991680
851638798861651969
851588646809501697
851587358747226112
851506744807354371
850946266808844288
850728730708369408
850727973883969536
850726350004637696
850725979928514560
850397480277729280
850394059453739008
850204956376260608
849431986301267968
849430965072125952
849410310847037440
848943583042441221
847166465761529857
843941249581223937
843860902944358402
842454201980592129
842453794969518081
840237156585111552
839944909859745793
839939113465827329
839937454819979265
839927783933501441
839925690099249154
839586429416140800
839586168429760512
839237586518487042
839229365028286465
839141131862560768
838885923664367616
838531929444073473
837709516737294339
837043878263943171
836779110345080833
836614714797010949
836332870138478593
836331091338407936
836328601213624352
836320590256570368
836316736899121154
836253082333949952
835347155741261824
834530266471362561
834518942894940163
834510978133946368
834456795389317120
833754403597266945
833750122135711744
832976576174239744
832720798192242689
832718554289967104
832711409389625344
832688675813068801
831727731012407298
831724703471505412
831695950821326853
831632736909660162
831611775858651137
831561680488374273
831272692145864704
830092353964752896
830088295677833222
829775893962878978
829770867924168704
829543405789249536
829541769742163968
829067955283574787
829057163373006854
829002042505048064
828765085183123456
828692984430465025
828681199145119745
827630682218385408
827183743395827714
826827591000715265
826523722022584321
826473973978378240
826200797193048065
825077670010560516
825077356498939905
818222209831464960
817476910540328961
817143433055899649
806717996991475713
793565662148956160
647454771721469952
414298904520179712
339965856673046528
314858572720795648
300444445382422528
282741488469831680
279634026569007104
271681101058154496
