1330472336928223233
1330466795220766721
1330463728316379143
1330462086103781376
1330396657679294465
1330343712891744258
1330327462346170379
1329629514918481920
1329629124449742848
1329628912176025601
1329490676912951296
1329379147462926336
1329378487308853249
1329331199265869830
1329310522190213120
1329306621437243399
1329306153470324736
1329305713194258432
1329305023633911808
1329304892956160001
1329302739319484420
1329287969342164992
1329287249591144449
1329151953813770240
1328951592213733380
1328950689716908033
1328809634526793733
1328733738507833344
1328574643075223552
1328560741612400641
1328560716131995648
1328527226644598784
1328526859978608640
1328522500846854144
1328521294002917377
1328494343225798659
1328396190233276418
1328395372939587584
1328257400802045953
1328166340377645056
1328136302403915776
1327865421584871424
1327865269155491845
1327865036245782528
1327778604747460609
1327551507408023554
1327450838521049088
1327450757239541760
1327447168807034880
1327050745171087367
1326753950385758208
1326710778859319296
1326710553407086593
1326698072953524229
1326683857974939648
1326084018585133062
1326039333065920512
1326010729384828928
1325956094892658688
1325836807171420161
1325678822168141824
1325595344751759361
1325595127386140672
1325594031875903489
1325591487103574016
1325591136371617793
1325590985204756483
1325590757814788097
1325590227629592576
1325589508709113858
1325523669439885312
1325523484265619468
1325523083764133889
1325522450298396672
1325522194634575876
1325520610865393664
1325380041845465089
1325364903901851648
1325364695235256320
1325363529571033088
1325363255913689088
1325362908088442882
1325362299771744258
1325362276753428480
1325361780680511488
1325361643744845824
1325312754287325186
1325312022096048128
1325240930912391170
1325237486373703680
1325237349735919617
1325237105400885248
1325236971388760064
1325236517250404353
1325236368247812098
1325236175737659392
1325135489179947010
1325135404719202305
1325134973091762176
1325134724143194115
1324879675836018697
1324872040805961736
1324601954849402887
1324527423942238208
1324269667813363712
1324018476370055172
1324017946218430465
1323878820001255424
1323878736530386944
1323875139319144449
1323873844126535680
1323873785183899648
1323808972382588929
1323808907169595393
1323808280318255106
1323807062074249218
1323807019070095360
1323806225029566464
1323802870584610816
1323802773201321985
1323798010715873281
1323479712132485121
1323479482334957569
1323448942986727428
1323445165088976896
1323441843128930306
1323439410298425350
1323438509202485249
1323438335969370114
1323398552069038080
1323156246455865344
1323156225949925384
1323155773606809601
1323075768453369862
1323075434930720768
1323074839138152448
1323051684571086855
1322984069131546630
1322744584749940740
1322719355860361218
1322454408035213313
1322378345045282817
1322372043984306177
1322371416541569025
1321890111735345152
1321601809434202113
1321601402469289986
1321600649373667328
1321569755673841668
1321500057334648833
1321499462620094470
1321499208298434561
1321499180402180096
1321303986834735104
1321288572952059909
1321243440034783232
1321242943471104005
1321239919042375688
1320994138989494272
1320909547377184768
1320909464053141504
1320909330154201092
1320908983218089986
1320908962699583489
1320908926813118465
1320908877102223360
1320908855891681285
1320908750950223874
1320908677688283137
1320908648772763648
1320908522406686722
1320908480493064199
1320908448985468934
1320908428538220547
1320908409068204044
1320907922025648128
1320907818543812608
1320907742794649601
1320907704127361026
1320907662977048577
1320812422622564354
1320811210686799882
1320742464500781057
1320598347280011269
1320597383726714880
1320597302889820160
1320597106135097345
1320596997045366785
1320596929475170304
1320596842518876160
1320596389601169408
1320596329685520384
1320519344087015427
1320504724731367427
1320504292017606656
1320502858211565572
1320500613919158275
1320496318708666371
1320456665003630593
1320421366621941767
1320420345690628097
1320165576157876226
1320164295099994112
1320164058151243784
1320163315499282433
1319879755429273601
1319879401727811584
1319879078065983489
1319874116145549313
1319873798783569920
1319873563894087680
1319873235610144769
1319551176925478913
1319550246913978368
1319507445006336000
1319506531713429504
1319506065239801856
1319038109229682690
1319037044568576001
1319036367289110528
1318615136983261188
1318389234370228225
1318388774477365249
1318387786261680129
1318387169250205696
1318386169894391809
1318042890032074753
1318042513467461632
1318042161405984769
1317695129604468736
1317674836983009281
1317673687626153984
1317672142956277761
1317665593894572032
1317663724413554694
1317353481225818112
1317272325679611906
1317218971884597250
1317218478345080834
1317217382293819397
1317195852105027587
1316962101303402497
1316893354286866433
1316607150148538368
1316605348099350528
1316604995064729600
1316602875561340928
1316510699754082311
1316510641524482048
1316496855883296768
1316496653155794951
1316496535723692032
1316461853103529991
1316408307230429184
1316407776990633993
1316407749568323586
1316407596346232834
1316407489085288448
1316407269899337728
1316407218225414144
1316407026042515456
1316406545773719553
1316191580865417216
1316190787122671616
1316137379741208581
1316137131178373122
1316136587344912385
1316043822737035266
1316043783511908352
1316043643724140546
1316043596320079876
1316043500610256896
1316043478720294913
1315896518025584640
1315848798036529152
1315789950332305408
1315758204253601794
1315481592903749633
1315473261434736642
1315473139124633602
1315472591197548547
1315463456104108033
1315463385933320192
1315463061692731392
1315462415207870466
1315462199490600960
1315348048067919872
1315306387128422404
1315305944427921409
1315305396995850240
1315305024784916481
1315208929442492416
1314758140831952897
1314615152852033537
1314614696784343042
1314614619017748480
1314614597178064896
1314614378000510979
1314612821251043330
1314608772137005058
1314402849015595008
1314402758741700609
1314345613551702017
1314345242817159169
1314344855225667585
1314281968482357251
1314247275787493376
1314247110611611648
1314246944781406210
1314157696350908417
1314157628940058625
1314157586019758081
1314157560828768257
1314157525307138050
1314157437713289217
1314157321136865282
1314156611498319873
1314156566132781056
1314156494548598784
1314156443491336193
1314156244651913216
1314156099566817280
1314156065290887169
1314156010198663168
1314155981723635712
1314155904141594625
1314155637568401408
1314155561605369856
1314155514205437953
1314154813526073355
1314154765258022915
1314154599155195905
1314154212662673408
1314154173089357824
1314154139589410816
1314041654488301569
1314041597714030593
1314041375671947266
1314041347326783489
1314037952134238208
1314037824807677954
1314037730758799360
1314037566451134465
1314037549896290304
1314037474310656006
1314036546509705216
1314035952252325888
1314035822417641472
1314035329322692608
1314035275723608064
1314035179476914176
1314035137093545986
1314035111134887939
1314035093862854656
1314035070097911808
1314034959649329153
1314034937876680704
1314034877927493632
1313998519460655104
1313998362048442369
1313998178019139584
1313998138835972096
1313998102261575680
1313997931406651392
1313997551574675457
1313997512567590912
1313930144269176838
1313919771809808387
1313919549935357952
1313919221865291777
1313915762336239616
1313915448241655810
1313914193175818241
1313913604878536704
1313704112945594368
1313703838709354497
1313703825908412416
1313697522184056833
1313669667630845953
1313656294604189698
1313655422985830411
1313655308187820033
1313655207927189507
1313631253749432321
1313631239807668231
1313631155216961536
1313631006570745857
1313583108151750662
1313573422744719361
1313573312870658055
1313573284278132736
1313573093726728196
1313570940282966022
1313570889502470144
1313569892738752512
1313569608092262402
1313569335647055879
1313568555384942592
1313568215914741767
1313565396130295811
1313564255199916032
1313563602176094208
1313563282574319619
1313562613536694273
1313562210191527938
1313544375905984513
1313543911852388355
1313543437162029059
1313543006532907008
1313525863426789377
1313506790236205057
1313506504306241538
1313361805842972672
1313346414563467266
1313342854106935296
1313340238387965952
1313297562355535872
1313267016577449986
1313266915553538053
1313266825011113986
1313266770485092352
1313266703678275585
1313266663127764992
1313266067947556864
1313265248284168192
1313265089521291266
1313264822285479941
1313250477434376192
1313250085283729411
1313250030963261440
1313249833860452353
1313248903542779908
1313248544501923840
1313248403065896966
1313248225546076161
1312979991219580928
1312979336534937607
1312977524981403648
1312977496548298752
1312975838858694656
1312975515129720833
1312969335309242368
1312967728504999937
1312966958669795329
1312966584433094657
1312965658188054529
1312964550468210688
1312880387681640449
1312876168778067969
1312875740170420224
1312875362788020235
1312842017182023685
1312658658120085505
1312626690309394434
1312626218450202625
1312625768690855938
1312625741037809664
1312625545847414785
1312625517137457152
1312625318671327232
1312625022545125376
1312624955922747392
1312621278717775872
1312620884365017089
1312620615858257920
1312620558320893952
1312620529887653888
1312620442218360833
1312620387272925187
1312620347762638849
1312620289923190784
1312620079918481408
1312620034766901248
1312619608285892608
1312607533886996480
1312532533490315264
1312531833314185216
1312531807666016256
1312531169393537026
1312530900173770753
1312530741029289984
1312530650134503425
1312282739945725952
1312242558609883136
1312242362685501440
1312241779601805312
1312224049284743168
1312223550518984704
1312223539903242240
1312223471057940481
1312223057428312064
1312135537197633536
1312135518562336768
1312135512979730433
1312135463935700992
1312135251951415302
1312133965319344128
1312133442599960576
1312133324077293568
1312133024335626242
1312132266152263684
1312132214059003904
1312072761632845825
1312071748431630336
1312067679172395013
1312067614122946561
1311939166163230720
1311939066628317184
1311938911925657600
1311938770959249408
1311938679041150976
1311909919562649600
1311909622773579777
1311909286113665025
1311909261669269504
1311908456715165702
1311908269024251904
1311907526108164098
1311907303474507778
1311907137480806401
1311907032505745408
1311906956265824257
1311906768935677953
1311906634537590784
1311906593206829056
1311906540387995648
1311906489347571714
1311906449468076032
1311906352843948032
1311906301170135041
1311905737514323971
1311905656048414721
1311904365914001408
1311903344504590336
1311903318285975552
1311902866051862528
1311902590175719424
1311902415185211393
1311873811562795010
1311873694344589313
1311873275602055168
1311871758862082048
1311871729258631169
1311871396205801473
1311871113656446977
1311870823033167873
1311870791290687489
1311865159942647809
1311865044603490304
1311864998604480512
1311863651352154112
1311863515968401409
1311863397160452097
1311863242243923968
1311862872696410112
1311862776181264386
1311860215827005440
1311860215692828673
1311859573993672707
1311851889915555840
1311851230583455746
1311850105297932288
1311849533635276800
1311849494334648320
1311849359835893760
1311849241560723456
1311849098090344448
1311841675376033792
1311841395351707648
1311841301562785792
1311841143898935302
1311840535565553665
1311840496868831234
1311840477201805312
1311840317054873601
1311827023552221185
1311826996234780673
1311791015972474881
1311790920963063809
1311763817408405506
1311761193569316864
1311761161570918410
1311758180343480328
1311738497439608834
1311532534673666049
1311499217303560192
1311499194981441536
1311495138313736193
1311495051424477185
1311494918477688832
1311494877516042245
1311494712747085830
1311494690441748480
1311494554445590528
1311490390659403778
1311424503839367169
1311402727184969729
1311162962896457729
1311162844331859969
1311162823247101953
1311162734550159361
1311162644758499328
1311162561862172673
1310763902716776449
1310763841148645378
1310763548138778632
1310763522029219840
1310648090987319296
1310647713315401731
1310395166591782914
1310233925420281862
1310232498962653191
1309672047744872448
1309671610077638656
1309600158204690432
1309543768891236352
1309542697770913796
1309541949859418114
1309361361084964864
1309360883060092930
1309360815951302656
1309302720457838593
1309204539665457152
1309185404395048961
1309184333090086915
1309183847167340547
1309147092678516737
1309145094407229442
1308981259515895809
1308588155482800128
1308587517810278405
1308587032294326272
1308586017037918211
1308585257126498304
1308584703595872256
1308584176531234821
1308583872511213569
1308455795223339009
1308440818844303362
1308440780583952384
1308278960741142530
1308278559425916928
1308278529335926784
1308278412017098753
1308278235470475264
1308278060400214017
1308277978133078017
1308277860097044480
1308277845425258496
1308277760230674433
1308277731663249408
1308277714554683392
1308277662230679552
1308277635571748865
1308277412850028544
1308253380062707712
1308235517088198657
1308235055937073152
1308232823569031168
1308232693239427077
1308231975082356736
1308231088293195778
1308230997272653825
1308230373810339840
1307924856810463234
1307923861674041344
1307923840446730241
1307923829822550016
1307871589699129344
1307871564076060672
1307871035484708864
1307870645427081217
1307868984985952258
1307858938310922240
1307858511959863303
1307858169083965440
1307858066801557508
1307847683911098368
1307847331589640192
1307847233233195010
1307825298755420162
1307820915712053248
1307820535531933698
1307782737168945154
1307782692835131393
1307781931766083592
1307527516672983042
1307516791711825924
1307516761428955138
1307516640586801153
1307516241209425922
1307515727201669123
1307515709287804929
1307487389766619136
1307487299631026176
1307487284992802817
1307487258107404289
1307486956461453312
1307486908382171142
1307391155064233992
1307391130045210627
1307391006879477768
1307390992627249154
1307339540949094400
1307322255458922497
1307201898240409600
1307201610167332865
1307201572779196416
1307201518211420160
1307201457930874880
1307201440046362625
1307201419892662272
1307201398166167554
1307201379107250176
1307201235230035968
1307201176715309056
1307201152614838275
1307201122491420677
1307200973694173184
1307200919424167936
1307200586966880261
1307200515881697282
1307200506239029249
1307200488534933504
1307200463041892358
1307200430003441664
1307200407417094144
1307200346931036160
1307200305340338176
1307200257533583360
1307200240366297091
1307200069058387968
1307200046455238656
1307200001165144064
1307199889462439937
1307199834353545219
1307199799591043073
1307199770247802880
1307199748651266048
1307199734050885635
1307199584410763264
1307199544418017283
1307199527678545920
1307199438885138432
1307199398489788416
1307199281468780546
1307199235063001089
1307198756438323202
1307198652553846784
1307198627153088512
1307198607515410432
1307198568856514560
1307198537063690241
1307198507607040000
1307198453165043713
1307198358772158464
1307198333014900736
1307198256296923141
1307198158892658689
1307198134792134656
1307198085215514625
1307198059777056768
1307198040676196352
1307198016663826432
1307197985365860352
1307197898464079873
1307197856646934528
1307197808588488704
1307197785201094657
1307197720055238656
1307197705186414592
1307197646952689669
1307197631270203392
1307197585585770501
1307185480417583104
1307185129845121025
1307185078737539074
1307185025822097408
1307185007962849280
1307184978057453568
1307184954716106752
1307184920003883008
1307184897778421760
1307184857630547968
1307184256469348353
1307184193923944448
1307184081915052033
1307183779421794305
1307178668108722176
1307178604363747328
1307170180888494083
1307166321973628929
1307165648234180608
1307165619457077249
1307165559814000640
1307165498422026242
1307165482953379841
1307165458450219008
1307165413684412420
1307165391765078018
1307165293505138688
1307165260739215361
1307165236932341760
1307165142820544512
1307165061367070722
1307164966626250752
1307164918874079232
1307164894136074240
1307164873110020102
1307164852268474371
1307164803753009152
1307164772283056129
1307164733108297731
1307164711671205888
1307164692553633792
1307164305457139715
1307164192294817792
1307164099755769856
1307164066721521664
1307164053421395969
1307164021376913409
1307163950543507462
1307163934424805381
1307163915063832576
1307163835632058369
1307163752257781761
1307150441776582657
1307150421031628802
1307150371362664448
1307150331680350208
1307150297425469441
1307150276504301569
1307150249094516737
1307150220329975814
1307150080630239233
1307150057989341184
1307149841466826752
1307036338143858688
1307001921878863873
1306999898173321217
1306950192751669250
1306829081640660992
1306828960702042113
1306804134587314184
1306803509799645189
1306793523237265416
1306779747935039489
1306774335093432330
1306764132721537024
1306724500906668033
1306719204444430342
1306718959337705474
1306717730339422208
1306703862208884737
1306703488924241920
1306702592353988613
1306653635041005573
1306653584893906946
1306653454933413889
1306641503301885956
1306640348903596032
1306640234856230912
1306640177205477376
1306639497250172928
1306638834248151042
1306425226377465862
1306381173606752257
1306380621128835073
1306367382273880066
1306367330922967040
1306367249452806144
1306366049990963205
1306365941559767040
1306272918100418566
1306119776591319040
1306119040193175554
1306112199761555457
1305906545838915584
1305741367021273088
1305739477101563906
1305739417668198400
1305738826992750592
1305738770885627905
1305738635673821185
1305738419931414528
1305737778907447296
1305737653820837890
1305736959722225664
1305736104004509696
1305735964669640704
1305735501543026695
1305735464175968256
1305734643040256002
1305732926831812608
1305732625919873024
1305732402355068929
1305732296306294784
1305731169590312960
1305730562947256320
1305730261250985984
1305685039141789696
1305625408923107328
1305580726331596804
1305580140647284737
1305575714058633225
1305574402726207494
1305563508923412483
1305550023715893249
1305548938934706184
1305512451375538176
1305511735093231618
1305511392510959616
1305511362903396352
1305505517318672386
1305264553794691074
1305263841312419843
1305263821276282880
1305241801243140098
1305210018883665920
1305200877087621120
1305200707491033088
1305200549604847616
1305123199110258688
1305122323733901314
1305033895876980736
1305033564208144385
1304915719549849600
1304915646350872576
1304667106168975360
1304589661453647872
1304566990061924354
1304566724415676416
1304564159770697728
1304226226773655554
1304125067991879681
1304121611197480961
1304121315213955074
1304121160603439105
1304120857065816064
1304107216832802819
1303920679155380226
1303920124555071488
1303876295600807936
1303835939328884744
1303593029375324160
1303547499433668614
1303200950472056839
1303200402276585478
1303200379623165957
1303164592680570880
1303164545851109376
1303135279365189646
1303134965677293568
1303134429867659266
1303134340302413826
1303131555171368961
1302803468982329351
1302796843609399297
1302796634045194241
1302753245488709633
1302752527985905669
1302752489410826246
1302643627227836416
1302641511113293824
1302377607032442891
1302144546638311424
1302143520761876481
1302017355120357377
1302017334509477891
1302016316086386693
1301971515261497344
1301971190878285824
1301971072506638337
1301970695610662913
1301970664090464258
1301970630594760710
1301970601473695750
1301970468484919297
1301970391687102465
1301966673319264262
1301966223685701632
1301965513405460480
1301965310791225346
1301965118209765377
1301964895286636544
1301964698649231363
1301946622302138371
1301946065806073857
1301945487147307016
1301945080803139585
1301921310839365638
1301906536109871106
1301697793418031110
1301697112938250241
1301696801322536960
1301571679945097217
1301313129607987201
1301313100294107142
1301312917065871360
1301312889819717634
1301312136325615616
1301312057933991938
1301311813808685063
1301209089960284165
1301208632567234563
1301069673698668546
1301063058450776064
1300932979275988992
1300640417705328644
1300638984050180096
1300638168635576320
1300587664803090433
1300564785638060034
1300563924195082240
1300529063451385857
1300527011371376641
1300520763607453699
1300520755051065346
1300520700202057728
1300280288002666497
1300280149536051200
1300279968614756352
1300279626997157888
1300246315859947520
1300245695375572993
1300134062305284103
1300133970605215744
1300104357380317186
1299789239895445514
1299628475104493569
1299627401715101696
1299605155420213249
1299552686220681222
1299552619774595074
1299552596273881089
1299552562190979073
1299552525994033158
1299552429739044865
1299552390127943682
1299552296641191937
1299552204089626626
1299552186175807489
1299552149647523840
1299323196441800704
1299323033912594433
1299323017785479169
1299226550336974848
1299170777338707968
1299164290612637707
1299116303538704389
1298848369583042560
1298848070650802176
1298794019343003649
1298793495008870400
1298793378264604672
1298791604480811008
1298787746455093249
1298787013949370369
1298786689519955980
1298786017953157121
1298785999057752064
1298785559381520384
1298785230803939328
1298784944303624193
1298616859164540928
1298616807201406982
1298616792793964544
1298616773470715904
1298616204698017792
1298485386889629697
1298485195365068801
1298138207507415042
1298138163899174913
1298138098430246912
1298137162148450305
1298136992509767680
1298120106837454849
1297993197554151424
1297988231573667841
1297987502557614080
1297987199581945858
1297987123551842309
1297986924062416902
1297985919518150656
1297826644518985729
1297826354507980800
1297826214103703553
1297825912940101633
1297731097816702977
1297730639387660288
1297730349171122178
1297729987341103105
1297729149717680128
1297722077819154435
1297697976794611712
1297658581542674433
1297440061768765441
1297428798326145024
1297428123257110530
1297427780951584771
1297427559819378688
1297427543142936578
1297427046960967683
1297426009004953600
1297425807690924033
1297374306037575686
1297374168388960256
1297374057348894721
1297373099290251265
1297372556446531585
1297353835980173312
1296964786408894465
1296964576731369472
1296963051669905421
1296933231170912256
1296932976144650240
1296932852274278400
1296932711949639682
1296932384672276481
1296865244048916483
1296865023189495808
1296864973206020097
1296679636118765568
1296679411740225537
1296660724316602369
1296660376768122882
1296579651763134464
1296579630560837633
1296579614064730112
1296579597706964993
1296579572625006596
1296579529255813120
1296579522582675457
1296579297902301184
1296579284912549888
1296579272522567689
1296579237365919745
1296579162958897152
1296579043417100288
1296497330779234305
1296497010401579009
1296323846883225600
1296298418453848064
1296256052749643776
1296255472505364480
1296252407278690320
1296251935792734215
1296214625374044161
1296214233022160898
1296213710982324231
1296164750292918274
1295824508377600000
1295781269368983552
1295777680751824899
1295414224517238789
1295414103255769091
1295414062193545218
1295250655561617408
1295250558501236736
1295148043621347334
1295086378791862280
1295065216980582401
1294849664760545280
1294814494531751936
1294809885671075841
1294808245887008771
1294768445922447360
1294768327634685959
1294768219098689536
1294768119144230918
1294767969868959745
1294767933181304838
1294767836481458176
1294767604402475008
1294767250457722889
1294767205540929537
1294766849549361152
1294693159168081920
1294692797270896640
1294692717671448578
1294663014940135426
1294539662241992705
1294373284843225088
1294357469230174209
1294356745020637189
1294356146430648320
1294156587943309313
1294009425427140612
1293710283563728896
1293679737395707906
1293679155909988352
1293451987925848064
1293368429584556032
1293331553603518466
1293331474557685762
1293331158269296642
1293214517472657409
1293213379742638081
1293213277363855361
1293103101017284610
1292851019337138184
1292850678109540352
1292645634164633605
1292571190528110592
1292532751132954627
1292498469534531585
1292498395215679488
1292498243629330434
1292494599987113985
1292493871730110464
1292364965836464128
1292364917367099393
1292364225478885376
1292363538158292992
1292362860224565248
1292362509144469505
1292332339905921024
1292332247270514689
1292332178316177408
1292332077547913216
1292332036116504576
1292331862027833345
1292331125587742722
1292330457737105409
1292329576622891009
1292329153044402177
1292283821090656265
1291998557105467393
1291933145756061696
1291932123339927552
1291931833224048643
1291930209193795584
1291464607639445505
1291463379975131136
1291462347417104386
1291462129179123714
1291385194675605505
1291384920900763649
1291384734463987712
1291251651089772544
1291208538795237383
1291206766336913410
1291205965988200448
1291205471941070848
1291204465157079040
1291204380180480013
1291204372110684163
1291204347158761473
1291204323783979009
1291204266527461376
1291203990894579713
1291203703739944961
1291077981415387137
1291077503474425856
1290916064319148032
1290916027103154181
1290915845389144064
1290886284794376192
1290886210756517888
1290883527962230784
1290732721417916419
1290528483446325248
1290521617861349376
1290521037625536513
1290518777331953664
1290433608327540736
1290432491514474497
1290051757461053440
1290050441959444480
1290048829807419392
1290048561543909376
1290002743868837889
1290002338065739781
1290002216904925184
1289807549903110144
1289796783367950337
1289796625192218625
1289796156126461953
1289795386421346304
1289718456858836993
1289717870914568192
1289425726756851712
1289393548148662273
1289386976550899712
1289386944745500678
1289385193988427776
1289370754476204032
1289235113083990018
1289221933410615297
1289220964698296321
1289220587189972992
1289220278602461184
1289220075254243330
1289060011705085953
1289059588386562048
1288933035845484545
1288931941706878993
1288844401423331328
1288501060798230528
1287884158920925185
1287883333104365568
1287768308528435211
1287568769397792768
1287568109117804544
1287567738899226624
1287520804222185473
1287517767541895168
1287511928106090498
1287511642373263360
1287201958193963011
1287201418617790470
1287200953683369984
1287200945290579968
1286767513888608256
1286686819762032640
1286468071775969280
1286467660088303616
1286063531511754757
1285808299062034433
1285771845485187073
1285648002984677377
1285647543913852928
1285589007796240384
1285588478550519809
1285404745650319360
1285384379863379968
1285384146169278466
1285349878571425792
1285036460291301381
1285014366262370304
1285014237832794114
1285013860290908162
1285011071242317825
1285010343144624130
1285000353562451968
1284979345468129281
1284977667545214981
1284718966334795776
1284696534819446784
1284689412585148421
1284659417389170690
1284658773693534213
1284363857281024001
1284363740775886848
1284019589081432064
1283894131014631424
1283893913011523588
1283450096550649856
1283254795806138378
1283116399163056130
1283074659123179521
1282922534049021952
1282922361101090820
1282921333068894211
1282893863494057986
1282893120045223939
1282893022284349440
1282882013557653505
1282880609006825474
1282880127941128193
1282879311683432450
1282878615273836546
1282826708123619329
1282826136997842944
1282825640786395137
1282797925924470785
1282482031721684992
1282481789236400129
1282481263023132673
1282476551712407557
1282476496607678465
1282458499721699331
1282176270403612679
1281796739633119234
1281789662147813378
1281788816823590912
1281769622916812801
1281758191022374914
1281716936229949441
1281713756993728512
1281710332680065036
1281709564401000450
1281708997872058380
1281473921125175296
1281437118544465920
1281423776291397633
1281415161794957314
1281413282629386240
1281412718101032960
1281396070229180417
1281395663650127877
1281356552037859335
1281333681395826688
1281333602819563520
1281326352147324928
1281298362877304834
1281298295378280449
1281278217945481216
1281278107664683008
1281277998717698048
1281247870310666241
1281247537488412675
1281247054614925312
1281130508081082368
1281126786412281857
1281126742137155585
1281126702689763330
1281126652362326016
1281126638319742976
1281126586733989888
1281126512658460673
1281126449307693057
1281126094599569408
1281126038869815297
1281124583328878592
1281065231314272257
1281065173298577408
1281047708032172032
1281047161103360005
1281047148344291329
1281046811843624960
1281046794537926658
1281046694466027520
1281046659024195588
1280858891153281024
1280746861788188672
1280705545423462403
1280705362430242819
1280636726487236608
1280629186814771206
1280624543514554370
1280624342901174275
1280624248634118146
1280624085576364032
1280559854667644931
1280356788886437889
1280318187477913601
1280314376327659520
1280314254164443139
1280238533341478913
1280229624023261189
1280229155448197121
1280228808398864384
1280226727919312896
1280225951197126656
1280051834359558144
1280051794912083968
1280051598664904705
1280009412049096705
1279993039084310529
1279992987783696384
1279992959304437760
1279992881974071296
1279992865859477505
1279992817054613504
1279992790672388096
1279992676549623808
1279968589597085699
1279904561566711809
1279904442058510337
1279904415193993228
1279897831755714563
1279897304166735872
1279896822903947265
1279896805199749120
1279896637872246791
1279896202545434631
1279896165765578752
1279896107334733824
1279896061956456448
1279895314053435392
1279880443538681856
1279847276731600902
1279846694763536384
1279846471710507009
1279846280710303745
1279670797200691201
1279670453842386944
1279670385328492544
1279670206420353030
1279669931227955202
1279669798008434690
1279666599973265408
1279666569015148545
1279666200730120192
1279666057406550016
1279666028335808512
1279665968994811907
1279665951831662597
1279665917329395713
1279665792494325761
1279656480283725825
1279614149224472578
1279614093989687301
1279613932429365250
1279613871934881793
1279613667961692166
1279613622143115267
1279613593361793024
1279613148421591041
1279470010080075776
1279315186319589376
1279242189860737024
1279240771296727044
1279223418961960962
1279223147783389184
1279136022153084930
1279135873628614656
1278885466486562816
1278784553772081159
1278783459054493696
1278749179838443520
1278748608951734272
1278610753650675713
1278441524590776320
1278441088869597184
1278441081139539968
1278428441105305600
1278428027874168836
1278427999684251653
1278427395805138947
1278426759692800000
1278425256378740741
1278381952165347329
1278381893025697792
1278380777466736641
1278380669232709640
1278380320677662721
1278379986274131968
1278345747130396672
1278157464777654272
1278157273731399682
1278068244478398464
1278067078109581319
1278006048524304385
1278000324842795009
1277716780727877633
1277714870432129031
1277708873097531403
1277119555916234753
1277119011499671552
1277118774953549824
1277116858185977862
1277116667085180929
1277115607977164800
1277113165499830273
1277112871437176832
1277112549184614400
1277111387001683968
1277098834116653056
1277095848711774208
1277095818986741762
1277094095891152898
1277034601634988033
1277034174793363456
1277034049350049792
1277004641264381953
1276981136074342401
1276928233548677122
1276928064736448521
1276927759005159424
1276927721998876673
1276927229310709762
1276926590656618497
1276763077254447104
1276760987295723524
1276715650136891392
1276713387490148353
1276712930772467712
1276711665199972352
1276711602876801024
1276710534667264002
1276710003139923973
1276709967974801408
1276703936720838656
1276636942105542656
1276636394610401281
1276636175969792002
1276635874789294082
1276633615250661378
1276633056628166656
1276631410514767875
1276631212296200199
1276631128066134017
1276366814776262657
1276366734698713090
1276366401696157698
1276366372470173697
1276366116009529344
1276366038821670914
1276365646440337410
1276351272011137024
1276346037876260869
1276215451572473858
1276045674551873536
1275940584847441920
1275859600332423168
1275853753099436034
1275853329160187906
1275852884673015808
1275852574848102400
1275851974999769095
1275851502834388992
1275851003506626567
1275850845591142400
1275599566440628224
1275492782094929921
1275456649562484739
1275456432909893634
1275454408583593986
1275453587431145475
1275453338453073922
1275411553798574081
1275410777529294849
1275410677713297408
1275410492304080896
1275410439539765248
1275409608853651456
1275409582010052609
1275409432395091970
1275409332004421632
1275409192699002884
1275409133781516294
1275409080203522049
1275408933256073216
1275321954971586562
1275320155317420032
1275319720405864449
1275262686142640134
1275262376846204929
1275183512228966401
1275172467162710016
1275172183803920385
1275158962170728455
1275158246156836865
1274816289605853186
1274816030242734082
1274811754934042625
1274725294780420098
1274725232251744256
1274725164136173574
1274723466495905792
1274723052211896322
1274721788526841856
1274721545890549761
1274721017718595585
1274719954844221440
1274717762909323270
1274546959496482818
1274536036937469952
1274535360727523329
1274518578235146242
1274517799650672642
1274517587414704130
1274453572982366209
1274453011813797894
1274452196671860741
1274442144875454467
1274441679030943746
1274441285890461696
1274217286010839040
1274217209339039744
1274216858758021120
1274200190870790145
1274199178588106757
1274169850827608065
1274169819831697413
1274169534019182593
1274169172042358786
1274169127356203009
1274169077364330497
1274168898649284610
1274168733959958529
1274168666066759681
1274168100875907073
1274167239827169281
1274146806369263616
1274130036132462592
1274126832791695360
1274125028330799104
1273859154629754881
1273851268247756801
1273851043860959232
1273850671582908419
1273850304665128960
1273849912195678210
1273814088297168899
1273812051589238785
1273789159229046787
1273789083194667009
1273788926902272000
1273788743212773376
1273788702133760000
1273788527596187656
1273788184145641479
1273748703032094721
1273748592575098880
1273747904625291266
1273747834005852162
1273671094524940293
1273670642911662081
1273669027290845185
1273668923712569344
1273668447034114048
1273495883787755523
1273495640425869313
1273495110387412992
1273443997621653504
1273378667440353281
1273377386374008833
1273368357321035778
1273367753085210624
1273365806068510722
1273347085232996362
1273347052399996929
1273346837924261891
1273346700728565760
1273299228111093760
1273299033772220416
1273019946763763717
1272991138786533376
1272895347367579648
1272894310183251971
1272894055542906884
1272894040665722886
1272891725091045376
1272728191770284036
1272725416147632129
1272714429034123265
1272683332636196868
1272387197518467072
1272387051552477184
1272387016743845890
1272385954800599041
1272385264955133952
1272384478292389888
1272255512734818305
1272255119673958407
1272030258011799552
1272015616082395136
1271963748950052865
1271843323007959040
1271843254972092421
1271843206867693570
1271843149011353601
1271842729908199425
1271842683309494272
1271842636945637376
1271842573582245888
1271842329050124288
1271842026661781507
1271842005262442499
1271841492445863937
1271841160231899143
1271840496248410114
1271828451029405697
1271605121349287937
1271605098532294657
1271604982580760578
1271604400839168005
1271595881876373504
1271595635309867008
1271582327542558722
1271578609774473220
1271578082806247429
1271272851232952321
1271230273850572801
1271224798945910786
1271141999064817672
1271141120152567809
1271140995552489472
1271140225922879489
1271140167034830848
1271140011140943873
1271139438211497984
1271102315211210752
1271102102203437056
1271101891028619265
1271101721461358600
1271101695964188672
1271101655296225284
1271101325107920896
1271100603146567680
1271100535261839361
1271100442135666689
1271100208550641664
1271100185062641664
1271099593606995976
1271098945180258304
1271098103517581312
1271097828102766596
1270972238636945408
1270972212225413120
1270972044956614656
1270967132235485186
1270967049527988224
1270966198155587584
1270966044094595072
1270912736441044992
1270912658171199488
1270912588965203969
1270912540692938754
1270912423290159104
1270911295961825281
1270911221793988609
1270910924652720128
1270910703138979840
1270910573048365056
1270910550340513793
1270910245544607744
1270910127521116161
1270909634153504768
1270908696923693056
1270907908172197888
1270907815058714624
1270907705629310976
1270907104547819532
1270907044204339203
1270841805354008578
1270806807636836352
1270806156131303426
1270748317551677442
1270746576588345348
1270574867059015680
1270574515593064449
1270567949854703618
1270558683802599430
1270549013742391297
1270527843911503877
1270501009815736322
1270500867616182272
1270500725072596992
1270500429634428928
1270499815286325249
1270499720490860546
1270499533688979457
1270499375266103298
1270368206327296000
1270367303448907776
1270367214571597825
1270171860601315329
1269821337486405635
1269712305077530625
1269712165944115200
1269711815505739776
1269711634383200262
1269711459392634881
1269711314429136898
1269711029631627265
1269710946907414529
1269710815315333122
1269710383436234754
1269710302834241538
1269710260199198720
1269710223847063558
1269709587403476994
1269709475147124736
1269633347652931584
1269633080739999745
1269416537879982082
1269333035314556929
1269332977139560449
1269332946151976960
1269332927818665984
1269332817114169345
1269332786168676353
1269332665108500481
1269331878433210371
1269331808753156096
1269331259576266754
1269331187463577600
1269196707155382273
1269196474925166592
1269195748408791041
1269194533012738049
1269071246312046600
1268946797512327169
1268946756047437831
1268946474588569600
1268946351775264771
1268946304299925513
1268946128235646981
1268945738014363648
1268945660331675648
1268945573811494918
1268945002606006272
1268943531693019136
1268943145087221761
1268942849892122624
1268942821467267074
1268942681906036743
1268942648573931520
1268942538167197696
1268942388036284419
1268942373893091330
1268942354322468866
1268942322722619395
1268942221421789188
1268768866756411392
1268768457157488640
1268767881728229376
1268767761486020608
1268729381008093184
1268729207514894346
1268666693733232646
1268656786598506502
1268428953808711680
1268428815568683010
1268428548798324736
1268428447879245830
1268428133251928064
1268427734734249986
1268427579440140288
1268426643430916097
1268426214118744069
1268425718918197249
1268336097412644865
1268336044061196288
1268335981993828353
1268335908157349893
1268335627864616960
1268335575230230530
1268335553596047361
1268311169695207425
1268311016552742912
1268310881429053440
1268310768400859145
1268310607100600322
1268310477949542400
1268304984585748480
1268304863466713089
1268304605194129408
1268303214648143873
1268301732804792320
1268301663028121600
1268298813510426626
1268298723328692225
1268298694748778497
1268298594353848320
1268298467635535875
1268298421586313216
1268298338673266696
1268298141394223104
1268297707908665344
1268296646917599232
1268296387940270083
1268296158448889861
1268296117223120897
1268296073308667911
1268295813899436032
1268295718793601029
1268295681430769664
1268295633452097540
1268295588749217794
1268295545958907904
1268295447560499201
1268295400424906753
1268295373023522817
1268295277036933123
1268295245399232513
1268294950590046209
1268294894591885312
1268294791349100544
1268294633727102976
1268294609710583809
1268294559957757953
1268294349273681923
1268294150396526596
1268293790411997185
1268293733268828161
1268293668605251586
1268293480356425729
1268293295949729792
1268293203159023617
1268284761350582272
1268283059482382342
1268282991056486400
1268282966381387777
1268282931157651456
1268282799368396802
1268282581449093120
1268282459927576579
1268282424519282688
1268282402545242116
1268282341648187393
1268282250573033473
1268282213122084864
1268281582374268929
1268281286558351363
1268039930552430592
1268039738298175488
1268038173524987912
1267955749092818946
1267955576702668801
1267955246850084865
1267955220690219011
1267955147684093952
1267929417483014145
1267696261458792448
1267696194203070473
1267695967622574081
1267695907405017088
1267695815490969601
1267695712227266560
1267695678815375367
1267695648490561536
1267695621437349889
1267695476792610821
1267695342948139008
1267695149267763201
1267695121866395648
1267695078409154565
1267695057043427328
1267694768508801024
1267694700036870150
1267694037819154434
1267694015576711173
1267693791848341504
1267693752392527872
1267693584834314240
1267693568262639617
1267655509785620480
1267655140942716934
1267523951837827072
1267523526375981056
1267523056785862657
1267520295595843589
1267314726897422337
1267314385095188480
1267311295319158786
1267310812235956227
1267310730564513792
1267310627250483200
1267310150072905729
1267310001846181888
1267309591928410113
1267309415641894913
1267309157385994240
1267308998564483072
1267308956386459648
1267308908193947648
1267308845770125315
1267308801583206401
1267308757429751808
1267308672356581377
1267308627066527744
1267308514755727361
1267308486645485568
1267308452860264453
1267091783890149376
1267091296960819204
1267090378240528391
1266953499750907905
1266942309423296518
1266940952423403520
1266940876854616066
1266940597564248064
1266933373987102720
1266920264006275073
1266795481910448131
1266631533718392835
1266631399827812352
1266630929826660353
1266630754773196800
1266630717968207878
1266630690814246914
1266630649307451394
1266630579086393345
1266630560673382403
1266630504754839552
1266630355794178048
1266628751561035776
1266628351852253184
1266628334169001984
1266627000149708802
1266506724816625666
1266193984713568257
1266177116468584452
1266177090648444930
1266176703975567361
1266175886182801412
1266175304390848517
1266060234302394368
1265894737371938818
1265813585726488582
1265812758047723520
1265811870344253440
1265811684880461826
1265777224797622273
1265776576995737607
1265776464600993794
1265518167364980738
1265469905593339907
1265190835211173888
1265079635743825926
1265079256335474693
1264807286909874177
1264295728035266564
1264267573555875840
1264267559878131712
1264245986899173376
1264089983549308928
1264089408979992576
1264087590828998657
1264063570444197888
1264063541214171136
1263979403488432128
1263979240955011089
1263978806878101506
1263915297813286913
1263710796305047552
1263590089147346946
1263588334015672326
1263529560664137730
1263260610965450754
1263151564660891648
1262966084271050755
1262965776493039622
1262965669408145409
1262964550921531392
1262964055498797057
1262937799180931072
1262922240691232768
1262914515185930241
1262886326493491205
1262869724465070081
1262869099417350144
1262864638347182082
1262790866097319946
1262790785029877764
1262616933364641793
1262616831354863617
1262615885631586304
1262556711904313351
1262552469059637248
1261867208331988998
1261866965330788353
1261865656942759937
1261804664795824129
1261804422054764547
1261739875193192449
1261545416165900288
1261543500430151680
1261354200060973056
1260776449465876480
1260478990797676544
1260260468897099778
1260120673348976641
1259361756264239106
1259343129582460929
1259297296124186624
1258977936214044673
1258910543840149505
1258305297308962816
1258304877098422272
1258304151815106561
1258290544167567360
1258159936481132552
1258159455553892352
1258158368377704461
1258157614942359554
1257953778181046273
1257942673530511360
1257906885019283456
1257906461084209152
1257905948527640576
1257905495270096906
1257904867999440896
1257764002781896704
1257731046218641414
1257730460492410880
1257700572968431616
1257700547383250947
1257699439583600652
1257698977832722433
1257486828602564608
1257486661295976448
1257451092377509891
1257450190191108101
1257384591477833728
1257383118375473156
1257382823239004165
1257232045492899841
1257165085606318080
1256894491048493056
1256889348747821060
1256886919096676352
1256766358055944195
1256493200157655040
1256386328083795968
1256358050811838464
1256351979397435392
1256342222158561280
1256341753994641412
1256311942165209088
1255939035807219712
1255938881268178944
1255895365305413643
1255635306025496576
1255633676525801480
1255633552517017600
1255428240623140865
1255427296816660481
1255343871812395008
1255343510116610049
1255327519819038722
1255327342890803201
1255262628504625153
1255261087517364226
1255172956579401728
1255101951341219843
1255090344254980101
1255037251857383424
1254978575205163010
1254919257437229056
1254918840686915584
1254918603801059328
1254918166326775808
1254917522471751681
1254914991955853312
1254914099428851731
1254912258456592392
1254900663793917953
1254900549625004033
1254899558695518208
1254890193997438978
1254800386206191617
1254674530125168640
1254528596468805645
1254324775280836608
1254324648302579712
1254217977530068995
1254195224492081155
1254195135862190080
1254128648493453317
1253927408220213248
1253927203391356928
1253876635981565953
1253751830204604417
1253751602516721666
1253750905528365057
1253749927940939777
1253605444955836416
1253605073495691264
1253605057079267335
1253604960123715586
1253604787251265537
1253604744163139584
1253604718313721857
1253604554081538048
1253604250363535362
1253604036949000193
1253603396017434624
1253603181482913792
1253232858283610112
1253199122833833986
1253194673570668544
1253194142940880901
1253193124526149633
1253192122653716483
1253191487627632640
1253190447897423875
1253189994761650176
1253189200335298561
1253162070033551360
1253161585130057728
1253075132622540800
1253074970470735877
1253036013175349253
1253035250873229314
1252750987552526336
1252713023812374528
1252710145244749829
1252469615554420736
1252454164195684353
1252424396741898241
1252424180579983360
1252380645256425472
1252380434962374659
1252380096364609543
1252379888490708992
1252379700845883395
1252262120328134657
1252261133555294208
1252260939816206337
1252260619157413891
1252255246509912065
1252254424497631232
1252254263901913088
1252120111001079808
1252119650516840449
1252116040131248128
1252115543710146560
1252113856861782016
1252113213984038912
1252111567921053699
1252090867319537666
1252090496324861953
1251732321088278529
1251731844183310337
1251566646818418689
1251566116390014977
1251525779449659396
1251525356114378752
1251524547997773824
1251389850365853698
1251388709322346497
1251387316096114688
1251386415390261249
1251012319057977349
1250677221104156672
1250659890781212674
1250652232351191042
1250237323150843910
1250236542657888256
1250236282875207680
1250209090644717569
1250206701262905345
1250204401366597632
1250203944976035841
1250097302590668801
1250097126937427970
1249847282196975618
1249844000665845761
1249558178368557057
1249556701705052160
1249543472912138240
1249543333669724163
1249542633443205125
1249542086870872064
1249533975716036608
1249533791972012039
1249379611538010114
1249379531993071619
1249189970155356162
1249189519615840256
1249189313465720837
1249188384532246532
1249188262926864394
1249158935665393666
1249128172035112960
1248860614627377154
1248274753082789888
1248252949836505089
1248252262645784577
1248087091906478083
1248086372440854528
1248081714959785984
1248045452945174528
1248044996734914561
1248019240663150593
1248017710258081792
1247947988531589122
1247749297916923906
1247747933853741057
1247747868527493122
1247737251347533824
1247736613708484608
1247736554430386178
1247736503721222144
1247735630035066880
1247735295157710850
1247735257991991297
1247735190195036162
1247735180598693888
1247734869037404161
1247734278387097600
1247734070324400128
1247679392563769346
1247375721040920577
1247375508813250561
1247366077283213312
1247287635762085888
1247285910909210627
1247285819406266374
1247274311502749699
1247273661272334337
1247271867490226179
1247271146149552129
1247269645192749056
1247221084862251009
1247220993782960128
1247220960786251779
1247220554224095242
1247218218890117120
1247070765096337409
1247070231924793346
1247070014664060929
1247054768658407424
1247007528501813248
1246976327296655362
1246968872332333057
1246968490118057990
1246949936018620417
1246941284838912000
1246162874113949696
1246162281010003969
1246162117599903745
1246161483588911104
1246160690643177472
1246160419745665027
1246159643509960704
1246059143967932425
1245963759992086528
1245960860503334912
1245958274257739776
1245957622718750720
1245574566363017217
1245573034213167112
1245523091587039237
1245478116811837443
1245478022393856000
1245230083582889985
1245228721096790017
1245228501453737986
1245228217520328705
1245227389887623169
1245227009682309124
1245226853679366144
1245224981098835968
1245223931776245766
1245223402060820480
1245223154689196033
1245190362349666305
1245182934711250945
1245182619962220545
1245182123608289281
1245178839346659330
1245178216874156032
1245177773980889088
1245177436259651584
1245177138027859970
1245176721302794243
1245176661198475264
1245176141029216259
1245176010397626373
1245175871272628225
1245175650203426816
1245175371412180992
1245173765807517696
1245173705740779520
1245173114759254018
1245172414213996550
1245059140147392512
1245055300069195777
1245054524638875648
1245051484385001473
1245051062400225281
1244850379826872322
1244836906300583936
1244811012362194944
1244786519874904069
1244780041965371395
1244779511822143489
1244778862069927938
1244778689000284176
1244760400719228932
1244532660472512512
1244532150805954562
1244323317571629057
1244307623463223299
1244307582011019266
1244307515745210368
1243937539003686914
1243793068601626624
1243782589787365382
1243781914936442882
1243768000068620289
1243594208398708738
1243461322282590209
1243461141017362432
1243429650010910720
1243428627854659584
1243404497142951937
1243402512876457985
1243402238598373378
1243401949531099139
1243250931950653440
1243250425081536513
1243247756275318784
1243244989217411073
1243244785940471814
1243052942653095936
1243052424803254272
1243051941745373190
1243051730675343360
1243050896075960320
1243050299708919808
1243049872166715393
1243049248599543808
1243048100266217473
1243047675664248838
1243047299997147136
1242959991667122181
1242959820283678722
1242959577097871362
1242625215743606786
1242348858975404033
1242296826209992709
1242280733156261889
1242280516180742145
1242266092690644994
1242249936315584512
1242249795193929734
1242245612088811521
1242242382336274432
1242241903837556741
1242241212653998081
1242102377919983617
1241949745448398850
1241921933698117632
1241919308718116874
1241915122437836801
1241898702803001344
1241806680171712514
1241806350541295616
1241806274175668224
1241806166839058432
1241798111086993409
1241797736070090753
1241797456616206336
1241796174144831489
1241795983790538752
1241746227051532288
1241632570749652992
1241630618695409664
1241628962322857984
1241594120956755969
1241405665907740673
1241405359371280385
1241405117334683648
1241279390224449536
1241278973683908608
1241139181415473156
1241082631904788483
1241051763941216262
1240902846725402624
1240901463997665281
1240857518164885504
1240484711857823744
1240483537817649154
1240458474150137860
1240455971274620928
1240452517974114304
1240452203460034560
1240452038837899275
1240451091998937090
1240451075586621440
1240450562216407042
1240449634306265089
1240172844992139264
1240061555934453760
1240051305441263618
1240051188831264770
1239967758277685251
1239963324776738816
1239958987673677825
1239958309928566787
1239957967149162498
1239954054337437698
1239948978931879937
1239792867943616512
1239792843427889152
1239791526357729280
1239787726507032578
1239784847356411904
1239762896202215432
1239762158369587200
1239718172531601409
1239717799083356165
1239717324044865537
1239716759290163200
1239671510572376064
1239625636530003973
1239594904231317507
1239445447619555328
1239359711478255616
1239037903264776193
1239034358515798016
1239033739067482112
1239032935178788864
1239032573067747333
1239013134112894976
1239012945650163714
1239012719669514240
1239012675612479488
1239012218609508352
1239011603003183106
1239011318335705089
1238854550850854912
1238721130531356672
1238700578068402176
1238700429380288512
1238699795025362950
1238696237492248576
1238501157460418562
1238500207106707456
1238264492812894209
1237948180895084545
1237946830513733632
1237945481159901186
1237943078687772672
1237942555553271809
1237941932728430593
1237525430095101952
1237136809437650949
1236909812002123776
1236446617718255616
1235781215703232513
1235781090494885891
1235484460507967488
1235468107340267522
1235467285713891328
1235466936324100097
1235465598018166787
1235465322888482816
1235459548892336128
1235458514404941825
1235456630877126657
1235454221111005184
1235128445958606851
1235127588177276928
1235031009701154816
1235027997544968192
1235026689555435520
1235023429457178625
1235022362740809728
1235022084889120769
1235021690096078848
1235021294690865154
1235020450780131328
1235019699823538179
1235018728246566912
1235017839142227968
1234991035589120000
1234991008829431808
1234990730659024896
1234989326418636800
1234988620030734338
1234987628409151490
1234394815900651521
1234394429378748419
1234364516927864832
1234304488925794313
1234303697594847233
1234218955625160714
1233962283879063552
1233854591705518080
1233850995718971393
1233850347304738818
1233795064402452481
1233300284346114048
1233243208592904200
1233230111647948801
1233229779974967298
1233229498994352129
1233229442639634437
1233229102389350400
1233227162020466689
1232920175781056512
1232919956746010626
1232915689377325056
1232871888730443776
1232865508376092672
1232865056368533505
1232864747361570816
1232863782189387777
1232863303615025154
1232861246506053634
1232860395871907840
1232860257875058689
1232858759057354757
1232775894969835525
1232774750335795200
1232773428685549573
1232772461214752770
1232772025372020737
1232771680877076481
1232771503357382656
1232770144633528323
1232767553346441216
1232766335635140609
1232455687466209280
1232239218891640833
1232231941841268737
1232231909763289088
1232141979494031361
1232111068379537409
1232110691798134784
1232091039168704512
1232090355413266433
1232089063106240513
1232086478160834561
1232086269586550784
1232085943017967616
1232085827284537344
1232085720539508738
1232085367957966848
1232084780021436421
1232016103968256000
1231819517396967430
1231758526470610945
1231757853398044675
1231421077513031682
1231418763175657472
1231408660510904320
1231345908895404032
1231344673198923776
1231328431314436096
1231328268332261376
1231327261384728576
1231317584643084289
1231036878742261760
1230969241190445057
1230939038963687430
1230795964878852096
1230791727730044930
1230764610594066432
1230764241939918850
1230760960463261698
1230759402287718401
1230758738895589376
1230758110366580736
1230757856623742980
1230754997656145920
1230754474165014532
1230752362882486272
1230751891304304643
1230751254994767874
1230750402968076290
1230749639327928322
1230749542397571074
1230749430782947328
1230421918576267265
1230421520616448000
1230421320472702978
1230340890075463680
1230228013876436994
1230227411914166272
1230227043071209473
1230226194920022016
1230225458446336000
1230225038953123841
1230223781391687691
1229685731188232192
1229685478191968256
1229685200529117184
1229679983569883137
1229677360640860160
1229676428930711552
1229614437759406080
1229614064126615553
1229340101962076160
1229239092552007683
1229238209852452864
1229160052310904832
1229159284631654404
1229159238917816321
1229158547528855557
1229157503188992006
1229157428769542145
1229156999608311808
1229156945472389120
1229156915340566534
1229156900140396546
1229098803531309056
1229096931273723914
1229095079861739520
1229094380084002816
1229093840931434498
1228837652037881856
1228834676023971841
1228833802413334528
1228828740278460416
1228827020643241985
1228826964754141191
1228733488850964480
1228591764673527815
1228569500590706688
1228564067092172800
1228562395829854208
1228556855707914242
1228556679865868289
1228554448676495361
1228554372465991680
1228553506979753984
1228553447777107968
1228553143350439936
1228552266648559616
1228551376265007104
1228551156575633408
1228452213854494720
1228452205725966338
1228452188223082497
1228452168543473664
1228452159471132673
1228452145575473153
1228451717576110080
1228449601944006657
1228449339497906184
1228422469721247745
1228422176140857346
1228421727627218944
1228417898928123904
1228417308357484544
1228416870291836929
1228416217813221381
1228186961896062979
1228185578069344257
1227862366219653120
1227850681136144386
1227849671554539520
1227849243383169024
1227848972141760513
1227847408945594368
1227846514204172288
1227844799878877184
1227827293508292608
1227827046019215361
1227824108831940608
1227823939700895746
1227791701714051072
1227790743227555840
1227786182534320129
1227723550628470785
1227722329343610881
1227721566701662215
1227721497130807296
1227720123966017536
1227719940381212673
1227719618481049600
1227719099322687488
1227714603834015744
1227713739220111360
1227713360109670401
1227707536972877824
1227707202565296134
1227706922108891136
1227705818457542656
1227705739965276162
1227703970711457792
1227699506201997312
1227698675478081537
1227697915851919360
1227696736627576832
1227696071499014144
1227694846468673543
1227694313414545415
1227693597232959489
1227693402197757952
1227692791184183297
1227692647411834883
1227692555355205633
1227501557383454722
1227501057678311424
1227443411424366593
1227442840734699522
1227398149041508359
1227378610354388994
1227376540444393476
1227374431129001984
1227327156822462465
1227326457791340544
1227326297933778944
1227326045281570818
1227165131345473536
1227161580116287488
1226278353017212929
1226278273761587206
1226274052823830534
1226255586318221312
1226254857859948544
1226253807438438405
1226252757079818246
1226247559661965312
1226204259181584385
1226204084425969669
1226202128244494338
1226183657209159680
1226182646155403264
1226182582267793408
1226182123956178944
1226181797794525184
1226180274360397826
1225973939295354880
1225972337574629378
1225969787542679553
1225677672887402496
1225674190000230411
1225548208958472192
1225522492124606483
1225521442181263381
1225521228242399232
1225520725135646720
1225520566301491200
1225460743778250755
1225303732625297408
1225301602690621442
1225099408032837632
1224822958755143681
1224601719461511171
1224600969364889600
1224589683742715905
1224431508355604480
1223984767177240578
1223847334829809664
1223846248207306752
1223819038243131392
1223799166838677504
1223798890064949248
1223786161170198528
1223785159582941184
1223759728792285185
1223637810357374980
1223637263730515970
1223483842515951616
1223483636831354880
1223482836092641283
1223482793361059840
1223480998396121088
1223479882493153281
1223144372079931392
1223142743486189568
1223062985888993283
1222792992307716097
1222739962883428353
1222738904060776449
1222712670274621440
1222711196324978688
1222641318591180800
1222640325942005763
1222639513601740801
1222638185324470275
1222637350259478531
1222637224015147010
1222636612695273477
1222387235187777536
1222267535485173760
1222059986693578752
1222059398471856128
1222011471154044928
1221981549526208512
1221980429202358275
1221980362848571392
1221980231956926466
1221980018705911808
1221979914926247941
1221979152833744897
1221914174034522112
1221914150185701377
1221913803572613121
1221913788171145216
1221912660574457858
1221912087032684547
1221911918698471425
1221911700670164993
1221678826033467392
1221678622404239360
1221678585443950593
1221678180161019912
1221677835078729729
1221675762136289280
1221568282198671360
1221558993153404933
1221558175922642948
1221557913015267328
1221557126604251139
1221556418916032513
1221556169237499905
1221556046558310400
1221555829113085955
1221555697286045697
1221553818174918656
1221548395665534979
1221547920094310401
1221546705163837441
1221545996808871941
1221545969696886784
1221379308205301762
1221378086173847555
1221377531405905921
1221377268326522880
1221376059385565184
1221254416759709697
1221247946567581701
1221247811980857345
1221212281763192834
1221211443577655297
1220742042478895105
1220619989998297088
1220540880328830976
1220540782836436999
1220491457171279873
1220446445540642816
1220446138689642509
1220223521105895425
1220194848331980800
1219888353966993408
1219718828080406531
1219471587776385024
1219420475262226432
1219419021604540416
1219076801273696256
1219004521776664576
1219003395006181378
1218811525374337024
1218811077410152448
1218810866960826368
1218810630079164416
1218809063666016256
1218808290454507525
1218807421705052160
1218749484135583746
1218747682195374081
1218376448924430337
1218375822630969346
1218374696019820544
1218374489605595136
1218211420317323264
1218046708019494912
1218046567174885376
1218026326315106304
1218023710646525953
1218021740011499521
1218021498516013058
1217927160851238912
1217593515779203072
1217578831403503616
1217519971300974592
1217519153487187968
1217502613362630657
1217324485860372480
1217324351814500352
1216481703830740992
1215981127640539136
1215975994101837827
1215775953495846912
1215525400476110849
1215525108254683136
1215461419661000704
1215384115316494355
1215383864035749888
1215163446351859712
1215151731199369216
1215151013948162054
1215149387971735557
1215149149403910146
1215148867458564097
1215032440097562625
1215030821377187840
1214593613927190528
1214006289208086529
1213723798853345286
1213711357683621888
1213708116606554113
1213707880341426176
1213707721461121024
1213707106743922695
1212254389764808704
1212252527103815681
1212242471469666304
1212137380158877696
1212132766449623040
1212132514103468033
1212117094562701314
1211154612495028224
1210773702230433792
1209995866058240001
1208938719589339136
1208615394078003200
1208161483252813831
1207655258849239041
1207512269954920455
1207512043340869632
1207510787457273856
1207001598590963712
1206643814561189889
1206589737475162113
1206589220149776384
1206587165397921792
1206226303348826113
1206226208247156736
1206225754603831297
1206225577331609600
1206220344811499520
1206086588104613888
1206086057416105985
1206082824257843200
1206081119520735232
1206044543646347264
1205315853606178816
1205265644595404805
1205265208261910530
1204896432668520450
1204895922246881280
1204861437530779649
1204780634905993221
1204750055099584517
1204749237042503680
1204747367410536448
1204745946191552512
1204593633208545281
1204587077670703104
1204220363351216128
1204219866389057537
1204219158445076481
1204218654218506240
1204218335409377280
1204217441980694529
1204061551491203073
1204060329287831557
1204059271555624960
1203881972692594688
1203533095263199234
1203528912644562944
1203392350489382923
1202088050135912448
1201716820807503872
1201716296301326336
1201715870680207360
1201715734004617218
1201715574696501248
1201715532925427713
1201712567766454272
1201350796803268608
1201350455269482496
1201346793851834369
1201346062524530689
1201345842722082816
1201003961311997962
1201003603248451584
1200912265240862722
1200457133889859584
1199547716877062145
1199546821187641346
1199546118864064512
1199182638424174593
1198714877784854536
1198714683802505216
1198714256818135040
1198711801078321152
1198708437183533057
1198315065587445769
1198132854825336833
1197861396194766848
1197860225807724544
1197726231342538754
1197290007075143685
1197289484737490944
1197288418918707200
1197288060481916928
1196994491166670853
1196992362171551746
1196987733392183297
1196987497907212290
1196986931491540993
1196986221047750656
1196986119033966599
1196985975479644160
1196985699850960896
1196652137104781312
1196098218666405888
1196098161288400896
1196097988726284288
1195456222931099648
1194815147241562114
1194814858203672582
1194814675801853953
1194813446904328193
1194813320282419200
1194813176665321475
1194488347386884096
1194488125499854850
1194087966018342913
1194087104596381697
1194086552936341505
1194086209196380163
1194085574824603648
1194081024508092419
