1330459730549092358
1330459075453267974
1330439599542464515
1330437420224049153
1330436596072636417
1330251567879041025
1330250759942926344
1330248835738849286
1330076941634965506
1329943939760140298
1329940584216358913
1329938790736125952
1329938480873562113
1329930375397826561
1329885451763716097
1329845310122815489
1329842739404541955
1329841250422431752
1329775613092245504
1329765928771399683
1329760333209219073
1329759754198069250
1329759253540839424
1329758425375502338
1329758373387137024
1329757643674705921
1329756343679508482
1329755757286461443
1329720003168514048
1329373812044017664
1329342930738421761
1329330949767704576
1329193224649498626
1329192941961744387
1328964893060575238
1328836714568306688
1328836045606150148
1328835579107307521
1328835425469915137
1328835286592262144
1328784252935294979
1328431591727751171
1328427705990328320
1328415115713110017
1328414112951504896
1328412743121186819
1328108906950889472
1328104424523390976
1328104007743787010
1328102830859821064
1328101444369707009
1328035653246996492
1328012033707675652
1327906001350254593
1327905311244607493
1327877870887317504
1327875943625580549
1327875722422198273
1327767583068725248
1327751158463684608
1327749199048433664
1327747001715470336
1327746734022340612
1327733653317804039
1327731801016635397
1327730563541839873
1327729119115829249
1327705811976646658
1327704231177048064
1327703294903525378
1327701568704090112
1327696735154696193
1327648382668648452
1327647974088994816
1327539609170046976
1327525489590874112
1327523292366974976
1327521753917239298
1327370324044881921
1327359541340741632
1327349965551783936
1327348849460043776
1327348676130447360
1327347935856775168
1327314743640645633
1327276032450244608
1327275676853022720
1327274236235427849
1327260774285398016
1327234847354605570
1327054087079202822
1327053915221798913
1327053652633280514
1327012744906870791
1327011652512919553
1326951341944680456
1326946401968926721
1326598991048536064
1326596468728344577
1326593945258905601
1326228766037839872
1326154153559793664
1326152259810570240
1325913734590705671
1325909655181271040
1325878784155914247
1325876853865897985
1325875180917448704
1325873628202807298
1325873522682580999
1325866446430359552
1325866332789858307
1325865950932033549
1325732109533782018
1325597601828401152
1325375191820754945
1325368383102185472
1325366824444321792
1325366463356686336
1325364674230149121
1325363645509988353
1325212463705567232
1325208965681094657
1325208318567198721
1325208236027342851
1325193332679729152
1325192497648242688
1325191272202727430
1325191226354790402
1325191138337153024
1325191025304850436
1325190479969837057
1325185270489223169
1325181994318303233
1325181395652632576
1325180268802502656
1325178595988307975
1325178517676548096
1325178185726767106
1325176775337414657
1325176242035945472
1325176115686682626
1325175804314198016
1325175404634677249
1325175189936738305
1325175105610113024
1325129275473801217
1325128937567997954
1325128529240084480
1325128172405448704
1325125708541210626
1325125079290810372
1325124383531208704
1325123934870777861
1325123530380374016
1325123283034009600
1325123068205752322
1325122974983319552
1325122484845174787
1325122369459900416
1325122072687894534
1325121936473509892
1325121795431649287
1325121223794126848
1325121106697719809
1325120914569240577
1325119817146359812
1325119679711612934
1325118379200552962
1325117541572894721
1325092091567935488
1325091704349876225
1325090943717019648
1325052473942421505
1325052194803109888
1325023292114264064
1325021865782489088
1325009146526248962
1325008131492093952
1325007914734641152
1325007142630330368
1324998342540206081
1324994710637776896
1324991627908280320
1324991101720256513
1324989993467727872
1324847990436220931
1324847593667645440
1324846219106111500
1324831036887519233
1324828721468067841
1324808269257465859
1324808031801102342
1324790751990063104
1324783237961580545
1324783073721012224
1324771131879018497
1324770507561066501
1324769091664683009
1324745932475424770
1324743919712743424
1324741359815806978
1324727429060022273
1324712552643895299
1324698080894160897
1324694959472128002
1324693527389941760
1324693271482949632
1324692824818896897
1324689578436034561
1324689253415198721
1324685149339004929
1324684736732766208
1324662688211963904
1324646607938326535
1324645906659086339
1324645798810996736
1324644836910243840
1324446152952107013
1324324150509527046
1324310549929304065
1324261541420670979
1324230240894410752
1324229950724050944
1324127154595135493
1324121019175608323
1324114010300624903
1324111904135065606
1324111483232571392
1324111100724580352
1324110822512250881
1324110715163205632
1324109673822380032
1324084424997277697
1324083908762312709
1324082594925916167
1324065668543766528
1324048014349078528
1324029661492510727
1324028966538301440
1324028662191136768
1324028594327298052
1324026927846477824
1324025036014030849
1324024737903890433
1324024651882921988
1324023727676362752
1324022659290669056
1324022306675544073
1324022072323067907
1324020881602076675
1324020805769039872
1324017998710059010
1324010551253622784
1324009901996335105
1324009830298824704
1324008007722827776
1324005719780282368
1324005268791926796
1324005225175392256
1323965083609931776
1323964678868029440
1323961899034267652
1323960715418521600
1323960494613581826
1323950213950824448
1323950060586098689
1323941869831729152
1323940971915190272
1323940496935440385
1323934841205903360
1323934548888006657
1323926658429128705
1323926084480573442
1323922990715883520
1323922737098858496
1323922532358041609
1323914643262312449
1323897260997021698
1323897162070183936
1323896978695163904
1323806979731693569
1323806536360251392
1323806366478278659
1323806215076458499
1323793952911331331
1323793340559753217
1323771204340228098
1323764643375009792
1323762629832282118
1323762510990901250
1323761842037137409
1323761411890335744
1323758823937658883
1323758270939566080
1323757180693209088
1323756958214737923
1323695226939232256
1323694931362414592
1323694657138819072
1323689110456946688
1323537255944884224
1323513087417290752
1323395024764260358
1323386697665683458
1323381865470922752
1323354806669422593
1323338335499202560
1323034002501099522
1323018513104179201
1322922399327805441
1322835301941809153
1322831341042442240
1322831112868155394
1322830238984916992
1322829736486338560
1322829614767624193
1322816752364015617
1322815600637390849
1322804155807911941
1322673834776997893
1322672400031428608
1322594972659601408
1322539249481191427
1322537682824822784
1322527516515598337
1322525829155508226
1322525265596219394
1322524330857766913
1322523293405073410
1322508657276452865
1322508465584177152
1322508105465372672
1322303928025927680
1322253680335298561
1322170866306895874
1322169268516069376
1322168720446291968
1322088108901437440
1322085814633988098
1321904014817153025
1321804289216516104
1321740049222930432
1321715420747993088
1321607576040230912
1321607385203544074
1321606968470081537
1321606772906430470
1321599212673523712
1321530726706282501
1321530042351058947
1321523830704275457
1321523239106072578
1321523034344271877
1321371460108242944
1321200285860188160
1321200220387069960
1321181709707169792
1321180663672983552
1321124804712407041
1321108764892778496
1321108206358286338
1321107348455378944
1321090101234049030
1321087944283869185
1321003976054231041
1321003638106529792
1320986728908414982
1320983262957916160
1320849267708354560
1320846129140039684
1320794431918886920
1320791298668986373
1320790795692232704
1320790277066493955
1320726292694732801
1320725754989236224
1320725483093413889
1320704929384771584
1320636772154593280
1320635988570480640
1320635902880874502
1320517539601043458
1320515453257719808
1320492683497033734
1320492466039083008
1320405813907886080
1320405332024303619
1320405185399848969
1320313889146404864
1320311186806743040
1320308719578566656
1320308072766689280
1320307962435481600
1320260925656567809
1320068820581650433
1320068630265188353
1319980745197260801
1319963565701386240
1319954095772499969
1319951609921757184
1319925585871851520
1319924445188947968
1319924138123943937
1319749005140742147
1319708758839349250
1319686014819065861
1319682890079391744
1319657568571195392
1319656757069811712
1319654139765325824
1319529640084504576
1319414281918611456
1319414202889654274
1319413389064622081
1319412819109007360
1319393093792223233
1319392837717426176
1319355518490714115
1319350238457614340
1319347947268677634
1319347785116880896
1319190557374189570
1319174245805686785
1319173996097785858
1319172605556019200
1319048870182125569
1319047530311798785
1319020282733072386
1319019639519780865
1319019308417245184
1319009644321427456
1318993755303792640
1318993037431918595
1318812750320144391
1318687677122826242
1318668320917364737
1318668193897000960
1318637230102106112
1318611079593951232
1318609010367602689
1318607693905596418
1318607154249609218
1318606602560262144
1318606292248911874
1318604842764558342
1318603726630825984
1318584621756485633
1318583980300656642
1318577894185205761
1318568277967360001
1318542623179767808
1318531372122779658
1318317591300087808
1318087468705603585
1318087003838271488
1318086277250637825
1317937305898897414
1317908547859107846
1317883228045385729
1317882944766267392
1317825129393606656
1317824449207521283
1317824237969805314
1317764379778179074
1317558326478110726
1317513787461767169
1317481240270934016
1317473066407088128
1317389631248388097
1317387500537712640
1317386498803720192
1317386457615577089
1317386054266138630
1317369127330250752
1317368624747864064
1317367949620105216
1317256936702828544
1317256680686628864
1317256334669205504
1317256161922613249
1317228245566226435
1317227178988347392
1317226734345981952
1317226142768693248
1317225837196922881
1317225404449591297
1317224068383387654
1317180605138960392
1317180452067823616
1317176194081693696
1317172536715710470
1317171335584489476
1317171299316305922
1317170145723285504
1317156469528236038
1317152832215257090
1317151639346794502
1317150957227094017
1317150662942220288
1317145139538788356
1317145027907289088
1317144144171667459
1316839747692703748
1316835402284773394
1316834840256425984
1316834059520299013
1316833866968170503
1316808029464125441
1316799492906196993
1316790952388972547
1316783829596729351
1316721818913341444
1316720190307041280
1316719760302841856
1316718831268700160
1316718583582535681
1316714889407336454
1316637607762317314
1316637203259437056
1316513994417541127
1316513351258734601
1316508277858017280
1316507858025021443
1316367953126924288
1316366753686065155
1316366309148495872
1316366183109668864
1316366004516253697
1316365798718476289
1316258581205979137
1316257838797385728
1316257541677109248
1316119585364545541
1316108720309493760
1316107968115605507
1316106815730573315
1316106733337665536
1316106461387382785
1316031646231977984
1316011550176546822
1316010774683295745
1316010194904571904
1315981533640089603
1315980724651073543
1315913028576182275
1315911261754986502
1315875421477634049
1315795017664004098
1315683330873012226
1315672578648932353
1315671682145751040
1315444734106705924
1315436405829578753
1315367230679461888
1315302865938845696
1315302260117774336
1315301966336192512
1315288942145667073
1315287016947552256
1315286166971846658
1315285971269816320
1315285503256731649
1315230626333646848
1315222432437817345
1315222057353838593
1315221390396739584
1315221166571880452
1315220388952113152
1315204621728702464
1315202954983616514
1315201697971609600
1315199929422360576
1315199810291589120
1315051266326908929
1314962848746033153
1314961988267765760
1314961705198383104
1314960158594867200
1314959525829541889
1314956916951580674
1314900769678733313
1314900034522091520
1314856120553529345
1314855876457648137
1314852443000393729
1314835608100102145
1314835021375721472
1314824201891647488
1314665194476515330
1314641024208318464
1314634214868951044
1314631865681219589
1314630428305903617
1314299604066762752
1314298959511379968
1314291822722781190
1314291646645796869
1314258813235716098
1314257922138963969
1314256471010533377
1314254463549550594
1314254095247642624
1314253364566331392
1314253013834444801
1314251283092602882
1314251147520233473
1314250888563830784
1314250211749957638
1314248847049265152
1314248126774095875
1314229187432062977
1314228315255902208
1314227988020461573
1314227910555901955
1314220814187851777
1314220661947105280
1314220309080346626
1314220220698038273
1314220158983036929
1314187934703198215
1314187250889035776
1314187109855629314
1314186445075161088
1314185649709342720
1314164944636727298
1314118261181755392
1314087637863587840
1314087221344063491
1314085358141952000
1313972200270106624
1313939992390111232
1313939959578071041
1313939654157103104
1313937194441113600
1313934947703566338
1313928800804188161
1313928396615942144
1313762900096450563
1313599003704078336
1313597672494968833
1313597346949849100
1313595761809121282
1313570149740535808
1313570064751366144
1313569899424428033
1313569716141723649
1313566879294926855
1313529214432415744
1313528165227270151
1313527077715480579
1313441902344142848
1313396891820929024
1313393086819700742
1313392792782229505
1313390914736467969
1313332278706221056
1313218505320398848
1313212370702008326
1313165414046801920
1313096251949428736
1313094563138015233
1313093875377090565
1313093620199837699
1313050845940985856
1312871866521059328
1312871096862072832
1312855127536152576
1312854828322893824
1312853873644761090
1312799475564531712
1312799234677186561
1312775307779244032
1312670738353213440
1312669073373790210
1312667878341128198
1312527201145745409
1312526249982455808
1312468994448789504
1312464864300822528
1312461463521427457
1312461117537488896
1312459984676904961
1312379890579263488
1312159683818315776
1312155077147127808
1312153565121536000
1312106508910383104
1312105103407476736
1312096236699353088
1312096042708590592
1312094979527897088
1311917187159003138
1311790961786343426
1311751275885858816
1311743743112949761
1311739503602814978
1311737624231632900
1311736182775205888
1311720134998929409
1311720123695333377
1311719366183079936
1311574214374232064
1311419044621361155
1311418794947026944
1311416628345700352
1311416283683053569
1311371374682927104
1311278310975057920
1311081808465981447
1311081413693894657
1311081229983383553
1311034332530855936
1311031690291302403
1311030299522994178
1311029761712545800
1311003976654114821
1310981809770041344
1310979144629485570
1310971570635055106
1310971089179357184
1310849406829297665
1310848074441424896
1310847276462600192
1310648995589640192
1310648774126178305
1310644073255104512
1310644021153468420
1310372369983320065
1310369475779272709
1310368582098980864
1310368213612593154
1310324429398908929
1310241481370861569
1310239750880727046
1310238561619320835
1310237939272744963
1310237761681711105
1310236008055799809
1310235540109897730
1310235353610158083
1310226644909666309
1310225535616905219
1310191811051298817
1310093341799919617
1310092828161253377
1310092356000063489
1310091893766840321
1310091269104906240
1310090541246361601
1309990323750350853
1309989415805169664
1309988529540345862
1309746360732844034
1309603028970987521
1309581380494520322
1309560880108122112
1309560570480340992
1309231894303776768
1309231648488202240
1309228535832293378
1309222368783593473
1309220598896353280
1309217212935401473
1309215966937722880
1309207440504782849
1309207197784707072
1309206465866018825
1309206214446809089
1309183169678147585
1309182986353602566
1309181924968140809
1309181471429722119
1309179241448247298
1309177920800329728
1309177830878646273
1308938458778554368
1308930518847827968
1308929478287126528
1308864377316159490
1308526202873929728
1308526021315047425
1308495340077711362
1308494883573948416
1308459521413648384
1308457260004323330
1308426171680423937
1308425559446294532
1308425333054607365
1308425106503413762
1308424980816949249
1308424853863751691
1308424463848026114
1308422702684831750
1308422217068351490
1308408417422397441
1308408222957604871
1308407416611131395
1308351376825737222
1308350627588734983
1308329684321665024
1308329519640608768
1308329308126093312
1308328785562021888
1308328027621912576
1308327909824835586
1308327273892851714
1308309851483910144
1308309320531140608
1308300761852305408
1308287401756778496
1308163924307652608
1308163013166407680
1308162930337349632
1308162428891549697
1308132397284765698
1308131675646439424
1308108054060240896
1308094326203965442
1308067651751739394
1307980241147756544
1307749455773474816
1307749377348337665
1307712770985648130
1307710682373206017
1307709303269339136
1307650099762298880
1307650013321981957
1307648737519587330
1307587085231099904
1307583786046099460
1307582465909891072
1307569963956342784
1307569177637597184
1307568219495043072
1307421379663462400
1307420593692839952
1307420233322442753
1307229770149658626
1307228113588359169
1307204820600868864
1307204445848166400
1307203864450478080
1307203213519720449
1307203091943632896
1307012206496751616
1306998451700408320
1306994132737495042
1306974357722468353
1306719433289879557
1306718346654687233
1306718052227178497
1306717622864617472
1306555973469954048
1306555793370746880
1306555739008380929
1306545349092421635
1306517105492324352
1306510490387058688
1306468305507700739
1306355509113610241
1306355314598518784
1306348754581237760
1306348151918530560
1306308748017766405
1306270372120219649
1306270007526068226
1306264978425630723
1306234307170766851
1306185827760910337
1306185484100669444
1306154315967614976
1306123177815420929
1306122583839051777
1306120643642044417
1306120335205556224
1306115489987530752
1305944113439801345
1305942479506735104
1305942344529838081
1305941942782566401
1305936019049545740
1305935822127075328
1305824370749771776
1305823901356830722
1305823493611814912
1305821895976251399
1305821546414592001
1305787134226374657
1305786225731792901
1305786019166531584
1305765460097601536
1305601611809599489
1305601267054579718
1305561693477576704
1305561470348951557
1305420797540958210
1305420353016037376
1305401738019713024
1305233960902037509
1305232536616960001
1305231300815618048
1305230999316582401
1305230450152046594
1305229341304000512
1305227490630283267
1305227381926498306
1305227000357978112
1305226900105764867
1305226447905263617
1305160861993127936
1305128985161064454
1305123814817267712
1305123013067780096
1305121371144491013
1305120980143165440
1305056444035854336
1305053983439020032
1304918285872517120
1304915976706822145
1304914916269264897
1304913584548450305
1304913121937629185
1304912384822317059
1304911422342692870
1304910951309860866
1304893007376846849
1304892150610636804
1304881673377546242
1304871370157961217
1304868589116231680
1304736416648265729
1304732776328028161
1304725004844765185
1304724847117905921
1304724479302664199
1304723018577575942
1304687056510164993
1304686729660694530
1304552720079167488
1304483031340720133
1304481838413606915
1304448326255943680
1304447439760502786
1304442904778346497
1304442226865573889
1304379284912582657
1304379204834930688
1304378655473364997
1304378478897303552
1304313548953321472
1304203648138907648
1304163377158160384
1304152305969889294
1304149961337196544
1304149553030066177
1304149182069047300
1304148843412553736
1304148254200934401
1304145646702784514
1304128705908879361
1304128215485747201
1304125663637577729
1304124001208487936
1304099795859103744
1304028147042725889
1304026418452537347
1303971702951550977
1303971544868282368
1303971012246151168
1303970755382775809
1303970353639755776
1303954293528068096
1303954096634953733
1303793727379570690
1303792965643632640
1303790764892336128
1303789269341876225
1303775109774225416
1303774830500732928
1303725050676289538
1303721678606921728
1303646289750568962
1303646112734220288
1303646080077377536
1303645878872309761
1303645508297261056
1303645178083921921
1303644973808726016
1303644887162576896
1303644836571082752
1303644738311073792
1303644660259328000
1303589823140241408
1303581133951635456
1303441495484231680
1303441429126148099
1303441106588307456
1303440098139176961
1303438814606700544
1303438455305908226
1303302516466225153
1303301134896050177
1303236884055896065
1303236286191480835
1303235824012664833
1303227931901263872
1303071888835588104
1303008886446751745
1303008431746568192
1303007968141676544
1302959834816557056
1302959561201143809
1302958300368179200
1302957856556290050
1302957379869388800
1302957037664559104
1302931293248909315
1302930882525892608
1302927429091176449
1302927325533810688
1302729726071635968
1302680190573740032
1302679685923561472
1302679528393846784
1302572594735054848
1302570025824509953
1302532002554535937
1302523875666919424
1302523028941811713
1302491489189191680
1302490508841881600
1302376067861274625
1302375569628303360
1302375276593270785
1302374197549772803
1302268662393507846
1302267710156558337
1302265735411109889
1302264295808532482
1302222141308522497
1302221852706770944
1302221240313278464
1302221102375219201
1302220813303767040
1302197261494104066
1302195662688333825
1302193926556839937
1301975478773874695
1301968390416994305
1301950050772414465
1301949966429102081
1301949420079067136
1301949189543415809
1301948232596160515
1301947943793156096
1301867138697830400
1301803288237682688
1301634272437075968
1301633906790346754
1301632775125164034
1301632579892805634
1301576493940781057
1301507843170893828
1301506750080790528
1301506624004202496
1301506113947529220
1301505922976579585
1301505771692331008
1301440398062161920
1301439436241207296
1301438430707159050
1301438035414986755
1301277390291767301
1301276560360693760
1301251937829089281
1301251356339118080
1301119471747321858
1301119225575153664
1301118807453454347
1301118430591045632
1301117344761208832
1301075814679810050
1301075326836133889
1301074906025807872
1300938256595419136
1300899181696086016
1300898584167145479
1300898182881255426
1300871426140966925
1300809175166058496
1300808037951827968
1300807911741042688
1300807381299986432
1300807137677979651
1300806092478443520
1300714494159659008
1300713522041688066
1300713090191962113
1300712951012372480
1300710883354644480
1300710756552527872
1300552992043790336
1300502396565622786
1300469142076751872
1300467514581884928
1300466159389728768
1300453308654587906
1300446687148867585
1300445639860531202
1300444694606942208
1300444374116044801
1300444107454676993
1300360473305546753
1300354782473990145
1300201993433231361
1300194373221707781
1300181576802881536
1300125814718107648
1300125307370967047
1300088906222915584
1300088015163920384
1300087912936202241
1300087708904288259
1300086714149593088
1300086235562684416
1300086144491761664
1300085792937779200
1300085615493607429
1300084088322260993
1300083955350339584
1300028505292505088
1300028383166898176
1300027602615382017
1300027172019724288
1300023975695855617
1299898198727823361
1299897977985736712
1299896553168085003
1299820508486266881
1299819304934952964
1299818534378274817
1299789945117302784
1299769025677983745
1299658978759184384
1299657408931934208
1299657299909316609
1299656487439142918
1299654828658962434
1299654641878265856
1299654476652056576
1299654157209677826
1299654025881804800
1299653805206798338
1299618576442314752
1299450806073266178
1299445335266340869
1299445158078021635
1299443084460163072
1299426717170270208
1299426548085383171
1299425843354234886
1299425403417907200
1299422591271174146
1299406850421665793
1299403203528871936
1299402383202582528
1299401133585305601
1299400731473182725
1299399901802094592
1299334585780703233
1299334532412444673
1299146514988703746
1299139743092019201
1299138476852555777
1299117634030575621
1299063432646459393
1299046021109108736
1299045690769842176
1299045562092748800
1298980904124047363
1298912812027215873
1298912710734864384
1298912398775070723
1298910210388570118
1298909901419413504
1298907939303026688
1298906672526692352
1298906577374769152
1298906449209446401
1298738570325352449
1298736820117745667
1298736623610404865
1298736046662979587
1298735293416251393
1298733109404409858
1298732523070066688
1298731821115543554
1298691734013124611
1298690030014279683
1298666260868235266
1298663707476623362
1298529452230676480
1298527616610246658
1298395518163460096
1298392877551308800
1298375967736573954
1298336355278364674
1298334761841238016
1297864146923528192
1297863394746302464
1297862584343957504
1297861731591520256
1297861017452580864
1297246165453475842
1297244126384095233
1297244019022598146
1297240168634757130
1297237023615574017
1297212410978279432
1297211805840871428
1297211564165136384
1297198375549505536
1297198103276195843
1297197645002416128
1296940733929328643
1296917107037425666
1296916526034026497
1296916285926801408
1296915768093925377
1296750569512742912
1296747329576370176
1296746157885083649
1296698347940610048
1296536935419260929
1296351267674095616
1296349704893140992
1296349434117345280
1296349278286249984
1296349173080522754
1296348590823047168
1296153611731378179
1296153422845095936
1296116005534662664
1296115918758707207
1296115539341959169
1296115411071754240
1296114543920394241
1295821292151734277
1295455997650247681
1295453788011143169
1295424901969575936
1295407694883557385
1295403199399178241
1295356443571507201
1295356039500632066
1295293745739583490
1295293565464084482
1295293038059757569
1295292459392491522
1295292277624049664
1295291895258714113
1294992521316175874
1294992349043609604
1294951729633648641
1294760618763997188
1294760392040873986
1294673476947779585
1294653449720811526
1294652477866999809
1294652042380705795
1294647355451551744
1294403836132634624
1294401046698250245
1294400505100279813
1294399755674681344
1294399137492815872
1294398744318955520
1294398546809171970
1294398016875569152
1294360598252265475
1294359890090049536
1294358440161280003
1294358418464153602
1294358300310544386
1294341907510898688
1294341402831335425
1294341194479218689
1294340732258574338
1294340645805490178
1294339591609212935
1294311005816786944
1294282562857205760
1294282469617827840
1294282022941335557
1294281629867835397
1294281489757208577
1294256887010074624
1294201474176753664
1294162049950343170
1294161977825271808
1294161682961518592
1294161263581433856
1294161192517341184
1294043142585569283
1294042029291384834
1294024413747216389
1293993146045562880
1293991855554809858
1293991805734854661
1293991611534385153
1293991568467202048
1293974816903458816
1293974388052762625
1293974114324099073
1293973962855198726
1293973767505563650
1293973557719060483
1293892406392295425
1293891925280522249
1293879765598900224
1293879394591813633
1293879194112450561
1293878981469573120
1293878875785756674
1293878774531006465
1293839764727246849
1293833545610334210
1293688805766115332
1293669814959996933
1293653242551902209
1293653008111280130
1293651667066519556
1293651199552565249
1293650070865313794
1293631972456136704
1293630818573848577
1293630665460781062
1293630579288743938
1293628374590554115
1293605346079117314
1293565735130849282
1293565347363250179
1293506954581676034
1293506896809414656
1293506587705905152
1293487711542824960
1293469500537483264
1293469089533394944
1293295161842204674
1293294850276720640
1293291191455436802
1293290912865488896
1293275895998959616
1293257491648851971
1293256587113648128
1293256430934470658
1293256146459987968
1293221084565831681
1293220600123662337
1293104461498523650
1293102727153758208
1293095655796285440
1292878050477191169
1292877565552734210
1292877251638427648
1292797677881757697
1292734989197606917
1292585687854833666
1292584348336652290
1292583260137181184
1292582974265995265
1292582022641328128
1292579298113720322
1292578946895228928
1292578702530949121
1292484191964323840
1292484035755814914
1292394847341621250
1292394761937190912
1292394030614155264
1292392370521149440
1292391647980990464
1292391515742965760
1292372077681487873
1292126933958963201
1292126039695646723
1292118357743996928
1292118125908025350
1292118057507328002
1292065811335655424
1292065721921536000
1292065287139991553
1292063265212764160
1292062595608969222
1292062123099643906
1292061752692297733
1292061452375937025
1292061383316721665
1291874379719221248
1291838311699488768
1291838145479270406
1291828509934006272
1291827575409577984
1291742774841225216
1291742318337327105
1291742203946184704
1291742072203022345
1291492639716577281
1291492311659053057
1291438375291977728
1291322076662464515
1291321735577468928
1291294085563781120
1291293970576871424
1291285622137786369
1291117592657174536
1291061708354662400
1291060425421991947
1290993263692963841
1290992802126585857
1290919938430033922
1290919799674097664
1290747047117819905
1290746511157071873
1290740047717818370
1290712160704835587
1290711542116352006
1290711358896570375
1290710919543234575
1290709183357124614
1290707203570176000
1290696434644393989
1290696326599053312
1290695515294904322
1290694925345005575
1290694820973993985
1290694050111279108
1290692609036423168
1290692340865290241
1290561774136303616
1290559317586968576
1290552117078429696
1290403312119013378
1290401781462315010
1290398056882503680
1290397878809243654
1290212204042522631
1290212128293564416
1290203976688734208
1290187970171920384
1290187438506352640
1290001499993473025
1289970548060180487
1289877478211588096
1289857828958552064
1289856275975532544
1289688487302557696
1289687506904969216
1289686477958389760
1289684606124359680
1289683485842538496
1289679782506950660
1289537916763541505
1289536945165488128
1289536574099603458
1289219878994366466
1289152680401809408
1289152346996355072
1289151961481252864
1289136216542187520
1289131448281292802
1289126275957821440
1289126013964881920
1289117759830470657
1289115978593337344
1289114446091243525
1289091061709787137
1288961021298835459
1288960292819554307
1288959137607450627
1288958434423996418
1288958172636602370
1288952696037412865
1288942982318698497
1288928159736508417
1288924519009320971
1288922335110733827
1288920436978352138
1288908270409744384
1288908211727355905
1288908039236526081
1288907213550039041
1288906455177924609
1288906031473528841
1288905947457429508
1288899041754001408
1288898083502329857
1288827376340807681
1288826269434630144
1288825589407899649
1288824931170553856
1288823879289503746
1288823796959449089
1288736746985971713
1288736014048145409
1288735052063531009
1288574397863858176
1288574275193053188
1288573316165439488
1288572972769345537
1288572710390509568
1288572619630010368
1288530868399677442
1288522500511608835
1288468848170106885
1288361102112366592
1288245221273337859
1288188390085734402
1288188257293996038
1288145261454336000
1288145159545397248
1288144950908129286
1288132016123371522
1288131543064555522
1288130406659784705
1288008601974591490
1288007793740578816
1288007457667719168
1287981472448741377
1287979821461655552
1287979451251400705
1287978449328648194
1287975183429570560
1287857570779140111
1287814066161975296
1287813158137147393
1287728557947531264
1287727609300819968
1287727488198742016
1287727177027465216
1287726016358645760
1287725195378204672
1287665583249596416
1287651198078681093
1287650496254291974
1287649231487082496
1287597581049253888
1287504808618926085
1287504717887807489
1287469773044027392
1287468459727691779
1287467156402208771
1287453914800050177
1287437614086344704
1287433528754544641
1287365825926750208
1287292850187755520
1287292675000012801
1287292146698129408
1287291309661749248
1287290715559665664
1287290516124696577
1287290271408037889
1287289773766344704
1287240792483004416
1287240545593708544
1287240023298002944
1287238450282979328
1287131908535713796
1287070564717334528
1287069041199374337
1287067195143606272
1287066122945204225
1287038479675928579
1287038322053910528
1287038096723316736
1286991088054669314
1286931871725752323
1286759787057876994
1286758006881947648
1286756787333595137
1286754423578988545
1286718262294786048
1286397620265586701
1286380615064072192
1286380362004865024
1286380190394978306
1286378737580347394
1286364478548905985
1286319634426335236
1286316916869599233
1286314991935725569
1286051747316867074
1285956196118269952
1285951343434375171
1285902233977204736
1285885280575090688
1285884790592409601
1285881812288446464
1285854828095307776
1285851263809224704
1285851016634695680
1285850695447597056
1285849157647900672
1285846665807556608
1285846498492780544
1285723456181542912
1285723110524760064
1285722985123512320
1285722889833127936
1285679260326408192
1285661067285270528
1285616054971109377
1285615083456999427
1285610815119392768
1285561943718342657
1285561205956976640
1285529740686831617
1285528143269429248
1285516050205900800
1285496830239875073
1285487263107948549
1285461571242790912
1285461456927043584
1285371126776922112
1285351188800720896
1285350835958972422
1285249079845490688
1285249017690173447
1285248517393600514
1285137108491960325
1285123053970698240
1285122685014548485
1284820216594276354
1284819987019051009
1284818779021750274
1284784210126004229
1284783917560664064
1284626474079854594
1284618818543849475
1284618017956081668
1284530306129821698
1284529795347492865
1284529528275075076
1284480684720033792
1284479986326536192
1284401070274486273
1284400896005279745
1284254442519437313
1284201281658249226
1284199086254587904
1284134580753137669
1284112544601341957
1284021428166238209
1283873688186769408
1283847151173410821
1283807696249069568
1283788736447348747
1283788231511805952
1283786613059878912
1283786047529287680
1283750076255436807
1283739047790288896
1283738793925894144
1283737984404205568
1283737843563716609
1283737443611676674
1283736139648688133
1283735114938228744
1283734333505798145
1283714093044703232
1283709784651431937
1283502807811792897
1283419894646743041
1283419285633863681
1283417677990682625
1283367442824278025
1283364104825188355
1283364020536389635
1283297147472023552
1283171454515843072
1283132291393425411
1283128261418024962
1283127720189321216
1283127165886898178
1283126339491561474
1283032901236523008
1283032589180243970
1283032472096317441
1283032146064691200
1283031473356967937
1283030366387933184
1283029250619183104
1283028841339002880
1282777103717597184
1282776860917731330
1282776746987859970
1282776159101620225
1282775518480343040
1282694769932742656
1282693450018824192
1282678792020992002
1282678545995759616
1282677323523915776
1282677099673923584
1282675937264521221
1282675835498041345
1282675633043144704
1282674871068229632
1282674578419003394
1282408670047993857
1282334172728766473
1282307919984427010
1282307712181829632
1282291092923310083
1282290923351703552
1282290795991769088
1282290557923074048
1282290445243031552
1282289849706385408
1282198826707816448
1281854057842388992
1281853653226266624
1281853519637680129
1281849361220153344
1281848942901288960
1281848522770456576
1281687450235162624
1281648378326196224
1281611572360744960
1281609355905970177
1281605239053975552
1281603176400138246
1281603115335245824
1281600779724492800
1281599790418202624
1281599755144105984
1281597294266273793
1281563189763858435
1281562802990256128
1281561676341551104
1281505005745442816
1281485591495024641
1281484920397996033
1281331279250821121
1281330265621749762
1281328901357215745
1281294608375447557
1281294394902093831
1281294120196157440
1281293857611821056
1281293269138386946
1281279520750870531
1281178589958942721
1281178475861364737
1281178176471937026
1281178141365547008
1281178115209912320
1281177014976892931
1281176689180098560
1281176543839105026
1281176282320035840
1281175878739931137
1281175414287802369
1281175266044280832
1281175180451160065
1281174761696038913
1281174047833931787
1280942879893004289
1280941600953307143
1280941050945777666
1280940283711098886
1280940009210683395
1280939466023219203
1280935070350610432
1280934776455782400
1280934742473482240
1280934418790711301
1280930141707948032
1280929014564163586
1280928698204553216
1280927622378258435
1280926878082174977
1280926636213444608
1280926157915983881
1280925109805625347
1280760626630004736
1280760002643361802
1280759584936939520
1280603693121974279
1280602334180053000
1280568511102844931
1280568330496204809
1280419781787693056
1280419294199906306
1280419104449605632
1280418721106923520
1280411813948133376
1280411406207254529
1280279031276015617
1280277573721886722
1280277373838143489
1280277044111310848
1280236902290001921
1280236454959026176
1280235849649729536
1280218620191215622
1280218459155152898
1280218331757371392
1280218036784553990
1280166904381026305
1280160097864384518
1280158560245211136
1279822577091969024
1279817829026533377
1279729335176515584
1279717928900927491
1279717751687430145
1279716466988920832
1279715746193395713
1279714669255671813
1279714467987755008
1279713439095676929
1279713129283420161
1279562558731702274
1279559805204602880
1279558541498556417
1279558365870460928
1279557075962482689
1279556702434664453
1279508663904940033
1279398524115996673
1279393159672467456
1279392213831737344
1279359334766559232
1279359015563210752
1279358745353601025
1279358675472322560
1279355910234800128
1279355397825052672
1279302370309136384
1279163072750460930
1279162271797850113
1279139823475965952
1279138029840601089
1279137644560166912
1279136935899017218
1279093991087243265
1279093461522747394
1279092613887467520
1279092308823224321
1279092220327534595
1279003408435949568
1278974014103396353
1278973631398391808
1278973201968697346
1278968907244670978
1278967754410856448
1278967503495012352
1278967187840143362
1278949293362237441
1278805821913268226
1278805623447093249
1278760480643956736
1278758718910468097
1278735780047998976
1278735499990044673
1278733592546377735
1278435873076502528
1278387112535040001
1278378438345326592
1278067429697036298
1278064385173438465
1278062251757486082
1278061499991367682
1278060194518482947
1277998246284201989
1277997941467291648
1277997320681009152
1277995939035217921
1277995762811580416
1277994811690287107
1277921722184994816
1277920423653638145
1277751438345678849
1277727810262573056
1277701916869439494
1277700734658719746
1277700366826684419
1277700207875166216
1277692576112488451
1277691457218973697
1277656776863887360
1277654006303723520
1277650953584377858
1277650544774037505
1277649553819348996
1277568768613507074
1277516784678121473
1277516673176797184
1277354894110883840
1277354251153559552
1277351901156315137
1277251649694846976
1277239763087568896
1277239402281000963
1277210429056585728
1277111208928260096
1276991667556487168
1276959504677175297
1276958880883490817
1276958388782616579
1276956277609050115
1276955961769558021
1276954469272608768
1276954178204598273
1276947241094258689
1276947138933673985
1276941732144459776
1276941506948018176
1276939499822596097
1276937543842500613
1276937443137200128
1276936219075772418
1276813846783709184
1276813296872624128
1276782280581709824
1276665225668853760
1276554131168165891
1276552345669840896
1276550796692328450
1276550696008105984
1276549689781948421
1276546367805161476
1276545612058689537
1276540605808676864
1276540121697959937
1276540031457468416
1276229763158413312
1276227877554528262
1276227686793465856
1276227018665988106
1276182969447854085
1276182299260989441
1276181988915978245
1276181673529544705
1276181559297662978
1276180999706234881
1276147945264513028
1276096428369215489
1276096060553867273
1276095869062955010
1276095650812354560
1276094594388803589
1276094317745102848
1276094112375156736
1275900960594898946
1275900271089143808
1275899387328237569
1275899193635287047
1275898252869730310
1275897645937106948
1275880263197884416
1275871873004384263
1275868241265598464
1275866681890476033
1275866192448806912
1275865593678307329
1275863085094486017
1275750568036896768
1275686437120282630
1275685785950466048
1275685560967979009
1275684903913508866
1275684601738952707
1275650151621832708
1275521119022391297
1275516514259677185
1275514925306216448
1275476519083802625
1275464754853707778
1275447369660633089
1275411580272984064
1275411312625975297
1275404585188962305
1275403825709539334
1275399614804496386
1275399111479627776
1275380019951517696
1275347056698286080
1275346684021743617
1275160708913729537
1275160257854046210
1275159959085465602
1275154435057090561
1275153798735040513
1275150685349298178
1275150470630248450
1275147311996440581
1275146592333565953
1275146483508162571
1275146142645444608
1275145976999788545
1275145472290828288
1275124898231250945
1275123818953146368
1275123560252669955
1275123395525578758
1275123253498044416
1275075832541638661
1275042825642573824
1275042318148657154
1275040142655447043
1275039875792875522
1275039724072251392
1275039588076191745
1274940909096927232
1274879277918572546
1274788747205361665
1274783392144515072
1274783292575842313
1274783205208535041
1274782427072933889
1274740877097869317
1274699416469995523
1274698449703878656
1274696752935903243
1274655619027533824
1274651525470720001
1274651231244431360
1274651073391800321
1274650864993669120
1274621702387970048
1274620764227014656
1274618873963261952
1274617167493939202
1274614081379598336
1274477606788890624
1274433647832162305
1274433002777513986
1274418187497545730
1274410635456131074
1274410489867653120
1274384368602144770
1274383504713879552
1274382905230450690
1274377649201307648
1274248053176913925
1274247939368652800
1274247787484450816
1274237729518301185
1274237556654252032
1274237243234889728
1274236089084121088
1274099351179198467
1274082466089885707
1274079898467028999
1274021029376122880
1274020316336001027
1274019588532027392
1274018729450508288
1274018474550050816
1274014866177757184
1274014667376070656
1274013860215902209
1273944328683917314
1273876776297607168
1273720342087958530
1273718172496117761
1273717836410761216
1273716011351576576
1273671283952230401
1273650970417922048
1273649828677980162
1273632551068991488
1273631779816181762
1273631338520875008
1273631036300308493
1273630754220707842
1273630652534009856
1273590189764608001
1273536219188772864
1273536157729591296
1273536067485007872
1273408211211759616
1273374444665389057
1273369179828170753
1273368866249412612
1273368491135991808
1273368189938909184
1273367881548468226
1273367672961617921
1273367539532398593
1273367493604769792
1273367422272225280
1273366954313682951
1273325245374566401
1273324816557314049
1273324527099969537
1273230273723981824
1273209942443470848
1273209665900380161
1273137738791952385
1273027747384786944
1273026509301833731
1273024897397280769
1273024728144523264
1273006506070487041
1273005400477118467
1273004995307278338
1273004346855297031
1273002900193775618
1273002574262816768
1273002266174402571
1273001985768411137
1273001830591725569
1273001634570919941
1272992587146813441
1272969612011978754
1272805702772371456
1272805589580644352
1272664556947587072
1272664219851390976
1272663503271342080
1272663424149991425
1272662866626260994
1272600602523176962
1272600065471848450
1272599970206670848
1272599805223673856
1272599617406935041
1272599183275556866
1272593529114681345
1272592333771595780
1272570159098716167
1272569792667570185
1272549777683681280
1272549486334742529
1272548347715497985
1272547971993948167
1272547723972050948
1272547191748472834
1272546850319536128
1272546792425639938
1272546265604259841
1272546172855619585
1272546130862190598
1272445089709805568
1272246603261378560
1272245706288488448
1272245343514759168
1272245001112649728
1272230645780135937
1272214411370016771
1272178307019288579
1272176435541741569
1272174272212078593
1272173090873671680
1272172749478416388
1272169271502798848
1272168768798633985
1272168388618584069
1272168150809956353
1272167786937270274
1272167095116144641
1272166987456753667
1272165382808313856
1272165198422593536
1272165042612367360
1272075931633491968
1272061435703709697
1272059846028910592
1271925371005534216
1271924832683331584
1271836847002525696
1271834598457180160
1271805200970452992
1271804979054084099
1271803928179597312
1271777001800642560
1271776651043577856
1271751396753367041
1271751216532467717
1271744188539965441
1271744096907001858
1271744009229262848
1271743843889750016
1271743761949876224
1271743503874379776
1271743029389529088
1271742982094536705
1271599664685559808
1271598416817205250
1271594171665653760
1271528108978552834
1271528023955734530
1271525256583417863
1271523508192006148
1271523451300458496
1271523390898212864
1271506905136091138
1271391541353947137
1271391498655891456
1271377267432849415
1271376772295045120
1271376626245349377
1271364250498457600
1271363223271464962
1271352413610483713
1271352323953037314
1271352151462350848
1271352018813300737
1271335284123279361
1271192932910075909
1271157693043085313
1271154792560308224
1271148563863687168
1271147887087550465
1271145453728477184
1271144798834102276
1271144743599329281
1271067278520582152
1271048052825100289
1271047102173503488
1271046723272613889
1271046583002505221
1270978352699097090
1270977978563002368
1270976901406953473
1270974022508036097
1270973698690998273
1270973352023334912
1270847647956508673
1270834364239228928
1270833837250052096
1270799084895510528
1270797600804016133
1270797440875200518
1270793079893737473
1270734452201791488
1270733180442742785
1270732690090835970
1270720547639328768
1270720346363064321
1270720308442357760
1270719995996024832
1270719574443307021
1270719304715997185
1270614338408235008
1270611291053400065
1270460677556252672
1270453249477410816
1270452503373545472
1270452158975131650
1270451497885671424
1270450001047703553
1270433651914878981
1270432348610400258
1270429979898191872
1270429855910375426
1270412634106613760
1270412221047345153
1270412066541768704
1270411292076118016
1270409868499918849
1270408231937064962
1270407803354714113
1270406187503280134
1270400127254044672
1270348959853293568
1270348704428457985
1270296532047335425
1270294834675429376
1270293234774880257
1270291884800380928
1270271697095208962
1270270999448244224
1270270096871690242
1270269915627499521
1270268606690013184
1270268538876542976
1270268284689096706
1270267638242050048
1270117874296913921
1270090079982292994
1270083720012279808
1270082918963130370
1270081527133716480
1270079126909718530
1270061866228895744
1270043487623426051
1270043110781976578
1270042751464353793
1270042526288838657
1269985322890407938
1269983225721622528
1269982798020034560
1269982508604628994
1269981994798264320
1269981560889114624
1269981284216049667
1269959430289928199
1269905789176762369
1269758922681987072
1269754800255700993
1269703006859247616
1269702648053325825
1269681786356994048
1269677677457399808
1269677198392385539
1269659590540644352
1269657306310082562
1269641498825560064
1269641283490009089
1269627826694733824
1269626838311206917
1269626477668110336
1269626210272845825
1269625792016920577
1269625621115781121
1269625302470328320
1269624818581876738
1269624665804279808
1269581228983947264
1269580646571220992
1269578560915877889
1269576332368924672
1269574973464731654
1269574461537292288
1269574401319677955
1269574180674002946
1269573796845047809
1269573420699865089
1269572095324848134
1269571524517920768
1269570143362916352
1269518171444326400
1269391023366475776
1269390700220686339
1269390378240745473
1269380752044670978
1269380630594367488
1269380311911145483
1269369533313224706
1269369240328507392
1269368956663599104
1269368065315258369
1269306695001538567
1269294013338865664
1269293153229602817
1269213168523522048
1269208217214648320
1269207945751015425
1269207685196664834
1269207628611289088
1269202473803276288
1269202016833855489
1269196949372231682
1269195246396735488
1269192916943155200
1269192663766532096
1269184003036393473
1269182954481352704
1269179692713680897
1269178584305893376
1269178266952372224
1269177851716255745
1269176840318595073
1269053844253741058
1269052283247046656
1269051519577600000
1269033107858079744
1269028594078154754
1269027030600908800
1268985768007081987
1268982974646816770
1268982883345223688
1268981213500518401
1268962056570580992
1268960173634334727
1268957644989050881
1268957401346170882
1268957135263719425
1268956843910537223
1268956672606834689
1268956502179614720
1268955707883376644
1268955476538114048
1268955384536014848
1268954917726818312
1268954615430684678
1268953146446970884
1268865257113628672
1268865217922023425
1268864379648454660
1268862841941082112
1268862591549521922
1268861425662951424
1268859456479256579
1268837313330765824
1268837073286504448
1268823009068027905
1268799230145114113
1268799030865334276
1268798000547201025
1268797369065385988
1268797304598933506
1268790868246478848
1268789990336729089
1268789365074989056
1268651318446620672
1268650272907239425
1268649775630557185
1268648516861255680
1268633729624350720
1268601540098568194
1268600273737527298
1268599755690708993
1268599116239712261
1268598567159111684
1268592996716593157
1268592649927360520
1268589117308362753
1268588128870313984
1268587995474657280
1268586216427053056
1268585007368613889
1268580852084203521
1268489885322747908
1268440250176716800
1268282063725170691
1268279649953615872
1268279588930695168
1268277628223578113
1268271471698366465
1268269455915847681
1268269296037195776
1268268643126738944
1268268393687388161
1268267831197675521
1268259958111588352
1268257923161038859
1268257673314738178
1268257342623289345
1268257317763665921
1268256597224108032
1268256379149615104
1268256247918321665
1268255751778242566
1268223233427419137
1268156041432313856
1268154956294623232
1268154631705821184
1268153661928210432
1268153546941304833
1268153123920588800
1268150886829830146
1268149968906391552
1268149268935737345
1268149228599234562
1268138277015601153
1268136697025495041
1268134585239515136
1268133987102470145
1268133702917332994
1268133049746829312
1268132664705507328
1268130792603111424
1268129791569526790
1268129523352121350
1268129063731900416
1268128613146275840
1268128352524697601
1268128177953673216
1268127929797611520
1268127892648706048
1268127703783309313
1268127463433031683
1268127215662792705
1268119792130691072
1268119749503922178
1268119551784488960
1268118488033492992
1268118344856723457
1268117604926980096
1268116121137434624
1268115962315882498
1268115779163226112
1268115555019612161
1268113185564954629
1267958461066813446
1267958040281731073
1267956446844588035
1267939238777106432
1267939035475050497
1267938982127702018
1267938369088225281
1267938282874306573
1267937772876238853
1267937475487555585
1267933681194274817
1267932794388439042
1267932611512537089
1267920811043819520
1267873404926988288
1267872863660490753
1267870500828712961
1267870101124063232
1267869654384549891
1267867678020075520
1267867309785432065
1267859135875493888
1267858256233410562
1267857657953689600
1267857111758909443
1267856740009328641
1267856199611015168
1267845580275036161
1267845026941472770
1267844533234081794
1267844260528873477
1267843340965416962
1267843182986964992
1267843062023233541
1267842318385766400
1267842124260786179
1267824834383233024
1267824159301595145
1267820440212234240
1267820000275951618
1267819546657746945
1267814565846216711
1267814251390889992
1267814119333191681
1267798751126659073
1267798654489956352
1267798545781882881
1267798438642663428
1267798157347471361
1267779487527297026
1267779198275457024
1267779164075155456
1267779097196933121
1267778118460362752
1267777937404821505
1267777353532485632
1267777264395137024
1267777093217239040
1267776974690357249
1267776644850364416
1267776503741382657
1267776442722594819
1267776400934801409
1267765507412889600
1267763961149210625
1267763421447180294
1267763305352957953
1267763037714423809
1267762688249208833
1267762565683298308
1267762268713992199
1267761889246941185
1267760391024762880
1267746306119864321
1267746191917363200
1267746076846632960
1267745690198867969
1267745655235149824
1267745596477255682
1267745488557813762
1267713163828637698
1267712338234429440
1267712061104181248
1267711673764323328
1267711422793908224
1267580610396258304
1267561473301250048
1267558663985737728
1267558265845678088
1267543677628551171
1267533372768870400
1267532100808384513
1267531874794123271
1267531735954317313
1267531593104703490
1267527642271621121
1267527301979344896
1267526492914933761
1267526366314070020
1267525973882417152
1267525608600461315
1267525408913793024
1267522386406014978
1267522076036026374
1267521708833062912
1267520575175626761
1267520096056074243
1267519830799855619
1267519438213054473
1267519031201992706
1267518442002882560
1267518384809394185
1267515173641818114
1267507141738463236
1267506709926416386
1267506601595940869
1267506396079230976
1267506379566301188
1267506214155489285
1267506046131679237
1267505915785248772
1267505789226418182
1267505308315893770
1267505170101014528
1267505021769433090
1267462319426228225
1267462284764491777
1267416787613888512
1267415901630070785
1267414518910640128
1267413365640572928
1267411948460806144
1267411401196425217
1267411133113212928
1267410537085886466
1267409730395344897
1267409453374210052
1267406139169398784
1267370621840883714
1267369937653432323
1267367780728344576
1267367639283834881
1267367075917500416
1267365939412193280
1267272998505058304
1267271639043096578
1267271128411713536
1267270432253673474
1267270104796053504
1267268916650356736
1267268592074141696
1267266949488291841
1267266372482093057
1267264460500209671
1267264273539006467
1267263894973820928
1267178567898664965
1267175489292111875
1267175311386513410
1267174475927298053
1267159912465006594
1267158407078961152
1267157545753423874
1267157353973063681
1267156923926929417
1267156624088674316
1267156258861219841
1267156000337014786
1267154514668392450
1267154174107619330
1267117096162537473
1267116203094478853
1267095669959020544
1267094435160096768
1267093868794822656
1267093148075012097
1267092891312275457
1267057718755459073
1267057177333764096
1267056136110444549
1267042556338155521
1267041851787354113
1267041715149590528
1267041328594128898
1267040444518748160
1267039890652479488
1267039592018055170
1267039186156224513
1267039037157773314
1267038813634904066
1267038653953572865
1267038400131018755
1267038181603577856
1267037713640939522
1267037466726367232
1267037230993997824
1267037174869954560
1267037036025909249
1267036775953956868
1266816646796189696
1266815246368419843
1266814156449222658
1266812244190511106
1266811128040108037
1266707167496810499
1266698959474565125
1266698523686440961
1266673855332003840
1266673246658793472
1266667793174446081
1266667256794275840
1266666115972857856
1266665980211716096
1266665598806786048
1266665320779038722
1266665183231062018
1266628745932267524
1266628073530818560
1266526712449454080
1266526416809742337
1266463271751766018
1266446501926100992
1266435241729818624
1266405054069780480
1266404473943076865
1266388107059957762
1266387707795775490
1266386569247801344
1266375101508796416
1266374875939135490
1266374531695820808
1266374413567455234
1266374105445486596
1266358836929101827
1266358741311655936
1266349742969229312
1266345341516943360
1266345204606545921
1266344238222057472
1266344037717549058
1266343812584128514
1266343433557495809
1266342918173884417
1266342790352568323
1266342359836561408
1266341656099504128
1266341534728949760
1266341274392674304
1266292332715839491
1266291816749400064
1266290916530114564
1266290200776282113
1266288107281772546
1266287802548842499
1266287646491283458
1266287560990416896
1266286056141250563
1266184089616420864
1266085882697785344
1266085881502367747
1266085880147652615
1266085877865943044
1266085875122929669
1266085873810132994
1265977960462516227
1265977851557314560
1265977215264731137
1265963583512481793
1265908334059716608
1265792414775685130
1265760051932942337
1265741467043221505
1265734673122177028
1265727199346188288
1265717802935169025
1265715076989935619
1265713849354858501
1265713348328423429
1265712816260026374
1265712698337169414
1265712001520672768
1265711717226602499
1265711113712340995
1265710870115553280
1265710536391622657
1265709743705862144
1265709209951313920
1265709129236205569
1265709010168266752
1265708830601678848
1265708329965424652
1265708191335223297
1265708113698721793
1265708054315663364
1265707899478839296
1265707188187803650
1265706810192867328
1265706763602530305
1265706416142237697
1265705080570945536
1265704952724426757
1265562291942100992
1265519647178227715
1265519342575386624
1265517284015161346
1265372433831407617
1265371027133140994
1265366640537088000
1265349400374775817
1265349178928115715
1265348214682718208
1265347690533203975
1265347434936483841
1265347041049358340
1265346637435723776
1265346261118484488
1265345840371183617
1265343880410664970
1265343669000900608
1265343582434734086
1265343453719912450
1265340986923929603
1265336024802242565
1265203704765923329
1265202882011451392
1265202756941500416
1265200117981814784
1265196271779942400
1265196100534796289
1265195479744294912
1265195422529748994
1265195253314793472
1265194775432638466
1265193211317891072
1265192697574363138
1265020123783598081
1265015500595253252
1265013896013807624
1264972582362767360
1264971639151661056
1264971353721110539
1264970304599797762
1264970092611350532
1264969472609341440
1264969394595258372
1264964572185796616
1264961652123992065
1264960570521989120
1264959930605412353
1264958100286722050
1264957585930752002
1264957134112010240
1264956438746664961
1264954640820580354
1264954326071619584
1264939859602558978
1264939396333293571
1264939180334944256
1264938717078224897
1264938409224802305
1264854223180750848
1264853472329052160
1264852113479393280
1264851423122128896
1264851225079578624
1264851112718409729
1264850888931368961
1264850236498939904
1264850102830731274
1264849875201593344
1264849298954559488
1264848376018894848
1264804588349202432
1264791671335780355
1264645274221322240
1264644767385862145
1264638341301108736
1264636366505357320
1264636000829165570
1264634879146373121
1264634677144489984
1264633900627828738
1264632674653745158
1264632467962695682
1264632388090552327
1264632223048876032
1264631345826992129
1264630724059181056
1264630388833607690
1264630100462645248
1264624358317871104
1264624187093798914
1264623964774694914
1264623544572444672
1264596592977498117
1264593912649449472
1264591727157010432
1264591575117697025
1264589673818656774
1264587762449121280
1264584850130034688
1264584432108871691
1264570572132024321
1264536951924932608
1264535975713259521
1264535036742819841
1264534395018452993
1264534328454844418
1264533103936225285
1264532836100554754
1264532502678507520
1264531278608678912
1264527664196521984
1264527627286712320
1264527265565728768
1264526640517963776
1264526376029298690
1264507351085834241
1264507104246857728
1264481975001284608
1264481910643884032
1264481060966019072
1264480565971083265
1264480168065798144
1264475115875688448
1264474984044470275
1264474074832678912
1264334363673665536
1264332917934903296
1264331179978883077
1264326160776925185
1264325141519097856
1264324987206459397
1264324842515501056
1264324582724509702
1264324133179056136
1264321839611949062
1264320377624440837
1264239921520431104
1264238665003413513
1264233910839500804
1264232615722332166
1264232171901980673
1264227062019227648
1264226880640757760
1264226673651781635
1264225995801931776
1264225925371215873
1264144555462582272
1264133827561164801
1264104850616352768
1263917329538301954
1263898484375203842
1263894598893568001
1263876935429558272
1263876690368958464
1263783174611644416
1263715640545869826
1263715081784877057
1263585372719575045
1263580987612639232
1263580226812104705
1263559196601171974
1263557654942711808
1263557063470350336
1263556596283686913
1263556297015939072
1263553197748215808
1263523496191307776
1263523012567085062
1263520260533215234
1263519944374976512
1263519627285577729
1263519265426112513
1263512660529872899
1263476686030548994
1263467194446479368
1263466565934120960
1263440699258740736
1263439572089933826
1263439363180040197
1263438550671994881
1263438454240825344
1263437914983337985
1263437814605271041
1263364534280040448
1263362928453042176
1263202636561616896
1263195198244507650
1263195114035437571
1263195032317759490
1263192509813063681
1263191920844648448
1263186139558576131
1263180870548107267
1263180641664995329
1263167006490144770
1263166495254814720
1263165314793189376
1263165045288157184
1263164625299922946
1262998706682462215
1262997240794226688
1262997058979422213
1262842764515061769
1262841084046123024
1262839949226905607
1262839229295591425
1262839103235727361
1262837749142429696
1262837104628903946
1262836763044839425
1262819259438321665
1262818464537993226
1262804247869108225
1262803199121068032
1262802790121963523
1262802731527540740
1262801086987022337
1262799808445775873
1262798518361751552
1262798192867004416
1262630193056940032
1262529886670987264
1262528943061598210
1262528428919656449
1262527925137653770
1262271676324159488
1262271043848241158
1262161593023987713
1262161401503723528
1262160418371297281
1262141381860089860
1262120937127841792
1262096679618084865
1262094188759433216
1262089898921807879
1261970046366224385
1261969820725239813
1261969212903428097
1261969000428380160
1261958116935192576
1261957547612942336
1261957431594188800
1261956834937667584
1261935371211939841
1261933642533781504
1261933527945404416
1261706998296580096
1261692376424341506
1261692211470782464
1261657747214516224
1261656160018616321
1261646408702136320
1261644735468486656
1261612334226833408
1261596032942723072
1261594282743529472
1261594204033241088
1261593311019708417
1261593039690182657
1261590905867456513
1261590821645832192
1261444284051410944
1261401687035645953
1261399686717550595
1261385981606989831
1261384801728303106
1261374268153032704
1261328631042912256
1261326899550269440
1261326288557572098
1261193163483623426
1261192442759598080
1261033074156023808
1261015131934412804
1261014748608544771
1261013617882861569
1261009826290810881
1261009576415105024
1260967970668503046
1260967845590118402
1260822626022363136
1260822348883771392
1260694474973470725
1260693353575964679
1260634967060742144
1260634643004633088
1260587311206711297
1260586566382125057
1260530498868215811
1260530050543353856
1260527550939488262
1260526973983625216
1260525142561763329
1260524471544352770
1260487243346644992
1260486743050117128
1260484515924934657
1260322033637916674
1260316359122202626
1260297259671072770
1260296595477794820
1260296201834041344
1260295891405156353
1260294920511905792
1260294575480020998
1260281559896244224
1260281121901883393
1260280563828736003
1260280474049667074
1260250772887011330
1260250298163122178
1260225571142975488
1260107589574168577
1259991230936764417
1259982173341392902
1259979156147908611
1259978787359465474
1259978566382608394
1259977560353619968
1259976042124623872
1259974804075053058
1259974409483440134
1259974077047091200
1259973449923133441
1259972477138145281
1259972312889266176
1259972097776013314
1259971494781878275
1259942485809397761
1259942160960495616
1259929254713798658
1259929136971251720
1259928182347780096
1259841262762459136
1259744909193555969
1259744613121822720
1259578578972413955
1259573825953554432
1259573744684740608
1259534802895679488
1259531175984541696
1259530915929350147
1259530770357641217
1259530569442000898
1259530373807079424
1259530051344891904
1259529527325274114
1259463905425981440
1259432688144068608
1259432239072509953
1259431972939628544
1259431411494334464
1259430545156722688
1259430442480041989
1259430180755582977
1259422438238150656
1259422182708596736
1259419860444106752
1259419522773245954
1259391050558439430
1259390632948310017
1259389173796044802
1259238345844105221
1259211539799773185
1259207866034118656
1259195005903781890
1259187295476989963
1259187082385338374
1259185900631871490
1259120835803168768
1259120378103857154
1259095877462953985
1259095333491146753
1259079635075321858
1259078508585852929
1259078414138593280
1259078299495645190
1259077935019032578
1259077735303057409
1259075476758450177
1259073518907645952
1259073476649988097
1259032383564722177
1258852460401131522
1258849668953452544
1258830444465922052
1258829935340408839
1258826320768905216
1258826257044733954
1258825758480510976
1258812708213882882
1258808911064371201
1258807358626631680
1258725519652257792
1258674710268850184
1258671728886194182
1258671223187308544
1258653372531593216
1258653259469897734
1258651789525692416
1258651552304304128
1258651425728540672
1258651230081036291
1258522286321065984
1258521095642087424
1258518211617669120
1258506063285911553
1258421281516654595
1258418900884168704
1258418107103748097
1258417718157598720
1258416777220022275
1258416562534600705
1258416293587419138
1258415572917915650
1258413496229941248
1258309662073589760
1258308835107889152
1258289857106972674
1258289196743213056
1258288995806654466
1258287327006294016
1258283024413798401
1258282840992747521
1258282681172926465
1258126814725263367
1258122185857732608
1258104300447956993
1258103140768980992
1258102776141352960
