1330223424522899461
1329609461791682562
1327687842928136192
1326748305141993472
1326675566129524740
1326675082006163458
1324060426460692482
1322944921473605633
1322734720166305794
1320810473785380864
1319454819745148933
1319401208801525763
1319298608911572993
1319298431542792192
1319061539039678465
1318294026731343874
1318249277483847680
1313123127522623488
1313121757860106240
1312232915086999557
1312122800220430336
1311871510928384001
1311371197683298309
1310670000693243904
1310366879207362561
1309684789578993672
1307874027906707456
1307873277600313345
1306396745472016384
1303167432979345409
1303165900439384066
1303165552484024320
1303098402532712448
1302642048709820416
1302329005253816320
1302091469797429248
1301925340307247108
1301696670577692675
1301696092694876161
1301691891554156545
1301289692567044097
1301193032843300864
1301191958598168576
1301152071501086722
1300880160686837760
1300879194524725253
1300879102698758145
1300620639288676353
1300604420288385030
1300564507312492546
1300290247734034432
1300289379471167488
1300157776493187072
1299711894954086401
1299596630149267456
1299596489707184131
1299594878897266688
1299560680769630209
1299560124529471488
1299559924570230784
1299558519193112577
1299555414128971776
1299551020054392837
1299549778750181382
1299478227149352963
1299396089364254720
1299302873881366528
1299145216180588547
1299144940061184002
1299144036247310337
1299143977669718019
1299050351228846082
1299050025180434432
1298645375839084546
1298032295186771969
1297327282885922816
1297323235076444160
1297322795068731393
1297322567246782465
1296644946330554368
1296148687517888516
1296148101225422850
1296141559109423105
1296097454270619653
1296097141140656130
1295750820009476099
1295157664272601093
1295157135513473029
1294493259025309696
1294492499617222658
1294492015456067584
1294260913558687746
1294072492546564097
1293733550185996290
1293700013353316352
1293567017216245761
1292288916779917312
1291573483911229440
1291572992124870656
1291391391315238914
1286524722059137024
1285614266796711937
1285196613171007488
1283103016938344448
1283054924650217473
1282833833130418179
1282653628206112768
1282362661141872640
1282333289668370433
1282170387497996288
1282068674409635840
1282068035277332483
1281525502327623680
1281044885915795458
1280924664567652354
1280924325412057090
1280696104565309440
1279987654273228801
1279987182732804096
1279833473709223936
1278453838849114113
1273766515439996933
1273553613630119938
1273416901591433216
1273416765775720450
1273260298040999936
1272557286779760640
1272382908712521728
1272298511938224129
1272297846142840833
1272205992005193735
1270099620195172355
1268994159551164416
1268732684853022720
1267893951777947648
1267669870864478210
1267665177157263362
1267658968194834432
1267230148006490115
1264722593908772865
1263329722672517121
1261693743352156161
1261484741062283265
1261124296686153728
1260645906560372736
1260645844786638848
1258610119601991683
1256647165818163200
1256646574790369280
1254869072627597316
1254496437443887105
1254087360796655617
1253177437007024129
1253121621013008384
1253048534615633927
1252079245700063232
1252051760992129026
1252050968793014272
1252050870449123328
1250897700247257089
1250826181357821952
1250233024974856193
1249501623845621765
1248101593125400577
1247717845229805568
1247717686668394496
1247398589409759233
1247398537886924802
1247397737739542529
1247397382674886662
1247358570062061568
1247358471047127045
1244932131945689089
1244379876347514881
1243943115842560000
1243759019480809472
1243642337227612161
1243016144539332608
1243015865357959172
1242638376311894017
1242602037730304004
1242590247814381573
1239640370226569216
1235932859636031493
1235932620019687424
1235927492847964163
1235925720804790272
1235925674680029185
1235010166241792001
1235004559761735682
1234525366808608772
1233926091414409216
1231767683768647682
1231423578282844160
1230211788211466240
1229888425622491137
1229591050974584833
1227089716010504192
1225906294764294144
1225617157612015617
1225463709314756612
1225255916402085888
1225176207169290243
1225175893741592577
1225148107031240711
1224770098348679170
1224559701981106176
1224544043285336065
1224509906671362051
1224509730342785025
1223687710612828160
1223031831009857536
1222978248570810375
1222660018639720449
1222659785704771585
1222527913066663936
1222249253071982594
1222246989708046336
1221935263284453376
1221785641832329216
1221446500837969921
1220876031487303680
1220787713114288128
1220558908307202049
1220519867725635586
1220094368951996417
1219812232302923776
1219811331752316928
1219810917275394048
1219806692105424897
1219806593153486848
1219436757449674753
1219111844218068993
1218738928188043264
1218626123015258113
1218619709756727300
1218311810052509696
1218297477037744128
1218296464302137344
1218275260090540037
1217908833689001985
1217908585323167745
1217857661951193093
1217856891608616961
1217180877689643009
1217130976339537922
1217122690030624768
1216976699906195456
1216964332686389250
1216946228518432768
1216925766279102464
1216919694768209921
1216889552150900740
1216889205957308421
1216885268906741762
1216873689045786626
1216793831863132160
1216587665291780097
1216552579355815936
1216242920254312448
1216242632269148160
1216226542977720320
1216224174202609664
1216221739249733632
1216212753293160449
1216208171854974976
1216207974940758017
1216191390826233856
1216134204808945672
1215981086720823297
1215980404563488769
1215965245363097600
1215956894474522629
1215880288254988290
1215871944953933824
1215852860593840128
1215839236768911361
1215817955533053953
1215741605543583744
1215493207468978186
1215487020245581824
1215467558482202624
1215132296426201088
1215130148149829633
1215111917498458112
1214720126018359298
1214719335001939968
1214037020764463105
1213888936789106688
1213711394060881922
1213710747550846976
1213708837389324288
1213707861135630337
1213687426650165248
1213570494378790912
1213569922242154496
1213329189828476928
1213270046375600130
1213218765724422148
1213217185910468608
1213175467001438210
1212937466916823040
1212926826949087236
1212853903043244033
1212730179157733377
1212599364507574272
1212598531812446208
1212491322189385730
1212222870740504579
1212222815006601216
1212222715265998848
1212222300491268102
1212221462930755584
1212220376589180929
1212219268105953281
1212073725656551427
1212061861832728576
1212061456939790336
1212049328304541701
1212049303444885505
1212048323210817537
1211160783540891648
1211151864944836608
1211062838321659904
1211062644532285442
1211062254734643206
1211062116754632704
1211062037830340608
1210290701709316096
1208299273265307648
1208161406652162048
1207776672088576001
1207525384507580416
1207525221298851840
1207425254718619653
1207189501010989058
1206650995893293056
1206592489093767169
1206559461327986688
1206417888283889664
1206416851284180992
1206416670031568896
1206416074796883968
1206414836210577408
1205275779778666497
1204497781962027008
1203796752924626944
1203796553888157696
1203554358501236736
1203553876751851521
1202438926717390849
1202438467931779072
1202033597605126147
1202033457641218048
1202032980404948994
1201696466739351553
1201592573627908098
1201562364841213952
1201355564812587008
1201342650340786178
1201332837397471233
1201244785497038848
1201235568799162368
1201231746181861386
1201230980905930752
1201017951383625730
1200958519039741952
1200941549640663040
1200927459782406144
1200927169968590849
1200926701569622017
1200916065766825984
1200909659206569986
1200908668012834820
1200907971531886593
1200906567572500483
1200904589224108033
1200904398098046978
1200898101541834760
1200885243407941633
1200824691532992513
1200571154915905536
1200527217547239426
1200524194657787906
1200516517248602112
1200465722264174593
1199168134852288512
1199068035270754306
1198655374318034945
1198655138879201282
1198321633649418241
1198321470478409728
1197725934759153664
1197491415615463425
1197320102624006144
1197262195391893507
1197131067863502858
1197129421829881863
1196981393793912832
1196644080870137857
1196643426927857665
1196298000739586048
1196273393076752384
1196272450646003718
1196239740238016513
1196239300460982272
1196167985905438722
1196098785769926656
1195947919708499970
1195938086120808448
1195937682016342019
1195935797666615301
1195931653572562944
1195927206846963715
1195926539436777472
1195925123963994112
1195898763749056512
1195877348333248512
1195871617944932352
1195863704925020160
1195861490374455297
1195857223244812289
1195855753246117888
1195854700790374401
1195832453849657351
1195831565378621441
1195830169606508544
1195829816894734336
1195550462159859712
1195513240870117376
1195485626424025088
1195455092989841410
1195449928853659648
1195448881233969154
1195318722610782208
1194108461837160450
1194108447052173313
1193324344996438020
1193297357301002241
1193271685933350912
1193271575770017792
1192659801462972417
1192659434595594240
1191560440255582209
1191324232728350720
1191323516899143681
1189635030055829504
1189634646906195968
1189297321852506117
1188766430130589696
1188181389402935296
1188147054616465408
1187543368630448128
1186856577766219776
1186851807865327616
1186850862968328192
1186844976933683200
1186844327978438656
1186063403795779589
1185672991021121536
1184985013500235777
1183899807338946562
1182606183833784322
1179860560734818314
1179845179056021504
1179845021018836992
1179844551428755456
1179844282187993089
1179720290739392512
1179604671952035840
1179504976760061959
1179498474192150528
1179495452540096514
1179458084801937408
1179400242904666114
1178698109037301760
1178138572450357248
1178137902943014913
1178075752417431555
1178057439926788100
1177928750941515776
1177825761882976261
1177817012397072384
1177816642958626816
1177769318488117250
1177763383963246593
1177760215657324544
1177759790094848001
1177758248319033344
1177758048502374400
1177750673934503936
1177744283333517312
1177742838798401537
1177737301423730688
1177675654298574848
1177587391294578688
1177371741573828608
1177364249066246144
1177251159813308416
1176848833919246337
1176711760096763906
1176709248778231809
1176304293521088512
1176303093174165505
1176281357519085568
1176261397203890176
1176002420754833408
1175949477028466688
1175637007109939200
1175636819976826880
1175636211366580224
1175619643677052928
1175603114080182272
1175599245799370752
1174640611519029248
1174640393868271616
1174637771362906112
1174635189923917824
1174273135320928258
1174269327199100929
1174136678795137029
1174071331278774273
1174062904439693312
1174062741952311297
1173802980912578560
1173693261086695424
1173675570682572801
1173675492538535937
1173664703723257856
1173446865989394432
1173407131325911040
1173073477227687936
1172371149478477825
1171361157208334337
1171178125155328000
1171113342263595008
1170809457670049793
1170808472499363845
1170808402248945667
1170807955182276610
1170560648687902720
1170540974499684352
1170537035532328960
1170530485036027904
1170507552188227585
1170507435787902976
1170368441611706369
1170348478062632960
1170347681820098561
1170347404123676673
1170183140784128000
1170034109151948801
1169582492002738176
1169557571394527232
1168921249948622850
1168849110272794624
1168847002546987008
1168844675115036672
1168710163425058816
1168708966668472325
1168695925033885696
1168695118284644352
1168694806958301189
1168694464539439105
1168578096422903810
1168532339489726464
1168364469845712896
1168364206342758400
1168363723695828992
1168358058734604290
1168344813550362624
1168339449710862337
1168324990451802112
1168282910610399232
1168208444760961030
1168010594940682248
1168010143860002818
1168009906399543302
1168003272507936768
1168002707786883073
1167998766785261569
1167994159304777728
1167950072635482114
1167944333745520640
1167942342101176320
1167941969663987712
1167941812486426625
1167868768636129280
1167861069554937857
1167557135934382083
1167461317797711872
1167261510571298816
1166859538760392704
1166780347612356608
1166745229191499778
1166744796444205056
1166744176177950720
1166743774619475969
1166743511175258112
1166743365670580232
1166554911305338882
1166554013573308416
1166022884776665088
1165706281203712000
1165347966779035653
1165306759130615809
1165140638599434241
1165140176001228800
1165138031684268032
1165137959542251520
1165001136400752640
1164941489660674048
1164918866243399681
1164614506611449857
1164613886181543936
1164480949796704256
1164480602806075393
1164478038534447104
1164470213208879105
1164466672406863873
1164350000064847873
1163655947270676480
1163655461641625600
1163596573277937669
1163391508172673024
1163390694662144001
1162926556496433152
1162608786995109888
1162607913854275584
1162534236722737165
1162533920161828864
1162234091279806465
1162233687267692546
1162232336647254016
1162104638436458499
1162095422766272512
1162094414254223367
1162079510776487938
1162072642632998915
1162072370363998210
1162068406012645384
1162068301889134592
1162067118902435840
1162066769894359040
1162060916298518529
1162052919514009601
1161944848401870849
1161937202823274496
1161936462683750400
1161868519295868928
1161763437124493313
1161762953781219330
1161762090203385856
1161756874515111943
1161739251580645376
1161736999474257921
1161736438997770241
1161690647583240192
1161489713494204417
1161473547195375616
1161450456096415745
1161447737885413382
1161447179103457280
1161445837664325632
1161435178071449601
1161397655601328133
1161371791903903745
1161371237253308416
1161349801151254528
1161327887720558592
1161235777818431489
1161228969779388417
1161227574200197120
1161226736882900992
1161126731996155904
1161101800755404801
1161081409035001856
1161052547790135302
1161052096147394566
1160958563860275200
1160787018978344960
1160785621557944321
1160785306326654978
1160748076400857089
1160690755247235072
1160657808905445376
1160635871667920896
1160635521389015041
1160610942545223680
1160610278817615872
1160609673227243521
1160519025945956354
1160472090283249664
1160395172808744961
1160373638685765633
1160263814396502016
1160263630430056448
1160260596312547331
1160260144414035974
1160259813563088897
1160257023801548807
1160252321466658816
1160247418572722178
1160247170420936706
1160237050676809728
1160236828768841728
1160231130878160896
1160227196310626305
1160224324902690816
1159994572702924801
1159979216852672512
1159976816662208512
1159974828650258432
1159956812529094656
1159955813143908355
1159955510625472519
1159955172170371072
1159953229616242694
1159952923595542528
1159946154177679366
1159945694758756352
1159945191232540679
1159944751807942658
1159941759415312386
1159933222266036225
1159930495754547201
1159928837565747201
1159928545893912576
1159926958010052608
1159897840983904256
1159868585004675073
1159859303706181633
1159858332821327873
1159730697785020416
1159716825665593344
1159716280070529025
1159698929950371840
1159670841162047488
1159669421272719360
1159668760107790336
1159668377113243648
1159549448982339584
1159543315987140613
1159542885500563456
1159535588107681792
1159533978669522944
1159421474215813122
1159420890767122434
1159235355285045248
1158991488761651201
1158982491509837826
1158982282797096960
1158971972098953217
1158971397579902976
1158970436346089472
1158938021028388865
1158937237712756737
1158937149250707457
1158929809810100224
1158928256202096641
1158925073278996481
1158923850391986176
1158918319254228992
1158918100974223360
1158895533391568896
1158855971709562882
1158855811034206210
1158853668655030272
1158853072061435907
1158850061301891072
1158849968100323328
1158849269652164608
1158848966554980352
1158846738708475906
1158845616467914752
1158844736825901059
1158844054324559874
1158798786384277504
1158798304924319744
1158729292781707264
1158510955325743105
1158510861037842434
1158510815844212738
1158510670373163010
1158226642134810625
1158217785899704320
1158210385079672833
1158209644621434880
1158197390047940608
1158196358794358784
1158190954001682432
1158183303096274944
1158167648087302144
1158150939511050241
1158112017611403264
1158111508708155392
1158109644243505152
1158106340864266242
1158017767729172482
1158015512883945473
1158015398211674121
1158009409563496449
1158009311878111236
1157838238809243649
1157836829426692096
1157780656509849600
1157756141864198145
1157755698052313091
1157752762903552001
1157752342260961280
1157751402191577088
1157751209517862912
1157750460763312129
1157750208719142914
1157747484531351552
1157746616780111874
1157741009268289539
1157739706010034176
1157733331636801536
1157732959342006272
1157732474820136960
1157731719447007232
1157730061107245058
1157729570444972034
1157728766434664449
1157727855956172802
1157724999240867840
1157723771345801216
1157707302817980419
1157517943514783744
1157499946628767746
1157489485103411201
1157489223819243520
1157489121075585024
1157475250860376065
1157470922762330112
1157467663272222720
1157467136421486594
1157466595595313153
1157462330726342658
1157461665350393858
1157460761486221312
1157455036940771328
1157448149709070337
1157435115800322048
1157430177279938565
1157416569045245952
1157415231653629952
1157406373400981504
1157405444840853507
1157404074905653253
1157403881049137153
1157379504903528449
1157331449810432001
1157330825417035778
1157330085780832256
1157162271505653760
1157161571098824706
1157160007655284737
1157147648069001217
1157136468579479552
1157134968604127232
1157131814697426944
1157124583268474881
1157124358084714497
1157116623649759232
1157116204265484288
1157099145922011142
1157098636926341122
1157098046485946369
1157096525320921088
1157077025993232385
1157076784892010496
1157076533699403776
1157045389222129670
1157044911864262656
1156998950181900289
1156812009150844933
1156811785669943299
1156811141915582469
1156570512996413440
1156570286663315457
1156570012678856705
1156562091408527361
1156555541176414210
1156555273286426624
1156554998324613122
1156545657920004096
1156432157616812033
1156414378230669317
1156414177331896320
1156071997706838016
1156068347169165312
1156057289809367040
1156053657248501760
1156052892601786368
1156000712687415296
1155973314449252352
1155949195074756609
1155918193363488770
1155643162687344645
1155589380200960006
1155566928766914560
1155437560421855234
1155370931625353216
1155368368897241088
1155367471265853442
1155367275047936003
1155318408206082049
1155306705481347072
1155302802484338688
1155289001928155136
1155288520338137088
1155288081752317953
1155286380655853568
1155285750004555778
1155250703708971009
1155238185447952384
1155230828512894978
1155228870574059520
1155224107744673796
1155223684631732227
1155220074615246850
1155219353387896832
1155218412454449158
1155217459324116992
1155200223993585664
1155199902554738689
1155177757753643009
1155176971724369920
1155171935736778752
1155168208711749638
1155143585613930497
1155085438224359424
1155084270052020229
1155083584765681664
1155083343542784000
1155076956981006339
1155076626188820480
1155075195226472448
1155074810260656128
1155074219413245952
1155073066734620673
1155070261206687750
1155069883270516737
1155068202533228544
1154939481604153347
1154938395824742400
1154865870075768838
1154795555417141249
1154787541821902848
1154783142898819073
1154769257647005696
1154768566366941186
1154631351754252289
1154631030856437760
1154617936423923713
1154617308880523274
1154605166873780224
1154501410014109696
1154500827538583552
1154499054480646149
1154498807721267200
1154473557805719553
1154472917255839745
1154467995168587776
1154262137163931649
1154261144892334080
1154258179473235968
1154199016126713859
1154187135504850944
1154151177153581056
1154150932524994560
1154141669492740096
1154132419097894914
1154126119446241280
1153853725997502465
1153847846778466308
1153783975225073666
1153461860244627456
1153448405001277440
1153406011253886979
1153257245196636160
1153096252260794369
1153018369265819648
1153017533387161603
1153016513902895104
1152996219289055232
1152995897334272002
1152995320063807492
1152995143533961216
1152379878131601408
1152350558734434304
1152301371070263298
1152250748899606528
1152105096102187008
1152104607398670337
1152103411082518529
1152063021314977792
1151927004410851331
1151926253894721541
1151744167808253954
1151716491986907136
1151715347411681280
1151710812622512128
1151709567547518978
1151708563930308608
1151708208601456640
1151707350119669760
1151609440342331395
1151600306603667462
1151597775785799681
1151548756543889409
1151532069954236417
1151368516932689923
1151352913459105792
1151254955065577474
1151253548778303488
1151253485456973825
1151226940243742720
1151226584495525888
1151215912554565632
1151215613102178306
1151188407495921670
1151160217087959040
1151023261309898752
1151017400399278081
1151016960655790080
1151016756271570944
1151015715987689472
1151007370878869504
1151006433061851137
1151005360746041344
1151004428150984706
1151003550564212736
1150975371300524033
1150950524700831744
1150947032607154177
1150946930194898954
1150934926667239427
1150897452897198083
1150643287579123712
1150642219055046656
1150641204914204672
1150641064077942784
1150639752330305537
1150283530913669120
1150282595369914368
1150248987917803520
1150248565299716096
1149434844662894592
1149160087988166656
1148860944472313857
1148860303872069632
1148845655173021697
1148817202868604929
1148810399090978817
1148802025494388737
1148764260257992706
1148731372439318535
1148710202897817601
1148623888194179072
1148459083248410625
1148011271389945856
1148010980636577792
1148000770652082176
1147980247687729154
1147965170871877632
1147963554567532546
1147707313702264832
1147707155631497216
1147706881194041344
1147385804945334273
1147384006935293953
1147382742851739648
1147382085738487809
1147322116389396480
1147256593471483906
1147256452559638533
1147249601126248458
1147032075427618817
1147031292925681664
1146978144936759297
1146673434115608577
1146672928030941184
1146672630671511552
1146593515448741890
1146571380433047558
1146566780967641088
1146548043623346181
1146532409376149510
1146529559677952003
1146511006241382401
1146484025302892545
1146482848427364353
1146466797404729345
1146465762644844544
1146301780927664133
1146301616049598464
1146288318721773569
1146287853502128129
1146285518667362305
1146284311974428673
1146283940946333696
1146283632073551872
1146281836387213312
1146281696184213506
1146281621731123200
1146280407412985856
1146279300548706305
1146276856334901255
1146276669398949892
1146273101807853568
1146256723537276929
1146256108782313472
1146246677575143424
1146246479239098380
1146245234625589249
1146229355099672576
1146229046289883143
1146228741296836609
1146221381216063488
1146220830050922497
1146219715095879682
1146218237044187136
1146214201192538117
1146196506267066368
1146168639164428288
1146146658083905537
1146146541054386177
1145863992084238337
1145837096587972608
1145829901779578881
1145822932700160002
1145547461253050368
1145540808331923456
1145535445230661634
1145522879309799435
1145522330749276160
1145517495991840768
1145517019904774145
1145514431750778880
1145514153689473024
1145464660105269249
1145453273983463424
1145452719467053056
1145432016252559368
1145431074325127169
1145261582336876545
1145217844516442112
1145217663989440517
1145214138827857920
1145211791842127872
1145211382339657728
1145211145906790405
1145209304561127424
1145208890910531585
1145208460897914881
1145208084169723906
1145205593331916801
1144397112131633153
1144395009124421633
1144366341534695429
1144360019632295936
1144356692446130184
1144346091615375360
1144342020141592584
1144305399836938240
1144289343642755074
1144288575850188801
1144135210059083776
1144134739185586177
1144134235650973701
1143999798997114881
1143980387137458178
1143980136234201088
1143980022665043968
1143567941855842304
1143350025776521223
1143349658108026882
1143256780740464643
1143253136800460800
1143245384111857664
1143226602580582402
1143208662707724288
1143206827540320256
1143205552258002944
1143201491760664576
1143000563547697152
1142990717494726663
1142971855718035457
1142953178549411840
1142911153909260291
1142910541079425026
1142843761963208704
1142841956009201665
1142646611698475010
1142641652273692672
1142565870272753665
1142516131586031622
1142504040376471553
1142503310143971329
1142503003443924992
1142475762030784514
1142474154320506880
1142287578919559170
1142282750357057538
1142273955446833152
1142270287691616257
1142265417987174402
1142265204656529413
1142265154245201921
1142261489476296705
1142177569267224580
1142177358146920449
1142176537187430400
1142136189241167874
1142128899062718466
1141939043011301376
1141900262929514497
1141894544646115329
1141889655610183681
1141844147382431744
1141843816548360193
1141807491916947456
1141803729475264517
1141766954023301120
1141510473558437888
1141182490373165056
1141182270746832896
1141181170052476928
1141179608152387584
1141178168742744065
1141160010745036801
1141137191411888128
1141088085100433408
1141082376417742849
1141081686651916288
1141080910051401732
1141080681986105344
1141080465882984449
1141076383474573312
1141075450216812544
1141073482048004097
1141071522318229505
1141063117901848576
1141039526917365760
1141039358432227330
1140848018519986176
1140841466174017569
1140841364550311936
1140841193393270785
1140840905609482240
1140840590013272064
1140827944224526341
1140824741940535296
1140816421460553729
1140814356743098368
1140814198928265217
1140811417869832194
1140808244845264896
1140805850329694208
1140762281913081856
1140496612264988672
1140496387651657729
1140474213838598145
1140469892208103425
1140466550346002432
1140465735673745408
1140465445037846529
1140455602059132928
1140454284619866112
1140431979567026177
1140414682429296641
1140406480237187072
1140377719835963392
1140365538067132417
1140365112290811907
1140340008433442820
1140339558296563713
1140338709650427904
1140314030223036417
1140288181411221505
1140287894994731010
1140137795245228033
1140118531654246400
1140100041979416581
1140092379422240773
1140091711001153537
1140052379745816576
1139959791537852416
1139954920407408641
1139952334526697472
1139757965446189056
1139756589642969088
1139730568269221888
1139723577408806913
1139722065320112129
1139707510149931008
1139705492375101441
1139702449134948353
1139701079778549762
1139687961769811968
1139685678634061824
1139685149627441153
1139679827353427972
1139638495843115008
1139630510211293184
1139629554425835520
1139621088110026753
1139620744252534784
1139619170038034436
1139618821684310016
1139585910281052162
1139468953342939136
1139315271108386816
1139282666975563776
1139246298442416128
1139236331643637762
1139167934704738305
1139163367489380352
1139026572516741122
1139023653729951744
1139005638963585024
1138972961107587072
1138964536319516672
1138964325622792193
1138963264396824578
1138958094686457856
1138957871377506304
1138924684794372096
1138922351620501506
1138806085949825024
1138804812445827072
1138666458458853376
1138548755744141313
1138548543889842176
1138483979294838791
1138315357192671233
1138315227508944896
1138313304496136192
1138302895902904320
1138296681194303489
1138255638029639680
1138147103321055232
1138098109635018753
1138051852228915200
1137880596745768966
1137864149474643968
1137825918490152960
1137785253517549569
1137771218495508481
1137770397951242241
1137770302920974337
1137769164750409729
1137767340446277633
1137765574669471744
1137757820739379200
1137586503599710208
1137579005236973569
1137574745132720129
1137509954322083840
1137509616672284672
1137509165079957507
1137509094263271425
1137508654985469952
1137477128952459264
1137476936836485123
1137470225857810437
1137200639195394049
1137178527147708418
1137169277029638144
1137169166232883200
1137168685645385728
1137140286004649984
1137134588109754368
1137131895421054976
1137130842445307906
1137130399728095232
1137129723778215938
1137128768429010944
1137118810157330433
1137117748214059008
1137084384975212544
1137083293709373440
1136796421858811904
1136734942354903041
1136715463499665408
1136443174614896640
1136443012102467584
1136419926699335680
1136348869799948289
1136348302805536769
1136316935287783424
1136314301034246145
1136306264810643456
1136275040373235717
1136274544895963142
1136273881348657152
1136272815865262080
1136272350670966784
1136270918328754181
1136130238088450049
1136129270181433344
1136125811000532993
1136119724331479040
1136113833230196737
1136101325018714114
1136020553427542021
1136020152397574155
1135993643305721857
1135935746421002240
1135757344447574016
1135757031707742208
1135756149859540992
1135754363815833600
1135702732399095808
1135676304743944195
1135365866156150785
1135364397243752453
1135326239932239872
1135318216480346112
1135295921015721985
1135273284319305728
1135264558447247360
1135263672056594437
1135257735048638465
1135229634977644544
1135229126556770305
1135055103575166981
1135043898173272065
1135020762274914305
1135011156937101314
1135002335887990784
1134984758239408128
1134968283319406594
1134962989604491264
1134859113400360963
1134856700186566656
1134856068453081089
1134779787053010944
1134778833641623552
1134669958754066433
1134667209127714816
1134664802079580160
1134662210284851200
1134660654139412480
1134658140753059840
1134629887380267008
1134588384763138050
1134584100440989696
1134583576035545088
1134583092902055941
1134552667693494272
1134551176068968450
1134549356479156224
1134525410056781831
1134525030090575878
1134504918734299141
1134504105827868672
1134293238821658627
1134292645377974272
1134276500671385601
1134273440251285504
1133959891222224897
1133944926939561990
1133493325858770945
1133414553356853258
1133190900526571527
1133190178867208192
1133175308981547008
1133175196083544064
1133174410456784896
1132874334903635968
1132825653756256257
1132816365482594305
1132812866564894720
1132797408256118784
1132500813115461632
1132498462950473728
1132128053113573376
1132127170061570048
1132099912420794368
1132099678114328576
1131766675286708224
1131753280734932993
1131728007826161665
1131598751754272771
1131588095911108608
1131569564695838720
1131453130615476225
1131448740106125312
1131410464095768576
1131034730986725378
1131033899658821632
1131033376461348864
1131011992158908416
1131010255532564480
1131009868905762816
1130959311360995328
1130956856455770112
1130950454840614913
1130881481885278208
1130878801842495488
1130651561410093058
1130650943987564548
1130649183659147264
1130567365995978753
1130345026616201217
1129906205697220609
1129824918114377730
1129413559849508864
1129413224506494987
1129174890525839360
1129108315080994818
1129097171398221824
1129088547674177536
1129051422799138816
1129051239612858371
1128755021309411328
1128338650880720896
1128116790251409409
1128116285097873409
1128020310488428544
1127728833229139979
1127728551472529408
1127440393476423681
1127438188845457408
1127351971680223232
1127351543303479297
1127285498198806528
1127264673534029824
1126895190730518528
1126845750791610369
1126845183189037056
1126839263675465733
1126838194182422528
1126716335889608709
1126602672763805696
1126594050734338050
1126541456095809541
1126520801350569985
1126331394899292160
1126329261403537410
1126315013935894528
1126298136123727872
1126248483328020480
1126137952973799424
1126123305696673792
1125986972625965057
1125939641415237632
1125820750747918342
1125820433159348224
1125784659785408512
1125600093913141248
1125235213569855489
1125146956240752640
1124806071724466177
1124789724441399297
1124781218401325056
1124780979829313543
1124780051428511744
1124779485532807168
1124775428915453952
1124774988375052288
1124774682526404611
1124774475189428226
1124510923400601606
1124399501131882496
1124354989105852416
1124354828820414466
1123634910705614848
1123405311686135808
1123400403083776001
1123082832434401280
1123082528288641024
1123049571138113536
1123007355589922817
1122910825193328646
1122611870563741701
1121960073729904640
1121959483125710848
1121951574576828417
1121926431938961411
1121900991220207617
1121518380266283008
1121504948397719553
1121166510494502912
1120892701170380800
1120886782378246144
1120876657097826306
1120288599755427840
1120133636555255808
1120058311913693184
1119451559782486016
1118912109851574272
1118712756134469632
1118635317664342016
1118628085199515654
1118360512398540801
1117938296808669184
1117639731129593856
1117606311309582336
1117222696406921216
1117131021793808384
1116805957219123201
1116726575398031361
1116578469134004226
1116199808237211648
1116199066696855553
1116194646919663616
1116192946909515776
1116191015256363009
1116188084637450240
1116180488291528705
1115777298605715456
1115776379319136258
1115762579517911040
1115670273578106881
1115665959988137985
1115665517770084352
1115639390414483456
1115617452325519361
1115508505929293824
1115500723062624256
1115473922441601024
1115471978251673601
1115468016651780097
1115466172005343237
1115464144554287105
1115463120728875009
1115462351136935936
1115409087636832258
1115403931948130304
1115403608508588032
1115382910545219589
1115351271756771328
1115350849813921797
1115306617602494470
1115081438347649027
1114962881735532544
1114955242670579712
1114951258622840837
1114937519253151745
1114937423379816448
1114934834789584897
1114919458995306497
1114734544492560384
1114724488443252737
1114711237550641153
1114703144376729601
1114693121101717505
1114688098112294912
1114686777552510978
1114685454975164417
1114395583765196800
1113653101372805121
1113539760059031552
1113470135124267008
1112872762991939584
1112870086535151616
1112786637220728833
1112756513267990531
1112755509931765771
1112631221140496384
1112574554164117505
1112573954638729216
1112528095246987264
1112527209040879617
1112522771815456768
1112517277704949761
1112507867138064385
1112501627653705728
1112501039536787456
1112204176736559104
1112201284491321346
1112200758966005760
1112196392871698434
1112192383310020608
1112192112471298049
1112190720650158081
1112190452474744833
1112190161599762434
1111804417727029254
1111804241532895234
1111771709504475139
1111771231060152320
1111699466288054272
1111331263464570882
1111127818124124160
1111070807885778944
1111070229046521856
1111014228167716864
1110671954225311744
1110013881773101056
1110010279943913473
1110009815261163520
1109292110820323328
1108066547065671680
1107373840609492993
1107359109144285184
1105831342305099776
1105475576859713537
1105138916884205569
1105138048269012999
1105002071269482497
1104942457396047872
1104827830666514433
1104474073361539073
1104252345955872768
1104251955185111040
1104238544124547073
1104166570601910274
1104165733834072064
1104165241393504256
1104164565326139394
1104128081772642304
1104126582908772358
1104108170681765889
1104088733354213376
1104001801152618497
1104001321189953541
1103994570789044225
1103993967975301120
1103507228563308545
1103466222417559554
1103465342343528448
1103464031640305666
1103459613175963648
1103458719143202816
1103447588781637632
1103445474412056576
1103404772286234624
1103311949079683072
1103190084516540418
1103187939926990848
1103129954181632001
1103126684188983303
1103126301358075904
1102648455607083011
1102647868840706049
1102647171105673216
1102438672715128832
1102438113534791685
1102424318137565184
1102383011541237760
1101474684980334592
1101232108448727040
1100102311173607424
1099807456623054848
1099765960934866944
1099440131004616704
1099392484248047623
1099386956042129408
1099384836446404609
1099212557674520576
1099020213658550273
1098713856447254529
1098443021450911744
1098321176454201345
1097895119494266880
1097546986247647232
1097134897565786113
1096576424884998144
1096575845873913857
1096116339129884672
1095357581311295488
1094771837496643585
1094518182751207424
1094358877452279808
1094357100283785217
1094270453479280640
1094269632016457732
1094268658870874112
1094110041995661313
1093351734624350208
1093254807832461315
1093225250421121024
1092939547070119940
1092604276604571653
1092603922408226821
1092485651268816896
1091898046630240256
1091007196371013633
1091006801473138688
1090032829390643201
1089725303830839296
1088263720051060738
1087210759174668289
1087158438793228288
1087133307542913025
1087081178077773824
1087066584382869505
1087046075297554433
1087042732722393088
1087040843981221888
1086843535154966528
1085924832317976577
1085048891383398401
1084296918812033024
1084296268791324674
1084171800441958400
1082536908104912896
1081977464354754560
1081976991123951617
1081388694899175424
1081388016478941184
1080317570635452416
1080137040967159808
1079122851611983873
1079122669419851776
1079122177235054592
1079121780718137347
1079120433461514240
1079111695828697089
1079110946197594112
1074048695312805893
1072731429094768641
1070777516770639873
1070498902263115776
1070102245629456384
1069108804950925313
1069092163173171200
1069091194557341697
1068266148729372672
1068265502324199426
1066571081769803776
1066567175039852544
1066566282059964416
1066565094396579841
1066562420003487746
1066562351896436736
1066554752786411521
1066553647302098945
1066552479440097280
1066547713242738688
1066468723412869120
1065468747304058880
1065468515799482368
1065468434824220672
1065385076077314049
1064742580921999360
1064223458769469440
1064001916252942337
1062913343206367233
1062859015070404608
1061680216794370049
1061663771674984450
1060025778988036096
1058900107444273157
1058867924541337600
1058772212734443521
1058769228734623746
1058768689909190656
1058563228140269574
1058097276613222400
1058096698667532289
1058094984182816769
1057713350363234307
1057712868882345985
1057423121605640193
1056650162003734529
1056623865504428037
1055270460060061699
1055261567787376642
1055171496677728261
1055143651737776129
1054855802505302016
1054853210614218753
1054852873790603264
1054576950914768896
1054575307989180417
1054560869156315137
1054555792660144128
1054553671227375617
1054512156409061376
1054501692807528449
1054501582677647361
1054120725089529856
1053736186282422272
1053733517182541824
1053689467368804352
1053112033816797184
1052944337334673408
1052908454912950272
1052775393550364672
1052552674183397376
1051877318527000578
1051320057555509248
1050439098714984450
1050223884551811077
1048261205041799168
1048226660062035969
1045876856958976005
1045820173926715395
1045168675035250688
1045127398499454976
1045126468244787200
1044317698744815616
1043940341399924738
1043647065384013824
1043227868254359552
1043227273200066561
1042257494687526912
1041864489904361472
1041855386482081792
1041415570908958720
1041015827443712000
1040697435918610432
1040431276254265346
1040305602113806337
1039907466769846273
1039751030622355456
1039697313512468480
1039550114443026432
1039312310605688836
1038925789608267777
1036921499612049408
1036497791298818051
1036497318332301313
1036467291444203520
1036443867221045248
1036430443766341632
1036385813582557184
1036385755474616320
1036289460646957056
1036089685171470336
1035898295556730881
1035897961245487105
1035888478947618817
1035873321726951424
1035833824125616128
1035256548270985222
1034541517086580737
1034536405366697989
1034536158695514112
1034535160497229825
1034523993972375555
1033928751569162240
1033918200130547712
1033888941953482754
1033499085133762563
1033103466850336769
1032281094169784320
1031939296616476672
1031938445130780672
1031891869431734272
1031890974216269825
1031890767437029376
1031889366375952384
1031596045770387463
1030860928835829767
1030293890170081282
1030267378335199232
1030260731885891586
1030140216152129536
1030127366079750145
1029929164386783232
1029910207101652993
1029886742839603201
1029884252362616832
1029827484127252480
1029772033763278850
1029771368634769410
1029729022790586368
1029718917562998784
1029561430360645632
1029529169389084672
1029495827415425024
1029492722489610241
1029479244328574982
1029371077624045568
1029195230749380608
1029175994991693824
1029135755594096640
1028843975447392256
1028822893621399552
1028526264993361921
1028525791720742922
1028476614919774209
1028330592860098560
1028330532365578240
1027735155140689927
1027203254051119104
1026851092460711936
1026653447200944128
1026485844666982400
1026474717690118144
1026222022312054789
1025563999780446208
1025248657946361857
1025238941073633280
1025238835830185985
1025183907384369153
1024821624934215682
1024821064440918017
1024820775478550529
1024820208727404550
1024792521833111552
1024729314556817408
1024464860283891713
1024464435644166144
1024079830290259968
1024079191623512065
1024079050283921408
1023674695890202625
1023270257199394817
1022327685035515904
1021268511916773376
1018343967744823297
1018341850640474112
1016695136061939712
1016694389530415104
1016694356198199296
1016503062230335490
880649738000924674
879448133079584775
879447968142811136
875956847932473344
872216030483013632
871126367118663680
868582843055779840
868582461038620673
860867027740889088
855894506864091137
855885961665925120
834164982191382528
826906747537387521
819565814701522944
819302687296684032
819302270546362369
818928382742241282
818923751337328644
818921595121139712
817830665529987072
815375916830490624
812126847467188224
811961605080551425
802700436251652096
802302520701972481
801992167405289472
801981085332684800
800503183428567040
796443146741809153
793201189999435776
791063048542793729
790358455135502336
785882258775302144
785603800513994752
785577905329803264
785563910384386048
785239836215042048
785228934098989056
784126772623216641
783862888456785921
783797356873457664
783064196757860354
782744963536728064
782386349919735808
782365261009555457
782309993219366912
781910260822925312
781577287984480256
781326103310798848
781264004077400064
781231672377217024
781190539156725760
781187417055166464
781186822135095296
781186713305554944
