1330579564070748161
1330579054831910912
1330578957494697984
1330578432648904705
1330415013127811072
1330413041154928641
1330411852627492866
1330409844105379840
1330407981574287360
1330407841509806080
1330404868272566273
1330404555750744065
1330403153074851841
1330402502127222784
1330400059821858818
1330399226006704128
1330397709623128064
1330394591867011072
1330379686950539264
1330379210154643456
1330374495949914112
1330370585826795520
1330369335492288514
1330369307818283010
1330364444891725824
1330361012013436928
1330331605253169154
1330329599943843840
1330328805035143174
1330326720986165248
1330307369277022209
1330302288657854465
1330302162270892032
1330297694133374979
1330297596682899460
1330297410929692674
1330296751497109511
1330296489927643136
1330296304736595978
1330292881349881863
1330291616041627648
1330291041291948033
1330290336212660228
1330289883332681730
1330278493406580738
1330265748229468166
1330012137951961089
1330005501464113154
1329987390610366466
1329987000598896640
1329986871972171778
1329982309483724800
1329979566966730759
1329978131755589632
1329977213345697792
1329976916963520512
1329975026884349952
1329966449897607168
1329959574305001473
1329939669929193472
1329939227874795521
1329935434349088768
1329934537359409154
1329923000888483840
1329919866455814144
1329916834456301569
1329916642277486595
1329913119838093312
1329911542905671681
1329910068339302401
1329909728462290946
1329902805675491328
1329699866293850112
1329688445153787904
1329674834440142850
1329672798189416448
1329649827878080518
1329645413926719490
1329645325296885761
1329644220236267520
1329636892518715393
1329636810360713224
1329634659144142848
1329624730580631553
1329621474223685632
1329618009086775298
1329617637979025408
1329608044691345411
1329606665897877505
1329606572037685248
1329596740089966592
1329557455164956672
1329556771220848641
1329556703667318784
1329553541262843905
1329553237754593281
1328922226100342784
1328908359177707520
1328867338880385024
1328855762202869762
1328853002740895745
1328852940551983104
1328849771189047296
1328849451595616256
1328844195558146049
1328832252772401152
1328825112338989056
1328822860052193280
1328815019207716865
1328808498478469120
1328807621432803328
1328807460610605056
1328802676541333504
1328800556333244416
1328799610819657728
1328796785825906689
1328796498453164032
1328796213911568385
1328795737308631041
1328794857695899649
1328791192893419520
1328605913188610049
1328603578479636482
1328591240049418245
1328591032699789314
1328571501528887297
1328570267770171393
1328569744769880064
1328565153290362880
1328562801137262593
1328561230835945472
1328559650149597184
1328558714513551361
1328555168049238020
1328554768759865345
1328470503988707328
1328463552202436608
1328462201762418688
1328460278099443712
1328458607826935809
1328457385665445888
1328456936103104512
1328456803504427009
1328456592233091072
1328455001593708544
1328454347571621888
1328451299696726016
1328450974776606720
1328450124608008192
1328448461105106944
1328448275951730688
1328448217835393024
1328446472845606912
1328446090576687104
1328445446348390400
1328443531145330688
1328442951450521600
1328441615325700096
1328440871381913600
1328440672278331392
1328438747856216066
1328438200189276162
1328435071070523394
1328240448062648322
1328198807704592384
1328181780671709184
1328180957728292864
1328180175587082240
1328179395136110592
1328178677620690944
1328177707578925057
1328162721490059264
1328162120500842496
1328144856741363714
1328135302024634373
1328117126163439621
1328116072969510913
1328114365715779584
1328113852358168576
1328113053263568896
1328112798430158848
1328089827460345856
1328083028082454528
1328076738929127424
1328070653325369344
1328070413646139392
1328070016508432384
1328069243607257089
1328068443589943296
1327746261995307008
1327740658400956416
1327735703959060481
1327735319681089537
1327726012457619456
1327722835003932672
1327718664791998465
1327718315452555264
1327716814806085632
1327714620220473344
1327710335566897153
1327709000872259584
1327704764964954112
1327701461849948160
1327701100087001088
1327700709253341184
1327700160344780801
1327518732248182785
1327492032907014149
1327474848730210305
1327471150436286465
1327456108751986689
1327455764819034113
1327454708416409600
1327454311442313216
1327454104654729216
1327454049080229888
1327452421807689728
1327451893405159425
1327451821460254720
1327448230972407810
1327447311190933510
1327447035562262529
1327446870617059328
1327446537928986624
1327433023072047104
1327432855543181314
1327429507431636992
1327428238168137728
1327427838027259906
1327427217538707458
1327426724888363008
1327426158380548098
1327425058256556032
1327421493916045312
1327420987017555968
1327406797192192000
1327403300749099008
1327403196415832064
1327393190521946115
1327391660301447169
1327390100104171520
1327387271633375232
1327376386999283712
1327371892974522369
1327367878677413888
1327365686797037568
1327365566202486785
1327365013368049664
1327099363571580928
1327090261273452545
1327060019133616128
1327058762650198016
1327041939951087616
1327038757862658048
1327036981252124674
1327036768009351168
1327036723763703808
1327026380593250305
1327026270622740480
1327025738327887872
1327025454662881280
1327024790297747456
1327023957858349056
1327002117085700096
1326976800359006208
1326968866258341888
1326939913112092672
1326936408242626561
1326935910965915648
1326935872416043008
1326935819920183296
1326818541727834112
1326818472387506177
1326809576767803392
1326783394647330817
1326781869896183808
1326781181455699970
1326781050962534401
1326750338943082496
1326747938769362944
1326747261024362496
1326745647525974016
1326744580570583040
1326740239453319168
1326737799874142208
1326702013019688961
1326697882661998593
1326697374027145217
1326694484323622914
1326691879631548417
1326691491171872768
1326689629513248768
1326689325975703554
1326688230494724096
1326687893738250241
1326685882372403200
1326683812588183553
1326683766215995393
1326682970208366593
1326678513039024131
1326646998150209536
1326645893747990528
1326618648220368896
1326618426857586688
1326614144909414400
1326408949294374913
1326390069004001284
1326388304883879936
1326323832655814657
1326316966919892993
1326316748514107394
1326303486879825921
1326301875361050624
1326301214716227585
1326288315163684864
1326254779455057926
1326253849909190656
1326096159094439937
1326082449680470016
1326077958839181312
1326076992442097665
1326055373766238210
1326054359520534528
1326052405243387905
1326023827344666624
1326021475187396614
1326006885493825537
1326005146187300865
1326004102510243841
1325995481122549762
1325995107825319936
1325992651783467008
1325992537018957825
1325992501770035201
1325991368221585408
1325976756902264833
1325971962200383488
1325940765776728064
1325930219182567424
1325929786875637763
1325921562483023872
1325918831563337730
1325918208524656642
1325917835579645957
1325917597955600384
1325917230199054337
1325914596645900288
1325913912492003328
1325911777469558784
1325910367977971713
1325908986294534144
1325905555546800129
1325900904264921090
1325899741515771904
1325897918520328192
1325897196806418434
1325896490745692160
1325896288638889984
1325896228446507008
1325895862740922369
1325895409491873792
1325894470521380864
1325893937777659905
1325893097889259520
1325722562202984448
1325711631620272128
1325708462244855809
1325682112440135680
1325678725535420416
1325674277035630593
1325671475580342272
1325664570652782593
1325660887835832321
1325660374088126464
1325659866875097090
1325659321556819968
1325659225809252352
1325651852671606785
1325649453768822784
1325648897318940672
1325648087940001792
1325647351986335744
1325645425831890944
1325642139775102978
1325642006425579520
1325641759028768769
1325641608226775041
1325614621860917248
1325610935466172417
1325572648999374848
1325561743276322817
1325554985015259136
1325545661064835072
1325545500091719680
1325543701037289472
1325543687783288832
1325533705050320896
1325528795135135744
1325519915143421952
1325508314155769861
1325508081321562112
1325504264156794880
1325504147483889664
1325422396141006851
1325422353958928385
1325372318525218818
1325371246213672960
1325370513028382721
1325370434414542848
1325370405457072130
1325361322494623745
1325360949365100545
1325347878580023300
1325332744725954560
1325331872319070208
1325331046078902272
1325322301311627266
1325317894561955840
1325316915758166017
1325270695480160256
1325241395834093568
1325231701342126082
1325230587376881664
1325229845266145281
1325219140357947393
1325218719836991490
1325218005022695425
1325217544173621248
1325214005653221376
1325213888401399812
1325212722561130496
1325212535889424386
1325209139459493888
1325207613001273344
1325206639260049416
1325205830774386688
1325202710983925766
1325200513126707200
1325199079018692609
1325198355270574082
1325198248915562496
1325196758821920768
1325196708230279171
1325193759773007873
1325193660560891904
1325193395707367425
1325191594731995138
1325174929621315586
1325174550657523712
1325172199225896960
1325171819360395264
1325171756819116032
1325171670135443458
1325169874042171392
1325168774027350016
1325168618724708353
1325168187000803328
1325167877767360513
1325160514117226500
1325160278871273475
1325159905209114625
1325159786703302659
1325159765404602370
1325147013277626368
1325146765847244802
1325146730657050627
1325139083216052226
1325138896250826752
1325138801560150024
1325138753787097090
1325138716059344896
1325138680323821569
1325137682540867586
1325137581378400262
1325133401842610176
1325133369198305282
1325133119070953473
1325036873933234179
1325036836306120708
1324998154442350592
1324997223482970112
1324997165937168385
1324994716446851077
1324993437205106689
1324992421395009536
1324964845628780546
1324964783938891776
1324963595982000128
1324959703118475264
1324959221591367680
1324943739853266944
1324913004433952768
1324909632725295104
1324909209205440515
1324891168795103233
1324883777202520064
1324883010387279872
1324882680517853189
1324882287092068352
1324882214580973570
1324879517320585216
1324878289685504000
1324878043941199872
1324869896602222595
1324866835074830336
1324866529867886593
1324863763858665472
1324862894975066112
1324862726280159232
1324861835036696579
1324812746190323712
1324764275584376832
1324746649390903298
1324638852212875266
1324615596953145344
1324614769391800320
1324610520062730241
1324592732946395136
1324566994163650561
1324566070187888640
1324564684863803397
1324563031922155520
1324561697487482880
1324518724259311616
1324482816277532673
1324480813316993026
1324470229531910144
1324470114217988096
1324461021776375809
1324439875802726400
1324439365003612161
1324267609567621120
1324266839686279171
1324266106274545667
1324261399174942726
1324246490970124288
1324234639976747009
1324221018550857728
1324216363464814592
1324214350744223744
1324213763889799169
1324213551863537665
1324213394547724295
1324213362549424128
1324213196547239936
1324197206308450304
1324150202190626816
1324150144330203136
1324134850392072192
1324134762831728641
1324133942182604801
1324131933815595009
1324130186116280320
1324129779780513798
1324126635474366465
1324123590673887232
1324121712191942656
1324105357115863041
1324103933543903232
1324098208406986752
1324096462423093248
1324096429724368896
1324095540804513792
1324095222540689408
1324093295299944448
1324092770127024128
1324089669034803200
1324087724865810432
1324087690447347712
1324087580053270529
1324085720571539456
1324079164731781122
1324075896945352704
1324073407323856896
1324068740275712000
1323995192592986112
1323922539026935809
1323897038401007617
1323887488436379648
1323885629017448449
1323877770800160768
1323877306230697989
1323864873462243329
1323859466358464513
1323859371705593856
1323851118284173312
1323850795888963584
1323850513301950464
1323836083960901634
1323835021090676737
1323834506218860546
1323829176781086720
1323827448660680706
1323825971548446721
1323824102495252480
1323823783723978753
1323780297419157505
1323771329774931968
1323767756576096256
1323764375388221440
1323761170747068416
1323758981773340672
1323752819418046464
1323749072411398144
1323748721461399552
1323747959100506112
1323742026974687232
1323741651458617344
1323741604415332352
1323732080350490624
1323689856984215552
1323688359345057792
1323687753578471425
1323524705517674496
1323517783808765952
1323491449023836160
1323474050744635393
1323473972860649472
1323467833485881344
1323467449493155840
1323467401917210624
1323434014540115971
1323432648111321088
1323432314043424768
1323432011097231361
1323422648852836352
1323422587737706496
1323421302594572288
1323420148632494085
1323418684652576768
1323417836316864512
1323415760677433344
1323415047796789248
1323413559670235136
1323411188005306368
1323411079423094784
1323402669562585088
1323400449324576768
1323400312699318272
1323397740513030145
1323396300621062145
1323395565481205760
1323383630563926016
1323383068896321536
1323379082252333056
1323369984173563905
1323368183609241600
1323367951987175425
1323365807166951424
1323365280605560833
1323362324455976960
1323359964367265792
1323107556844216320
1323103944558571520
1323103882235408384
1323102258658222080
1323101265379782657
1323096383700692992
1323092979603533824
1323089855102906368
1323089040464228352
1323088912458248192
1323052325414395905
1323029899746004992
1323029430592131072
1323020519331958784
1323007355156533248
1323005623844315136
1322993085576404992
1322992717282959361
1322985944400588800
1322973059251269632
1322973042532708352
1322972530592813056
1322969148113125376
1322966167271563264
1322961307306356736
1322773240628961281
1322770211443892224
1322761809158238209
1322760948034072576
1322753301918613505
1322747838963441666
1322747804121329666
1322747548109471744
1322747326788628481
1322747215417237505
1322743684459163648
1322743525390262275
1322743417814724608
1322729454100074496
1322726291758440449
1322722692986929152
1322722676801064960
1322707030377861120
1322706353001914368
1322703074037702656
1322699822739017728
1322695560873177090
1322695108567822337
1322694026714177539
1322693138108985344
1322691995836375040
1322691332461240320
1322689502565998592
1322688591407935488
1322687368470568960
1322685933607477249
1322685456270598144
1322682944222228480
1322682703045517312
1322682516172517376
1322673500478304256
1322673440881430528
1322672240387788800
1322671354563321858
1322670536669847554
1322665997602496512
1322665834758561793
1322658670560247808
1322656225691983872
1322656001540022272
1322655305700765696
1322654740094750720
1322653683918594048
1322651247703334914
1322649300128595969
1322643614929805313
1322643191972065280
1322643110875160577
1322642286124036096
1322642139520512000
1322640319301652480
1322640010043039744
1322639052915441664
1322635105228132352
1322634972671275008
1322634904698462208
1322633634365411328
1322633440743731200
1322632934642180096
1322632834834604032
1322629038192521216
1322627814537900032
1322627500598468608
1322625508639531008
1322624782798528512
1322623929932943360
1322622884397735936
1322616435948937216
1322616185146339328
1322615524606443521
1322611531062734849
1322609888141271040
1322608845982584832
1322605443198300160
1322598247479701504
1322590793882763265
1322587352867377153
1322584381161000960
1322582939121512449
1322582559566385152
1322578710243942401
1322578635115565057
1322572351855210497
1322570596681613312
1322407711871434752
1322407514080645122
1322403706067841025
1322403553416114176
1322384318455377921
1322381933767127040
1322381823373012992
1322373825955160064
1322370355650965504
1322365659578208256
1322354779717210112
1322345970667978752
1322345589997101056
1322335624796385280
1322331758331789313
1322307975059394560
1322307121321369600
1322303315149901825
1322283700239835136
1322276428637904896
1322268288622100481
1322268271039504384
1322260587884109825
1322260494518951936
1322260351652560896
1322252563014590465
1322249205277097984
1322245966406152197
1322244553219272704
1322243755538178049
1322243560993779713
1322242045776310272
1322238831584636929
1322237956799672321
1322236938263302144
1322236525984116737
1322234370665537542
1322233847723909125
1322233348224290817
1322233077003792385
1322232437682757634
1322232037953007616
1322231662659264512
1322230599608758273
1322229396778872832
1322229007060881408
1322227505135116288
1322227376844017664
1322227099550142466
1322226478885433345
1322225820169981954
1322225173068537861
1322224114921168896
1322223583452565509
1322222744201617408
1322058706775756800
1322058628128407553
1322058087801352193
1322053680581894144
1322048792351268864
1322045180497727488
1322044851295117312
1322042628330856448
1322042364941139968
1322041551141306368
1322038975167561728
1322029779466379265
1322020844265037825
1322019925553147905
1322018291552935937
1322017002312003585
1322014738725756928
1322014533615902720
1322013201010098176
1322010472187506688
1322007297275486210
1322002342007373825
1322001059565301760
1322000198994808832
1321999849051496454
1321999757305290752
1321998196642443264
1321993589195374593
1321990901959290880
1321990069222170625
1321989993531764738
1321989759321866240
1321989520431095808
1321989166683492353
1321981106426535937
1321980506745942018
1321977904515854337
1321974772289269760
1321971818358431744
1321971759587840001
1321969807416176642
1321969493694795776
1321968768415801345
1321967382575788032
1321960398245949440
1321958512914624513
1321958101373788161
1321958042754187266
1321957552884572161
1321957061903540225
1321955699077734400
1321955584665530369
1321951813885571073
1321948544152993792
1321946005680525313
1321942929049493504
1321942646403686400
1321942255603646464
1321939622499213312
1321935335064940544
1321935206593433600
1321932386523701248
1321932257876041728
1321928594310926341
1321928549691912192
1321927306839908352
1321927100085923841
1321926032140627968
1321925949919621121
1321920881149444096
1321919946813681664
1321917994839142405
1321917849112211456
1321913314755051520
1321912522614558720
1321912123761389568
1321911942856941568
1321911307944173568
1321910312631635968
1321910150060371968
1321910039704076291
1321906747443802112
1321906520502665216
1321905900936835072
1321905192967655424
1321904312268718081
1321903798651031553
1321903213155475456
1321902418997571585
1321902285614579712
1321902035436924928
1321901519898173440
1321901259444510720
1321899333487218688
1321899266458071041
1321899028716548096
1321897705493340160
1321897408251326469
1321857972494954496
1321842697775194112
1321842089521340416
1321694992553766912
1321692826413924361
1321689780992630784
1321688153153957889
1321673821984710656
1321669511154597890
1321649328549580801
1321649290192715776
1321643596655648769
1321635278675603456
1321634805872652288
1321633890960723969
1321632335234695168
1321628711502794752
1321626267565711363
1321625776727289857
1321619506850983937
1321619290722693120
1321616931309248514
1321616849935560704
1321616520376561664
1321615358176882688
1321615209836900352
1321614603327922176
1321612938248036352
1321612216622219265
1321611345356156928
1321604853643190272
1321578935944048642
1321578759351275520
1321578075730059265
1321573876472582144
1321573787641376770
1321573329245937664
1321573048038813697
1321571886103322625
1321570526679085056
1321570163393613824
1321567540422811654
1321567325196152832
1321567055334666240
1321566393674813440
1321566326880567296
1321566028631953408
1321564242848309251
1321561338481553408
1321559636365832192
1321554227819282432
1321495059863228416
1321494863548837888
1321494658602524672
1321480106007687169
1321478903928553475
1321478007505051648
1321477844942213122
1321476490144309248
1321476418342064128
1321465510786076672
1321462401825304576
1321319468966928391
1321317490161446913
1321317084974903296
1321286044822757376
1321279743686135810
1321279701877338112
1321279184673542144
1321278102803132418
1321268100705054720
1321262629797597184
1321262589771354113
1321262499086225411
1321259303353806849
1321254284638351360
1321244107415506947
1321243948849917953
1321243166083674114
1321237193180938241
1321237074746376193
1321230464116379651
1321229577637642240
1321228584694865921
1321220057280573442
1321218385359761410
1321218055641264128
1321214664408088576
1321211692806664194
1321209363348877312
1321209321728819206
1321207430810775552
1321205187113971713
1321205026832826368
1321198681375133696
1321196869167443968
1321196806663892993
1321182635142475776
1321182582692737024
1321182399036715008
1321169466252611584
1321167804163186688
1321166886558527488
1321163784736497664
1321163440627433472
1321162977676984320
1321162387727155201
1321162116162744320
1321160355146444801
1321154399930966017
1320980446839099396
1320958963676893184
1320951833125294081
1320950140761354240
1320942553353515008
1320939863214977024
1320939752149774336
1320936156842737665
1320935028717568002
1320925281100591104
1320918686396395522
1320914040399425538
1320912117751377921
1320909604616720385
1320903108810035200
1320902872469368832
1320901120445698049
1320900920469680129
1320900562095763457
1320898791466098689
1320898061695029248
1320887329507037184
1320887121847046144
1320885553567444992
1320881780623167489
1320881238463295489
1320880128973402112
1320878295425011712
1320875730465558528
1320874997443743744
1320874665187831809
1320874402074902529
1320874065582645248
1320873259492012033
1320872605222486016
1320871853045395456
1320868209961041921
1320865373122539523
1320863982807248896
1320863570960084994
1320859500404826113
1320857605510623232
1320855286245019648
1320855257828610049
1320852902454333440
1320852835009875969
1320850509981347840
1320850293785980928
1320844692309766144
1320838484068691968
1320831200219467776
1320823269042221056
1320815061649166337
1320813577851187200
1320812389231521792
1320811186871439360
1320811117698969600
1320804743237623808
1320802353520390144
1320802329512177664
1320622693566144512
1320617784506675200
1320616624274067456
1320609882307842050
1320609534482632705
1320599345708740613
1320598431883128832
1320598144153915394
1320598074201309184
1320597921742503937
1320597134467493888
1320578302608732160
1320575016505724929
1320569624275021825
1320541564960059394
1320536913636249600
1320536648615014400
1320536422525272065
1320533121402433536
1320532295841841154
1320530762551078912
1320529445061472257
1320524901980139520
1320522941369618433
1320517377293914112
1320516486650159106
1320515945731817474
1320515723836309504
1320514228285919232
1320513786273386496
1320513591913504768
1320513162047713280
1320512983806603264
1320512302265683968
1320510941545426945
1320510731876401155
1320509947306672128
1320507148837683202
1320506721962356736
1320505817456467968
1320505748963553280
1320505588996952065
1320502990554320896
1320502241376124929
1320501158729768961
1320500910959702016
1320499120721727489
1320497512759767040
1320497374507134976
1320494377567879168
1320491806832750592
1320491079192301570
1320484414971768832
1320484043176079360
1320476898766405633
1320475103218421761
1320473883938467840
1320473184240496640
1320472801468239872
1320471335219261441
1320466506950475776
1320458994146705408
1320448017904746496
1320447519965417473
1320447328663158784
1320446912609177600
1320446202865807360
1320445389854572544
1320440631236325376
1320439934809849856
1320439007969333249
1320438914897772545
1320435756800696320
1320433442505379841
1320430264170917888
1320429637999079429
1320428589364301824
1320428111796736000
1320427639924928512
1320275647244107777
1320273519620489216
1320262294241071104
1320254373717368832
1320253746312400896
1320253241762799616
1320240020242903041
1320238906260877312
1320236891719962625
1320233972526321664
1320232092651773952
1320231249860947968
1320231056444850177
1320228832473878529
1320225780903784448
1320223406780944384
1320223189926985729
1320222764662362112
1320218298651340800
1320211075850145792
1320208045163491329
1320206997136887809
1320203834304524288
1320198694021443585
1320196659389878272
1320193889316212738
1320183474225963009
1320174956806729728
1320163333895380995
1320157537237233665
1320155071305244672
1320154609726287872
1320151564682588161
1320151439503626240
1320146829791522816
1320142854778306560
1320140471939727360
1320140027389566976
1320139819649921024
1320139341025345536
1320138496841900034
1320138335159906304
1320137791083147269
1320137425478275072
1320137136025157634
1320132244170698752
1320124423819571201
1320124143010893824
1320123503337586688
1320122192034607104
1320121612620894208
1320121279668695047
1320121070460887040
1320120641295532033
1320120171852255232
1320117025822232576
1320114125775589378
1320108083171844097
1320106081540960257
1320104272420204544
1320101707209003008
1320099648468467712
1320098471831982080
1320097195467571205
1320093985310830594
1320092862457888768
1320091839492284416
1320088993862619136
1320084819246682112
1320083618350284800
1320083591724822529
1320082657724624896
1320082093905305600
1320078943966228481
1320074485727293440
1320073167809867776
1320063503244218368
1320060433844195328
1320059293220007936
1320059015326384128
1320058974134095872
1320057847166554117
1320057616895148032
1320054740575686656
1320054616474619906
1320054512103477249
1320054187464421376
1320053940138901504
1320052327722618882
1320052182113112065
1320050984769343488
1320050946144038918
1320050740027506688
1320038923343589379
1320031304776208384
1320031224547606534
1320029858487963651
1320024632032849922
1320023565505232897
1320022569634787333
1320021696418463751
1320021305211539457
1320020477146918913
1320019960626696198
1320019621441798149
1320018800306081792
1320018177187704832
1320017749247053825
1320017353690681345
1320017216880873473
1320017123888885761
1319842255163641858
1319839763273138176
1319835747801706502
1319833847299624961
1319833221178163200
1319832031597973506
1319830140096970752
1319829373281730561
1319827684659089409
1319820211109859328
1319820111478362112
1319812887393648640
1319812420366331904
1319809837530710023
1319806155393097729
1319805811976097793
1319805080900571136
1319788082699268096
1319785954350034944
1319778195378335744
1319778108124196864
1319777912959062017
1319777854020669440
1319770577628852225
1319762376934084608
1319760220566876160
1319757576238624769
1319752026608205824
1319750815687430144
1319749109658521600
1319747207076007936
1319745578624929792
1319744868915109889
1319740818027024384
1319740238277689344
1319736466247876608
1319719128857366533
1319719093591683073
1319718857297162240
1319717371100053504
1319714830979248128
1319707208355966976
1319705897854140416
1319705532521803777
1319703328033439744
1319701745539272709
1319701443553554432
1319700839154372608
1319699054008303622
1319698453325205504
1319697563860099072
1319694437518200832
1319694061091995648
1319693967236030464
1319693441769459713
1319689091114434560
1319686964795224064
1319682236069756928
1319682163382468609
1319681955932205056
1319679407238201344
1319679299847217152
1319678343495610370
1319678332351377408
1319677185339215878
1319675934908116992
1319675356979195904
1319675176464740354
1319674244251316224
1319673082034843648
1319553185095151616
1319552523133276160
1319551379468251138
1319550553920188422
1319550449272254465
1319549108332363776
1319544680711770114
1319534807206875136
1319522914257883139
1319507600375902208
1319505028055330816
1319504128511332353
1319496235800145920
1319492802015719425
1319492655579947008
1319488189183053830
1319486675051933696
1319486533569687553
1319486429093752832
1319473008818282497
1319466915564154881
1319464779975540736
1319464723306328064
1319464464383537153
1319464373333544960
1319463461819011073
1319463356743348226
1319459344316985345
1319442636072124416
1319442552215404549
1319441409582092288
1319439716844883968
1319439532064845824
1319439183513931776
1319431351230033920
1319430288083095554
1319426841380155392
1319425289684873217
1319419486450008065
1319419215913177089
1319418729168449536
1319417082425999362
1319416258215903233
1319415263100424192
1319415207916044289
1319411370446581760
1319410867776049152
1319409263383490560
1319408829608542210
1319402022597095424
1319401913750749184
1319401253332422656
1319401148919394305
1319400027454726144
1319399993527025664
1319398596911923200
1319391435494309888
1319390757837443072
1319369568947556353
1319367932804091905
1319364818768293888
1319363591418515456
1319363222529404928
1319362810845884417
1319362720144080896
1319362503403450369
1319362121012924416
1319360153108447232
1319358473583296512
1319356644040400896
1319355780181622784
1319355666880888832
1319355501914669057
1319354819513991168
1319354770948157441
1319353963364249600
1319353755813335040
1319277711374708745
1319277534974930947
1319195972342222848
1319183614446239744
1319172216618061824
1319171447449776128
1319170133730840576
1319169856151846913
1319162422733672449
1319158568172437504
1319154576801497088
1319153864826703872
1319153614376505345
1319153320489934850
1319151623088734209
1319143860614823936
1319138741257003009
1319138705936805888
1319133597832413184
1319127179309899777
1319124632050438144
1319123428943687681
1319122486722654214
1319119508015964161
1319119336448028672
1319115803904471041
1319113600078761984
1319110566191919104
1319110379453075457
1319103841111924736
1319101849107005443
1319091495723413504
1319089895348998144
1319089594772516864
1319088036550905856
1319087695180689408
1319078733941071873
1319078578625990657
1319076324632268800
1319075554763526145
1319075240253607936
1319074433944801281
1319065514430271488
1319062046286118912
1319061706694246400
1319061169894682624
1319061124940062723
1319060244450865153
1319059672750387200
1319058614741417984
1319051417965846528
1319050181422190593
1319048488546570240
1319046918526255104
1319045032268025856
1319043965174206464
1319040794536243201
1319036964406841344
1319036676694392832
1319036248023941120
1319036230395285504
1319034511267487745
1319031716762193922
1319031319423168513
1319027223685263360
1319026259918159872
1319026197343260672
1319016499365883906
1319013433149304832
1319011690630025216
1319011540507398144
1318848399941070853
1318835985946324992
1318835589139951621
1318835033742848000
1318834545118998528
1318834116402442241
1318833945396432897
1318833399474221061
1318832691719012352
1318831746587111430
1318830334193012736
1318830236566396928
1318830050477707270
1318815393146785793
1318811875023335424
1318811867486171136
1318795607985717248
1318787853703208961
1318787369340817409
1318777941099126785
1318764039577636865
1318763881750122501
1318746929694584832
1318745063439044609
1318733016626163712
1318729250912882689
1318729109548134400
1318727628577067011
1318726989470076930
1318726490331119617
1318725352986791936
1318720168537649152
1318719898298634242
1318679385273114624
1318677941929144321
1318677903849127936
1318677608863682560
1318677149616779265
1318677052120182784
1318676532059987970
1318673342400847872
1318672019722924033
1318654596630261760
1318653366763806721
1318653300594544640
1318653218797232133
1318651388419739648
1318651297168457728
1318648492231954433
1318648113658273793
1318647617686065154
1318647169038123008
1318646764535271425
1318645184939266049
1318645059114332160
1318643737308798977
1318638878484410369
1318453758037127169
1318447888905555968
1318443547842945024
1318438640683372545
1318434476301590530
1318404531751776256
1318392883020394498
1318371058261454848
1318371013348839424
1318362750913970177
1318346100911173632
1318345795163226112
1318345582788800512
1318345509078093824
1318345169503072256
1318328931435511809
1318323108424544256
1318304457118003200
1318304210027380737
1318301479782862848
1318294482408796160
1318293181411160065
1318291632400125952
1318286688708292608
1318066784272932864
1318062040250949632
1318038843132579841
1318005076212940801
1317994659382095873
1317991975635750912
1317989711529406464
1317985437122654209
1317976022923448320
1317971376683114496
1317969244307431424
1317968611927945216
1317966979613913088
1317963913808375808
1317958246292844544
1317958026985230336
1317955585443131392
1317953330119733249
1317953264780943360
1317950017684918272
1317941529453842432
1317938018875961344
1317937689727881216
1317937332440367104
1317933415707025409
1317932587877236736
1317930948076294144
1317930836914704386
1317926426784378880
1317921782066675718
1317920878831652864
1317918153716891648
1317915633787441152
1317915557098745856
1317914891731103744
1317914129840001024
1317913954107027456
1317913157822640128
1317912056335527936
1317902014966165507
1317899970247237632
1317896171700977667
1317892900844228609
1317892581766828033
1317892491677372417
1317891691613888513
1317884346376712192
1317884276319215616
1317883054900211712
1317880122561589249
1317879310527574016
1317878629796249601
1317877910787694593
1317754848259944451
1317751089865764864
1317750765948006400
1317749211593519104
1317747905332088832
1317747874034188288
1317747678642458624
1317745376993030144
1317744848745635841
1317743949247737859
1317736199277047808
1317735557791805441
1317734971872739329
1317730562837078016
1317729643105955840
1317728654521114624
1317727660466819074
1317726408999800832
1317726071450603520
1317723727258243072
1317723169394847746
1317721875741429760
1317713815908200450
1317706478749319168
1317702422861500417
1317695598053654529
1317674459201904641
1317672788690313216
1317660044595326976
1317653396262772737
1317652962051698688
1317642653798780929
1317640607590879233
1317640546244964352
1317640232414556161
1317619147887452162
1317617250212274176
1317615853400064000
1317613711826153472
1317611620386795520
1317611409476235264
1317610726148591619
1317601611644956672
1317599950612541440
1317598518362533888
1317598022960705536
1317597424458723328
1317596758084448256
1317596015805952000
1317592750590631937
1317592417403510784
1317591877357498369
1317591330449620992
1317590819688259584
1317590260872736768
1317587748849479681
1317587666557313024
1317582908601741312
1317582526425174016
1317582223542018049
1317579926678110209
1317579616995794945
1317578418276364288
1317576992112353280
1317575423463575552
1317575077186031616
1317574852853723136
1317567124462694400
1317566516288659456
1317566237346463744
1317566113308315648
1317565031450505216
1317564398467129344
1317563193976184832
1317562981455032320
1317562127947722752
1317561806731108352
1317561386679951360
1317560592220090369
1317560177160118272
1317556228277481472
1317556159595773952
1317554697289388032
1317375443138269184
1317372575446544384
1317368747347251203
1317368244907356163
1317366703735545856
1317356602702274560
1317356540265852933
1317349430597545984
1317345623276806147
1317345392304955392
1317338409120141314
1317336930099474432
1317333149622300672
1317332829038993409
1317331496215040001
1317320473370226689
1317316391653965824
1317316012300148737
1317314258552582147
1317310737027530753
1317310174915223552
1317304580783271938
1317303947015565312
1317302858396569601
1317302262822182912
1317292203874504704
1317288735533264897
1317279317651410945
1317278984325877761
1317251224031277057
1317251141952958464
1317250969051148288
1317249313332895745
1317248819168309250
1317248759227584512
1317243967117783041
1317243374387175425
1317242579658813444
1317240566497775616
1317237035426480129
1317236656253005824
1317235417779900416
1317231744240680960
1317229451701149696
1317227860143206403
1317225336040345600
1317220213503324160
1317218887151222784
1317218733195022337
1317218673665273856
1317218082662674432
1317209318391836672
1317207576740651009
1317203791205212160
1317202863441858561
1317199394068856832
1317199116762402816
1317198776092618753
1317195857582649345
1317194984769007617
1317193511632998400
1317190128968765440
1317189891441131520
1317188942962196480
1317188434797031424
1317001554101063681
1317000966302957575
1316998523305406470
1316998039513411584
1316985130351685632
1316970760695697408
1316965027887390726
1316961167697416193
1316940323747254272
1316937393619017728
1316936372758904832
1316934308272214017
1316926407365320708
1316926346409410565
1316924811478769673
1316908673516580864
1316908000355954689
1316907221016584198
1316907168541671424
1316901696342286336
1316889576439345152
1316840752442294272
1316840711874985984
1316826545697124352
1316825201141665792
1316815000061657094
1316811073039683584
1316810558813818885
1316809878803898369
1316807884001275904
1316807230621065218
1316807168574676992
1316806625135452161
1316806078827438081
1316804867474690050
1316804356440645632
1316803192517087235
1316802350158356481
1316802034884993024
1316799192161894402
1316798448251752449
1316797800244375554
1316796851933249537
1316795322035703808
1316794903993614337
1316792481011298304
1316791444456108032
1316788902917623808
1316781216570302465
1316622095179083776
1316620501037379584
1316606338345050112
1316606038062198786
1316605831874396161
1316605344345284610
1316584730016452608
1316577320883286016
1316576948538109952
1316576789217464320
1316568204890628097
1316567738588958720
1316567429686779904
1316563947227475968
1316561885018247168
1316560801256239105
1316560391476924416
1316559157160407040
1316556028138287104
1316555151977504769
1316545139070787585
1316542846413885440
1316542818999967744
1316539856433029120
1316539773029216257
1316537139576799232
1316534957968297984
1316534923889532930
1316534531017510913
1316533433812705280
1316532565864407040
1316531482349854721
1316531324753080321
1316531277093191680
1316524252066013184
1316524221116289024
1316499725244198912
1316497150365245440
1316490263162843136
1316485044391698433
1316482191371632640
1316479896906985472
1316479580346040320
1316479406135631873
1316479098194075648
1316447652536557568
1316446953597800449
1316442588250025987
1316440028315172864
1316439903098421248
1316439665302474755
1316439187688747009
1316438614562152448
1316438195710631941
1316437781833547778
1316437598940717057
1316437236611715072
1316435865011326976
1316287164007677952
1316281485972762624
1316280817019092993
1316272236559388672
1316271711193423873
1316261424348315651
1316260535503998977
1316251504915832832
1316250683725631488
1316250150478594049
1316245280031793153
1316238175216435200
1316238005238067200
1316236135723540481
1316232672981610498
1316231072594632704
1316229865016762368
1316229558178213888
1316228440983433216
1316222342775754752
1316215718032011267
1316206315308347392
1316203988564361217
1316197868143697921
1316197513032990720
1316197192621723648
1316196275251892225
1316194569684316160
1316194402793000962
1316179391068610562
1316179179646283776
1316178982744727553
1316173493004722176
1316170756800172032
1316166694583169025
1316163611555852293
1316160983740547072
1316152749617152000
1316152655996018688
1316150142269968384
1316147509425700865
1316147345646473218
1316145559967690752
1316144448816910337
1316143987867017219
1316143115741224961
1316142883221585920
1316142323621720064
1316141609428242432
1316141123954307072
1316139613358964736
1316139197187592192
1316136677971116032
1316136395287662592
1316134655779717120
1316129535448870913
1316126939468296192
1316125973851435009
1316120190732570625
1316119907088515072
1316119721528287232
1316118030984773632
1316117761379110913
1316117094900002816
1316115498715602944
1316114278512902144
1316113745941127168
1316113395419021312
1316113205312192512
1316112979033649152
1316112825857667072
1316112797780996097
1316111813981827073
1315906590617210880
1315906525349646336
1315883341443284996
1315883267757752321
1315867435883347968
1315857764032245766
1315841556075614211
1315840449261662208
1315840274787037184
1315840201608978433
1315840158218874881
1315816891517071360
1315816623555538944
1315809123494096897
1315805379276668929
1315804692631359491
1315803526119919616
1315800596188782594
1315797646594908161
1315785076894920704
1315782125786812417
1315776371105296384
1315776070231027712
1315775594613755904
1315772702276218880
1315772352009969664
1315770490242256897
1315770289825878016
1315766003993776128
1315765830240485376
1315764212359073792
1315761995614879745
1315761750206111744
1315758090218741760
1315757632293011456
1315753063911628801
1315753017308712962
1315752541271977985
1315752349705498624
1315751890441789440
1315745040740696064
1315744692919705600
1315744625051615232
1315743596683747328
1315739889573351424
1315739073026301952
1315738681722851328
1315738143585312769
1315737291000705024
1315737068849430528
1315736625071095809
1315736236196130816
1315735180858908672
1315734845411127298
1315734216613662721
1315734188587319296
1315734021880475648
1315733760449540098
1315733540001071104
1315733386137198592
1315732533246476288
1315732157415923712
1315731576735453184
1315730815406415873
1315730530155995141
1315730080190980096
1315729258543685633
1315728902866628609
1315726144386211840
1315725307693854720
1315724708294213632
1315723681344102400
1315722814867947520
1315721984676823040
1315721903420530688
1315720770593517569
1315566678227341312
1315566170360041478
1315563692507844614
1315563039974854658
1315562620477272064
1315556052851515392
1315554014189084674
1315548766737317888
1315548414038306818
1315533892623888386
1315532308682731520
1315531650281820160
1315531504257175553
1315531093907443718
1315530323073982464
1315528483389358080
1315527576996126720
1315526829537587201
1315526217869656064
1315526030514221057
1315523267726254080
1315522864653586432
1315521689652875265
1315520641336897536
1315519637505761281
1315518923303841792
1315517902695538688
1315517113545547777
1315516617921503232
1315515095452008449
1315508444409937920
1315497907982790657
1315497747634507777
1315490651190960129
1315484410288898048
1315482741572395009
1315482656553922561
1315478673596710912
1315478168078229505
1315467954042007552
1315467018380832769
1315421462166085637
1315421333459664896
1315421079641317376
1315416490691059712
1315412058947547136
1315411757884534784
1315408353577721856
1315398419674923008
1315397922251370496
1315396760689274880
1315396310426558464
1315395854535065600
1315395285271494656
1315393893077118976
1315391621370834944
1315391382874284032
1315390700469460992
1315384937097248768
1315384513212497922
1315381695940497408
1315380014993436672
1315379950719885312
1315377586319417344
1315375023012548608
1315374988736622593
1315374762844016642
1315364573290008576
1315206841278763010
1315204621934030855
1315204009079177216
1315190698480553987
1315189851604410370
1315188438308589570
1315188155822141440
1315186040810819593
1315184833094533120
1315181140173496323
1315180358149656577
1315178904894623747
1315175671996456960
1315175107153723393
1315174919135662080
1315173652699127808
1315169194934063105
1315167532119019521
1315164763479973888
1315164561872351233
1315135439431364612
1315134663602495488
1315134043399221248
1315133565894496256
1315129459574370307
1315126145432444934
1315125372220928000
1315125144734453760
1315124373787820034
1315123592892305409
1315117247778570242
1315112687894818817
1315112396243914752
1315109266840150021
1315108640718643200
1315108101117288448
1315107502644621312
1315106989425324033
1315106363266134017
1315106097045200896
1315105425021308929
1315104339640242177
1315096124923887616
1315095242165510145
1315087921024651264
1315079081050796033
1315076429181153281
1315070796130263040
1315064403771887616
1315062019331035136
1315061984455348224
1315060751019642881
1315059452832227329
1315048698125066241
1315043764805619712
1315043690725871616
1315043415063556096
1315042866444431360
1315038702016421888
1315036787413151744
1315035860547510273
1315035509438050305
1315032481632980992
1315032145505611777
1315031481383702528
1315030440596529152
1315030153739735040
1315030066338824192
1315029887808274432
1315027834524450817
1315026665337020421
1315023877223845893
1315023688287154176
1315023400167858176
1315020805982441472
1315020701376475137
1315020506307858432
1315018277018460160
1315017662750097408
1315017426078101504
1315017139112173568
1315017042089500672
1315015821094051840
1315015170662432768
1315014673243074560
1315012418787962881
1314834193839398913
1314832441471688706
1314832064705830912
1314831129715724288
1314830411617296384
1314829456037404673
1314828696159617025
1314827936105598979
1314827220171460608
1314805347031289856
1314802326067003392
1314787686234820608
1314782565811712000
1314777556961222656
1314773316360527872
1314771337404010497
1314769672672174082
1314768430923280385
1314767760354729985
1314765095851847682
1314765028046761984
1314756590000508928
1314756122520162307
1314755370737258497
1314753850595635200
1314753688230006786
1314753274830962688
1314752774811262977
1314752137176309761
1314744295895654402
1314743529336311810
1314742501874429955
1314741603790016512
1314741200373444608
1314740158780989441
1314737787812233217
1314734085827260419
1314732874050932736
1314730811954847747
1314730389370359808
1314729937761230848
1314728927537983489
1314727784938266624
1314727163845722112
1314726341351145472
1314725625316339712
1314725360617963521
1314723794099953664
1314722704432324609
1314721773036826624
1314721729474752514
1314720978090352640
1314720372235747328
1314720169730613248
1314718811933745152
1314718477811236864
1314717910351245312
1314717692771749889
1314716769710346240
1314711445288886273
1314710868731416576
1314705747427565568
1314702681261268992
1314697051322507264
1314697008301576192
1314695498356326402
1314691092973932545
1314689865615773696
1314685055122370560
1314684873613864960
1314684462240731136
1314683938955165696
1314682350157008896
1314679097239371776
1314678316813611008
1314675912248451072
1314674528627445766
1314467611271262209
1314467199604543488
1314410928394235904
1314389394275532801
1314385960931450881
1314379489971892225
1314378630303162369
1314366659197460480
1314360409986461696
1314359959077838849
1314359930535645184
1314343746209607680
1314342761659736064
1314340073630920704
1314331516684521472
1314331244277108736
1314331029352534018
1314330846938103808
1314330511418880001
1314329026043891713
1314325190751346688
1314289643743928320
1314289320719654917
1314286976506327040
1314285273035886592
1314284099176075264
1314282510361063430
1314281440406761472
1314280725084921856
1314279311222820864
1314272613770776576
1314272485278326786
1314261909642727425
1314261554980773889
1314261027588988928
1314260449987239937
1314177583085285377
1314104636094070784
1314104457358000129
1314101968634224642
1314101281993105408
1314098161569259520
1314093482412187649
1314092356132503558
1314090522802233344
1314090199694086145
1314090042877329410
1314089937021530112
1314089234962149377
1314084642362855424
1314083277079080961
1314065645378576385
1314064152306966528
1314062778743701506
1314060758607556609
1314060628818980864
1314060547684397056
1314057704957112322
1314055257492647936
1314048315294584833
1314041761329680384
1314038928479973377
1314038652134068225
1314006872161017856
1314006383512088576
1314005913708064769
1314004680687591424
1314004012769792000
1313993905776386049
1313993023189995521
1313992888301178881
1313992580791558146
1313991931215503360
1313991441991962625
1313991140937396224
1313989338586259456
1313988443328770048
1313987978453164032
1313987778288386048
1313979680635011072
1313968492060700673
1313967543871139840
1313958502893674497
1313956387542630400
1313952675696844800
1313952087558873088
1313950603928727552
1313948725337747461
1313948487113793536
1313945901665153024
1313945561268011008
1313944880977125376
1313944554945478656
1313944408568389632
1313942405591134208
1313940573053542400
1313936194112114688
1313933240193806337
1313933024115867649
1313932857354534912
1313738552509820929
1313727649605279744
1313722270083293186
1313715599235706881
1313714257372962817
1313707837172805634
1313706677414162433
1313697925638230016
1313697113209888770
1313694880577679360
1313694722582405122
1313691490359472128
1313688907200909313
1313687706120056834
1313686337162080258
1313677926085263361
1313675464108515328
1313671510792392706
1313671213915365376
1313660295403859968
1313658244758347776
1313657122974961666
1313654525148889094
1313640904419237890
1313640818142453760
1313640804984913920
1313637158368931840
1313634780445982720
1313627270628610048
1313626851147882496
1313626036819513344
1313625183442235393
1313621402537271297
1313619260480999424
1313618351059398660
1313614917476384768
1313567266785558528
1313565430804484096
1313557264687538176
1313554933002596353
1313554211364237313
1313554065431752705
1313550925366095872
1313545516827860993
1313346507383345152
1313309918858891264
1313276510611013632
1313276389194231808
1313258784580489216
1313257960282365953
1313243140434792449
1313234961239928832
1313209412006236160
1313206205850943488
1313204993873174528
1313204273874784256
1313202832737103872
1313202758032351232
1313202326497189888
1313201951392231425
1313201345562767360
1313194312331530240
1312977679495262209
1312961247655075841
1312960498657161220
1312959138171809793
1312946468978749441
1312943987813044224
1312937930650873856
1312935371194294272
1312932553276358656
1312932011506462721
1312921336025477121
1312918933855334403
1312914367663415296
1312913874983690240
1312853357950689280
1312852095867916288
1312645211298750464
1312636139178614784
1312635386691088384
1312624079136940032
1312563292393533440
1312542034125701120
1312514054045356033
1312506383481274368
1312500789382840321
1312500310732988416
1312500034433282049
1312498801681133569
1312496870887890945
1312493746534060032
1312492948118937600
1312492830296698880
1312492314816782336
1312491205268172801
1312488721413857282
1312488692229963778
1312488334229295105
1312488289568346112
1312486161391054849
1312486118563037184
1312483979514179584
1312481574110150657
1312481454929059842
1312480406260781057
1312479938721710081
1312477926877609985
1312477725626515457
1312475255152078850
1312263897433350144
1312240448862265345
1312225405416345600
1312218150612594690
1312217197469523968
1312214158000091136
1312213373145149440
1312213076851138561
1312207744343003136
1312206096715509766
1312205861264130049
1312202136541777922
1312191074652188674
1312190318561783809
1312188248597295105
1312187011931930625
1312186228352061444
1312185977847259136
1312184673745825792
1312182121822208000
1312182027102298114
1312177039407898625
1312176740173717504
1312171138068353025
1312167053491499008
1312159754500759553
1312158016867721216
1312151090515722242
1312149159760150528
1312134466609971202
1312126030409129984
1312125867766673408
1312120188272168960
1312115333155549184
1312110798810968066
1312110680242184193
1312106348906115073
1312104542272512000
1312103463082291201
1312101484939542529
1312096309667454977
1312095758351577091
1312092826432200704
1312092597851025408
1312088491744878592
1312088386044223488
1312083977188982784
1312082861420290048
1312082510646407168
1312081336467824643
1312080681153953793
1312079684117565440
1312079575422181376
1312078237539864576
1312074412925960192
1312029461873713155
1311917173577842689
1311908173024960517
1311906940876804096
1311896455095873537
1311894117098549250
1311891838882603008
1311890996829908994
1311889899977498624
1311889498880397314
1311889247461285888
1311881409661870080
1311878995999289344
1311877251193999362
1311874015624007680
1311867862429044736
1311867523487289344
1311865929769209856
1311854003320352768
1311853820993966080
1311853357984739330
1311851602106413057
1311851519692607488
1311850702864486402
1311850245177835521
1311849445986689026
1311847480917598208
1311845751555723264
1311844691504058368
1311841732577771520
1311841468592476161
1311840004935565313
1311839331758174213
1311833323077922816
1311830781916975105
1311830750715494401
1311828562882621440
1311825376797102080
1311820068167151617
1311817420902789120
1311815024902504448
1311814391751299072
1311813957548568578
1311810615682375680
1311799548507897856
1311798097182298112
1311797917489917952
1311797688837369856
1311787431486607360
1311787292361543680
1311753534761627648
1311743566956306432
1311739586586927104
1311736058141241344
1311731771084476417
1311728387430383616
1311727132419133440
1311727045525737473
1311725401962504193
1311724266857979904
1311723676627206145
1311719530385686528
1311717259786678272
1311713327945404417
1311713178225500165
1311713061070278656
1311703414493962240
1311699437819813889
1311699328163934210
1311699045816000512
1311689071081603072
1311688040402751489
1311683288386269185
1311679730932875270
1311679255558848512
1311679089132986371
1311520714298589185
1311519911831715841
1311519495777742848
1311511472187478018
1311511432136024065
1311505692600098816
1311501292385128448
1311485087272247296
1311469079430004736
1311454068158545920
1311453534932537344
1311453030512959488
1311445342513106944
1311445033334136832
1311376731022921728
1311375504092454912
1311372749168730112
1311369777898643457
1311367920291770368
1311365292778373120
1311364635002503170
1311356027170775040
1311355415586721792
1311354609173065730
1311348395919863808
1311342064567689220
1311329428446740480
1311328704967049222
1311328626927755265
1311327667669532673
1311327597901434880
1311318339042422785
1311167563502551041
1311159591732822018
1311158684114804736
1311124108348776450
1311111905415585794
1311045430747099136
1311043540168761345
1311023374676582400
1311020851521757184
1311011505425403904
1311011128374210561
1311010630455840768
1311008111939874816
1311004733864173568
1311004689866002433
1311002636548595712
1310996467100782593
1310992615215566848
1310991742452166657
1310980744173346816
1310977021841829893
1310977001025540097
1310976877683638274
1310976262010073093
1310817007088988167
1310815820914675713
1310781652096880645
1310776008551800832
1310764523775651840
1310755652713607168
1310753165038419968
1310750586455744512
1310744205606580224
1310733267310505984
1310722624696139777
1310722181282713600
1310706817928896512
1310704816142729216
1310697885059575809
1310695760766185472
1310694006444011521
1310693358738632704
1310692912099782656
1310691702902935552
1310690025550483456
1310689783287484416
1310688455626645504
1310686830715494400
1310685773788708864
1310685627596173312
1310684799015690240
1310683157234999297
1310682583936561152
1310680149528989697
1310679393262473216
1310678346854932481
1310674318804697088
1310671649696481280
1310671453629501440
1310669849756971008
1310668830687899648
1310668421923708928
1310667904845660160
1310663987671887872
1310663656196075520
1310653715351699456
1310653027519352832
1310648268947296257
1310647976444882944
1310644274829037569
1310643466653691904
1310636717750149120
1310634289608884224
1310616638668988416
1310614838016499715
1310612766646919168
1310461566588862465
1310437008393646080
1310436876642258944
1310427896343715840
1310424886230183937
1310419074778714114
1310418427727634433
1310412250977415168
1310412185760223235
1310404567029301248
1310394859535040512
1310372728126410754
1310365204195151872
1310339649596841984
1310333991547936770
1310329664674570240
1310327253989912576
1310311799246344194
1310311331254300673
1310299778010341376
1310293452756672513
1310290816913477632
1310290780158791680
1310288672399400961
1310282020807782400
1310081736743686144
1310061138558636032
1310038991530389505
1310038837502963712
1310037689173901312
1310031485609541632
1310031028321284096
1310027465557827585
1310021135568834560
1310017225961603073
1310014666483982336
1310014605972758528
1310010271918776320
1310009907509252096
1310009785169797120
1310002552499367936
1310002415790223361
1310000212551688192
1309998686731083781
1309996466094497794
1309995366691946496
1309995213486616576
1309986846592516097
1309982503860490240
1309976613937795072
1309970532121468928
1309970342182400000
1309968034849718272
1309964717226557440
1309964445884375041
1309942319810924545
1309937930790604800
1309936091131043840
1309934694780157952
1309932958006951936
1309747245135224835
1309710991534383104
1309708619840065538
1309698134130319361
1309696755114549249
1309682169426526210
1309678819884675078
1309678583082745857
1309627632405770240
1309627410833317888
1309621732282572800
1309620412196683776
1309620131295715328
1309620052694450176
1309614749772992513
1309591051812757504
1309572746058240000
1309570969665585153
1309570529469239296
1309570316469858304
1309388346397925378
1309359540249350146
1309339861086687235
1309306750881816576
1309306435445030913
1309303031792508928
1309279648556089346
1309268259254927360
1309266984509616130
1309241677316464640
1309220595012255745
1309206221128257536
1309203318615363584
1309196888151744515
1309193649041809408
1309193524831686656
1309035547147591684
1309024236292526080
1308983192481923073
1308980779431624704
1308967435681161216
1308959941529542656
1308957086512889856
1308955589448314880
1308951193520017409
1308950384904265728
1308950083149463553
1308949629971689472
1308935138831511552
1308934966001180673
1308930055125508098
1308924952717000705
1308921263868575745
1308918423699816449
1308917749880684545
1308915606549417986
1308903367884800000
1308902372333236227
1308889381827207169
1308889340634902528
1308887560731668482
1308884096064589825
1308879569265491969
1308871859174334465
1308866729540493314
1308866415106154497
1308862593130532864
1308862171074490373
1308859434144280576
1308855747904708608
1308852131072442373
1308847281567916032
1308832027161038848
1308650976795009024
1308649969205743616
1308649480552460288
1308649460616982528
1308642444221661186
1308641814518272006
1308640606088904704
1308638309254483968
1308635265846534144
1308620770155745281
1308618096488230914
1308613950871760897
1308595291218612225
1308590213405405184
1308587028443930629
1308586723127910402
1308583054571495424
1308579161242386432
1308569584950063105
1308563304160215042
1308560514042142721
1308558495361298433
1308556794218733568
1308556019300065281
1308555303688892416
1308554966970191873
1308553146445082624
1308552927108194304
1308552654344171520
1308544799578796033
1308544054112649217
1308543710242562048
1308543584858112002
1308536425571213312
1308535887043522560
1308535666892877827
1308531180803743747
1308529174856888320
1308527777755275264
1308519002126254081
1308511192965550080
1308509957151584258
1308509914805886976
1308509241435594752
1308508520933814272
1308502570709610496
1308498708846108672
1308496482207592448
1308494306244620288
1308494270387478528
1308488126864605184
1308270490939617280
1308236051119398913
1308235196760690688
1308233603185143809
1308233475200180227
1308228526915477505
1308212749005017088
1308198802055032832
1308182420944945153
1308180000697323521
1308170845982867458
1308163555393335298
1308160763257696256
1308158784590635008
1308158532340989952
1308148472340570112
1308147641956483072
1308145339027787781
1308144517518778369
1308144249213313025
1308143163811360769
1308136190839721984
1308136162238722048
1308130546225000448
1308110241981104128
1308107974804533248
1308103732278689792
1307902449458372608
1307902438343471105
1307902225524563970
1307901649415880704
1307901429856702465
1307846147382206467
1307845787330641921
1307844430943064067
1307835416985264128
1307831184869613577
1307831147464855553
1307829636198330369
1307828468298608640
1307828248278044672
1307827165031931904
1307826757504909312
1307826151918694400
1307825873114996736
1307825187530764289
1307824724307660800
1307824479666487296
1307823924483297280
1307823719847358464
1307823357518200832
1307822476987002880
1307821392520335360
1307817913076740097
1307817714338033665
1307817214582513664
1307816798373294080
1307816517241720832
1307816381321109504
1307816265013030912
1307816074499428353
1307815366270136321
1307811822292971521
1307808587377328129
1307808053937319936
1307805753864937473
1307804573910757377
1307801758077300737
1307801578456244224
1307801242886787072
1307798236040626176
1307797357531021312
1307794673109364736
1307793559546855424
1307785847501066240
1307780301028950016
1307551446598955008
1307536737514582016
1307536594744664064
1307536526931156995
1307529635928793088
1307528949178671109
1307498190287978497
1307498066493145088
1307496326989447169
1307484170302623744
1307449263761158145
1307448991857012737
1307425957460897792
1307423810375700480
1307422293337939968
1307417906435649536
1307118936786448387
1307112649470160897
1307108697542471682
1307108484920627206
1307087771824271360
1307053558240546816
1307027328334061574
1307027243412070400
1306803520041938944
1306772878717640705
1306756671054594048
1306737420172292097
1306735016815157248
1306728466390290433
1306685421527547904
1306682942450622464
1306681264292814850
1306678793239629825
1306670964009123840
1306668986977808384
1306659639170273280
1306657597500452864
1306656941716828165
1306655448498544640
1306651692847431681
1306648173775958016
1306645605532364800
1306644775861276672
1306471896473509888
1306449681250017281
1306446829882499073
1306424173166645248
1306423810732617728
1306423196430692352
1306421664389890051
1306405726168838145
1306405667389886464
1306405119408259073
1306404027446378498
1306403529129562112
1306402810947272704
1306402332628848640
1306402064113623040
1306390080064380928
1306375103765049345
1306374934382260225
1306367021110550530
1306366930920460288
1306359921001156613
1306353456454623235
1306351408384335872
1306350709617561600
1306350097207185408
1306347313854476288
1306347146526912512
1306344939744186368
1306344244257239040
1306343522912485376
1306343072276471808
1306342697775427585
1306340800859529216
1306338716399484928
1306336833836470273
1306336389437353984
1306336193810894848
1306335916974174208
1306335406703558658
1306334704405065728
1306333139522863104
1306332638022524929
1306332154004037633
1306331026197684226
1306330991225495552
1306330062669586434
1306329374141026304
1306327886492659713
1306327055701741568
1306326206258663425
1306326100369264640
1306325780171956224
1306324037736382465
1306323710903631873
1306323557144649729
1306323169259651072
1306322978917871618
1306322618023178240
1306321956396961793
1306321387120807941
1306320295511257088
1306314344834031616
1306313420191313920
1306313230743080960
1306312453186174977
1306308807535005697
1306308526973751297
1306307547343720449
1306306834626568192
1306306345260347393
1306306299437572097
1306306089911107584
1306305107970019328
1306304391486472192
1306303738013917184
1306302876331855873
1306300542126153728
1306300055981232128
1306296425978802177
1306295799312052225
1306294638454562816
1306277835024211968
1306277381187891203
1306090610969903105
1306075148458450949
1306070272726806528
1306067607716417536
1306063487064391681
1306062499599409153
1306056226556407809
1306038894534696960
1305989153402703873
1305988747788300288
1305988222934106112
1305980024596561920
1305950787009261568
1305945611015843841
1305943934883885057
1305938276306415616
1305938223412068352
1305934080500838402
1305933886136827904
1305933403330469888
1305918825603436545
1305916182071894017
1305912645703196672
1305770656630411264
1305769665256325121
1305685835669360644
1305659538830319616
1305652322597388289
1305646382259335173
1305645718451838977
1305641181011828736
1305635167659155457
1305633339571806208
1305632823131295744
1305632781544747009
1305632727304032258
1305630013643870208
1305620188503531521
1305613657846378497
1305613040478384128
1305612758247862272
1305611725157220352
1305607551099174912
1305606750301683712
1305606105498705920
1305603280437821440
1305596549855027200
1305596202386219008
1305595620552441856
1305571422907973632
1305557225058922496
1305557167785664513
1305388596120018944
1305388463462645760
1305388385347842050
1305371716110016513
1305347044295413760
1305325719266816000
1305301708470280197
1305300710565621760
1305295856191508480
1305293389357748225
1305291036613160962
1305284848542560256
1305282802439446537
1305279256209969153
1305276391387090944
1305274509012791297
1305263422133530624
1305262164345671680
1305255889977311232
1305253047283535872
1305242428048248832
1305241312858238976
1305241136710131712
1305241098130915328
1305236660574023681
1305236491736473600
1305234582879363072
1305040665647042562
1305002518653464579
1304994880549056513
1304994750823424000
1304994088022757379
1304989805218914305
1304947757640085504
1304939616915447808
1304910263624151040
1304905790986174464
1304905647876575232
1304902627293974528
1304902602270715904
1304901440830189568
1304901392453181440
1304901210244145152
1304900443181473792
1304900202269032448
1304900112569647104
1304895473166118912
1304892461379018752
1304892407176032257
1304892239479357440
1304885920131211264
1304882282289750016
1304882119957647362
1304881792667668480
1304862105565241344
1304861484191641606
1304838619476103171
1304832747811172352
1304633118192623620
1304608081645416448
1304606220301422592
1304603369336500224
1304579409706393608
1304518758925438976
1304518437352300545
1304516925993578497
1304516887712116736
1304491896467668992
1304491335194345473
1304489560202645504
1304487286625632257
1304482239653142528
1304477482624532485
1304476265332662272
1304474957208977408
1304473647264854016
1304473616373837824
1304467031362691073
1304464178069995520
1304464102647980034
1304272408509997056
1304184036529598464
1304160849100247041
1304119444956798977
1304119072515223552
1304108242260258816
