1330287978674089986
1329966632739819521
1329924120302157824
1329900144884551682
1329839031203504129
1329825193733226496
1329824901671264257
1329820273516810240
1329817253756342273
1329808617625686017
1329807550028468230
1329807052206604288
1329795746082615298
1329794780675465216
1329622171031793666
1329621834946383872
1329588875040227329
1329588846506307589
1329549929979596800
1329510594983071744
1329508593893195776
1329469475603632129
1329460907844509696
1329456853961629696
1329456463094435845
1329454777886003201
1329451930448498698
1329451257803759620
1329450699957166082
1329450057591123974
1329223406999404545
1329205577478676480
1329187866686091266
1329186364839981057
1329185729818181632
1329169381197168640
1329094513206259718
1329070891372744713
1329068140781727744
1329062327237308416
1329062232110428163
1328747896750051328
1328727643643015169
1328481524417658882
1328480054888656896
1328467606492221440
1328467420755816448
1328464476920717312
1328464331084685312
1328439213226819584
1328429357212155904
1328400212319080450
1328380491158806528
1328366603260416000
1328366500818812933
1328366260258631680
1328366153903730688
1328366121225863168
1328366063118032897
1328350636962824193
1328349040396832769
1328341341353373696
1328122874448605184
1328083950929993728
1328083824551493632
1328073429799452672
1328042464301617152
1328032419308396544
1328032075719405568
1328031734177271808
1328023867487526913
1328023705176268801
1328016667280982016
1327984611385769984
1327984399166570496
1327981301798821889
1327802200848908288
1327802130615332866
1327798486650159106
1327758409567854592
1327676574972297217
1327672751839092736
1327646688568254464
1327645827225903104
1327643699300368384
1327384132821794816
1327296153080131584
1327295710115500037
1327272546408955905
1327088187492028418
1327068397272633344
1327066738110857217
1327066339849031680
1327049577946439680
1327049217467056128
1327048695724920832
1327047449811173504
1327039278061293568
1326974604955381760
1326935374757654528
1326908218422030337
1326907546049900551
1326709740219457536
1326659704618016768
1326657971019870211
1326647002407464960
1326575690175541248
1326553942986088450
1326547803334565888
1326543857689919491
1326541068884586498
1326531654697938946
1326366849135599617
1326365422573113345
1326226045662490624
1326184241361645568
1326182149473538048
1326181952399945728
1326180326859661319
1326179646652641280
1325987883115663360
1325987401991217152
1325962330052591616
1325929122346856448
1325900029333180417
1325854944822398976
1325854180100075520
1325839194405548032
1325825140865683456
1325824571325308929
1325805163026632708
1325797022608207873
1325578592231673857
1325577309391216641
1325510149830660096
1325509932339273728
1325496844512710657
1325463665697452034
1325453426000490497
1325449777752891392
1325447272931323904
1325444481311596544
1325265324267229185
1325244756021006338
1325244588093657089
1325241398417711104
1325240862461190145
1325209739727302656
1325208991434092544
1325200923950424064
1325157309736087552
1325157115271393280
1325109734131654658
1324788277220552705
1324734742034477056
1324732912470614021
1324725128387686400
1324724410515816448
1324723761241747462
1324711946059313153
1324497212076826624
1324497156158357504
1324437252789788672
1324436554014621697
1324419502478516224
1324416735538151424
1324415182559354880
1324383620698533890
1324376056267071488
1324374237746921472
1324373789703053320
1324373460693364738
1324371301331447808
1324371051728367619
1324370534881140736
1324360905203675136
1324350313202032641
1324195968728797184
1324097602770538498
1324074378087165952
1324074302375821312
1324074193059631104
1324074002797666304
1324073901668773889
1324073809670856704
1324026940777353217
1324007604692025352
1324007212855930881
1324006855249592323
1323999294647513088
1323999198824464387
1323999087855722499
1323990765446418432
1323990559627702273
1323988471761924096
1323988041640235013
1323986093620908032
1323985759557218304
1323806005281480704
1323765766865317888
1323761499387539457
1323735609911902209
1323728805614161925
1323715560421482496
1323715429445980160
1323703154307821568
1323693138523795456
1323693007724404736
1323649081751691269
1323647583907049472
1323453141950496768
1323453100246528002
1323394146644586496
1323362623765712896
1323361162189180929
1323361042122960896
1323321525852803072
1323308251287490561
1323306815845662720
1323298908974407680
1323298318798086144
1323271205701365760
1323270775109951495
1323256675617263619
1323256300944334849
1323064670240997376
1322901624809947137
1322595269544878080
1322578912925245440
1322575198252527616
1322549325759569922
1322549154611040256
1322544586569338887
1322543601780338688
1322543540027576320
1322527454011957249
1322368587407921152
1322358398218743808
1322348705903644674
1322236508951080961
1322236424884613120
1322236103961706496
1322180841619955712
1322179091210989568
1322167422405652484
1322004084317061120
1321963581424873472
1321962558245335040
1321941360492998656
1321893932259713025
1321893312987496448
1321834797656764416
1321834568219938816
1321834489320857601
1321812317349191681
1321805020652736512
1321503612913115136
1321502137390522374
1321485587233165313
1321469868160348160
1321469368291586048
1321451335565234183
1321450664703086593
1321197937066528768
1321114643155173377
1321095598494281728
1321095225826136064
1320915153416712192
1320913920048033793
1320912987289313280
1320912801079066624
1320910507189047296
1320908254608715778
1320908133468831744
1320896720348139521
1320896513946521602
1320881912903200768
1320837417834741762
1320792813068554241
1320769711135551488
1320750707142619138
1320750427239927814
1320750412387946497
1320748325230899200
1320748205231935490
1320744226351534082
1320716450835775488
1320714174733848576
1320532679381585921
1320532609617645568
1320529986760044545
1320493240177418241
1320481805393293312
1320481647230214144
1320436961325113344
1320401230074507266
1320401116538957825
1319839076149653504
1319813915157557248
1319803392961568768
1319803052937809920
1319777562055200768
1319722241576189953
1319712716567670785
1319708744830251008
1319708585371127809
1319655639098871808
1319655452225880066
1319628480045170689
1319458518655627264
1319381400676569089
1319368520119902208
1319366107539492864
1319365845462650880
1319296021063585795
1319290979099103235
1319288946623352832
1319288632864206848
1319279162029264907
1319271226771009537
1318976718388883456
1318962151504015360
1318918214550646784
1318902218460819456
1318725908467908608
1318709444763545600
1318709213325971458
1318638752646852608
1318617776848662528
1318617581096349696
1318606595798913026
1318600524569014272
1318593676755435521
1318593112084639744
1318592333730910209
1318564105565818884
1318556172945940480
1318544713935302656
1318542921814044673
1318542386755108864
1318542011377438730
1318537222832844801
1318371830650916864
1318370846935707648
1318370136886185984
1318369522298933248
1318369435355262981
1318365569058418688
1318349043693625344
1318347241262755840
1318237601971593216
1318206861858934784
1318206699036004352
1318197842616283136
1317920076608143360
1317853500127154176
1317852291454488576
1317851590330441740
1317851357659885569
1317839174460866561
1317658890729779203
1317631054140776450
1317530749558542336
1317490847013720065
1317485847608872961
1317481774004326401
1317481638377390087
1317290790075330560
1317290721213181953
1317277069827481600
1317277004094304256
1317264186787860480
1317251693734633473
1317251303672705024
1317199929488543744
1317196888706199553
1317194093525528578
1317193487138263040
1317159307327143936
1317145872484823041
1317143895457738754
1317107320887726080
1316945531105628162
1316818089409798144
1316817771326398465
1316782849186385920
1316782432666828800
1316749900734894080
1316745880687452161
1316532715273949185
1316532028620201984
1316479858520674304
1316476843965337600
1316476516910342144
1316476446395658240
1316473280685981696
1316416900876836864
1316394210224873472
1316384232806084608
1316384168658399232
1316384022784663552
1316383962722230273
1316381524934107138
1316381376673792001
1316381281702219779
1316133904126935041
1316131835865251840
1316131302559510528
1316087411290513408
1316036388991639552
1316035983826063361
1316027539748315136
1315805440823848960
1315803681472741376
1315367737137324033
1315348130808786944
1315302273421987840
1314946079679565824
1314930930360807424
1314928604430491648
1314927170322530304
1314926462944780290
1314918325017747459
1314917988714246144
1314745277710966784
1314742160500035585
1314620855616372737
1314608684761260033
1314604436346478592
1314590442298646529
1314577439494819840
1314566833609949185
1314566432647114752
1314550492563816451
1314294744088940545
1314294381101244416
1314294311937171456
1314281594539008000
1314219329181806594
1314215133904736263
1314197633540341767
1314190992061288448
1314034355031830528
1314030247805820929
1314029665506394114
1314028462760370176
1314028113421127680
1314027472501891074
1314027135271489536
1314026895478943744
1314024389642313728
1313995385807884290
1313992443478515712
1313991661786075137
1313982855538589696
1313973062463713283
1313966382141194240
1313921704758919170
1313900398202167296
1313895052226318338
1313894758494859265
1313891437272985600
1313853982792531969
1313851617284771841
1313851103247646721
1313851055214489601
1313850942064795649
1313842607458381831
1313594504918646784
1313547352280461312
1313478386015244291
1313295653661929472
1313217573404590080
1313217165659574272
1313159733713334272
1313156302420406272
1313127942621339650
1313127928440516608
1313125815689781252
1313124089888862208
1313122432169852929
1313121254879105031
1312857937040162817
1312844808365301760
1312833733221736448
1312827425139564544
1312821005186809856
1312773913470930950
1312771011918483458
1312755328065314826
1312447820612333568
1312444620073177091
1312442428326965249
1312403027744055296
1312400175587979264
1312400050782236673
1312399985091072002
1312380226760921089
1312134303598342145
1312121907823603712
1312120937827889152
1312041238804086787
1312036897888194560
1312036315634913285
1312025741513515009
1311839333347815424
1311834918440202251
1311832750991667200
1311824251901497344
1311797875962118144
1311796996445937664
1311793389776461824
1311699183439507457
1311698883077042176
1311673047259074560
1311662521317642241
1311402405058076672
1311369573912854528
1311368097534599168
1311357445134934016
1311344386282676224
1311343786648248322
1311328095899586563
1311327971974680576
1311327377679499267
1311327351460913153
1311322716641787905
1311316713003085830
1311306394650386432
1311306239461138432
1311302146998984705
1311298521069305856
1311122065383026689
1311117397768564737
1311112866095706113
1311111686082813952
1311109901326757889
1311049192593264641
1311049176017301504
1311013686635495424
1311000563065040897
1310995916405391360
1310984348951171073
1310984306236383232
1310955337701359619
1310953153966288902
1310952944301473794
1310952747320176647
1310952564360458240
1310949373480767488
1310942936557907974
1310703527904174080
1310680703084802050
1310680276482158592
1310680096236208129
1310677065239113730
1310628146224357378
1310610079226314752
1310608325524860928
1310608233476665344
1310604860144852992
1310599685229277185
1310599586759622656
1310593650301181964
1310593519770243073
1310583294203842560
1310578947193675776
1310578692423204864
1310383014912827392
1310299237297479680
1310241599532666880
1310236873512501248
1310236596927492098
1310235787112321024
1310235211066560513
1310235031235829761
1310235012076204032
1309999121407721472
1309997836587528192
1309958698370961408
1309958437246128128
1309898114359123968
1309598196583165952
1309587325832187904
1309585768487084033
1309584753293537285
1309504487485181953
1309502722899550208
1309501592983359488
1309480629365428224
1309275776194195456
1309227353852137473
1309165370637520900
1309153113497128961
1309135507864125444
1309129064654008323
1309122908762124292
1309122416074018817
1309110460042694656
1309110006671966209
1308925977062408192
1308888366109335553
1308859049832841220
1308858744982437889
1308815615608590338
1308805400720859136
1308763202264604672
1308760201147736064
1308760109233758209
1308759924281761797
1308759524010987521
1308509904076853249
1308509554129346560
1308509384780046336
1308496050051715072
1308441753431625729
1308439820516040706
1308439788324749312
1308424357882937344
1308424325171736579
1308157192978100225
1308143670508441600
1308136606138679296
1308108672317272064
1308108193021587456
1307862703575236609
1307855931858804737
1307855571098284032
1307698306525487111
1307674678933168128
1307674422761811972
1307674384438452225
1307387622080131073
1307339647186423809
1307334970269003781
1307303140350283779
1307302896963215360
1307299432782651393
1306958404661829632
1306957761943490562
1306953445224579072
1306657288317358080
1306653840192675840
1306642909060411392
1306596830793224195
1306585842882760704
1306585448546934785
1306579200950677507
1306390894556246016
1306348358693351425
1306348277453918208
1306320212019408896
1306275428106002433
1306273808785973248
1306273564903890944
1306256517897752578
1306240101714812930
1306239878888267776
1306226044068745216
1305980001523703808
1305936159931920384
1305918731869016064
1305918077360467968
1305873628517470209
1305857166063083521
1305669412482031616
1305565914151047168
1305521208016871424
1305521119693168642
1305507678387499010
1305495535659356162
1305304755938365440
1305285602082918401
1305280521325297665
1305156201345212423
1305150403315597313
1305148846171803655
1305148437218779136
1305146709752705030
1304833604338376704
1304542742186536966
1304477378991669249
1304473025803239424
1304408190772080640
1304216315058556928
1304215758445015041
1304131695604449280
1304126425595703297
1304126360298745856
1304110550477991936
1304109321714724871
1304093052034641921
1304092817275236353
1304092723222208512
1304058807077617666
1304053458748633090
1304047707669970947
1304046658720641030
1304046355594108928
1304045074842443777
1303792333666705408
1303792298166083584
1303757129346502657
1303756059064975360
1303755923005947904
1303752657962557441
1303745694419697666
1303729395937341440
1303727795663560704
1303722607745757184
1303722120556376065
1303719488357982208
1303704406383185924
1303699429992456192
1303699358571929600
1303688770839932928
1303688666817019904
1303686884514643968
1303685613258850304
1303685407960260608
1303668126425387009
1303491517034586113
1303482852340690944
1303471607717871616
1303464319183544320
1303365262658338817
1303361878446370818
1303359508815593474
1303346843800141826
1303332772115701765
1303332294145396738
1303332127002431491
1303331868939489280
1303329303669563392
1303325546852483073
1303325475205312513
1303325392577556481
1303324640941465601
1303135198968647680
1303049049818316800
1302957853599178758
1302775835082936320
1302647838233427969
1302647405024702464
1302614002275512320
1302613692953968640
1302311508416684032
1302304119189774336
1302285872717418496
1302272800036540416
1302267883557330944
1302267475367661571
1302267397693300736
1302265822660841478
1302265734123274241
1302233661614432259
1302233456898785281
1302233377056063493
1302217941052567553
1301930226092392448
1301891568744280064
1301887574374363138
1301881249502388233
1301875598940233730
1301675901923409926
1301585002895822849
1301577459494649856
1301577148335943680
1301570329660121088
1301570153360965632
1301529840177180672
1301525469557264386
1301521762258006016
1301516002530791424
1301510314110771200
1301510057499086848
1301509956273799168
1301509650735493120
1301509481424011266
1301331668016402436
1301233642484588544
1301218315411623939
1301164298660532224
1301146269155356673
1301140365987074049
1301139188327145472
1301128844561141761
1300867810134913024
1300865395394400256
1300839333545426945
1300839271817854982
1300790208816840704
1300783275548372993
1300605152294916096
1300491537562787842
1300454379258961920
1300440922346274818
1300440882475278342
1300437796226650113
1300416722302771200
1300054388883427328
1299710640253067267
1299710458748788736
1299710232822603776
1299690389524291584
1299690260230623233
1299689447143825412
1299422373477847042
1299385559282937857
1299384716341125121
1299373098056048642
1299373081262137344
1299372152135712769
1299363189684080641
1299363137460736003
1299362990349676544
1299358876014264320
1298986634805833735
1298982974956793857
1298965659938742273
1298760819224612864
1298724773195689986
1298724674134609921
1298680304111165440
1298659535582715904
1298644355507355648
1298638658115788801
1298620713234862080
1298620592405409792
1298397746232045568
1298397019577266177
1298396972869591041
1298396862437896192
1298396567091609601
1298360260076298240
1298356466353467392
1298353855936135169
1298352573695447040
1298351951222960128
1298320176752934913
1298255019502755840
1298254888472698888
1298241498354315264
1298235025406623744
1298233665198026752
1298233405025353728
1298076321268948992
1298013564637032448
1298008245609488384
1298005197197684736
1297930513374515200
1297921239550316545
1297912844768301056
1297902446040162305
1297902200643915777
1297897725728403457
1297637615869427712
1297636512935206912
1297636257284018177
1297635968996929541
1297575629647298560
1297575007606906881
1297550971535425536
1297550653506465792
1297251596653359104
1297211334270963716
1296908505274707968
1296896855251460096
1296896673055031296
1296804894926503937
1296555399588376577
1296523334604087296
1296514168296595456
1296491182936207365
1296440431748747265
1296440415797882886
1296428297522491393
1296148673835933696
1296145575339933696
1296126755254595584
1296101708641181696
1296101496824590339
1296100745419210754
1296089679805026306
1296081126239244288
1296080544183197700
1295862359366316033
1295784456347770880
1295729172791271424
1295726266117570560
1295549511188668416
1295432128058945536
1295430438362574848
1295423644940693505
1295362972244615168
1295362597022121985
1295362520673181700
1295362435860242433
1295360233791922176
1295351814049550338
1295056981133111296
1294695293196279808
1294694728743567361
1294658986352861184
1294638462629343232
1294316012356001793
1294299352458915841
1294274442604945409
1294269750034325504
1294269506416599040
1294269133916237824
1294089161532555264
1294089111414771712
1293915835312959488
1293915036323176453
1293914625134608387
1293891784100069381
1293676467641970690
1293629809180856320
1293548448952672257
1292976251871694848
1292975466270191617
1292959090172293120
1292485329132220417
1292132774816538626
1292120699973189632
1292113700132802560
1292111043964018694
1291766927363203077
1291749985084563456
1291453190659948544
1291452102187708416
1291434580826718210
1291421268684632064
1291419263278788608
1291409659081846784
1291409456262045696
1291402374691487749
1291402019572314114
1291198188917948416
1291059386958266368
1291054676729724929
1291040051409776641
1290841019718569984
1290840827426533377
1290838168283963392
1290834373722255361
1290765160475328512
1290708040493064192
1290707944607080448
1290649712379539460
1290649422410514432
1290644973210095616
1290644810206871552
1290433341729062912
1290378484045328384
1290376552706793472
1290301430293659648
1289976088857214976
1289943477434765313
1289943240750186496
1289556439594221568
1289555325742325761
1289555276329185281
1289373529708695552
1289373388520079360
1289340845418622976
1289335623531208704
1289331852377956353
1289328947172270080
1289249743185440768
1289248237606408193
1289247577255235585
1289213266711855111
1289213097387757570
1289212414278299648
1289209355783401475
1288962282047733760
1288959670091018241
1288946966466949120
1288944455110676480
1288943880453332993
1288878430717505537
1288852997078790145
1288832369374314496
1288653461584662528
1288653047799791618
1288470792838160384
1288312883915321344
1288301487525785600
1288245596021694464
1288243986142879744
1288132346298810368
1288124463121276934
1288112279544684546
1288112075852492808
1288102860652048384
1287872415037419523
1287862860085747712
1287769398497820678
1287763894300061696
1287470976863592448
1287453459290062848
1287402901120286722
1287396854141825024
1287385362264764416
1287384951193612288
1287380163513081860
1287379707470598147
1287379639757762562
1287097094105251840
1287064262204985344
1287064105459752960
1287011201155649537
1286885498066096130
1286884976231723008
1286786893162586112
1286732348134891520
1286725277574287360
1286724918277574657
1286655903576416257
1286644948662513666
1286459857562824710
1286436081030713345
1286433170724773888
1286433076952723456
1286432740997390336
1286414387092193280
1286367545574924290
1286366909655465984
1286366772354879488
1286330440295432195
1286326207814856704
1286325783795871744
1286325708839481344
1286325621971226624
1286322809317163008
1286322483734315011
1286308793047908352
1286277648482623488
1286277392361644037
1286124701232672768
1286065631188508672
1286045404119801856
1286045164197171200
1286003001031712768
1285932071056105473
1285931911966191618
1285917968790990849
1285747808914399233
1285737955382792193
1285735241693433857
1285732913699594241
1285660547858550790
1285628451630833665
1285628108566134784
1285628012847931399
1285618772859064326
1285618722858770434
1285584575800807425
1285573473608142848
1285569998128156672
1285561013551591424
1285264486161514496
1285251024656064512
1285227380936605696
1285205715531923456
1285203843807014912
1285203648805388288
1285203353933279232
1285203060877217792
1285026457115213824
1285025775909916672
1285021706235465728
1285020943954280448
1285019362085138432
1285018930080186369
1285018645672783872
1285018599040487424
1284668027527716864
1284666387080896513
1284666125196972033
1284634455500623872
1284634332066439169
1284611040639168513
1284505936195919872
1284505488475004928
1284501387464839169
1284489856522100737
1284280505689608192
1284125832039014408
1284117161603215365
1283962536514265093
1283792448968368128
1283777648976592897
1283773528463085568
1283773428261179397
1283401995852738561
1283395446040227841
1283395295187832832
1283394923841024004
1283113114167197696
1283112968180252672
1283110350691295233
1283063562546499585
1283056476722888704
1283056070865256448
1283051748102414340
1283050147119849475
1283037589109379073
1282766802460672000
1282765335435698176
1282765074017300480
1282761727096967168
1282696807026274306
1282690152901472256
1282687419104428034
1282489449624899584
1282489260315049984
1282480777045798912
1282353895352578048
1282005706753761280
1281950624074985472
1281626819863535616
1281606621961977856
1281348369911169024
1281235847472275456
1281235362300391424
1281216874932391936
1280969997477543936
1280961549822095361
1280958779517894658
1280956268509708288
1280902625962061824
1280885020693901313
1280876490679181312
1280872414168023040
1280856192122675200
1280855219505491968
1280849744269414400
1280660690412306432
1280585621405237248
1280578311672877056
1280578031623389189
1280535211759947776
1280535064195940352
1280530887885516800
1280529956473204736
1280529796187840514
1280524574266781697
1280524463851704321
1280519607040630784
1280508222009479170
1280171979090214912
1279889326285836289
1279889194697908225
1279888748293943297
1279593877666623494
1279593711077167110
1279593631616086016
1279518236459982848
1279474378787315712
1279473780922781696
1279454358145363976
1278731525886898176
1278731343782752256
1278727203769872385
1278727078817304576
1278693606635659272
1278689115777556481
1278688698234630144
1278685681259180032
1278684953694203907
1278462976500961280
1278356145703272448
1278355890962194438
1278124765207769089
1278072789300215808
1278064486973202432
1277997767684571137
1277986935919632384
1277971946865438725
1277970736737513473
1277970513378242560
1277970281554833413
1277765930462806016
1277759243228069890
1277758870748663809
1277690898827014144
1277654124293545985
1277653513363841025
1277642390904307712
1277642070836916228
1277641766577922048
1277639565646295042
1277636404076408836
1277435438244917248
1277289391644237825
1277281860859510784
1277279951352287232
1277269178748043269
1277247131741417474
1277246967467237377
1277246409847132162
1277226302324400129
1276951674267987968
1276622843443154951
1276537407295221762
1276529473379160071
1276529140582109186
1276515290243727361
1276514853033701377
1276509187552342016
1276509137208139776
1276265370366566402
1276249286217367553
1276244004552597505
1276188845780828160
1276188562178727939
1275982220176396288
1275980578886565888
1275939413185331201
1275933218810691586
1275930571764465664
1275512143446593537
1275434131418001410
1275433761660784640
1275431571856609280
1275430807918612480
1275429028644573193
1275428793931280385
1275419613577150464
1275419206335344645
1275253171292528641
1275246819233021952
1275194749150846976
1275194525489623040
1275163813663260672
1275124270956376064
1275084902895988736
1275084524020396033
1275084367203688449
1275084257241653248
1275084205676888064
1274891011341160448
1274853260969443328
1274805096409227264
1274804194092843008
1274751360999682048
1274712392660709376
1274702249353048064
1274701459473362944
1274485124105551873
1274479489741807616
1274477695569522688
1274458561058242561
1274440540667342848
1274440151855329280
1274432794018541568
1274427941569478656
1274427266114572289
1274425168069144576
1274420030097158145
1274419615578247168
1274372515213668355
1274353854750965762
1274166422793449472
1274166323535175680
1274162099371958272
1274132166952157184
1274131916527026176
1274121601177366528
1274120908563640321
1274120126703362048
1274119634820579328
1274118990424535040
1274063081602035713
1274021924885000192
1274021768311697409
1274021495426052096
1273974784309596161
1273638755862081538
1273635761615601664
1273635343162433536
1273610532579229697
1273610080290660352
1273609951244505088
1273607394744926208
1273607048584781826
1273600266768535554
1273426587912790016
1273418329269518336
1273416648293113863
1273389636644007936
1273387662821388289
1273361807512485891
1273314140480659457
1273276925587320832
1273273287221493761
1273018331772010497
1273017418818785280
1272938440653324288
1272934930297708550
1272931674808963073
1272930777261420545
1272919504696139776
1272554525270765574
1272293516727603200
1272221834981736449
1272215762602688514
1272190824189620224
1271853461622194176
1271850382134632453
1271849735653961728
1271830766977073152
1271804687809822722
1271803492747735040
1271502148040183809
1271484641292062720
1271477280372453378
1271476803853414400
1271450798275231744
1271246465801744384
1271222997689368577
1271221937583185920
1271147844905209856
1271142826835759109
1270543143096553472
1270532333657980928
1270365900131102724
1270365606986964992
1270139003270860801
1270136798878920704
1270122961765195776
1270083592857636864
1270052473546215425
1270013229486313473
1270013177816731648
1269757260089065473
1269659306615427074
1269324436936650753
1269322523675463681
1269322337096089600
1269321985198141444
1269301169001656320
1269254920936415233
1269070527345250305
1269000681236557831
1269000138346786819
1268956242665340929
1268953012757655552
1268915387216748544
1268915335635169280
1268911629200023552
1268892014029885441
1268722955342671872
1268722523404787712
1268720603764191234
1268715748345561094
1268715526739513352
1268715300830105600
1268710686533677057
1268683546866020352
1268683411016695808
1268676741632950273
1268675817409671168
1268563451032432640
1268530562202910725
1268358777545187328
1268358331451596800
1268300824221904896
1268282204116803587
1268272882695585792
1268272677749309440
1268178062744580096
1268169412873342979
1268006080828727301
1267969783909085184
1267896188381958144
1267883092099751938
1267880857638891522
1267542090176557056
1267540461415092224
1267540432184963072
1267499611272298500
1267481150907277312
1267476367618084865
1267466084438831111
1267465886358593537
1267464589857320960
1267265637946060801
1267263882365505538
1267199541444349952
1267197904474669056
1267186956066119680
1267163775045472256
1267163750995353600
1267144935825784833
1267098616851656705
1266839521041084416
1266838610889736193
1266809833258225664
1266806953554014208
1266806904308654080
1266806622749261826
1266779147126231040
1266759892125138944
1266755236737060865
1266509239830245377
1266472146835927040
1266470022278344704
1266461222108446720
1266461005376151552
1266438038332137472
1266436800995708933
1266211461170294784
1266189512494813185
1266123888573902848
1266123807955144704
1266120186819514368
1266072602004434945
1266066163135475713
1266058139750694912
1266022197396533248
1266010104647741440
1266000226881376256
1265993251573530624
1265973005110308865
1265838096848834560
1265831755115716608
1265825985452052481
1265825823765917697
1265736042058936320
1265718588846956545
1265715264361869312
1265679649473888256
1265679528283607040
1265679365716635649
1265671986656624645
1265668979290300416
1265477793099288576
1265477708290486272
1265466346713657345
1265458164473843713
1265422226955710464
1265328390153748481
1265295386941353986
1265294678645071878
1265103110340370432
1265042426881667072
1264974179599740933
1264940243620257792
1264913740056551425
1264699389429219329
1264685914514579456
1264678392302956544
1264678235628908544
1264588872412876800
1264585889952329728
1264578978427236353
1264578116426412033
1264574210564714497
1264358805489348608
1264223742487486466
1264223207923388421
1264196998040698887
1263916607933308928
1263880353883684866
1263877064953753601
1263864294589870080
1263848018614185985
1263843479160938496
1263843159429099520
1263649487873912832
1263562901635260416
1263559408367239168
1263555108165435392
1263519564853243904
1263489100796932101
1263487888785723393
1263248637129191424
1263179292281671680
1263129392097591297
1262925812073824256
1262924959325851650
1262921892698058752
1262921661617233922
1262798585994735617
1262766906219458560
1262766881385013253
1262766845360103426
1262763863675514884
1262412512835731461
1262409183078387713
1262382089716076550
1262152308026077185
1262036971964137472
1261796677993676800
1261785292681252865
1261759641484005378
1261738179742167041
1261496138873532416
1261495794630197249
1261444073493127168
1261442550147104769
1261433912233824257
1261433465423069184
1261430599899680769
1261417692298244096
1261406596757766145
1261392665943224320
1261339457678004224
1261335604324741121
1261333863646691332
1261333715210256386
1261327357446508545
1261326977199255552
1261039437305135104
1261039150062432257
1260969007345135616
1260966351230742528
1260960708226768896
1260947487319224320
1260936953211482113
1260930104982552584
1260704017576947712
1260664748963557376
1260664102122217472
1260659093066223616
1260616382988775424
1260616329075191808
1260243920992100357
1260233620293218304
1260032137303998464
1260030605024063496
1260019201781071875
1260014475110805506
1259944646446166018
1259935622963159041
1259843841567457287
1259842190026485761
1259842081188544513
1259840374823981057
1259637195884748801
1259637142180909056
1259630642221875200
1259621669703827456
1259567171073523712
1259266289572253696
1259199422874845185
1259199295745519616
1259170844829347842
1259163757877407745
1259155373472092161
1259153718504636418
1258816931894706177
1258798639054376965
1258749566226010114
1258531219802710016
1258529846075916288
1258403819769049089
1258153817696120832
1258130538340118528
1258115272839327744
1258093722069168128
1258076573451694081
1258069476634853378
1257790104552108033
1257779609543651328
1257779309235732482
1257767432854179840
1257723560379838466
1257723152781598720
1257722982283108352
1257702704291311616
1257699077006848000
1257698922664845312
1257683798222794753
1257329500871786505
1257151999935578112
1257151563002343425
1257139121765511169
1257131479441653760
1257131367860629509
1257046427345154048
1257036243256262657
1257029382066954240
1257029128928149505
1257028326159339523
1257000395575975936
1256606885081346048
1256598732843282435
1256594684622761985
1256302206002724864
1256274833500848130
1256254096798957569
1256253927797866496
1256238467027046400
1256234801318764544
1256225800854085640
1256198318478131202
1255967507757719552
1255926967024496640
1255889828173889536
1255862466443005952
1255619886014816256
1255600459185704960
1255599857638576128
1255599655322148864
1255560087562670080
1255547658875232256
1255540062726402048
1255536576303636480
1255534251178672128
1255508697285083137
1255489547519119361
1255476216683016194
1255292432268345346
1255292281382490113
1255292266098417667
1255291508636495876
1255291223880974336
1255290824658759681
1255290503848960000
1255256157918318599
1255140571988914177
1254935486797316096
1254935319142514688
1254935023658037248
1254821867149332481
1254789452993445893
1254786307332517889
1254785993258885124
1254514047963164672
1254460897235361792
1254433962539094016
1254407909133312000
1254145161682022400
1254058641230970880
1254057651480039426
1254053301802262528
1254037574374420480
1253889291110899713
1253865617553154048
1253864986339770368
1253864667673288704
1253863738257469440
1253863014547116032
1253859815073280001
1253859354098298882
1253858082205003776
1253857243042181120
1253855147291111426
1253854211575443457
1253848655934533632
1253847236359798785
1253846356386410496
1253841058066165760
1253839445826002944
1253837130977009664
1253836307282812928
1253736557267128320
1253725213851701248
1253687242058424320
1253685805874208771
1253685278478184448
1253431830994280449
1253352260232511490
1253352034444640257
1253351768286789633
1253340158268551171
1253339057280610304
1253338935733805059
1253326933372227585
1253151751043117061
1253147654629933056
1253032382669545472
1253032350822227969
1253021022665621505
1253010980348420101
1253002809001172992
1253001353015619584
1253001093644091392
1252679271874654208
1252678722529837056
1252667567581179904
1252667478594908160
1252656055655337986
1252653991516729344
1252646747504914432
1252644891256975360
1252614759695802373
1252606940137418757
1252606835355336707
1252593517227991042
1252590850732744708
1252343757749366787
1252343706289451008
1252334185198415873
1252332439256526849
1252329907025108993
1252329861181403136
1252308963401453569
1252268387260002305
1252266578709639169
1252258695200665603
1252231179098484739
1252231007505313792
1252218789657075719
1252054003535372289
1252052527442325505
1251900793545867265
1251859394179915776
1251857855545630720
1251623144302931968
1251572538456469504
1251552529755717632
1251550887148875778
1251547589477986306
1251546822176239616
1251546498744999937
1251530387781607425
1251526636530397184
1251367528699277312
1251334233039101953
1251158116038701056
1251158107947855879
1251135011048132608
1251132749554962432
1251129513930395650
1250949257089044481
1250923235916447744
1250891421139079168
1250849254517567488
1250811788645416962
1250777975265456129
1250777681357987846
1250777316847828999
1250424873249210368
1250418132537053187
1250239676390100997
1250185665372807168
1250183391300841473
1250129936611864579
1250109572875866112
1250109510422683649
1250087821534064641
1250085594593550337
1250079466518245377
1250079090138173441
1250078435457650691
1250078170478284805
1250078138995892225
1250078112525635585
1250078050705801216
1250077956912734216
1250077920178999296
1250077885773176838
1250077699164344320
1250077652532088832
1250061197363339269
1250054306662776832
1250052526092644352
1250052325697191937
1249872841710813184
1249871539115134976
1249809815477424128
1249797063484698624
1249738354200948736
1249701494816780290
1249688228577202177
1249687888721113090
1249429886030077952
1249328750124130304
1249012832043065345
1249005852217856000
1249005694226812928
1249004890208137222
1248726012877082624
1248708269373177857
1248694900746358784
1248676260529635328
1248654637432881155
1248654491592736768
1248645685320146944
1248641315207647238
1248348223887912960
1248315956411039744
1248315865197506560
1247929496675606529
1247919560230973446
1247893999781679105
1247893417801089026
1247658591361708032
1247591950812721153
1247563092357087232
1247555068942942208
1247551112397213696
1247550448745074694
1247550066048425984
1247549739748319237
1247549410218672128
1247549096396640257
1247541098941042694
1247266678498414592
1247229041427374082
1247210452590817280
1247210350006558727
1247207172586352640
1247181920439431169
1246811573869359105
1246637825765736448
1246476991395540994
1246248109392326656
1246247661046353921
1246192710328836096
1246181568067989504
1246157786402017280
1246157656483487744
1246105911296311297
1246105657079500806
1245825058955595778
1245819475179393024
1245816722197643264
1245814853014437888
1245802210463592449
1245716520119885825
1245716403639861249
1245715829531873280
1245715365662871554
1245715337535844353
1245352474464014336
1245097453822439424
1245091053486477312
1245085067472302082
1245066914277126147
1245058876359106560
1245045347304345600
1245034538608128001
1245022077767135240
1245014638414016518
1245014499058266112
1245014292178456582
1244643207238938625
1244619426399318016
1244616489044283397
1244312060831252480
1244306679602089984
1244001873775882245
1244001474683604997
1243929775837597697
1243735161679671297
1243734799316971520
1243734066488172544
1243729619489964032
1243728660009349120
1243726763168894979
1243726340894818309
1243723330617667584
1243719768760135680
1243719591634726913
1243718850551541760
1243718227730948098
1243716984694439937
1243712061214871552
1243711365807669248
1243710643514949637
1243709969637052420
1243708555208716288
1243708469028327430
1243707629706170368
1243706038932533248
1243705756400021505
1243705297400520704
1243701686394208258
1243701500485877761
1243699382006022144
1243670924039049217
1243670813057757185
1243662925484552192
1243658984180989952
1243646431262429184
1243644408823558144
1243631290470916097
1243620474786963458
1243620003720491008
1243595009225396225
1243561631012941824
1243561330365218822
1243558569523302400
1243555960922112000
1243210354361958400
1243181253135757312
1243172053265469440
1243161179565899776
1243159985678217218
1243159542185123840
1243159219412406275
1242957861228908544
1242951265417453568
1242923587201196033
1242886953730637824
1242886731277328384
1242816771016417280
1242814823332638723
1242812169042800641
1242812024913948672
1242783765539082241
1242626386835079168
1242608083903209472
1242608022104371203
1242597632133890054
1242597461132218368
1242593806110691328
1242589919815413760
1242558864630792192
1242546840702050304
1242533300511444992
1242532631859703808
1242532252984041472
1242496127737323520
1242495218059902976
1242493755229270016
1242468133354389504
1242467663953055750
1242465278648152064
1242464883842510852
1242294347426480129
1242270805318184960
1242269440747515904
1242266870230552577
1242266549932527617
1242219426750935041
1242218583049957382
1242218204816015365
1242217973294575616
1242217792100691968
1242147032845799424
1242120925509607432
1242117192058957826
1242107950220472320
1242069172651061250
1241866123588452352
1241828926667644928
1241764536320815105
1241764251812823040
1241715587304140800
1241409109347299328
1241409011615805449
1241408749140447233
1241408696745250816
1241350172791078912
1241349867315720193
1241129808722984960
1241093559861645312
1241088283607625728
1241056986554232833
1241010118411448323
1241009903361069056
1240769987205148672
1240769906653532160
1240728399540137984
1240727975420522496
1240727626429288448
1240716017187164161
1240715678023221248
1240642113701724160
1240629910973984769
1240628586874163200
1240375629205274624
1240334279155912705
1240334098402430976
1240328933989437441
1240328704875581440
1240328398360023040
1240305354426052608
1240305236331225093
1240305046505455616
1240294136739069952
1240293680633675778
1239942613156818944
1239942577366818817
1239739353129156608
1239737217347727360
1239737155959824384
1239732317591142402
1239730808375648256
1239730311816151041
1239728395929477121
1239727998066196483
1239727342622322688
1239726953696985089
1239724384006344704
1239592733263659014
1239592703379243008
1239586264078221312
1239547351615840258
1239539849700442116
1239537504073789440
1239536543439732739
1239527466802315264
1239342414508277760
1239341135216218113
1239330370228752384
1239261786026770437
1239255535565836292
1239255502359576578
1239238870455275522
1239238833004253189
1239198459829391360
1238982219286245377
1238978796352614407
1238977911862034432
1238976060164837377
1238975685202448390
1238938810290974720
1238937636825415681
1238925114227523585
1238924960225165319
1238924465465155584
1238817848224550913
1238814348455350273
1238812495986507777
1238806121596542977
1238588732913127424
1238588556634992641
1238476815930449920
1238476600078995457
1238476188013809667
1238470348234002433
1238460128485048320
1238456209033871362
1238266901912072193
1238266834438234113
1238263537606242304
1238262080010096646
1238261190129745922
1238127936982712322
1238127794149867520
1238108860872830977
1238107751445823488
1238088695036739584
1238083486034079750
1238080177730662400
1238079996587106308
1238079865389268992
1238079669968293899
1238079107017162753
1238078930453696512
1237911425672151042
1237763052436688896
1237762699439886337
1237762524558344195
1237762430400331783
1237722078947807239
1237526777141944320
1237502578252025858
1237501674085900300
1237378729955004417
1237378474312171520
1237378389125804032
1237373971307380743
1237366166978527233
1237139230528352257
1237114159122321413
1237025893853335553
1237020830414094340
1237000541005381632
1236999997356376072
1236830114375176197
1236813657566306304
1236806341378879488
1236723394969772039
1236650631819075585
1236473292770422784
1236277955321569281
1236048227742502912
1236047917473021953
1236047669770031104
1235963472149721089
1235666517733314561
1235659634083590144
1235659351488159745
1235603427662663681
1235599606664163328
1235592758523342849
1235591031011360768
1235590434820370432
1235588676220006400
1235577725366218752
1235570778403491843
1235570502300626952
1235387613579808769
1235379970706468864
1235356500232753152
1235356395693903873
1235311044958003200
1235288318323167233
1235234933054074881
1235223369873854467
1234927400691097600
1234927191294709760
1234915112617684992
1234890713051074561
1234890652963479553
1234890616745709569
1234889176384000005
1234883922263187456
1234878843028230144
1234878684512825349
1234568781210497029
1234568410752802822
1234525952992063488
1234502644519047169
1234500361941065734
1234498205007699968
1234477076507435008
1234476992709435392
1234160710336360449
1234154756731437061
1234154191012159489
1234136485093421057
1234121891415236613
1233813163876999168
1233790571619196931
1233790440635346945
1233790090129870850
1233749024282480641
1233533755173875713
1233531169771315200
1233393101730910214
1233391373258313728
1233198262246629376
1233138704451080193
1233138352754511872
1233136225890062339
1233136115990908930
1233042605350539264
1233042545472659456
1233028164626022400
1233027415066193920
1233026667142090752
1233026273355718656
1232798768946348039
1232686774268366848
1232684354754793472
1232683886766968832
1232674099434020866
1232673833557069829
1232673517335908353
1232353677735874564
1232337252128350208
1232303118051876864
1232293580103913472
1232077207402635264
1232076072411373570
1232038850169622528
1232038817848340481
1232016022305198083
1232015563133784066
1232008586441764864
1232008430145110016
1232000730418106368
1231975169352056837
1231966083889999872
1231962954989481986
1231962914082500608
1231962864061210624
1231962823980441600
1231962773946544128
1231678540271226885
1231678186993471488
1231383641701392384
1231383487594336256
1231282712411037696
1231259111863574528
1231259075155054593
1230862139868536833
1230592676699004931
1230521674774257666
1230519899686100993
1230519875178770432
1230518584612401155
1230518138581725184
1230517695004672000
1230498595679371264
1230341311703769088
1230340372427157505
1230236245390974979
1230235802917068801
1230218974396342272
1230218857073254400
1230215027120115713
1230197739335700480
1230171734977982465
1230147992205905921
1230142868850913281
1230142643763466240
1230131259524943874
1230131156328341505
1230121548637523973
1230097454865027073
1230096989217599488
1229900431733796864
1229900174606073861
1229900081442250757
1229834972334362626
1229828243437621250
1229820228189728769
1229817138996748295
1229816215876653056
1229812009711079424
1229800642321014788
1229540528393506817
1229506205787316227
1229445181298094080
1229430128855441410
1229392982194950144
1229217471695114240
1229152509270380546
1228699961946185733
1228694718307012615
1228684575301349376
1228425706595659778
1228399448247631872
1228344271763361793
1228312038562201606
1228075948354031617
1228075396727476225
1228075313910951945
1228059053710102529
1228058754979115013
1227991778986471426
1227961293623132165
1227765952055517185
1227747612486488067
1227723981198893056
1227698088590106625
1227697751774957568
1227615983084429319
1227615870140194823
1227614202283601922
1227598866696069121
1227598405008056320
1227293655993638912
1227256304646881285
1227241546984062976
1227241282436812801
1227025986052612097
1227025701334847488
1227024062737715200
1226979718005710848
1226920946512121856
1226910141011963909
1226909874526851082
1226909367041232897
1226909088023535616
1226894557763248130
1226892818481844225
1226876363233251334
1226874776121155586
1226679294858072066
1226679027144019970
1226644521418678273
1226556020673196032
1226554870024503296
1226263269951901697
1226167434719236096
1226167411512139779
1225949660952612864
1225948959790837760
1225948253390282753
1225947417931063296
1225947276377559040
1225946814542700544
1225817696778031110
1225581526072557568
1225495179550961666
1225173857931333634
1225156314210471936
1225156292634992642
1225069168468406278
1224781828332163074
1224740754771402759
1224732964057243648
1224387733973622785
1224377297114890242
1224377226898083844
1224041109669732353
1224034228008030208
1224034182478868480
1223996692330094592
1223996629390368768
1223977473517420545
1223720400703631360
1223354684854939655
1223278890845601792
1223278889948020738
1223278888954015745
1223278887792185345
1223277552418131968
1223277284544720897
1223247056111841280
1222918924548952064
1222903365958610945
1222858996257902592
1222858893258301440
1222697826163068928
1222627100793896962
1222614139643756544
1222594673383964678
1222593694429327360
1222581987761905665
1222545915518558208
1222544901012967425
1222540604036599810
1222531050016051201
1222530570103685125
1222519665378955264
1222175690734424069
1222174971805478912
1222174442698223621
1222172976113520643
1222172363254632450
1221985966052777984
1221985791137714177
1221851893590347776
1221840632832036864
1221836268075716609
1221818124216958982
1221815288687140864
1221593269206945793
1221574803771052034
1221548187166658561
1221546581448708096
1221535171385659394
1221449209909514240
1221443663106072577
1221129050686738436
1221100453494231040
1220813652422549505
1220812760986144768
1220812544182497280
1220717720091742209
1220698559126917123
1220698026215428097
1220441066291318785
1220441032246157323
1220373392953696257
1220371259231559682
1220370792783007744
1220370349818368001
1220080218012110849
1220073000051073026
1220072738553024512
1220012375639830528
1220011832003395593
1220010502362947584
1219774692443279360
1219773737190535168
1219732669824753665
1219657819068256257
1219645065712295939
1219635209576091648
1219635182132703232
1219628120287973376
1219620584155426816
1219614960944394241
1219612906230308864
1219442439309623296
1219442261722832896
1219420372795260928
1219409968564244480
1219342746802061313
1219270579137712128
1219264693086408704
1219096458269548545
1218963156975980545
1218916180032999426
1218739489239195648
1218739270707531777
1218689373287469058
1218560458850029569
1218557624549023744
1218199650022445056
1218199564051722241
1217576555796488195
1217253016165912577
1217184083610165248
1217105958888931328
1217094194965204997
1216907762661236736
1216765536299835392
1216764726581125121
1216753181906083840
1216562855803346944
1216469823259119616
1216467708197339138
1216467433801822208
1216001467204689925
1215733033371828225
1215731345906978816
1215648845541126144
1215323044736118789
1215303336733421568
1215302941340524544
1215264480369815552
1215263132291141639
1214989299084648450
1214948470353793024
1214948358437187586
1214928348629086210
1214905423431684098
1214706490688323585
1214706157023092737
1214643757636890627
1214584859315834880
1214579481442242561
1214572262386544640
1214571573019058177
1214218939187773440
1214218851916890113
1214211000515416064
1214210413354766337
1214210149658877954
1214199781142212608
1214199492091793408
1214199211262193664
1214191164070547456
1213854083586629633
1213241889891196929
1213219389782286337
1213171746297303042
1213171732338683911
1212941396161810432
1212936727330996224
1212827114833092613
1212811048874643456
1212761633027698688
1212761324800876550
1212720348317339648
1212717504948248579
1212417991687708672
1212088160861278208
1212070456829890561
1212054639874650112
1211690525411172353
1211674310093488129
1211670286342512640
1211430833560653824
1211322404233809921
1211139785370132481
1211060547963080705
1210594335944691712
1210592922837508096
1210378858249125888
1209888058151034880
1209852921946361856
1209851208178880512
1209850381884215297
1209502009390325760
1209501716464324608
1209489718473195520
1209237490118193152
1209237214279847936
1209187507994279936
1209183229628035077
1209168308458737666
1209168186597429249
1209160669142102017
1209157237169643520
1209152209851695105
1209096503500902401
1209096306876145664
1208816916590149639
1208766641447854081
1208752482526093312
1208752169547182080
1208751805632516101
1208434336414011392
1208433845881753601
1208423293969141760
1208405147673649153
1208404962960650252
1208144685576990721
1208096357648609280
1208092516966391809
1207748121121509376
1207742332671528960
1207739191259475974
1207732053359366144
1207683548922208261
1207679292152467462
1207679122857693191
1207673610476949510
1207657655290023936
1207655400016928768
1207655314587357185
1207431946479034373
1207431717583282177
1207138318179295232
1207004132382515200
1206957864406917121
1206957518536269824
1206728021840945153
1206710020936744961
1206662214746333184
1206391611548164098
1206389436814184448
1206381262358896640
1206326210353156096
1206244292899024897
1206243588587298816
1206063410380779520
1205918861175992321
1205918576286326785
1205910205986459650
1205910129364865024
1205883268886913025
1205883003723042818
1205871740582289411
1205139169837752320
1205137140365103104
1205136643369394177
1205136127428042753
1204497712059686917
1204459150639599616
1204458591434035200
1204217168612773894
1204069182209429504
1204069165373513729
1203718613380694018
1203706580421746688
1203705908326481920
1203705676851273729
1203705401579114497
1203692552571912192
1203692163235663872
1203389312592576512
1203388872819740672
1203387953675784192
1203124414872580097
1203012035375779840
1203010747313393664
1203010454450311169
1202590670386581504
1201859211380101120
1201538604197142528
1201487358992044032
1201297284102836226
1201293781796114434
1201283217803886592
1201181881708040194
1200961759898750980
1200917380727222272
1200916282121576453
1200888772465967105
1200867555356946432
1200865629915557888
1200426198309965824
1200419693175148545
1200166921133539329
1200142527451545600
1200142515179012096
1200135662260936704
1200117133340008448
1200059012957528065
1200058361254993922
1200053287518711809
1200052682863644673
1199746497413292039
1199746314000642050
1199065412740222977
1199002491549081600
1199002086731665409
1199001869173088256
1198988139823587335
1198974013374115841
1198973742841581568
1198709858587070468
1198709227763703809
1198329504156008451
1198297232149221376
1198269501235707904
1198015350480232448
1196943993784950785
1196824178558676992
1196824093330493440
1196061547556212736
1195389279318532097
1195324303157473280
1194682156804640768
1194650131146190848
1194636874163216385
1194614800019525634
1194613858364776449
1194324094474506241
1194322326726291456
1194322110946201602
1194322031787073536
1194321153516429312
1194281298040426496
1194281252641234944
1194261564083322881
1194256463088234498
1193928546923810817
1193583375044501504
1193545594209538049
1193212036697804800
1192825087508045824
1192784103982153728
1192449141848395778
1192445308325765120
1191887706630033409
1191881466759827457
1191873791439314944
1191696836224000000
1191388298276691970
1191387392135045121
1191358115939340289
1191075368536547328
1191074910224994309
1190384792753385472
1190253182112477184
1189983111465054214
1189954990519017472
1189928951856148480
1189928623907753984
1189892766559551488
1189626588192743424
1189626342498865157
1189555215915204610
1188474930716954624
1188445411528318976
1187747642186620939
1187532640506830849
1187529207808704514
1187517635141029888
1187373495254208513
1187352514049519616
1187350650168004611
1187083610945400835
1187077488679309312
1187076437112692736
1187076262780657665
1187009741626720257
1186992731090014208
1186978862502174720
1186689245609713664
1186632435213189122
1186631846538436608
1186621071316996096
1186410339455393792
1186370166592102402
1186321289553895429
1186321250005766146
1186263859457343488
1185898695528726528
1185671515855097858
1185570333996257285
1185570038453067781
1185541925245542400
1185541135915196416
1185540471684321282
1184820123561005056
1184813494803283968
1184533261038641157
1184465069750521856
1184464232185843715
1184463061333225472
1184450670038081537
1184217521135738881
1184187557728477187
1184126551463518215
1184118308209078273
1184117947809308672
1184101122857996288
1184100007668015104
1184095500733210624
1184095367459147776
1184095321049260034
1183773401191714816
1183773370200023041
1183773298414555137
1183760614885412864
1183378999436816384
1183028494562926593
1182677671907659777
1182657340333527040
1182395206915842048
1182326670256218121
1182326216319275010
1182291376840548352
1182288302847778821
1182284721960767488
1182284559775358976
1182279679035822083
1182076304289681408
1182072674949959685
1182048975601520640
1182007642035765251
1181979807288045569
1181979446892478465
1181939918723006464
1181932855594803200
1181932768659431424
1181678791514611717
1181572404260347905
1181570291358670848
1181560025808064512
1181559713521176577
1180846598823305220
1180620570129571842
1180559965750202368
1180550428095864833
1180514010493575168
1180209332287352833
1180174144392052736
1180141606709731328
1180131010761150465
1180129814524637191
1180035040023126016
1180031089513025537
1179743717290172416
1179743512469921793
1179393311783694337
1179128821284577280
1178814800962506760
1177641214490873857
1177637958054273024
1177595916733308929
1177594394523951104
1177260053352632325
1177243774604447746
1177223283646914561
1177014429264809984
1177007750393581568
1176955522488164352
1176945916516978688
1176943592348233729
1176943362458492936
1176943115300683778
1176605157842284544
1176603878587920384
1176566412489281536
1176533248102424576
1176533054380072961
1176266648011059200
1176160904368599041
1175079051654041600
1174649352809340933
1174374378634711046
1174348759079280640
1174054246284693504
1174035466070441988
1174014672925798400
1173968505672257536
1173614904655437825
1173330493116489729
1173240007529762817
1173220940781694976
1172929895363686403
1172888912580292609
1172532507729899520
1172532206738255872
1172501007244374019
1172470299423576064
1172469432242843649
1172469194132262912
1172173781844090881
1172126132159864833
1171789722114564096
1171789696499949568
1171789620591374336
1171789506443448321
1171755788005720065
1171755761418014723
1171755519310213121
1171753554052358144
1171749343801593857
1171597329289363461
1171596731466883072
1171596506962550785
1171442958748401671
1171392909716918274
1171392341015453697
1171109452445097985
1171078642853695495
1171074823562387456
1171022763181654016
1170723120476540928
1170093809293824000
1170025100906762241
1169692932443688960
1169680223283097601
1169680144476360705
1169679667261038592
1169668492855054336
1169667445315067904
1169605675208630279
1169605448049332224
1169604502128906241
1169576733764440064
1169392957625180160
1169392752758599680
1169358231820537856
1168886706977890312
1167418621729095680
1167074460626759681
1165951827428462593
1165255334757306373
1165255079097753601
1164957003598446593
1164911085834690560
1164910435696615426
1164864116579819520
1164232459199885312
1163417821323431936
1162753810613379072
1161649351053238273
1160907405120684038
1160234334013595648
1159897008393596929
1159887531321643008
1159881601955897349
1159866336115343360
1159864870424252416
1159864482308460545
1159601070122917888
1159572021287645184
1159529130729320449
1159483670266298369
1159136797982699527
1159128945377337346
1159107255792521217
1159104886673465344
1159104639981240320
1158735435922845696
1158734621946863621
1158410727042015235
1158399596118384645
1157268268949868544
1156933130185560064
1156695046525214720
1156551104693440512
1156543762887249920
1156326687656820737
1156325963820654592
1154392776953487362
1154384155356127232
1154383989081346048
1154383953261936640
1154383647845310464
1154125148062126080
1154071409750151168
1154020359508770816
1154014634288005120
1154014475277799425
1153761446356029440
1153672740005715970
1153672052483788800
1153380930041634817
1153380806309625863
1153380796029460482
1153380779801677825
1153358813099102213
1153358674330628096
1153358535536852993
1153358256078753797
1152962205610119168
1152590123168649221
1152585876729450497
1152574119021547520
1152573341510885377
1152571833419517952
1152278545777004544
1152274096681619457
1152273763314098178
1152221884794228737
1152221606925733888
1152221165915639810
1152220083143565314
1152204633919635456
1151904284801474565
1151899821600595968
1151898110228094977
1151596312019853312
1151507129758445569
1151507017330126848
1151496441476476928
1151496130707877889
1151480638500818944
1151136698979385344
1151136036161900550
1150957328092553217
1150932073596772352
1150864947875704832
1150860202083700736
1150859233119764481
1150437728099688449
1150145680670773249
1150145344665055232
1150144758972424192
1150054132054577159
1150051864123076608
1149769303169757184
1149725060812271617
1148944828987838465
1148930908914966529
1148930803944034305
1148596122304360452
1148595709370884098
1148595406999347207
1148415512801632256
1148415471282249728
1148414179566641152
1148238951842533376
1148238882401660929
1148233361112162304
1147937083773849600
1147885246207156225
1147884879792812032
1147884524380012544
1147278708526501888
1147213030385733632
1147209864214667264
1147142040104386560
1147138555858366465
1146823931770429441
1146784275985047556
1146782843013668865
1146779527579938817
1146779380041035776
1146772282397868037
1146418637030481921
1146418404934520832
1146395575862120449
1146395239705432064
1146218446587404288
1145312611355021312
1145312155220230144
1145299558395723781
1145298977249746945
1145298007304417280
1145092531962699777
1144610664922656769
1144610504314433538
1144610280518955008
1144586810552700929
1144586471745183744
1144353407425290240
1144217543793631232
1144217010248867840
1144204390506606595
1144203947281981441
1143893072574636033
1143873796287451136
1143870943699308544
1143867795555438592
1143866947479715842
1143620178892247041
1143573094440800256
1143523181183033344
1143522331362508801
1143519912247406592
1143513698675433472
1143205928235347972
1143129331058839554
1142433508444528640
1142432695974277120
1142432348111331328
1142063323338272769
1141746815517245444
1141740342544408581
1141739912225595394
1141738036092375040
1141737830399598592
1141683435649556490
1141677353816469504
1141346373436104706
1140985859925250049
1140985841952710656
1140985292813475841
1140985271170863105
1140984942668734467
1140253033856737280
1139993979221630976
1139939786246934528
1139939730257301506
1139932363977306113
1139895000634974208
1139892823438893057
1139892693289578502
1139892517284040705
1139209525167308801
1138845550747541512
1138845497702174720
1137358821360357379
1136733507059949573
1136726551167455239
1136724108790632449
1136641242538893317
1136317942864461824
1136315273718484995
1135911416970522624
1135897047876427776
1135887589741907968
1135887231783231489
1135879249682948098
1135580594296016898
1135507325823979526
1135203983247708162
1134993100420648960
1134604093392130049
1134599655881433088
1133350929133113345
1133350117745057792
1132272856040202241
1129472778133020672
1129375956756570112
1129361555877974016
1129356003106086915
1129071970820263937
1128773232876806144
1128758571955576833
1128754681809911808
1128746028025380866
1128745078816681985
1128638756225941504
1128637505698500608
1128636859213594625
1128636775629504512
1128636644679127040
1128381669361225730
1128333221467435016
1128288444134850561
1128283553475825664
1128073205573455873
1128072939545382912
1127953608299827205
1127938920614899713
1127912174486261761
1127005339155611648
1126928973592711168
1126856351660093442
1126557105694085121
1126498864763109386
1126495759120175104
1126495687238148096
1126485719189532672
1126485595897856000
1126208789307375618
1126205312267182081
1126140576926175232
1126119960135204866
1125853589572812803
1125852242144301056
1125851339693658112
1125851284215664640
1125840090952085504
1125839975466053632
1125839421155303425
1125045667368452097
1124299487273472000
1124290235326767112
1124290118645370886
1124279378479857664
1123647028695846912
1123605774331187201
1123595717971521537
1123322548601507840
1123218173438898176
1123217955007889410
1123207699066499078
1122907617431625728
1122906016637693957
1122906006768496641
1122905715146985472
1122881508476219392
1121740027996852224
1121739851194339328
1120773524031967237
1120773173899943936
1120665376986161152
1120664145093976064
1120663936867753984
1117739208297340930
1117552025296936961
1117076294896902144
1117075668360204290
1116809025650417675
1116808854191464448
1116709814023991300
1116709796454047744
1116374093912260608
1116303894613778433
1116289091551756290
1116288913956638724
1116041605037871105
1115220568721231872
1115219392898445312
1115218798758506496
1114507857049915392
1114225798024781830
1114206025844965376
1114195438578671618
1114182981223055361
1113769624238219265
1113765921192140806
1113765904372969478
1113765649644498946
1113526332460236800
1113514318946078720
1113514103308464129
1113513783832522752
1113513347666907142
1113513176384135168
1113513127939837952
1113512998172340224
1112691423193767939
1111246103607996419
1109438636888604672
1109426327780814849
1109074484420636679
1108329672239124482
1107384259809931264
1107252487986315265
1106887334287630336
1106887249789181952
1106659298824736768
1106659271633035264
1105846486473105409
1103977920756887553
1101465920688611329
1101131737135022080
1097131374551683072
1096838710790946816
1096838613004963840
1096797326532702208
1096797046378397696
1096796914832429057
1096404224794157056
1096403936381206528
1096402525564088320
1096402376175640576
1093890203733901313
1093872881099071488
1093670713712611328
1093624535444848640
1092535149143699456
1092523943490142208
1092515854242193408
1092455738520162307
1090258967165579264
1088220883888599041
1087361675798417409
1087347893906927620
1087346866520510464
1087329116788084737
1087318002960424960
1086659908651474944
1086607590958776320
1086607536109821952
1086322402777317377
1086213710878834688
1086203288998068224
1086062114182234112
1085863904968724490
1085849593928138752
1085849299177615361
1085788072044707841
1085788027803324416
1085787929660870656
1085787764732264448
1085787620859355136
1085787339350335488
1085553680567488513
1085353594507923458
1085155027134615552
1085150957791531008
1085150786101936128
1085105894621368326
1084990256481480709
1084989466853474304
1084485995515576321
1084485783589916672
1084455577990893568
1084455536869937163
1083822337299046401
1083814285233532934
1083814236059586561
1083728817309519872
1083699586756153344
1083697442770571264
