1330474145038151687
1330320480293842949
1330248952030105606
1330248395257155584
1330248114742190087
1330246616297639938
1330245721111621644
1330245578194890755
1330167268756647939
1330166796935180288
1330166683248566272
1330166662436429826
1330166550280736773
1330165786044936194
1330111903352434688
1330011941167902720
1330011031066861571
1330010491595403266
1330010380203126787
1330010156667727872
1329941795753648128
1329941639834587143
1329941560931147776
1329941143971368961
1329940106686451715
1329940018140499969
1329800546904137728
1329800202656636932
1329800077406298116
1329799881494573056
1329799676393123840
1329799256149004291
1329749292165206018
1329671232267104257
1329669767272296454
1329669027204050945
1329668143762075648
1329667805743112193
1329667778559741953
1329667460782559233
1329667127410888704
1329665866850594818
1329665848479506434
1329597886712205314
1329596262895788033
1329595876348731402
1329595700947152902
1329594070902190085
1329593745579384834
1329593565022924801
1329593292464517122
1329386902164697090
1329301785631203329
1329301478574596096
1329301325956476929
1329301030836826113
1329301002277810176
1329300015983063041
1329299671248990208
1329299566395592704
1329299458048352257
1329299304511574017
1329299188962766848
1329299147279769602
1329298716432457728
1329298586014773248
1329298496256679936
1329298420704612352
1329024518912786432
1328894148498305024
1328893716577267712
1328893038865887233
1328891672202276864
1328891622327783428
1328891443482677248
1328891340403449857
1328891068704755712
1328890826286620676
1328890770443677700
1328890700348452864
1328882430380560387
1328882345093591047
1328882228047339521
1328882189094834176
1328882099743502336
1328790842568544257
1328790335418494978
1328788922638479368
1328788272760360967
1328787846459760642
1328786916486025216
1328786882516365314
1328763200318353409
1328763013407633408
1328762608036536321
1328762531456888836
1328761716910460936
1328760742754004994
1328760616534880261
1328760485269950464
1328688179713597443
1328686060528918528
1328685880383582209
1328684527930249219
1328684208429076486
1328683527873982464
1328662151012118528
1328584175818076163
1328584044737683456
1328583499847266304
1328583035613274119
1328582360766484483
1328582290570670080
1328582110915997696
1328582073431564293
1328581588226027525
1328580664158003201
1328580138007736320
1328579973800751104
1328579350300676096
1328578967914377217
1328578464199356416
1328578423468548097
1328578268962975744
1328578095104876544
1328299742527254529
1327937353013346305
1327876499127619584
1327876010495369216
1327702811845521410
1327702128886943745
1327700519368978432
1327574964891881474
1327556160141094913
1327488630491901952
1327487903933603842
1327377830137704448
1327377723367546880
1327212577152143360
1327171124015337473
1327171070164660226
1327170856532004871
1327170799149719552
1327170558199521286
1327170395477319682
1326850186660900866
1326768633926856704
1326768607745994753
1326768561612873730
1326768449985589251
1326768117276667911
1326767996203905024
1326767826783391744
1326767800577388545
1326767721544036352
1326767626488590338
1326767575515140099
1326767420783128578
1326766650851463168
1326766467724013570
1326765570914660353
1326765382867312640
1326765337833050116
1326765129938198532
1326765059511611392
1326764706212814849
1326764484086669312
1326764160886124544
1326764037493968898
1326763968791195648
1326523260071256066
1326520935868936193
1326514705100365825
1326487808853204997
1326453831383846913
1326453645844615168
1326453406827950082
1326453213697019904
1326452937829347328
1326452888843980800
1326452533955600385
1326452128810987520
1326452070862516224
1326267394466213894
1326267174684663821
1326266456372367362
1326263082788720641
1326262627400552448
1326261414646919170
1326261299211276288
1326261254487412741
1326261060047876097
1326260997766615041
1326260967492251648
1326260206871875585
1326260043650658309
1326259428115492870
1326259231989837825
1326258927919566851
1326258657714184192
1326258539321495554
1326258440705077254
1326257932728733697
1326257712724914181
1326257637827207169
1326257613575778307
1326257555681710080
1326256944345178113
1326256833695281155
1326256735192018952
1326157112716783617
1326156824349970432
1326156620519366656
1326156412297338881
1326151630820159493
1326151205781975045
1326150752667127809
1326149759955070978
1326125422967361536
1326025480978436097
1326024960981217282
1326024905855557633
1326023349361848323
1326022693511106560
1326022526951182337
1326022441022468096
1325873554336919552
1325873201281441793
1325873072017186816
1325872923534630914
1325871975940714498
1325871583773286400
1325871105320628224
1325871032998223872
1325870425520398341
1325763041284091904
1325499735638216704
1325499270116544515
1325499160540418051
1325498541733801986
1325400642886619141
1325373087081242624
1325285829347053568
1325285288600612867
1325285254895181830
1325279848416354312
1325279736273178625
1325279427014651907
1325279002790158336
1325278828432928768
1325278703203602439
1325278521598599168
1325278333609926658
1325278277834059778
1325261859738570752
1325261285571899394
1325260381175083008
1325259995517251586
1325259245793775619
1325258587715801088
1325257334080348161
1325256513389289474
1325256022160793601
1325253270965809158
1325252950013452289
1325251964171640835
1325251124555878400
1325250544059944960
1325250205323759617
1325177168914157568
1325176696266493954
1325176254514012160
1325175510209585152
1325175383331909634
1325175240217960448
1325175090347126784
1325174975037255681
1325174915322896385
1325174808015859715
1325164141129076738
1325164089119813632
1325163231917248512
1325163078724542465
1325162707209785350
1325162263163117570
1325161032709533697
1325159422176317442
1325159056143601665
1325158875365060608
1325158767734923265
1325158606979928065
1325158445696258049
1325158247502901249
1325158167521624065
1325158089868374016
1325158028514107393
1325131678285668353
1325038254966517761
1324746799886852103
1324746451587616768
1324745979002822659
1324745818927235072
1324744875548528641
1324744398245105666
1324744189104500736
1324743659733065734
1324742969870700544
1324742801331015682
1324742526700572673
1324742367870619651
1324741710849675269
1324741380632121344
1324740992277295111
1324675858481602560
1324658028361273345
1324657794088394752
1324657361550823427
1324657275747880960
1324657075826446337
1324656569045393410
1324656351226875904
1324655457651347468
1324632784745410566
1324632419593527297
1324631325425442816
1324579819741421568
1324579772643627010
1324579599888601088
1324579452538466305
1324579315967774720
1324579170186350595
1324579056097120256
1324579015483629569
1324578755784880130
1324578710738161666
1324578647144075264
1324578568962191360
1324530683029688321
1324530281089556487
1324530113816481792
1324529943020216320
1324517332518006790
1324516023572320258
1324514876300103680
1324514788769189889
1324514707961765888
1324514645860823041
1324514467502125056
1324514125700124672
1324313478534844416
1324209172876021765
1324208514152235008
1324207470303170562
1324207145835995137
1324206900901257216
1324206522071699457
1324206027856924672
1324205883161776128
1324179223221800961
1324166290982973442
1324165677247352833
1324159573838712837
1324155520064905216
1324155319942000640
1324155243383427074
1324145329340600323
1324144920651829249
1324113444937879554
1324113064619315204
1324112794325782534
1324112672225452037
1324105912341155842
1324105622443511815
1324104814574391296
1324104660911902720
1324102818068910082
1324102798930333697
1324102698610950145
1324102413905727495
1324102163216424964
1324101996144742402
1324084774835662848
1324084652831887361
1324084423348899840
1324072814782140419
1324072536074833921
1323951093664026626
1323896278607142912
1323895342312677378
1323894517523750912
1323894294093115393
1323894035975725057
1323893469744607232
1323893379265142784
1323892363274657794
1323892112694325248
1323891791372963841
1323891668794429442
1323891251742167042
1323877027544502272
1323876114905911302
1323865529225011201
1323865408408092672
1323864033997541377
1323844075771088897
1323843716319223808
1323843048162369536
1323841187367837696
1323837408295661568
1323837310002253824
1323834994838614018
1323834430960640002
1323834359179284480
1323833654771175424
1323833195079606272
1323832884889817089
1323832328465059842
1323828484607758336
1323826862288736257
1323825952510537729
1323823241467744261
1323817102520758274
1323816786782027776
1323816535606087684
1323816378713972737
1323810839904870401
1323810505400700935
1323804351220035584
1323804164317716480
1323803993492148224
1323803728701509632
1323798530666962946
1323798471112040452
1323798381135880194
1323797719115354113
1323797254197661697
1323787471050690563
1323786906270900225
1323730797355032579
1323713895895244800
1323713651006648320
1323713583063203846
1323588720646221824
1323498790318448640
1323498542565105664
1323498065542696960
1323498007845888001
1323497804501757953
1323497556069011456
1323497437898690560
1323497315068510210
1323497258281816064
1323497113293148162
1323496965322268673
1323496927099523072
1323487930330075137
1323487637861212161
1323487582437728257
1323487086046007297
1323486795976364039
1323486482166853632
1323486008994942976
1323485947309281281
1323226313499373569
1323201074648461312
1323200780875276288
1323175032751824901
1322863958248755206
1322778899005214720
1322778343733972992
1322777858264256512
1322777558153396226
1322486440958201857
1322470883542388736
1322470444822384641
1322469492912508928
1322469068713168897
1322124055613329410
1322083748704378880
1322083139460780032
1322083009357598720
1322082585959452675
1322009042974248961
1322008404827799553
1322007330033119233
1322006391477948416
1322005893307838464
1322005770075049984
1322005215583916033
1322004890990858242
1322004565802233856
1321761696940138497
1321673574755799040
1321672682375622657
1321670937138368513
1321670809191153670
1321399275310305280
1321376372300931072
1321375874273468418
1321375637987315713
1321374931838472194
1321374524575784961
1321374110048489474
1321036896399544321
1320966054395392001
1320965913529716737
1320965429230211074
1320965352696750086
1320964794283941888
1320964538347540480
1320963048547516417
1320962889247789056
1320961873299316736
1320961696182226944
1320961610891042819
1320961459464056832
1320961399984672769
1320961237518323712
1320918042923118593
1320917810399350792
1320740097160024069
1320739246030888960
1320674513344815104
1320540358237949953
1320540012404944897
1320539501953994752
1320538115824648192
1320537359973310465
1320536722170617856
1320447820424454147
1320447100191186947
1320446979541999616
1320446674830020609
1320446461834911744
1320446165423370246
1320446043234983944
1320445654049710085
1320444566659543042
1320443960431726592
1320368855873691650
1320368675094933504
1320368590386757633
1320312165471956992
1320233436712488961
1320233282785710081
1320232939943317504
1320232548765716487
1320232119810084867
1320110054910164993
1320109610594947073
1320108576187219969
1320108457798885376
1319960430886965249
1319960262368219137
1319960050321031168
1319959862118387713
1319949722606424065
1319587347885780992
1319547102087778304
1319546989932052480
1319546638243942401
1319546210705952768
1319545557237596160
1319544092859256833
1319543947727933440
1319482721073332224
1319470099640815617
1319467806308663299
1319466539729510402
1319465688189337600
1319465070519328769
1319461049909846021
1319458995585847297
1319458598259404806
1319456707899236353
1319456460846305280
1319453448874659841
1319453409314033668
1319452173311315969
1319451290112503811
1319451046377410562
1319449474641612801
1319449269481443329
1319448148884979714
1319445322700148742
1319442069732118529
1319441907353780231
1319440536466452482
1319440176880418817
1319434070598832128
1319433843271737345
1319433391662661637
1319285870692761601
1319285651745828868
1319285186584997896
1319284985547747330
1319284573088354305
1319284133701455872
1319284087886999556
1319283641755709444
1319283095908970505
1319276931901108224
1319276876137787395
1319276723297374209
1319224960863277056
1319140856708976641
1319140810387083264
1319140719081279489
1319140560133935104
1319140273738350595
1319139922457100289
1319139178932801536
1319138867124076544
1319138674991370240
1319138586231513088
1319138497408716801
1318862562692231169
1318830110733205504
1318829535803117569
1318829415388893184
1318829290138599424
1318828544693313536
1318828397909463040
1318828083080794115
1318827865958436866
1318827701147475970
1318827606431727616
1318827434289057793
1318827337463508992
1318826883660812288
1318826824491728898
1318826515065376768
1318826233476636673
1318826161078665217
1318702835421282304
1318702525927903237
1318702389067698176
1318702075526733825
1318701541444956160
1318701434251206656
1318701257691963398
1318701135545380864
1318701049314791424
1318700997456351233
1318700916304904192
1318700869035110403
1318700764236288001
1318700659118465024
1318700576922832901
1318700519288877057
1318646282181894145
1318646177190060036
1318645616738709504
1318645546438057990
1318645054286798848
1318644796064518145
1318644324045852673
1318644059242680323
1318643542630203396
1318643103016882177
1318642914029916166
1318642782878224388
1318642451851214848
1318642411510353920
1318642352651751424
1318641744301465601
1318500467735867392
1318411169678458880
1318411019857874945
1318410600796639232
1318410290392858624
1318409789756538880
1318409722698096640
1318409704268333057
1318409611016343557
1318409571107540992
1318409408351752192
1318409211664097280
1318409120010149888
1318408955870220294
1318406354655191040
1318406261147394048
1318406015793139717
1318405797773217792
1318405717896908803
1318405646572814336
1318405535927029760
1318405468784656385
1318405407283548160
1318405330452254720
1318274198431813644
1318274081251352576
1318273970496569347
1318273900959203328
1318273468731936769
1318273366139281410
1318272639857790976
1318272558169509888
1318272532089393154
1318272278493364226
1318272174743015426
1318271943838212098
1318271863622111237
1318271818973806594
1318271757896327168
1318271679324454914
1318271638513868803
1318271468791341056
1318137928342663168
1318124781066194946
1318124577466150912
1318124051508973573
1318123393137467392
1318123243761504257
1318123039679254528
1318122953213693952
1318122805247037440
1318122638754123776
1318122467752316929
1317972444355960832
1317971035241746433
1317970846259007489
1317970491945197570
1317970469841227776
1317970345723310081
1317775546630090753
1317741851844149250
1317741071917600768
1317740819781160961
1317740619033346049
1317740122134163456
1317739652028170240
1317739581169610752
1317739302986649601
1317739020554829826
1317738938136694784
1317738757345452032
1317738482467508225
1317738403111251968
1317738342281248769
1317738184277708810
1317738149230092290
1317738123992989699
1317738066539413504
1317738002282590208
1317737901560614912
1317737819742326784
1317737647708774401
1317413220487892992
1317326686426419200
1317326088285114369
1317326013672706053
1317325903752531968
1317325824543105025
1317325731261808640
1317325637691101186
1317325575728582656
1317325500759629824
1317050730256109568
1316993526308233216
1316993373136355328
1316993332183224321
1316993155036860416
1316993099026018304
1316992438301609984
1316992139797069824
1316992032943050752
1316991661705170944
1316991043129249794
1316990878167257094
1316989969236447232
1316989766802571264
1316989533443981318
1316989394591645697
1316988596847579136
1316988448788631552
1316988360980897803
1316988067274686465
1316987990678380545
1316987678580219904
1316987554718253057
1316987404553752582
1316987340754137088
1316987305899532288
1316987269518155776
1316916271078846464
1316915751601799170
1316915148917964800
1316914909804900352
1316914877659742210
1316914565410705409
1316914251253108741
1316914093022916609
1316914018897006597
1316913821991243778
1316913755872202753
1316913605632266242
1316913579942096896
1316913472840650755
1316913289889255424
1316913166065029121
1316912995583299585
1316910059696291841
1316909967228735490
1316908344007888896
1316907912955133958
1316905614862372866
1316902026794704899
1316900396259069952
1316897765327138817
1316897652747939841
1316897298430001154
1316896785613393920
1316896642461847552
1316896454548594695
1316896405483638784
1316896232388784129
1316896127522922497
1316895973013061632
1316895736861249538
1316895209851097089
1316895163831193600
1316894924101607424
1316892917269671936
1316891111013699584
1316890858638221313
1316890788240986113
1316890027037761541
1316887371493900295
1316882509309841410
1316882034980229120
1316881767400378368
1316881512751648768
1316881325186572290
1316881228814057474
1316880812923588614
1316880627074039808
1316880583931383810
1316880554420207619
1316880502771601410
1316880418046619648
1316880117910687746
1316722513993445383
1316722221134512130
1316722106311282693
1316722008990810112
1316721946961285120
1316688295116464129
1316605375525933057
1316604419635646465
1316604200055439360
1316604056958373889
1316603803509108738
1316603645555814401
1316603468547854337
1316603392903598080
1316508629932093443
1316508517050789889
1316508335701622785
1316508156319674375
1316508113806163971
1316508058407886853
1316507918389456898
1316507872013025281
1316507856212959232
1316507524145840129
1316507449348820994
1316507380201463808
1316507315873472518
1316358146462449664
1316358080330903552
1316357979168485377
1316357875879604225
1316357447259480067
1316356732814340097
1316356617374502918
1316356339938086912
1316325869321809921
1316242443197702144
1316241910047047680
1316241817835372544
1316241641322303489
1316241359402082304
1316241117726355456
1316240993075769344
1316240846753325057
1316240672203173890
1316240558118113280
1316240336495218694
1316240148665954304
1316239987525013504
1316239923503038464
1316239606019502080
1316239482216218625
1316239391187181573
1316239264485642241
1316239043672276993
1316238795042418689
1316238759814459392
1316238647151165441
1316238488870809606
1316238092110622721
1316238048435286016
1316238002855849984
1316237973407629312
1316109250477907969
1316109130319441923
1316109104725856256
1316108911355858945
1316108542877802496
1316106780183801856
1316106654677708800
1316106550247936005
1316106100543033345
1316105737630777351
1316105538351095811
1316105213363851265
1316105156421918720
1316105069109051394
1316104970937208832
1316102488899162113
1316102111768252418
1316101868699910144
1316101556018843648
1316101483012685827
1316101221632139265
1316101145140527104
1316101069219475457
1316100992816078849
1315963467816296448
1315880679901728768
1315880446421544960
1315880312036040705
1315880072700735488
1315880045009932288
1315879934636765184
1315879742382497792
1315879626581979139
1315878459751661568
1315878306789687296
1315878162648182784
1315878071464079360
1315877840760471552
1315877785819324417
1315877464145637376
1315877420759646210
1315601070249320448
1315469795853250561
1315469696133722113
1315468853388996609
1315468347274821633
1315468100947587073
1315467828015902721
1315467585622810624
1315467368810909696
1315467312229765122
1315467262158147586
1315467226351374336
1315467150258253825
1315467088304242689
1315466104257511427
1315465943544459270
1315465709368020994
1315465461467938818
1315465431872921600
1315465345914884096
1315465260686553088
1315465204164157442
1315464949028794368
1315464758871687169
1315464729595346947
1315464668899618816
1315463624215998467
1315463436856446977
1315463363242143749
1315463319520673792
1315463082639077378
1315364159488434178
1315362368134709248
1315361970040836099
1315361546059603970
1315273057959845890
1315272169107197952
1315238702478585861
1315147386109538305
1315147283873267712
1315146919421902848
1315146816661454848
1315146613027987458
1315146297167564800
1315145720937287682
1315145427424083968
1315145355848232960
1315145334138568704
1315145273048530945
1315145185349775360
1315145067758317574
1315144367179468801
1315144119380054017
1315144031228305408
1315143839712239616
1315143729502720000
1315143485629108224
1315143348542476288
1315143068618760192
1314876298397798402
1314842590999728128
1314842376163205120
1314841998239690753
1314841946981048320
1314841511243264001
1314841385753890819
1314841307160944641
1314841186646065153
1314841133474820096
1314779396901924866
1314779343143555074
1314779323409276929
1314779266119274496
1314778817236545541
1314778721904218112
1314778647027478529
1314778385558765571
1314778246907527170
1314778173171806208
1314672347446759426
1314672152499621890
1314671773858832389
1314671546900852742
1314671114556182528
1314670999401574400
1314670360374243329
1314670286206316544
1314670086947508224
1314670039870722048
1314669928688029697
1314669374834446339
1314669283956477953
1314669186480824320
1314669103660101636
1314668982964715526
1314668898122436608
1314668819923820544
1314668714994921474
1314668636758515712
1314668491941851138
1314668389814673409
1314668353743716360
1314513912562237441
1314489210003390465
1314488717717929985
1314488244835418118
1314488155509346305
1314488102136745989
1314487853037092866
1314486901731217410
1314486838644682752
1314486391150186497
1314486291116023814
1314486166159319040
1314486113793445888
1314486035192176640
1314486000987537408
1314485961116577792
1314485870393786370
1314485828903751680
1314182204625498117
1314182074669072384
1314181997380726785
1314181849430843399
1314151522008100865
1314064389587243009
1314064344464982016
1314064321555595269
1314064293734817793
1314064270825586688
1314064229864013826
1314064212809912320
1314064195260944386
1314064176629927936
1314064132740612101
1314064021704843265
1314063796948946945
1314063557638619136
1314063526680502272
1314063433495646209
1314063250464673792
1314062941822627840
1314062805432229890
1314062769373802496
1314036577581125637
1314036478549405698
1314036444147724290
1314036195719098368
1314035936456572931
1314035832349696000
1314035780826861568
1314035739601100801
1314035658520961027
1314035639931867138
1314035612635328514
1314035568666435584
1314035538937217027
1314035494347517953
1314033558453972992
1314033459833307137
1314032031043551233
1314031948348690435
1314031934624993281
1314031828488118273
1314031773005893632
1314031716168851458
1314031675014340608
1314031636779077632
1314029072465506305
1314028931482353665
1314028502803509248
1314028037982359562
1314027990129561600
1314027888799289345
1314027816183267328
1314027780141731842
1314026602129436672
1314025502496219137
1314025440844054529
1314025152871620609
1314024619725197312
1314024563139850241
1314024103578406912
1314024014055124992
1314023861713854469
1314023809322754048
1314023703143997440
1314023407365894145
1314023317565779968
1314023245469937666
1314023161386741761
1314022019378409472
1314021926155808769
1314021814037893120
1314021420180144133
1314020597727363080
1314020105383301120
1314020033350299652
1314019985338044417
1314019951443881984
1314019627320725505
1314019527877951488
1314019473846874120
1314019371577208837
1314018918831476736
1314018761696051200
1314018344471756807
1314018314277052416
1314017974198710274
1314017917370064899
1314017798629322752
1314017754337423360
1314017689145348097
1314017679058112513
1314017535268974594
1314017111283568640
1314016786157834240
1314016382946816002
1314015424221245442
1314015202590044160
1314015096516087809
1314015037057650689
1314015009933086720
1314014965930627072
1314013845636222977
1314013759422242816
1314013707597422592
1314013393523806208
1314013288313827328
1314013125092536321
1314013080230260737
1314013026257862657
1314012980208693254
1314012791829925889
1314012572325163012
1314012303898087424
1314012172452876288
1314011952977412098
1314011813260996610
1314011709883981824
1314011417838837761
1314010686817816577
1314010608644362241
1314010505057533954
1314010459167752192
1314010393908588547
1314010180548468737
1314009904135442432
1314009764737814528
1314009677156495361
1314009604116840449
1314009456884224001
1314009424411885568
1314009319654989825
1314009257273155589
1314009228546375685
1314009189824507905
1314009156635045891
1313789162198245376
1313756774621679616
1313756722603974656
1313756692157526016
1313756621303054336
1313756513119371264
1313756487974617094
1313756095895175168
1313755979536883712
1313755796195422208
1313755709306216449
1313755355881574401
1313755241788125185
1313755040730042374
1313754896945078272
1313754853580120072
1313754724731179008
1313754647035883520
1313754494186991616
1313754333834629126
1313753910449000448
1313753836042039296
1313753785156722690
1313753427705462784
1313753378158243840
1313753350765248512
1313753331198812163
1313753165427290115
1313671851474923520
1313671596628901888
1313569148690149376
1313568973657604096
1313568780677771265
1313568692177973249
1313568584774410245
1313568546509721603
1313568409569947649
1313568350891540481
1313568302539603968
1313426777277001730
1313277987102642182
1313277876330954752
1313277312775970818
1313277225849020416
1313276655193018369
1313276225033588746
1313276125976690688
1313276047660638208
1313275843792302080
1313275588795396096
1313275530540711936
1313275427356540933
1313275376781717507
1313275126566334464
1313274977261674501
1313274844037906432
1313274771631726593
1313274707114971136
1313274264204783618
1313274200011014144
1313274134894440448
1313273896909537280
1313273817691754496
1313273592000454656
1313273457354866688
1313273444889485317
1313273342670053378
1313273184821686273
1313272886422122504
1313272838950920200
1313272756784558080
1313272656834301955
1313272568795856897
1313272515750486023
1313272465632702464
1313272348276129792
1313272284350763008
1313272204189106182
1313272130071650309
1313177578832900097
1313177444728348674
1313177050732257280
1313176834419445766
1313176695197884416
1313176608262549505
1313176420554805248
1313176370089013251
1313176332763836416
1313176289294024704
1313176222210424837
1313175916546330627
1313175732596731904
1313175707753811969
1313175669698957313
1313175564925243399
1313175538010394624
1313175427821768705
1313175336570544131
1313064354590257153
1312932734034206721
1312932212057223173
1312932173641584640
1312932077441101828
1312911897843433472
1312911874384637952
1312911822408876044
1312911742360584192
1312911639453278208
1312911589776011265
1312911542636208133
1312911498684100608
1312911128029212672
1312911055748816898
1312911015559016453
1312910950442438656
1312910872843620356
1312910759417057282
1312910689812525057
1312910599425323008
1312910422509604865
1312910405614866432
1312910321665925120
1312910228334292993
1312910166610915328
1312910077104455681
1312910024893661185
1312909976176914432
1312701968847048704
1312640661166977025
1312640457998991360
1312640325354164225
1312640096240308224
1312640068725673985
1312640050698620928
1312640014229155840
1312639995287670784
1312639849682407425
1312574606520315909
1312574475574153219
1312574336369393664
1312573741533138944
1312573491867197443
1312573381817044992
1312572602687389696
1312572512119726083
1312572404749737984
1312572313267834881
1312572182158073856
1312571943204409344
1312571857636384768
1312571827005329409
1312571747242323970
1312571728284057600
1312571679743373312
1312571643231952896
1312571583412740097
1312571487409373191
1312571416836018176
1312571198585417730
1312571146060156930
1312339580595572736
1312089042994040833
1312037561305632768
1312037328454643713
1312037244757323776
1312036887113224193
1312036785615233028
1312036733517787136
1312036662793437187
1312036482073362434
1312036025951191042
1312035705233846273
1312035532277526529
1312035275518947330
1312035218992197633
1312035135508877313
1312034993347203073
1312034860526075907
1312034831879069707
1312034718456709121
1312007351453528067
1312007141591519232
1312007084582596608
1312007027284156417
1312006927250059265
1311977186698567681
1311855203742875650
1311855017687744513
1311854410780286976
1311854370934398977
1311854223575875585
1311853954200989697
1311853775720775681
1311823689751711745
1311823620168187904
1311823024287625218
1311822954125242374
1311822702370586625
1311822532429914117
1311822294721814528
1311822097820327937
1311821935068803074
1311821883319488518
1311726664284602369
1311665033533747201
1311664970984091648
1311664840805543937
1311664745695510530
1311664609003106309
1311664415369048064
1311635975358033920
1311635582976745474
1311635546075205632
1311635468035985409
1311635402265067521
1311635303392780290
1311614810434412545
1311533726539669504
1311533539280777216
1311533494607269889
1311533402257006592
1311533185105383425
1311533075852075009
1311533034529751041
1311532876018659329
1311532759303811072
1311532654945280000
1311532514918490113
1311532338829045760
1311532149410091009
1311532070171299842
1311532031315259392
1311531961408794624
1311531788636954625
1311531734408855552
1311531649826344961
1311531583766224896
1311531516342792192
1311531364722900992
1311531204861218822
1311530827407294475
1311530768565403650
1311530744087490560
1311530712739254272
1311530671513522176
1311364272472158210
1311283463585226752
1311283278171852800
1311283134282039297
1311282702704939010
1311282667065929730
1311282628453191687
1311282560954232839
1311282463205924866
1311252433624940544
1311212803341135872
1311212688077451264
1311212194592423936
1311212097683025930
1311212053395374081
1311211962076889088
1311211848096714754
1311211791867875328
1311211736012333056
1311159572367847424
1311159522552098816
1311159316817285120
1311159159992332288
1311159014890385408
1311158804441071616
1311158778675560449
1311158221051252736
1311157971821498368
1311157433033687041
1311157357481799681
1311157273620865025
1311156822007574530
1311156577588703232
1311156521204690944
1311156358864146433
1311156233022443520
1311156178467131398
1311156144954642432
1311156051836895234
1311155775360897025
1311155647627636736
1311155567289864192
1311155465917796352
1311155441460826112
1311155413526732800
1311155342676496385
1311155270496780291
1311155235298201600
1311155154104864769
1311155112245702657
1311145766489030657
1311145736000679936
1311145582065602562
1311138350145957888
1311138300279828481
1311138145459675139
1311137970423050240
1311137681498402816
1311137643804192774
1311137598220439553
1311137366778744832
1311135069701132288
1311134883134222338
1311134601155231744
1311134571661086720
1311134383605256194
1311134338692587522
1311134299308032000
1311134242848624644
1311133634884235267
1311133524779556865
1311132963371917312
1311132633749954562
1311132109583589383
1311132021767524353
1311130374941093889
1311129948426571782
1311129523212234752
1311129413698883591
1311129195964174337
1311128379433811971
1311127547510501376
1311127502702682113
1311127212511330304
1311127159340183552
1311126264607014913
1311126189424234496
1311125743221571589
1311125253544972288
1311125127178919937
1311124184924385280
1311123649575956481
1311123067108720641
1311122626325229568
1311121594266329089
1311120380317372416
1311120276390907907
1311120166806319104
1311119913583628288
1311119818167332870
1311119345779716097
1311118343760478214
1311117786496798720
1311115555752095746
1311115172367536129
1311115007044788225
1311114673102745602
1311114562033397761
1311114458647928834
1311114428671197185
1311113495824551943
1311112490357608449
1311111972553883649
1311111784925990912
1311111668785700865
1311111645603811329
1311110422003671042
1311108221483069441
1311108036514197506
1311107616194678784
1311107316767490048
1311107201654763521
1311106582344859651
1311106142391676928
1311106058753110016
1311105863764111361
1311105796344864768
1311105491817332736
1311001864239013891
1310890039195254785
1310817174198595584
1310816585771253760
1310816467181604864
1310816430514896896
1310816248842915840
1310816086200324096
1310815953022746624
1310815758755262464
1310815387681017856
1310815308861657089
1310814920167100416
1310814853469294593
1310814519653003265
1310814445388660736
1310814379705880577
1310814183760551936
1310814148578639873
1310813761268318208
1310813684718022656
1310813641080557568
1310639494652141569
1310527643008167936
1310477163775299584
1310477060503109632
1310476865031876609
1310476814872121344
1310476566376349696
1310476461636284416
1310476306258239488
1310475913214259201
1310475472107700224
1310475294365581313
1310475146172530688
1310474705871269888
1310474593367359488
1310474305441071106
1310474073022005248
1310474013802663936
1310458358781169664
1310458293219995650
1310458219089793025
1310457359081312257
1310457314038747136
1310457181293215745
1310456875637506050
1310456699619364865
1310456652651429888
1310456312258592770
1310456153231556608
1310455949400985600
1310455791313448961
1310455654151225344
1310405879087403008
1310405832128040962
1310405802906320897
1310405779145535488
1310405647834509317
1310405595007193091
1310405574207639552
1310405544478420992
1310405502954807301
1310405471124287488
1310405410470408194
1310277110997581824
1310165256283385858
1310073552557813761
1310073346474860546
1310073171274608640
1310073036448595968
1310072955741917185
1310072881800515584
1310072770311716867
1310072694189293569
1310072497438683138
1310072439292989440
1310072260527620098
1310072081640574976
1310071986568208384
1310071926535196677
1310071873644965889
1310071830192021506
1310071711619047425
1310071670393262085
1310071630048227331
1310071526696329221
1310071414037372928
1310071172382498816
1310071079482863619
1309914712386265089
1309802864127225856
1309770042100326400
1309767946101809152
1309767546334326784
1309766605166055424
1309766406662172672
1309766316811849728
1309766216941219841
1309765946580574208
1309764942447423488
1309764858909515776
1309764798993829888
1309764679808495617
1309679896210354178
1309552331273523200
1309440474378194944
1309435643248992256
1309435574336581632
1309435518233579523
1309435489112424448
1309435324079243265
1309434929483309058
1309434739208654848
1309434282214031360
1309434218649473024
1309434072884748288
1309434060591300614
1309433935261294592
1309433866462126087
1309433829095079939
1309278198094594048
1309210076704583681
1309209935280996353
1309209849058807808
1309209613036814336
1309209514470711303
1309209014425866240
1309208835798769666
1309208274730975232
1309207603424178176
1309207444015415298
1309207271583428608
1309207204185202694
1309207126049521664
1309207050312912896
1309206990451888128
1309206899905232903
1309206829436723207
1309206779516129284
1309206744359407616
1309206711438368771
1309189938118877187
1309078299369504773
1308975116475301888
1308974975928487938
1308974731195023367
1308974690296356864
1308974114598801416
1308973716181745665
1308973478327054336
1308973442612506624
1308973232368873474
1308973169324195842
1308973066110873601
1308972905670246403
1308972791509680128
1308972745288491016
1308972480736919553
1308972414387314691
1308827556964073473
1308715681299402753
1308600700360818688
1308600646849957890
1308600581469204481
1308600538007769089
1308600519817134081
1308600490457001985
1308600370780831744
1308600125359558656
1308600096372731905
1308599712153579521
1308599537766891521
1308599399535259648
1308599128285499393
1308598949993943040
1308598922730971136
1308598688466468865
1308597917482127360
1308597906698534918
1308597651794001920
1308597218870530053
1308597132803420160
1308465157547360256
1308377387873296385
1308377065951985666
1308376972993667079
1308376712183517184
1308376634169470981
1308376612606541824
1308376562228776966
1308353291902808066
1308261009589702656
1308260881847988225
1308260725480194048
1308260566587379712
1308260380729389057
1308260068517974017
1308259979917496320
1308259873767993344
1308259738363342848
1308259669832540161
1308259348293050369
1308259205141405696
1308259078762909696
1308258893047439365
1308258833144459266
1308258778639409152
1308258663551959040
1308200859394887683
1308200721884614658
1308200128889659392
1308102766301270021
1307990902917402624
1307964634863939585
1307964355837939713
1307964097783369729
1307963959555887105
1307963893789097984
1307963518973620225
1307963307509325824
1307963218908844032
1307962906219249664
1307962817430126595
1307962718893363200
1307740370281922560
1307628510538731521
1307561377607843843
1307559604000350211
1307559378648694786
1307558676023119874
1307558435752468481
1307557958981738497
1307557832099856384
1307557656798924800
1307557599190159360
1307557528008613890
1307486446991953920
1307486291349639173
1307486072423755776
1307485668541714432
1307485460927787011
1307485124389490694
1307484975906856960
1307484773779152897
1307484658834210817
1307484508451753985
1307484460225568770
1307484390172360706
1307484292163960841
1307484177617555456
1307484086638911490
1307484045316677632
1307483959132119040
1307483924650758144
1307394489129095168
1307394224632066049
1307393643616120840
1307393370659213313
1307393140207296515
1307392924087394304
1307392526081499136
1307392022353981440
1307391907702677505
1307391833287413760
1307391739842514944
1307391610611736579
1307391458522083335
1307391206146662404
1307391005042278400
1307390870661017609
1307390764364763141
1307390630914600961
1307377987961204737
1307344371377934339
1307343897987870721
1307343688033591305
1307343468021383172
1307343387331305476
1307291893127090176
1307291040785805312
1307290365737738241
1307290041983602694
1307289781177589765
1307289732804739073
1307289489031786501
1307289386699182081
1307289312120262656
1307289188681814016
1307289129709981697
1307289073963470849
1307287573367328768
1307266122136260609
1307181191850790917
1307181107125850112
1307180891094036481
1307180793563942912
1307180682494521346
1307180562327760902
1307180471969873920
1307180278058758144
1307180164221206528
1307180063490801666
1307179945802821632
1307179791406239744
1307179745185091584
1307179643846492161
1307179543984246784
1307179471863193600
1307179379244625925
1307179315055013889
1307179118404997120
1307179079796428802
1307178984799645697
1307178826267533312
1307178675297808384
1307178575049764864
1307178454786375681
1307141120581828609
1307140930806394881
1307140609463988224
1307140407315304449
1307140237727064064
1307140175458439169
1307140082718117891
1307139763858739201
1307139683416264707
1307139607537033217
1307139380218396673
1307139294029545474
1307139282000392194
1307139227327565824
1307139029645905922
1307138995697127424
1307138945801650176
1307138778331516930
1307138759188766720
1307138718382329860
1307138682516901888
1307138669472514050
1307138593593360396
1307114022035230721
1307113910185713667
1307113866330099716
1307113835820716034
1307113739984961537
1307113554571595779
1307113516181213185
1307113483394256899
1307113117265137666
1307105916551127040
1307105842605498370
1307105496407605248
1307015626960011264
1306985422367711232
1306984975288369153
1306984851975868418
1306984745562255360
1306984456650137602
1306984327092330501
1306903739475718145
1306867953271533570
1306867428945809408
1306866753541148673
1306866508807770113
1306866248677036033
1306866019659546624
1306865894128222208
1306865785621614592
1306752035791032321
1306751216454692866
1306749752411934723
1306653234023587840
1306592009562419201
1306591497857511424
1306591283096420353
1306583628621766657
1306582850410622977
1306582795851116544
1306582628620029954
1306582503659130881
1306541351865966592
1306457577241432064
1306457490842963968
1306457419661402112
1306290847240118272
1306178963144728576
1306121478098874368
1306121426404102148
1306121257595928577
1306121225622761474
1306121182731698179
1306121137819131905
1306120686159699979
1306120608732807168
1306119956145278977
1306119864352940033
1306119736430911488
1306119568939778048
1306119207915073536
1306119148150370307
1306119091795750912
1305934641363386376
1305928432950353920
1305927878476009480
1305816579691614211
1305725725182496768
1305725297560637441
1305725233987547137
1305725128404283392
1305725053464649728
1305724974087507973
1305724885256331264
1305724822417223680
1305724733938376704
1305566058300964869
1305454186088153088
1305393299407151105
1305393271523414016
1305203669084893217
1305091803993968640
1305003314023723008
1305003273737428992
1305003142665449473
1305003085421568000
1305002969860059136
1304841278681645059
1304729424818892800
1304708207575814145
1304708017611563010
1304559426431602688
1304479086581084167
1304367032087924736
1304116515504033793
1304004638937477120
1303754190490136581
1303642247691300865
1303609678832820224
1303609363194617862
1303608952911998976
1303391717773717504
1303279852338855937
1303029340070973440
1302917506378551297
1302666946035548161
1302555113186160640
1302304560971747328
1302224951521533953
1302224849054597121
1302224837172232192
1302224794725814272
1302192727065411584
1301942191510695941
1301830343159209986
1301754228327751681
1301753984299008000
1301579808154046464
1301467953775304706
1301356281899487233
1301217415603331077
1301105562805964800
1301031577909104640
1301031501971312642
1300855012797673474
1300743175934369794
1300650566465523713
1300492620792291331
1300380794137976832
1300308491324792833
1300308425260367872
1300308352518574081
1300308292955262977
1300308269429391360
1300308112654696448
1300307703437430785
1300307525594763264
1300307371441508352
1300307032290070528
1300306714999361536
1300306553485090818
1300306333653229569
1300305550228557824
1300305252122583040
1300305187731636224
1300305126742253568
1300130227662843905
1300018405206941696
1299865297864847361
1299865017970561026
1299864762747060228
1299864653045157889
1299864535847772160
1299864422895226881
1299864173220958209
1299768000007024641
1299656022269648896
1299566992203145216
1299566716872253441
1299566414630617089
1299566171931512832
1299566122812006400
1299565452100861952
1299565385558171648
1299565321951608833
1299565079797563392
1299565048604626944
1299564985430036485
1299564556814102530
1299564279079763969
1299564178848526337
1299564127480938496
1299564086884171776
1299564053824704512
1299563747632197632
1299563672491167750
1299563624156012545
1299563593176842240
1299563541721157637
1299563468975202305
1299563334434422784
1299549539167350784
1299548766366846976
1299548366121185280
1299548147564322816
1299548053578412035
1299548018451062784
1299547962784149506
1299405471468658688
1299293640729083905
1299221390269337600
1299221272212185089
1299220736297652224
1299220601933103109
1299220519384997891
1299220416251207680
1299220342335041536
1299220190539001857
1299219823700979712
1299219779002052608
1299219724539174919
1299043064858710016
1298931270420803585
1298680680898080769
1298568826653569028
1298330581336494089
1298330497932840962
1298330407704895493
1298330287873679360
1298330192188973056
1298330093459312641
1298330019115171847
1298318348795682816
1298206430051233794
1297955905456287744
1297844043146092545
1297746072199200770
1297745696020463617
1297745381233766400
1297745295137177602
1297745041109192705
1297744997991800833
1297744880459022336
1297744642323218433
1297744511326617602
1297744294632185856
1297744228622241792
1297744143310102529
1297744109910859776
1297743932764426240
1297743812765327362
1297743615805083651
1297743429867376641
1297593626302783499
1297481652063449088
1297357164709908487
1297231226894462976
1297183023272800263
1297182947121012738
1297182766275100673
1297182577913139202
1297182456890691584
1297182243312619522
1297182137536221184
1297181920514789377
1297181629065158656
1297181542519799808
1297181212390428673
1297181180153008129
1297181138314825729
1297181011940442112
1297180663238598676
1297180619265507331
1297180531965255681
1297180451526905860
1297180255954903040
1297180172211425280
1297180011498213376
1297179778366279686
1297179718752632838
1297179661408047104
1297179579174531072
1297179537030053888
1297179390686756865
1297179125929648128
1297119259705741312
1297042208600793089
1297042043072589824
1297041925455917056
1297041651567919104
1297041407308378112
1297041094736326657
1297040965409091584
1297040894126956545
1297040845112311809
1297040735817150464
1297040650010079233
1296906086864297989
1296906053372829696
1296905979653771264
1296905929758257153
1296905698144641025
1296905634408026115
1296905583090700288
1296905510906732546
1296905242697707521
1296905078058737674
1296868761111330818
1296756875011043330
1296524645693296648
1296524217370980352
1296524158332010498
1296523969030496257
1296523913833455618
1296523745398530051
1296523436337094656
1296523099165413377
1296522879388004353
1296522704846303238
1296522376155406337
1296521971899998214
1296521903373537280
1296521704718598146
1296521601480110080
1296521378611572736
1296521256817352706
1296521156162400262
1296521012041986049
1296520943637078016
1296520891095031810
1296520822367158272
1296520592892583943
1296520546457464832
1296520510566793216
1296520300822245382
1296506372012544001
1296394487497818112
1296311867112128512
1296311607472070656
1296311581123411973
1296311543638953984
1296311472633544705
1296311308233703426
1296311109922816002
1296311035331260417
1296310916192051202
1296310685941542912
1296310561525960705
1296310493167202306
1296310434186887169
1296310358953664512
1296310275868700678
1296310245069934592
1296310178611068928
1296310090270736385
1296310011497390080
1296309996297359363
1296309952303312896
1296309756894883840
1296309628259704833
1296309494113275904
1296143989301813248
1296032096247414785
1296018756561514496
1296018670221746176
1296018612508123136
1296018574381907968
1296018517741973504
1296018448435290116
1296018241383469056
1296018008696070144
1296017593925591041
1296017378455818240
1296017274474725376
1296017005376675840
1296015932503072769
1296015852224094208
1296015570144550912
1296015402921844738
1295972021449502721
1295971983579066370
1295971865102618624
1295971723083300865
1295971631773491202
1295971539859517440
1295971430983782401
1295971359231586307
1295971236078661633
1295971120743579650
1295971104931160066
1295971088158130177
1295971038149345281
1295970939247767553
1295970910139305986
1295970751200231426
1295970718182670336
1295796678574866434
1295796541794525188
1295795962070347777
1295795813126410242
1295795646017015810
1295795607718813697
1295795380182024197
1295795291619287041
1295795104586833922
1295795090737311744
1295794993605611526
1295794917034340352
1295794878539071489
1295794786952151040
1295794698590838789
1295794599974375424
1295794489185964033
1295794445191806977
1295794318100365312
1295794146947616768
1295794053250977798
1295793851622465538
1295793685133746181
1295793550681149440
1295781575955812357
1295669716116070400
1295419190447398913
1295307329030692864
1295056956818743296
1295024445539659778
1295024427051212804
1295024324349394944
1295024054039085058
1295023816922595330
1295023743979356166
1295023491767508994
1295023400843464709
1295023175261134851
1295022754652213248
1295022711694032897
1295022628785336321
1294944930381434886
1294797247109115910
1294796819881431040
1294796776252346368
1294796724662423552
1294796565400498182
1294796506613133316
1294796347938398213
1294694436245516290
1294582546852847618
1294558896204525569
1294558554418970624
1294558378555998210
1294558216484003840
1294558030017761280
1294557955329843200
1294557917585313792
1294557779852763137
1294557694930464769
1294557599195693057
1294557372384514048
1294557284543201280
1294557231380340736
1294557011414257665
1294556754433515521
1294556466175791105
1294556325381394432
1294556263376986113
1294556161161781248
1294555934124113920
1294555844923842562
1294555770915356672
1294555498788851714
1294555391754481666
1294332029144891392
1294220166251732995
1294119957119344641
1294119845685010432
1294119711781916672
1294119628562665474
1294119374404702209
1294119269580640256
1294119153863884801
1294118867267203077
1294118787797655554
1294118702317740032
1294118485572882432
1294118421169307648
1294118383747837953
1294118250700328961
1293969759323795456
1293857798602649602
1293826490749026304
1293826324679794688
1293825814014889985
1293825684486455296
1293825611241332736
1293825470077820928
1293825355380396032
1293825234567561219
1293825046406934528
1293736425272365057
1293736281554460672
1293736145675788295
1293736092211064832
1293736037328592896
1293735967283609604
1293735936002580481
1293735913412005890
1293735756498907141
1293735643936370696
1293735543197650949
1293735455494676485
1293607454115336193
1293495403858391040
1293406528054198272
1293406491815350273
1293406459498319874
1293406249120342016
1293406174164013056
1293406133722533888
1293406043184209920
1293405924531609600
1293405893825093635
1293405854281211904
1293405704867532801
1293405682847416323
1293405609317015554
1293405551070781442
1293405506531463169
1293405467876700160
1293405391209017350
1293405328642637825
1293405205095211008
1293405045170622466
1293405024215863296
1293244859961221121
1293133009021878274
1293032647556583424
1293032486193311744
1293032379238559744
1293032274091483136
1293031979018002433
1293031848755462145
1292954653429313537
1292954564241563653
1292954516707594242
1292954057888407552
1292953447583682567
1292953319833579521
1292953105634594816
1292952960163618816
1292952198800969730
1292952129083248643
1292951820835397632
1292951710911143936
1292951647614906368
1292951563040849921
1292951455176044546
1292951385395343363
1292951344068927489
1292951312720637953
1292951264742068233
1292951236904464385
1292882484951158786
1292860616256950278
1292860562800619521
1292860504298475521
1292860192820998144
1292860097190924288
1292860035119435777
1292860011346120705
1292859967624695809
1292859905788051457
1292859883465986049
1292859828449292290
1292859691052277760
1292770614004989953
1292750527919529984
1292750458122108928
1292750214034530310
1292749832852049921
1292749711124901888
1292749547085737991
1292749348426649601
1292749245901135873
1292749167601651712
1292746205957632000
1292746045978554368
1292745942999998464
1292745902910771200
1292745836246466561
1292745671326535680
1292745397178445824
1292745188616687616
1292745127048380416
1292744893345992705
1292744653234733056
1292744541808857088
1292744422065569794
1292744379216666624
1292744108444917761
1292744057706479616
1292560353600077830
1292560214022127616
1292559896756527111
1292559663230222336
1292559605621501955
1292559561505865728
1292559417284665346
1292559382170013699
1292559239483920391
1292559136543178752
1292559071246245888
1292559018922213379
1292558887271489536
1292558763304591366
1292520091280642048
1292408230518255618
1292171489773592582
1292171114249179137
1292170583225110528
1292170245906534406
1292157884105732105
1292147450979979264
1292147198101159937
1292147088353120256
1292146966332411904
1292146826343219200
1292146673741963264
1292146583862161411
1292146493558796288
1292087684140236801
1292087238499721224
1292087040096514048
1292086621735714821
1292086459848171521
1292086240473419777
1292086173389725702
1292085547024945152
1292084686332846080
1292081202770386945
1292081126975119361
1292080791787376645
1292080745540919297
1292080674032230402
1292080590108467201
1292080296419041280
1292045838311514115
1291954607678197760
1291953966956371968
1291953652786176001
1291953495390683136
1291953459244208133
1291953199155482624
1291953105312067586
1291953065407451136
1291952923640049669
1291952672283807744
1291951427942846464
1291951383483211776
1291951319771643904
1291864244905017344
1291864146863099904
1291864014503452678
1291861001898524673
1291860731277828096
1291860668254232580
1291860585995554821
1291860490721865734
1291860398401105925
1291860304108965896
1291860136068362245
1291860062915506176
1291795330003075072
1291683455042871296
1291432941420261376
1291422232196022272
1291421397114335235
1291421190259646469
1291420974810836992
1291420911762112514
1291396980900601856
1291396143683952644
1291394269593436165
1291393780751507457
1291393655710916608
1291372760917258243
1291372271081316354
1291372185072926721
1291372080190103557
1291372016659058688
1291371745996414979
1291371572184350720
1291371397625847808
1291370986756087808
1291370724851163137
1291370513655312386
1291370344557817856
1291363342817398784
1291363307702689792
1291363205516853248
1291363116387893249
1291363065192230913
1291356625169768449
1291356480726347777
1291356117428248576
1291356069680361472
1291355674379784192
1291355604716605441
1291355439922401281
1291343296648957954
1291342806972272641
1291342762223304704
1291342674545573888
1291342474150121473
1291342386006818816
1291321061397524480
1291230335125028867
1291230126659842048
1291229984498102272
1291229669799362562
1291229567017979904
1291229193380990977
1291228911184093190
1291228761397108739
1291228677099991040
1291228551006629899
1291228481255333889
1291228352938942465
1291070580159021058
1291064577288032256
1291064457930702848
1291064305341825027
1291064178631991297
1291064022792634373
1291063975594078209
1291063876491108353
1291063730265104384
1291063502287917063
1291063414102556673
1290958682293850112
1290708330315489280
1290645147739447296
1290644282907467783
1290644212506132481
1290644060412293127
1290643739216613381
1290643590994173955
1290596289785131009
1290504300708401153
1290503687069024256
1290503335208984576
1290503287964303360
1290345766121340928
1290233911348326401
1290166634154360832
1290166381023920128
1290166138102415361
1290166116459982848
1290165982489534464
1290165716671328257
1290165492573802496
1290077692616945669
1290073947078180864
1290073763548028928
1290073679724859392
1290073460010409984
1290073167705395200
1289983372354174976
1289948100094656514
1289947863737344000
1289947371674075137
1289946660806602752
1289946525926166528
1289946450017697794
1289946293037498369
1289946102620454913
1289945917815169031
1289945784968937473
1289871516633464832
1289800428180275200
1289800408739663873
1289800351541948416
1289800323083546631
1289799874922156036
1289799636211757056
1289799530104283137
1289799478199738368
1289799319919501312
1289799223752273920
1289798724391059456
1289798514768150528
1289798238623731715
1289798033467531264
1289795423675117570
1289795316212879360
1289795096796442625
1289794727512911872
1289794630196682752
1289789205816602625
1289621048510410752
1289509136221130754
1289451617448628227
1289451350980362241
1289450838113447942
1289449313492377602
1289449189223600129
1289449124052340737
1289448912953147392
1289448844749467648
1289446917634584576
1289446819336921090
1289446766635438080
1289446725753671681
1289446246881480705
1289446125271826432
1289445810371887104
1289445742818390017
1289445710639665153
1289445123776868352
1289293466640330753
1289292545856438272
1289292398355390465
1289291426891591680
1289289413084626944
1289289245534720000
1289258615497322496
1289146733142798341
1289067773147197444
1289067493433147392
1289067468783263745
1289067424919310336
1289067087684665346
1289066861854961674
1289066694162472960
1289066534862835718
1289066252112146433
1289066195396722688
1288962175994941440
1288962063960875008
1288961935623561220
1288961684896440325
1288961026235478016
1288960986309963779
1288960845385539584
1288960058932563968
1288896231104819200
1288864551996469248
1288862805106532355
1288862095342284802
1288861787476185089
1288861450358927360
1288861323665780737
1288861200235864064
1288861155151290369
1288861093998329865
1288784346959081473
1288737535888437248
1288737294132875266
1288737190722273280
1288736339190599681
1288533831960735747
1288501279141122048
1288501223813984257
1288501141114847243
1288501014195208197
1288500866413211648
1288500581452189697
1288500340955009024
1288500277096730624
1288500004391452679
1288499855124566022
1288499699817873411
1288499480078290954
1288499425577504771
1288499271403212801
1288499134706655234
1288499034190209024
1288498529846145024
1288421980899651591
1288230940712591361
1288230409428492290
1288230215437754368
1288212271202734087
1288211664412827652
1288210180522614784
1288209909239209994
1288209744830791682
1288209289371365382
1288209141744447489
1288208842002780160
1288208760880717825
1288208543343087617
1288208479828795395
1288208385029087233
1288208258491133952
1288171439321944064
1288059597085790209
1287997054162284545
1287847937784111105
1287847192175181824
1287846838171828224
1287846343378178049
1287846295349190657
1287846167674585089
1287845852648808450
1287845830146301952
1287845588982288385
1287845538902298624
1287845425274388482
1287826195019640832
1287826148001546243
1287825967734493185
1287825813547687936
1287825621352054784
1287825483950891008
1287825448156749824
1287825312483606528
1287825184364400642
1287825134359805952
1287809046838468610
1287697208939167750
1287563150028570624
1287562943295627264
1287562771253661698
1287562578026258434
1287462752311795714
1287462455359213569
1287462288111394816
1287446657819463685
1287444004230094848
1287443746976665601
1287334810571034625
1287174378854256641
1287165905202446338
1287165589442699264
1287165543439532034
1287165397142319106
1287165340850499584
1287165072142487553
1287164932014866433
1287164847206039552
1287131711827062790
1287131609062420487
1287131521845952514
1287130966075605002
1287130345100521472
1287130201944731653
1287084278560456705
1287029423313760259
1287029361212891137
1287029231340474368
1287029096095129600
1287028967325786112
1287028884207292418
1287028691646676994
1287028654829187075
1287028588437438471
1287028183724949505
1287027960105639942
1287027723886563329
1287027642156318720
1287027562418507776
1287027460249452545
1286972428204220416
1286721892615954433
1286610038077833217
1286576336895651841
1286575115640111104
1286574414130221056
1286530154546765824
1286530117913710593
1286529526806306825
1286529231812472833
1286529183481581568
1286529147582525440
1286529122546733057
1286402037983453186
1286401753546719233
1286401673108303872
1286401601733824512
1286401186329960449
1286401074769866753
1286400817944305664
1286400606199054336
1286400407267311617
1286400284844077056
1286400153478463491
1286400006589763589
1286359516213399553
1286297049454059520
1286296451321135104
1286296336904728577
1286296298669387776
1286296178842361856
1286296128984580103
1286295892455231490
1286295840299069441
1286295644391575552
1286295595100119040
1286247656453365760
1286221915347189761
1286221797793435650
1286221717388570625
1286221686770143232
1286221501511983105
1286221387913408512
1286221306262892544
1286221267662770176
1286221048313270272
1286220891609849856
1286220852988608512
1286220800878620677
1286220738266112001
1286220627024719872
1286220564852613136
1286220423806541824
1285997119606870016
1285885270466809860
1285824186754248705
1285824064951652354
1285823994655051781
1285823950321311745
1285823765201510402
1285823072323489792
1285822946053939200
1285822666860122112
1285822576808415233
1285822286977732609
1285822197446180865
1285822122976321536
1285822105158811653
1285822006160695297
1285821947570524160
1285821918592094208
1285821858823262209
1285821772844146688
1285751910428008449
1285751685814431744
1285751594722775043
1285751586392858625
1285751376312664066
1285751155193151488
1285751061362487297
1285750962766913538
1285750826443714561
1285750741014020098
1285677079959343106
1285677041577230337
1285676411613786113
1285676250766422016
1285676188732723200
1285676094507622402
1285676023242268673
1285675972331810818
1285675827980636163
1285675633914380289
1285675587294633986
1285675334315249665
1285675241285521409
1285675087417540608
1285674984757755905
1285674925727113219
1285674907200888832
1285674884715118593
1285674799432372225
1285674720571068417
1285674575854997504
1285634716520067073
1285522875160522755
1285365166654316551
1285364935179079680
1285364882611884035
1285364795294846981
1285364688205864961
1285364579854430209
1285364483133775872
1285364321745285124
1285364212399775745
1285364125640601600
1285363905238372355
1285363708642963464
1285363656906223616
1285363344820572161
1285326685701799938
1285326075501989890
1285326045210644481
1285325800707895298
1285325683657408512
1285325461430697984
1285272339899396098
1285264005100195841
1285263496071061504
1285262822029565952
1285262792837206016
1285262709357981699
1285262478415474695
1285262409502990337
1285262264350789634
1285262185552371712
1285261925811724288
1285261645393080320
1285261503965417473
1285261155271925762
1285261112112566278
1285260873137889280
1285260778128408576
1285260727478091776
1285260693932048384
1285260642895695877
1285260592610185217
1285260493649842176
1285160486552494080
1285153392927617025
1285153078182924288
1285152815745306626
1285152794530516992
1285152701152669696
1285152573624930305
1285152549142704129
1285152470688292866
1285152195265036288
1285152104387051521
1285151972186894336
1285151859905372160
1285151706989371392
1285151592161914880
1285151464386633729
1285151413799129088
1285151314960355331
1285151260837126145
1285151177060036616
1285150864479531009
1285150784984952833
1285150747462635520
1285150684334219264
1285150089976197120
1284914434423521280
1284914269243543559
1284914044466597894
1284913922160701440
1284913601984200704
1284913574205431814
1284913466088792070
1284913379879137280
1284913231547568131
1284912787425198093
1284912222498676739
1284912181759410178
1284912106865926146
1284911930814193664
1284911852691042306
1284911757887254534
1284911668376547330
1284911580333973506
1284911538525085697
1284911474985652225
1284911451254251520
1284911402415783937
1284911355066187777
1284909943464878081
1284798096438734848
1284796973380444160
1284796922453270529
1284796087488917504
1284796062956507138
1284795936850550785
1284795582398291968
1284795418870775809
1284576472259272706
1284575045986254850
1284574771557138433
1284574212871655427
1284573650881044480
1284573389055758338
1284573330863988740
1284572875853307904
1284572637516238849
1284572508893700101
1284572425653571590
1284572365742051329
1284572224612175872
1284572116969492480
1284571947402231808
1284571893920600064
1284571855874134023
1284571779407777792
1284571702530277376
1284571434614960128
1284571326225747971
1284547567288750084
1284520142446252032
1284435711400095745
1284351563985813505
1284350444765159424
1284350339047665664
1284350116305002497
1284349662779015169
1284349608345440256
1284349542419308546
1284349489298407425
1284349430473412608
1284349248612511744
1284337178256998400
1284335647940108288
1284335127263424513
1284334628766187520
1284334586701459457
1284334556183703555
1284313676330217473
1284312643768070146
1284312131026980867
1284311105410662400
1284311025748246528
1284310451841634304
1284309753687158790
1284309254581686272
1284309026130493447
1284308935110004736
1284308883360677889
1284308624844771330
1284308440375005185
1284308262112890880
1284308157674725376
1284308086375817216
1284308009087307779
1284307887871885312
1284302091989798912
1284301926021160961
1284301908719603714
1284301838083293184
1284301718373707778
1284299585750532097
1284299505333133314
1284299463071334400
1284299443550945287
1284299298553892864
1284299216957911046
1284299138394476549
1284299083419717633
1284199742789103618
1284199612153200641
1284199564925374464
1284199431462629376
1284199325795602432
1284199263933804544
1284198719328595968
1284198618426224640
1284198238153781248
1284198166552879105
1284197964588765184
1284197873794666496
1284197810372583424
1284197732656218113
1284197685151641604
1284185163610628096
1284168002804633605
1284147514510389255
1284147326391590914
1284147303755001856
1284147176755658752
1284146991707099137
1284146912346673158
1284146567595917312
1284146382480248832
1284146323009286144
1284146236786970626
1284146209666543617
1284146151860690944
1284146121246486533
1284073323475816448
1284019616688287744
1284019308453146624
1284019279441154050
1284018988364771328
1284018949278113792
1284018914880565249
1284018870907539461
1284018798790610944
1284018706822111232
1284018576937099265
1284018513116565504
1284018293913858051
1284018242835578882
1284018167505977344
1284018082634182658
1284018033015640064
1284017832536178689
1284017777146302464
1284017712822444034
1284017607092449280
1284017554785275906
1284017483754754048
1284017437663547393
1283849085796192256
1283848781419761664
1283848685038731264
1283848468621135875
1283848371317477376
1283848221102661634
1283847964486664194
1283847840008200196
1283847774006648832
1283847708449607683
1283847566271143936
1283847286188105731
1283847208060760064
1283822778538496002
1283784276060889088
1283784180539764736
1283769175257874433
1283768959381262337
1283768630757515265
1283768369704054788
1283768088387821569
1283767107856093184
1283766925143805953
1283766863198068736
1283766798584811523
1283766720428212225
1283766629344645120
1283766455088160770
1283766355205005312
1283766309990420482
