1329967097540177926
1329951424004845568
1329949682601177094
1329928248508243970
1329927786509774848
1329927580175175684
1329927432711835648
1329910836194897925
1329558779940249603
1329161930473353225
1329160785248083972
1329159061254836225
1328743423491387392
1328570571769188354
1327709403445911557
1327708170429616129
1327384160034545664
1327342058504384516
1326653202612301836
1325920392024903680
1325894702961483777
1325591096643227652
1325134361889443840
1325116567936495618
1324891649915359233
1324891179239010306
1324868877709414400
1324525474119372800
1324104653693399042
1323793182296072198
1323734380779573250
1323733770445479939
1323145435410739200
1323100005419266051
1323046845640282117
1322957619745726465
1322342443719794689
1322319126724005889
1322249837832798209
1322003714970918919
1321820453988671489
1321548318992928770
1321460474848923649
1321426540496826374
1321256200210665475
1320519813748428800
1320519296867540993
1319785084057157632
1319784616752971776
1319530551087407104
1319529552448806912
1319517840718835712
1319419688955281408
1319195110136025091
1319148140709163013
1319148008932597760
1319090390927106049
1319089579249569798
1319013592742715392
1318993056343953408
1318344481922600961
1318343547138048001
1318343424718872576
1317687549167546368
1317686992293986304
1317244841319976961
1317238821633798145
1317214198376652806
1317205508617535488
1316913423893094401
1316626255601639424
1316612229933019137
1316294429481873408
1316128585544069120
1316105023433179137
1315698042922848257
1315198465643773958
1314874023386415105
1314799811284140032
1314795655768965120
1314297800750960643
1313661481045708800
1313616189084532739
1313577397103611909
1313270832454660102
1313220012514123777
1313218926223020032
1313122069836689408
1313001582418591745
1312931977499152385
1312312579658842113
1311802549113151489
1311498059281563648
1311409432769769478
1311403480641417216
1311364840225734657
1311364311730851840
1311203056340676608
1311169414969073665
1310814901078822912
1310814701702524928
1310813120445796352
1310812748155162626
1310812236332572672
1310738530944114689
1310737322044874752
1310714412886642688
1310419579508850696
1310354533545984001
1310310136133627912
1310087023861149697
1309761007619837952
1309760170118049793
1309627191831998464
1309407967486316546
1309252062526558209
1309231468271611904
1309017355197050880
1309015602837757953
1308984913014730752
1308984548022198274
1308984521522589698
1308680194698498048
1308679791101476864
1308677839575752704
1308653471533617152
1308653011707801600
1308577067513065480
1308528388034957312
1308274210163363840
1307900341061591041
1307900307809148929
1307900076929568768
1307892208251670529
1307887750893441024
1307858225929256960
1307856617921224704
1307563057422438401
1307561773684404227
1307535662405611527
1307521985887567874
1307521453789675520
1307520048949583875
1307204443071447040
1307093696479932418
1307090357163905026
1306678719776460801
1306455447394816001
1306065675270713344
1306065352665767937
1306024285589430273
1305389181179514882
1305388484325146625
1305213964125646849
1305210643306471425
1304680715704061953
1304678001016221696
1304677574312898560
1304653731837943810
1304650285684535296
1304649195173933056
1304647712424558593
1304645382031503361
1304626109154287616
1304625690327777280
1304624752833818630
1304564520044691456
1304226123576942593
1303913234647470082
1303648630981656576
1302806449668546561
1302806143761149953
1302804211675967488
1302701785312829440
1302696416083574788
1302493570176299008
1302147317491994629
1302146388797591552
1301962744241979394
1301684672225775616
1300978283941687298
1300962132645818370
1300661781308870656
1300656920987082752
1299698920206094336
1299697291440410626
1299696602794295300
1299695811396341762
1299695145101729794
1299590443500482561
1299589555264335873
1299519682605649920
1299473947445035009
1299469041682321410
1299435992143847427
1299433969793077249
1299433399644549122
1299432521495609345
1299431745520050177
1299134672354422784
1299128704367570945
1299128454110208001
1299128171997138950
1299070783432675329
1299069911252250627
1299068508815478784
1298933921518886913
1298932192203210753
1298931686395305985
1298757638843502592
1298511405277159425
1298510414653923328
1298509309245104128
1298507907978407937
1298507819340255232
1298414240676675584
1298392788472668164
1298131903313321986
1298131433651941376
1298128409781035008
1298123413920325632
1298115410651381760
1297699090847997952
1297688551136665607
1297687632370180097
1297686996639522819
1297310944306049030
1297310423964962816
1297309631392428039
1296946991944040449
1296585060158775302
1296548006582521862
1296546505176821760
1296521784825729024
1296200218745217034
1296017843784482817
1296004075285291008
1295873356936491010
1295823016782331904
1295819745216864256
1295819450114101250
1295817121176395781
1295816916632776705
1295816554236588033
1295816028593758209
1295815873932951554
1295812877681557504
1295794583490658307
1295695407691964416
1295694888525107200
1295213445474811904
1295176363004092417
1295164375276429312
1295161144848592901
1295105740403703809
1295105124830912512
1295104748849262592
1294944712684535808
1294411283379429377
1294409320168337410
1294400098861027328
1294224924224233472
1294156902495133696
1293806975449534465
1293436355066900482
1293345685748748289
1293345006070177806
1293068134069436416
1293060278872137728
1293050124575350784
1293049823755751432
1292928187975045128
1292685015747375104
1292633806353108992
1292314757505196035
1292314404458037254
1292211403324116992
1292206822108155906
1292206464422031360
1291913775663243264
1291589951398842375
1291212268248735744
1291154904128643077
1290961806215831553
1290958504870674433
1290910435458404354
1290909509213474818
1290790988542337024
1289853745312874496
1289852905827135488
1289848153013800962
1289759468989763587
1289697393005363200
1289695473616465925
1289447676094758913
1289371161546153985
1289351198466871302
1289288291666268165
1289288080793337856
1289287101012353024
1289150858127532032
1289147980105355267
1289147318734905344
1289147006108282880
1289115563747414017
1288981772429078532
1288979283361357825
1288796578946326532
1288746241011200002
1288721630227832832
1288710731135954944
1288709938047483905
1288539198295859201
1288399027638239232
1288387522264010752
1287910712984166403
1287584243229523968
1287582671250522112
1287579841534078976
1287574017252229120
1287552917059190784
1286553645849468929
1286433362392109058
1286405259800322049
1285735054216294400
1285024179872509953
1285023162527289344
1283841221006438404
1283840810132307969
1283544065150246914
1282919289176170496
1282910919526359040
1282898572313276419
1282897910552834048
1281358959861956614
1280941239139995650
1280375019542065152
1280367034455527429
1280357151240839170
1278940995145674753
1278939422080282626
1277843979502059520
1277841285148262400
1277822685146472449
1277413453041405953
1277412380071407619
1277160816622686210
1276668213724696577
1276427213815132160
1276313996874911750
1276295977968828424
1276033392136663040
1275993427725946881
1275993306892242944
1275884772439609344
1275594823815348226
1275060692287213568
1275060026525261824
1275058990184108032
1275019139787128832
1274635497684566016
1274227611250671616
1274216438891495425
1274213205414420481
1274212301940408321
1274211543853469697
1274208973663731712
1274207623345291264
1274201761058885632
1274200867177205760
1273707466665209867
1273570406126018560
1273566019387371520
1273389780030676995
1273195812525355009
1273168410696921091
1273149822447562754
1273029913411551232
1272968722035154944
1272913668200677382
1272367197013389313
1271757625412202496
1271756936065753090
1271756799356669953
1271682551745335296
1271387650109378562
1270378347772731393
1270376612547178496
1270376247005151235
1270375870633574400
1270250740183941120
1270242578726879232
1270168508257775617
1269997633130713089
1269997079218307073
1269869088110714880
1269868271618195456
1268837978383810567
1268836773205020673
1268801451507277827
1268443775610871812
1267985993598107650
1267946641895632898
1267761209392025601
1267595713820704768
1266415114481102848
1265784105284898819
1265284945502564352
1265281086264762371
1265278598266515456
1265278041711718400
1263880640287485952
1263632357992562693
1263612626879348739
1262621712442482689
1260115338215198726
1259183303162126336
1259182675207675906
1258836333520474121
1253816142738657280
1253507805937643521
1253407708851494912
1253088921774428161
1252745235400138758
1252702573083189249
1252127954462621697
1251609135105245185
1251270378309255168
1251243387023433729
1251243134912266242
1250940525701709826
1250938127876796416
1250923402837327872
1250922301786402818
1250920213249474561
1250919906285096960
1250325872218738688
1250292342612848643
1249869612688302080
1249864916871282695
1249864233535385603
1249863636258095106
1249542920320856065
1249085822797844486
1247758158627389442
1247679151898836992
1247010237892026368
1246921169342582784
1246836432338948097
1246586209003921408
1246585313956212736
1246584721833750528
1245545127436836864
1244995402363015174
1244365403846889473
1244114108045197312
1242858412607557632
1242857998017413121
1242710071638814720
1242649196395626497
1241879302968201216
1241768676812042240
1241462868450689027
1240774123997052929
1240772878200700928
1240745993034817536
1240726845571530753
1240251881449873408
1240247414763610112
1239886126866817024
1239883591753949184
1239639593852362753
1239638923753566209
1239634589066248193
1239536071693619201
1238310460551806980
1238310126257307648
1238300600334462981
1238298705196875778
1238297806252781569
1238125318482710530
1238116972484648961
1237662817521721344
1237436900874416128
1237436174714585088
1237401471311724545
1237256824895574016
1237255077372366850
1237254382657269761
1237195505190526976
1237017972452937733
1236999450679054336
1236931750665674754
1236676597547057154
1236558667991957504
1236557810793689088
1236541938586783745
1235939741092188160
1235904951991353344
1235837150458871808
1235833509148651521
1235832015749967872
1235771838803972096
1235581910509748227
1235563118098440192
1235211789375139840
1235210332856971270
1234749896604803072
1234749259066437637
1234749053683941376
1234580729549357056
1234565729036275712
1234330029951258626
1234327475586506752
1234324361684946946
1234317270652014592
1234313393793794048
1234308450282344449
1233576362385952768
1233575224903254016
1233382050041749504
1233037048681922562
1233035557711646720
1233010214284054529
1233007518743269378
1232797223353638912
1232796753314770944
1232527847337680896
1232379412303081472
1232360863195004929
1232190940975992833
1232190711732113409
1232188910526091265
1232184057426923520
1232180492067147776
1231962098168516608
1231936892108603394
1231936578869551105
1231935383480389632
1231924906226356232
1231916548870135808
1231810717738618881
1231102654220206080
1231102045807136768
1231016512888029184
1231010637959950337
1230838474418216960
1230837772623073280
1230295814133563392
1230287735635632128
1230287373755273218
1230286952215134209
1229668192378748928
1229598601187221504
1229597053107392513
1229445330371874816
1229444307163025417
1229443499503652867
1229439359645913089
1229438685021528064
1229413473076989954
1229341762553991168
1229340848522842112
1229339467699220480
1229276781598822401
1229275765931307010
1229273965069139968
1229266240796942336
1229258234067857413
1229256108176531456
1229250648216162306
1229249980554235914
1229249376385740801
1229247030742208512
1229243992828764162
1229035573802700800
1229033303837069316
1228967430518661120
1228796286398152708
1228506244375179265
1228490525495316480
1228299876233928705
1227146470794629120
1227024116764549120
1226730625593331713
1226728881765281794
1226727199413170177
1226723671877701632
1226723102395994112
1226282976188784641
1226255361314824192
1226252161555849227
1226013213780828160
1226011349731495936
1225966274292920320
1225958711291715590
1225956406177734656
1225910747215138817
1225400041931771905
1225311957047238661
1225311306938486785
1225310966222639104
1225310654309027840
1225237424554549248
1225236626680537088
1225229258756370434
1225041092103561216
1224819758744256512
1224819028922961920
1224205507168129024
1223760625370832898
1223716232525860864
1223714903271174144
1223713405594324992
1223140436178546688
1223139965422448640
1223139217770983424
1223137694043320321
1223137404497879040
1223136113658908672
1223074705839661056
1222985512383762433
1222622014969499648
1222620408588845056
1222015549426847744
1221988842896613376
1221985842715074561
1220940415152664578
1220801908186595328
1220801086312706049
1220692261500940289
1220688938378989568
1220412389654482944
1220271409160769536
1220146427126353921
1220145500009029632
1220042310253080576
1219126955624357888
1217225342416490503
1217184514310537216
1215808492826550272
1215625036519763968
1215624752099758081
1215620588175126528
1214896777297457154
1214896344394977280
1214894425551204352
1214424013251977216
1214422337849905152
1211998904608284673
1211806309059682304
1209352323320942594
1209334676327976960
1209195530577858561
1208926087545335808
1208925999922106369
1208925331232632832
1208647406612553728
1208590274232045568
1208297372356349953
1208294995977023488
1208278170203500544
1207931951883128833
1207798237324689408
1207792932108918789
1207543654828654592
1207541509370843137
1207483126865227776
1207460367007277056
1206492844128518144
1206466689182945280
1206447111207837696
1206093530348826624
1206082251144007680
1204567891162488832
1203955079063187456
1203775289886564352
1203774439977930752
1202807275242557441
1201980752780386304
1201738740663754752
1201738447414857728
1201737325178478593
1201736735329325056
1187971878402646017
1187971340869001216
1187970351470469122
1187778832327217153
1187488841218908166
1186465494548865029
1186162249217515520
1186100795676221440
1186093094019784705
1186092802922504194
1185656586301259777
1185396859965247489
1185383275214360576
1185383151226544128
1184949818399117317
1184872592953544704
1184872004404555782
1183552011402469378
1183542273042198528
1183200034218762240
1183191206760767488
1182932441952145408
1182769483859009539
1182756912661700608
1182755248034799616
1182610236718358529
1182453358407356416
1182042150932025345
1182035087975694347
1182030576154529792
1182005180381958145
1182003690686877698
1182002820490416131
1181788946658922497
1181731485528870913
1181718307122089984
1181700506995101697
1181624469011488769
1181623206987403268
1181390697557041152
1181351794896773122
1181333825248477184
1181333197776392194
1181332585781321728
1181294515208032258
1181292756662128641
1181028766610546688
1180987974777032704
1180771200571711488
1180681984718376960
1180680517630545920
1180679895686402048
1180678582839975938
1180677740611149825
1180677361970421760
1180647465973882881
1180581226089811968
1180548926652465152
1180323904029691904
1180318555369345025
1180258028853043207
1180166445763878912
1179942071404290048
1179861533716877326
1179854287570112519
1179854068367462412
1179672708977696768
1179493110981771265
1179491839071707136
1179400875858632705
1179398490067279872
1179272104392495104
1179269735533436928
1179269435389071360
1179236118585315329
1179231955998642176
1179196446421196800
1179195054184964098
1179194621970264065
1179188676284342272
1179187853974216704
1179183953313439751
1179180497689296896
1178818372156481536
1178816882364878848
1178480976105746432
1178412645004795906
1178238215372845056
1178197571262660608
1178180275043520512
1178176784736620544
1178176040365150208
1177859150329647105
1177858472135798785
1177857985118425088
1177766623085780997
1177726927815217153
1177720671046111232
1177355707856949249
1177289327870717959
1177287082064134144
1177084367967072257
1177080071594680320
1177001059455242240
1176759948329541632
1176295080904265728
1176280722988052480
1176195511658930179
1176191007672741888
1175861374951612418
1175820071610015745
1175629912646062080
1175555147126267904
1175553661696716801
1175538918558785536
1175538525405683712
1175498261282603010
1175496644898492416
1175496464530886662
1175496061470814209
1175494661806444547
1175456329395310592
1175297458903166976
1175297146712711168
1175296281452961792
1175295842565206016
1175288927026126848
1175273495682519040
1175270173634379776
1175265711389839364
1175264702877904897
1175262655310946305
1175262500813791237
1175262063092019202
1175250444173631488
1175249379290226688
1175198442014068736
1175193179127209984
1175114301952143360
1175111458327322629
1175110671308115968
1175110584435716098
1175104413737848837
1175103949491359745
1175086399311269888
1174673605420093440
1174147096917794816
1174083791889096705
1174082465864003585
1173738044060577793
1173731401847455744
1173478708730126337
1173432802362236930
1173432481326030855
1173431219599663107
1173429690150916103
1173136429641342976
1173135598003138560
1173135075455787008
1173134498118197249
1173133345359847424
1173132458411352064
1173099760942833665
1173098864116740096
1173086249856458753
1172777022814375936
1172775157833879552
1172772872458244096
1172596176387919872
1172595272720846848
1172594513522479104
1172593965419257857
1172538324717834241
1172284335841513472
1172283508586401798
1172281068206116865
1172252928599609344
1172200596524453890
1172190923587018753
1172187938651824130
1171822473001746432
1171587333331644416
1171586889330987008
1171483208048771073
1171477191235796992
1171475776220233729
1171475374884052993
1171474753833451522
1171474207747665924
1171467585843412992
1171465305878458370
1171097945942499328
1171093748983521280
1170930421112160257
1170928784637386755
1170927659922219008
1170914491057541120
1170605667759075329
1170221436511719424
1170219751001350144
1170071736794198017
1170070190979239937
1169870615383199746
1169869736353521664
1169869123267919878
1169707640810856450
1169665367964360707
1169664781013438465
1169656396381655040
1169639238859657218
1169489608075296768
1169486031512580096
1169485519358758913
1169482503473811457
1169397691572457472
1169370926758207488
1169317290216742913
1169289265353654272
1169287126111752194
1169284989571059712
1169283280962637824
1169282408677429248
1169103462602293248
1169100534319636480
1169076908253962240
1169075630497046528
1169073034558410752
1168913282889072640
1168791505659670528
1168791092273254400
1168788767924260864
1168787719545401344
1168785919614341122
1168712392047349760
1168709455980023811
1168708769188069376
1168577120144166912
1168575142387228678
1168570650472144896
1168569034083885056
1168530765518426123
1168389290558197761
1168350661836247042
1168343389206712320
1168342539209969664
1168339271650074626
1168303233665654784
1168242617622126592
1168242047146500096
1168219807528960000
1168071850213236737
1168071049893822464
1168064832148529152
1168043425263968257
1167912551348240384
1167910554943442944
1167896237338611712
1167890473693790210
1167705017156923392
1167696036820856832
1167692287209611269
1167666499877818368
1167665112137773061
1167622128704921603
1167617183867912193
1167582663684841473
1167581845426495488
1167580761819684870
1167577361459503104
1167558067082285056
1167538269082378240
1167534567772676096
1167511908129357824
1167510992336707584
1167510210744897536
1167509797912137728
1167360799930769409
1167105404511428609
1166905030471028736
1166903888747913218
1166864818877456385
1166795780302098432
1166791907445395461
1166791088096415745
1166790364990042112
1166783762371403776
1166768620212555778
1166767783142744064
1166444693955186688
1166396746819350528
1166369302297153537
1166367480824115207
1166161943964635137
1166041620942348296
1165826967599497216
1164975023582523397
1164931890215903232
1164931286428999680
1164901880750907393
1164901537652576256
1164901006565683200
1164743006479671296
1164741791045836800
1164739998555475968
1164738399636545536
1164737586100953088
1164707681027932160
1164701464163442694
1164659017135923202
1164658154560479233
1164657173131141120
1164655361770569734
1164595768696680448
1164584038235070470
1164582747127648256
1164408505425698816
1164406387734175744
1164360994564575238
1164360388701544448
1164262747107921920
1164261655984955392
1164028438912688129
1163951368358563843
1163911153472458752
1163910139268743168
1163867869941313537
1163864937837531137
1163855244566179840
1163853850488528897
1163853319758143494
1163851401329598466
1163661471903047681
1163659371303329792
1163658648868069376
1163656651607543809
1163340248107114496
1163280046049714181
1163253711923220483
1162601772806025216
1162358123652403203
1162148456368103424
1162135472455475200
1162133872727007234
1162133531994337280
1162133097737084928
1162132712997752832
1162128406676496385
1162062475136774144
1162061634690531328
1162053065970782208
1162037972507734017
1162037262621786113
1162025176575479808
1161845376472797184
1161844554267602944
1161827985231667201
1161802734481416192
1161802233396285440
1161770083968016384
1161769471746433026
1161768591139713026
1161765081912397824
1161759417324507137
1161726802391392256
1161725748685737985
1161683359359279104
1161683269743722496
1161669683042500609
1161668310813085697
1161661583556259840
1161547140302290947
1161546378578989056
1161545730311557120
1161544596968607745
1161541400216985602
1161540416166121474
1161539610943590400
1161536220549324801
1161535934090960897
1161534910039035905
1161533395626856448
1161532181904318466
1161531371472506880
1161529295363289089
1161528565617352704
1161527918775951362
1161527522665914369
1161526486509203456
1161521751219720192
1161520680422297600
1161520162203480065
1161519656034873345
1161518577515663362
1161518360313638912
1161510676097110016
1161508151709065225
1161505853465419776
1161359088518930432
1161356674759897089
1161349918080012288
1161320463160750081
1161136278517297152
1161129147403591680
1161125972218929152
1161025615857954817
1160963859915706369
1160958736187502592
1160766642831466499
1160744390417166337
1160208839960141825
1160208416712867840
1159959771887411202
1159950023641186305
1159935034154979333
1159934805687058438
1159934646739775488
1159933656166785029
990683258689122305
990680525034713089
990676871921709056
990671834763923456
990671031860899845
990670165061849088
990669181245906944
990668696183099393
990643762790531072
990642327050911746
990641114892955649
990374167106211846
990310395662356480
990307412241403904
990171899132030981
990112083466424320
990084264615186432
990084007617540096
990074046086877184
990073710521569280
989975894079963140
989914944475992065
989703769230331905
989602854901092352
989602523374813185
989602184693198849
989579790574391296
989571011757699072
989570738322538497
989565342275039232
989534009582673921
989181085681500161
989166510865240064
989166438819627008
989160637434544128
989148147564728321
989147730390876161
989147299841372160
988977170704945153
988976948855570433
988976458700918784
988949167123976192
988948530520887296
988940662220427266
988816994009923585
988815716726984704
988616102157733888
988615061697646592
988614260564652032
988613276274708480
988586592766971905
988582307996012544
988555804243611648
988555050460106752
988480849501937667
988470294997282817
988451970196344832
988447816929431555
988275798904799233
988275198490226689
988275058882895872
988236759317319680
988234815794237443
988233594786271232
988233061446889472
988231283661787136
988148246865465345
988143814052274177
988143105068150785
988100253764280320
988099590284029952
988096178326786049
988095681037570048
988080059381624833
988079530953854978
987911391284785152
987910880053661696
987908211230564353
987761265761234945
987759587259551746
987699979329441794
987584280208560128
987576134190686208
987575757139570688
987575016580673544
987572400777846784
987569962683457536
987209573193932806
987196826045636608
987196362298183680
987195053960585216
987194441977991168
987194334914252801
987027133393321984
986829556752449537
986829403786285056
986829294159753216
986828455093460992
986828115199643648
986806811129995264
986805320285597697
986805084121190401
986803585513152513
986803206800986114
986802610874314757
986802367516626944
986797402572062720
986794813755445248
986793521381281792
986792640573247488
986787800887545857
986786604533604357
986785690322120704
986302013435559936
986274185784606720
986090087036473344
986088418252816386
986086381251448833
986085607582691328
986085531351240704
985971465500557312
985956797507715072
985683261971156992
985621825634881536
985552764896935942
985532275285733376
985531095147057159
985529976903688192
985364246035910657
985238101491638272
985237541791191040
985054704911765504
985051329541394442
984925255482429440
984924942302109697
984661756739047425
984660630564212736
984656954743246848
984645807784779776
984640593086251008
984624889138204673
984553849456353280
984488084011134976
984487476982108161
984487258781863936
984270164068839425
984259596226359298
984255692054908928
984207231376752640
984172065254191104
984118251016699904
984116886836150273
984110158736273408
984109454051311616
984063711089328128
984062810232537089
984060388445569025
983929601981378561
983929564614348800
983929318832254976
983861172767256576
983858669724078080
983854662095958016
983747125635772418
983693003767169030
983563781333757952
983563360083087360
983559572731367424
983559308246994944
983555577027727360
983527335973531649
983526244858892288
983525895171436544
983525215027286017
983524346483412992
983523535137247232
983522637866586112
983520473693741057
983520195368177664
983149886400024576
983144571923259392
983142902678335488
983109859657863169
983107569077145600
983106464494612482
982847389202632704
982803418937995264
982802670846205952
982643768888348672
982529479980601345
982526744828764160
982526130719809536
982525768646451200
982523937467895809
982516212168056838
982468312532750336
982467643411189761
982466470788640770
982410707823194112
982127112130670592
982126490849427457
982120630232363009
982109625313996808
982087716606275585
982087157702692864
982086950357291008
982085437270446081
982083141472047104
982080766267068416
982079752143097856
981410689666478080
981352837681766400
981333807461748736
981327715319078912
981325783691157510
981317484614770693
981316721922461696
981170198349717504
981026239317184513
980978978516324353
980884912927531008
980814898778263557
980680344838995970
980670592130174976
980315618795753472
980245991306690560
980245427898470405
980089934265626626
979992379573882880
979978464949424128
979965283635953666
979427251958796289
979344321349668864
979219284256854016
979218134128316416
979217648666988544
979208151475122176
979103972429623296
979102524912340993
979097171357261826
979041714080903168
978898102215200769
978895384297820160
978894811699859456
978893818740264960
978888180480045057
978885921520136193
978882091789225986
978787464331612160
978736097336483841
978481387958358017
978477388551073792
978475929663148032
978449319916396545
978447497692672000
978331627989360640
978133331836592128
978088308994641920
978068582260199424
978064219072598018
978062852392177664
978061393151823872
978060178603106305
978030075009519616
978026828370718721
977993668664717312
977992162754355200
977991773430611968
977990053401112576
977988089485385728
977987659611230208
977986803692163075
977985831108599809
977977199675535360
977976559159177216
977975239345885184
977973430959173632
977427299388846080
977426406228537344
977365480183943168
977346490342391808
977345262048854016
977341577109544960
977340281488998401
977339594306854912
977324003156164609
977320918132420609
977319247746650112
977317098497171456
976812646958682112
976811514400194560
976806783774683137
976799861172391937
976686087962808320
976607639051390976
976565970272751621
976489804387856386
976475019613110272
976299894913683456
976294092224135168
976292086080131072
976289966899671040
976258157377937414
976256502993444865
976153505479131138
976121073287643136
976109463529598977
975961164025925633
975899460634054656
975895826454245377
975795507581743104
975791436036587521
975789022059536384
975787592661782530
975786754920902656
975749855954976768
975602828847828992
975593791691415552
975593038989971463
975591957945872385
975562194355212288
975557445761236993
975541959090757635
975512204865933312
975511271910137856
975510319530500097
975509132336869377
975508596040531968
975507995693060096
975505754575855617
975490326466048000
975481708479950849
975480769106849792
975480140389146624
975402340755869696
975387386392842243
975387137490280448
975381230148554752
975379651479687168
975237732577480705
975236830210744320
975236774460116992
975065296510898176
975064051247190016
974883605070667776
974882770748047360
974864986093899776
974863355277201408
974862832671117313
974861947261935616
974859667670228994
974859416146186241
974851837953265669
974851244064952322
974748342063390720
974747120162009088
974743861032611840
974742121298251777
974741827994701824
974741064094507008
974727209121472512
974524055398227968
974393017372151808
974338949018603520
974337225256198144
974190064505970688
974187941407936512
974184087085862913
974163032560553984
974162242517241857
974123546904596481
974120990149103616
974114602479996928
974060272309727233
974048603781165063
974047688676335616
974045603972943875
974044732400775168
974037257987510272
974031472888868864
974027636606427136
974026854477783044
974026197167419394
974022812301185026
974022265020014592
974021156654256130
974019832042704899
974017805568811008
974016249649745920
973976704954724352
973957803701280768
973957061091368960
973956210352246784
973909343488765952
973908266534121475
973798361236164608
973796454144839683
973793984450564097
973757557356494848
973756868987416577
973755457197273088
973745591200239617
973737164210044929
973734208446320640
973713041484283905
973706234946818051
973630202055184384
973621799903735808
973364173747970048
973363595135410176
973362457874923520
973352536664104961
973348852412702720
973342961156190209
973334149900759040
973333928248532997
973276501540876288
973275888581136384
973252963236904960
973248495724343296
973241128974655488
973236273002332160
973212494708686848
973074373413363713
973021142234607616
973020927687581696
973020002881343488
973001790156361729
973000389850255360
972999933107240961
972908799274217472
972623441605070850
972622682415132674
972620977484988417
972549527751286785
972548556774150144
972546132831297538
972545811899797504
972545500930035713
972543319250219008
972501970283122689
972501282136186880
972282601959542785
972145086879297536
972129526959325184
971959656871378945
971959378373996544
971955738196303872
971947349172944896
971769564370427904
971518205612253184
971508490635218944
971506728562057216
971452809957617664
971452438774296576
971451733145632768
971404219428192256
971229354909949952
971227650088996865
971185107901001729
971181186902085633
971175920643035136
971171635360301056
971167097786118144
971165641024720896
971128939182678016
971122341177581568
971118985092591616
971110767587020800
971109036501319680
971107041652559872
971097538718781442
971086407304331264
971081973916614656
970872167251496960
970796925745291264
970793191652909056
970781386906001408
970780817810128896
970773834273099780
970770429207080965
970751722216939520
970747524691750912
970736359110569993
970731054419111936
970711882838536197
970697061963386880
970687884406771717
970681318605541376
970677499704291328
970544642990182400
970536961730580480
970523478825820160
970522960112029697
970522730448801792
970518170262962176
970513201048834049
970494381202595840
970493833137065984
970415581689196544
970414893659774976
970413245499691008
970411932175028224
970372262753918976
970371600120991745
970323197609603078
970321778957537280
970144875495804928
970120029734952960
970118303216783361
970117151485984768
970116224410583040
970114690784354304
970033985144393729
970029766396039175
970026357282439169
970020681411891201
970017519716192256
970016439179665414
970011587040940032
970011174208196615
969947000824266753
969926389028872192
969805035776462848
969798656093278208
969795598454067200
969794128006565888
969788973429215232
969786086032633856
969690744909975558
969688482435207174
969674391494778881
969672304098791424
969671190532050945
969664660323540992
969574794428481537
969260075557691392
969259938101919745
969259244087201792
969240357895520256
969239568619720704
969115424788041728
969114031641554944
969072506928803845
969071899908198400
969067255253340161
969065718066106368
969046446950572032
969046059128446977
969045064898023424
969042691853086722
969021483732361216
969006446192070656
968894750421118976
968894446388629506
968867322864848896
968851048222855168
968744362766192641
968717140927963138
968716597941678080
968710770392469504
968699123393286144
968694806359789568
968692184399654912
968680804024029185
968680324099125249
968679901980250113
968678014870487040
968672095566745600
968670557385486336
968391073780379650
968390534892048384
968389668927627264
968307391430299648
968306102822686720
968304370248019970
968296507693785089
968295423675858944
968266325960417280
968265953359298560
968265326738706437
968252758901116928
968251039387410432
968248860966637570
968248008948281344
968243210458935297
968216703703363584
968213029946085377
968197493379956736
968190785551204353
968189174833733633
968188146511958018
968187799047495681
968186804561117184
968185935379795970
968181868586831879
967955347901177856
967740179749507072
967738640150474752
967602205766443009
967592350628409345
967592190468911105
967478975437131783
967419497354276869
967418522447081472
967417362684284928
967416872625999878
967416548750184449
967307326184140800
967305548294230016
967301246766985216
967298416631001089
967296004570734593
967292799182950400
967290849976553472
967271842225500160
967271394445807616
967270814398730242
967268181936046081
967267371416252417
967265770781790208
967265076792233984
967264502231203841
967261482022039552
967259144246972416
967257313672421377
967255669089939458
967255354869534722
967255048152633345
967191369667182592
967160532502503424
967106510366085120
967089744940294145
967086576827289600
967085273518608384
967084476701593602
967083878853808129
967051586404052993
966916323899981824
966916152692649984
966915726341623808
966914181596196864
966910306617237505
966760649350098944
966572974521364480
966572411343855616
966572153020788736
966571212737536000
966570606639697920
966550022862106624
966549389144678400
966549026446376961
966544363030491138
966543890592477184
966541285929693184
966541015145365504
966539751665950721
966530759946326016
966479359195451392
966478869472542721
966475949037453312
966472296046219264
966471551007821826
966469955905519617
966469496729989126
966468903080726528
966447223872598017
966446520756301826
966388782894338051
966387973569826816
966387067944042496
966386456511045633
966385335457533957
966384210020847616
966332053619904513
966330179554545665
966329877128470529
966328527367925761
966327874675462144
966327417794113536
966324038598524928
966186260321751042
966184104038412290
966183595164536832
966181706255491072
966177640787927040
966177549087920129
966176861452685313
966115238524407809
966071914220478464
966069773778944000
965971015888142338
965760011619233792
965727032981315586
965675499316969480
965672757383057410
965671543945691138
965668605324091392
965667626763595777
965474965339459584
965387925688025089
965309975429042176
965101121491685376
965101053954920449
965071490432618497
965070331248562177
965065687646593024
965063085223489538
965062064766160896
965057614387216384
965056824893493248
965055281314107392
965037181554262017
965036216684089344
965033655524577281
965028211301273600
964988195879489536
964987460353699840
964907545142988800
964907099854721030
964792168467529728
964670212682518528
964669644643749888
964667497415938048
964513216754864129
964512336265601025
964509295009304576
964237177466040320
964227806996717568
964227365483302914
964225740580548609
964224104890028032
964223685598081025
964221720512122880
964221387912241152
964044658786619397
963921937130016768
963919114321448960
963876302590742529
963846606998200325
963845843584512001
963844818756620297
963804750390222848
963674467410022401
963670994903818243
963669891697037312
963656885667803136
963609571053973504
963609152986722310
963607538892668930
963595817641742336
963580735205576704
963580560068227072
963503124831965184
963457097743691780
963399761679278080
963301135686733824
963295711646404609
963288597456719873
963280252008091649
963275311352893441
963267728051187712
963253292057939968
963251008280453121
963248484106334209
963247200607367168
963246649815465986
963245198540181504
963243495392673792
963238183935905792
963234128584953856
963233428350164992
963232737300762624
963222154325131264
963221178495234050
963219799261220865
963218781655961600
963216185780207616
963215787317170178
963214636974792704
963214276994437120
963209337144594434
962936448524701696
962930496316563456
962908057494802432
962903063215386624
962902086051647488
962901641585446912
962894217298268160
962884223995727872
962882190949474304
962854970897960960
962837258666741760
962741876418842624
962586839239548928
962551011742306304
962526832590508038
962402505610035201
962200166240604160
962196817050992640
962186481375809537
962183540954853376
962181993927766016
962128097888952320
962125326083125248
962091877574078464
962090341062062081
961962660815409153
961116895578599430
961094076161560577
961091813376495616
961072570987614208
960941868635877377
960833703944605697
960832621902213120
960818578760130560
960814494212612096
960814305389182977
960810066340384768
960583569927278600
960156464651341824
960154878457925632
959943849895497728
959861309243363328
959645624386883584
959640637988593665
959640006620078081
959639452212781056
959550129626865665
959426497214808064
959423128521920512
959297907898765313
959138242040918016
959124504118284288
958957980808105984
958952047843397632
958907514762006528
958890373748846592
958847494305271810
958575485792980992
958544004148326401
958527565844615168
958525028680830976
958522958775050240
958521204184412161
958485700600623104
958447277823221760
958446666130116608
958286482434904064
958286018213445632
958285111266594816
958268362446049280
958256937010941952
957860315038932993
957835377678651393
957833662623559681
957831313779773441
957830929115951104
957806058457706496
957442634548764673
957432236286017537
957431787705241600
957430878589857792
957429902285959168
957423651120406529
956376152154787842
956374869066870785
956308395233071105
956300592816775168
956108363191943168
956107792351465472
956106648153665537
955977616313520128
955974494245605376
955972789114155008
955968055481454594
955966272247947264
955681745252372481
955680829916811265
955679868980690944
955675706649870336
955675364772274176
955674719029747713
955298191930462208
955285280482844674
955267100381196290
955266970978529281
955261605809414147
955259702635573249
955258211833085953
955235028656640001
955231172770058240
955181514177875968
955181112996835329
955180797983588359
955177747596312576
955172707976536065
955166298740322305
955111352015773702
954936105509556225
954841657312251904
954800078539063296
954798124735848449
954797579522502656
954529173401493504
954528072392429569
954525850833162240
954416364038471680
954385592728485888
954357513293410304
954189822620352512
954189001635672064
954187489710784512
954186762426859520
954055938683662336
954055071192449024
954054346924273670
954020210595348480
953865890138910720
953854265205972993
953852990225514496
953851450114953216
953850506149023745
953750257518522368
953749125903802368
953748382270410752
953721486371561472
953720587813208064
953698832444829697
953690013832630272
953492285525843969
953490129666150401
953388785424793605
953026249462435840
953024724883271680
953023474229899265
952077836625567744
952076219847147520
952075390385840128
952070085413425152
951999015423442944
951988798258376704
951987776538497024
951904251055366144
951600666207752192
951599175183028225
951554401507905537
951551141116030976
951550265290878977
951544903930142720
951529353120243712
951528674989404160
951526864140546048
951249999685439488
950974568436465665
950961240653946880
950959368958332929
950912180311986176
950911084231299072
950089572125376518
950060299482206208
950058143438041090
950053832750522368
949626027860549633
949624379062800384
949609891307671552
949192562773983232
949190931332452353
948979527195287553
948977751691808768
948976539907035136
948557459706335232
947738451415306241
947627700046454786
947606263088730113
947595403926626304
947594370773078017
947572265738276865
947561878015836161
947549501128093701
947548930069364736
947527958826283010
947526455008923648
947525771316420609
947525415203164162
947524535674462209
947398467240030208
947227005866491904
947174585379692544
947164673572454401
946978127238057984
946958795221143552
946956544696049664
946955522413957121
946937021288693770
946922024072568832
946920798039760896
946919762726150149
946902581594357760
946898476410925056
946898282554331136
946886378612314114
946885536416980992
946818649914052608
946813274498191361
946810719684751365
946779983242022918
946667803121258496
946662253696307200
946661375417487360
946651586876469248
946650966308171776
946650333618454528
946648371791405056
946646581310189568
946645779350929408
946644743206813696
946644363488014337
946644244403335168
946643523679305728
946475637883092992
946473509189861376
946472635621240832
946471965291831296
946471229313073153
946449852505960448
946448674107912192
946405443634712576
946404787641356288
946402661544419329
946401482840182784
946195433746964481
946139840839634944
946132193138696192
946103772849336321
946059783098064898
946059329664438273
946057205203243008
945957488884674560
945928288412848133
945927104990011392
945865399891054597
945733303277105155
945732716493930498
945731993408540678
945731516797194240
945708165345218562
945591476481818625
945464649096589313
945358322282258432
945355167704190976
945351676604702721
945350388101844992
945349281887682561
945348099547062278
945346890266181633
945345851362291714
945191189405454336
945185632183357440
945023684040728576
945002949050339329
944717163507732481
944716313481662464
944715711712251904
944715020272881665
944676933580627968
944634984089948162
944615085850296320
944614413281067009
944613891681665025
944588619121070081
944397426168868864
944396623551123456
944387387836321793
944377973934907392
944344247007875072
944116929081544704
944116482740510720
944116024965844992
943868898016862208
943694323224154112
943507011492335617
943200439981322240
942796492980523009
942663540883804160
942183939954892800
942143772300906506
942135202658373632
942133310444179456
942113732527837184
942072976001912834
941831666355519488
941820930409381889
941745394219749376
941143898050711552
941128015932788736
941078139039637504
941077381233741824
941074833848324102
941074556223148034
941027160055255041
941020041243451392
941018665268535297
941018158143627264
941017314266353664
941016797393891329
941015569536569344
941014058588917761
941013427165810688
941013084440801280
940805411690745858
940773489316909056
940772772015497216
940668777745743873
940668077427056641
940666625174441984
940577881503289344
940292486316118016
940070871833513984
940014677869731840
939997572722126848
939997024811810816
939891959497482242
939887020083765249
939723360291844097
939717539499614209
939715692693045248
939540444442234881
939539157667516416
939230855649792000
939229289668628482
939227415729065985
939207486569037824
939027634607943680
939025508716572672
939023584516718592
939014332280532995
939013849998438400
939013380412653569
939008296005988352
939006273944616961
939005522480578561
939005017368838144
938984780544196608
938983880895242240
938983632521256961
938975367158575104
938903410388226051
938902946032603137
938902874465161218
938560982208729089
938560575650529281
938410777308008449
938257204561539072
938257069060378624
938254229420077057
938251999950397446
938151796681461761
938151120236613632
938149428069793792
938089127215599617
938088166023663616
938087975476482050
938086694385004544
937748054014169088
937746267463073792
937570653791760384
937545966860636160
937480549572272129
937375923925479424
937209153197449216
937205810983190528
937198782877503488
937095148407836674
937003152003551233
936843328657678337
936686907718746112
936670510607368192
936668952276754433
936372449360392192
936370885346414592
936093123641597952
936092763929669633
935975643090649089
935753188581535745
935685522793615360
935592198204215296
935591789834141697
935589796008873985
935307596734586880
935305476908179458
935283488068177920
935282369015287810
935191986079924228
934857462087159808
934819992226418689
934818945894436865
934636871321378816
934265863133417472
934263478545723392
933713879397314560
933546151743295490
933455712050610176
933454422612508673
933451868864466944
933451448880390145
933432650366373891
933197542925352960
933129364132245504
933098450656182272
932972853821140992
932829554783260673
932828816266932224
932791749642203136
932441312091099136
932381558652198912
932379155282481152
932362142371676161
932360561425309696
932321071646363648
932307305730838529
932293910352850944
932291935586447360
932286200290926594
932284701749981185
932282763968942081
932282154654076928
932116468065624064
932099616392310785
931997876200394759
931942117441789953
931941593984139264
931921769853800448
931918079176691712
931281039451934720
931279613615099904
931276610959003648
931275528899788800
931008570208018438
930992154452856833
930989687442935808
930986856489025536
930986047927963648
930985076728451072
930983060283314176
930981670966255616
930975803277545472
930960989163581440
930959908442398720
930959160916828162
930957718743068678
930956972115054592
930610721221734400
930504897874849793
930503818051276802
930219896297881600
930212522698985472
930210311914885122
930158776186892288
930157130627215361
929792652068790272
929789525752135680
929164952409182208
928667121055395842
928638084740239360
928425963540635648
928425430486577154
928421823695507456
928421200547770369
928290065054347268
928259352087224322
928257500167667713
928191796848529408
928178815813259269
928168514376040448
928166798003965952
928165484574511104
928124351878135809
927934752098832384
927932330068586497
927899667844788225
927681029594284032
927675046700732416
927674338567966721
927674146380763137
927580742519083008
927220308687446017
927220158384476161
927027282467844096
927023732656410624
926953849981632512
926910142519697408
926909044731850752
926876356029202432
926871708400619520
926870398997749760
926850214178246656
926179606268469249
926084132068888578
925918853628035073
925239418079842304
924383606079881216
924379634992599041
924327633780985857
924305517060739072
924298100134510592
923907510880399360
923797398471798785
923797100848087040
923796446297624576
923795549928738816
923748985885601797
923739336620744704
923739277044858880
923644927329951744
923644220463820800
923424489739898881
923411263518138368
923360454671585281
923355995413340160
923345585394110465
923342548097224704
923282145874972674
923276133075947520
923267784720691200
923266771628552192
923266067912384512
923264879154335744
923252715043610624
923248621814009857
923248118761705473
923074386315415552
922967074292584448
922966125134188544
922962464664375303
922713588137160704
922712010726486016
922710034970234882
922668811484098560
922668375423311872
922668070828638208
922660292852682752
922658414194544640
922657340037484544
922616011693715457
922537899353980928
922521071382773760
922520680440086529
922269492281008129
922134558006329344
922132858260430848
922132072034009089
922131995915730944
922131130790191104
921858523813818368
921647010549325826
921646549154844672
921645044733480960
921644552137641984
921612112887083008
921201886929260545
921201522335207429
921125703223037952
921124067155021824
921011477808599040
920683000601370624
920510928097042432
920483743923453952
920483013472874497
920482035306606592
920481068305674241
920480467261956096
920365440370728960
920364713657143296
920364274257747973
920283953415647234
920283610451623936
920281774567165952
920279230751031297
920133145927802881
920132318857220097
920130915099058177
920129443812790272
920129186257358848
920128637034225665
920126430306095105
920032061871837184
920023669287596038
920022624415240192
920021794131718151
919916846530273280
919916365422632960
919783658206191616
919781487070928896
919779234649960448
919778409449967616
919778063289856000
919776371748098048
919736139384279040
919733621631668225
919724431907356673
919687808931033088
919687537731559424
919685472795942913
919678731442155520
919677306339250176
919669169691545603
919623750810767360
919623183820623872
919617169654198272
919595894747684864
919575859463368704
919432523872112640
919431695815860224
919431052388683778
919429576236904448
919397903965327360
919397576369164288
919395564369965058
919053019718803457
919051989207707648
919044614467870720
919043430378065921
918991693319417857
918990932757962752
918936925247098880
918588256899526656
918322761877073922
918322197814497281
918321676970024960
918196703790018562
918192809676591105
918169798734782465
918168968786976769
918098447915503617
917877644003332098
917610153117184002
917607033557438464
917570512485801985
917569965657673728
917554215068815360
917553401222909952
916880497833365504
916879155383472129
916879013469151233
916874064072970240
916871133697400835
916685823268995072
916393858115674115
916392602345209856
916389694836850688
916301177230327808
916288529545814016
916054326983901184
915945706774499328
915945649769779200
915720252343775232
915654835667705856
915654317625024518
915652325770956807
915651669119168515
915650207517433858
915631899820937216
915609189766041600
915608778963382273
915576687181598722
915575914204983296
915410601630765057
915290278667235328
915104522535604226
915034380107644928
915030399436378117
915002274145062912
914912832453468160
914912172739719169
914541202711601152
914535895172182021
914534920831229952
914528403621113856
914528000133226502
914526865443999744
914525961189806082
914362408457592832
914299239441760256
914298831092711425
914298212080644098
914265240489017344
914196792715161601
914193569904197632
914188841921253376
913818268279951360
913817654749777920
913813030462517248
913809936299241472
913768244309319680
913605590617862144
913604147114643456
913603186233155586
913600725309116416
913263077713473536
912950882882420736
912941897345376256
912737501420376064
912730260382277632
912664478369624066
912331092912492544
912124467157094400
912123327145234433
912121945700884481
912091044824698884
912089226543497217
912017800889323524
912015243739635718
912013361491189762
912013153801789442
912006075183906816
911982412892164097
911858790470909952
911851600733396993
911850847960678400
911845443994132480
911831254873497600
911827266878844928
911827107348602880
911701325364199424
911700212216946688
911699446253146113
911696592633319424
911678144809177088
911677535397859329
911676664979054592
911659523659534336
911658645682659328
911657567759110144
911654571952369664
911654428331012096
911636126158458880
911631915161186305
911476759924695041
911349573003743234
911348565766737921
911346322741002245
911316766462287872
911315849553817602
911310548276572160
911309817704325121
911000561406722049
911000465860464640
910999799876395008
910705966475350016
910703718894571520
910686541445558274
910682730664427520
910682255219154944
910678396866322432
910655848573259777
910655079769886720
910651589345579008
910649075774754817
910648707690921984
910595268600586240
910578227806113793
910562569647255559
910561524380561415
910560314487435265
910558034153353217
910555638152998912
910492589639569408
910157528130097152
909781914323734528
909588881061830656
909335582462980096
909291333348552704
909122291874828288
909117143328927744
909095862617255937
909095014768054273
909084909897207808
909083957576306688
908924259451490304
908923651768057857
908921683364519937
908918302054940673
908915485999321088
908914730579963904
908910582388154368
908907862247780352
908465428158046208
908441362076459008
908382518155628545
908371598134185985
908371293690527744
908370238269468674
908369971029327872
908369862900060160
908178908209709056
907931873350963202
907819193701199872
907817104317042688
907815385415786501
907815285473910784
907738224436695040
907736803913986050
907733257239891968
907730650807054342
907372390019203073
907370869143597056
907367490577203200
907364753772875776
907301535687872512
907298096547291141
907279036707094528
907278479477022722
907276793727533056
907276456517971969
907274176926441473
907228648817774593
907128534342258688
907126926388711424
907126362267418624
907039444754063360
907034776510402560
906947054395707397
906788984558407680
906381980383637504
906381544071118848
906379996939169792
906378858152083458
906370307081900032
906350308711792642
906319879850078208
906317995575824384
906314802842267648
906313501152628737
906200676438614016
906199767784542208
906198156538499072
905928737962680320
905928374190727168
905778415839698944
905660018095136768
905658449756733441
905601864468754432
905600448358440960
905598802366799872
905510486287974400
905510217189871616
905508906524442624
905506669945344000
905506206583844864
905463621987295233
905447159285379073
905316251886604288
905315542956953600
905177373796167680
905175146096447490
905173762852753411
905173542194601986
905070480478150657
904921394764492800
904918455073243137
904913495916937216
904804178802954240
904801022366842880
904800161175670787
904797091591061505
904796500517113857
904783314803929088
904782310926639105
904779776950460417
904773544151846913
904771447167602688
904770063080845312
904741978948198400
904739336700211201
904737999220551680
904736417510719491
904477915613679625
904475908152729600
904455499130839040
904454196744912897
904449578639994880
904448666072690688
904443110679302144
904439939085021189
904213998303723521
904212842697465857
904181442388926468
904127113422307328
903877955561992192
903872022773604352
903867598210719745
903730809894514688
903730139846107136
903729883343355907
903728819030384640
903727556955910144
903726931484475393
903688793886162944
903685668529991680
903684682444935171
903682062061899776
903662592240959488
903656639319785473
903501833456369672
903501190838665216
903489440454021125
903484035824885760
903483022388871169
903452057394454532
903451066993430528
903450353999515649
903449554489630720
903414385535803392
903403060185227267
903363773813055488
903362165108703233
903361063156031488
903357768903491584
903357120086556672
903352385027817472
903351679684272129
903026292244660225
902704719218360320
902704389856440328
902703704251314176
902635886076203008
902566754685030400
902565034831708160
902391855693881344
902391387190124544
902285473048961024
902284168742060032
902283981101477889
902283294791761920
901170246169407488
901156237273833473
901151852233760768
901151220848513024
901149725130334210
901145891217846272
900771167849422848
900770574632329216
900769625008361472
900769181489967104
900756595566497792
900756467610902528
900551022610976768
900511954049028097
900511375855730689
900509542953361411
900509059056418816
900506630323789824
900504918200418304
900361752914804736
900341554740514816
900340479685836802
900339135084347393
900330959312224257
900213711494885378
900212865923244032
900090382087839745
900089636000845828
900088851112263680
900087377468694528
900077876116164608
900048196076019712
900047750796120064
900009903883902976
900009526211911680
900008435663609856
900006293892505600
900004594691915776
900002584773107712
900001823762677760
899896302011432960
899895894216032256
899894040027480064
899892865878421504
899876619904581632
899875767559094272
899873746621747202
