1330303496122404865
1330302591201402882
1330302558058012672
1330302514114277376
1330302481151225860
1330302401216213001
1330302346354712582
1330302211046387714
1330302125625270272
1330302059476897792
1330301437444837380
1330300979129020421
1330300906437480448
1330300824707342342
1330300756923199490
1330300739848171521
1330300668251414532
1330300631589007369
1330300184019013634
1330300137332215813
1330300024052469763
1330299875972575233
1330299841721864193
1330299815251599360
1330299766480244742
1330299665267511302
1330299578931949573
1330298917775405057
1330298706386710528
1330298635687432193
1330298575788650499
1330298532922875905
1330298464555704323
1330298444653727748
1330298406636556289
1330298357894483970
1330298115946127366
1330298052519858177
1330297962568830979
1330297929119248388
1330297845140885505
1330297730099458049
1330297679033856004
1330297644078538753
1330297050773286921
1330296960000069633
1330296817842614276
1330295948526964742
1330295924036427776
1330295307922513929
1330295267447484420
1330295210866339842
1330295094377934855
1330295054469099523
1330294802831863814
1330294704894840832
1330294642856824833
1330294590319058944
1330294365441445891
1330294277239427073
1330294203839025152
1330294159270404098
1330294123845316612
1330294080660791296
1330293878709235712
1330251651869978626
1330251533817163777
1330251516616323074
1330251189145964546
1330250673892495360
1330250609765855233
1330250061729705986
1330249912693497862
1330249885325594628
1330249792040079361
1330241606658699266
1330241561150492678
1330241316777811969
1330241299061092359
1330241243394289664
1330241150582714370
1330241101668773889
1330240940821405701
1330240863537127424
1330240838916567042
1330240749758259200
1330240602005528577
1330240585475690502
1330240337617559561
1330240315605790725
1330240171535687681
1330240084872990726
1330240045127766021
1330240012433182724
1330239917071458305
1330239877061939204
1330239816227823617
1330239718404059137
1330239616406990850
1330239570194141185
1330239390619144193
1330239065711661058
1330239028197793799
1330238904721678336
1330238833389133826
1330238245880336389
1330237697030565907
1330237604697157633
1330237545750388736
1330237284432703489
1330237233438355458
1330237084423106560
1330236325228924931
1330234368816787456
1330233197737766913
1330233051624984579
1330232956712083460
1330232871475437579
1330232683847426049
1330232596811407376
1330231937944915977
1330231909516009473
1330231866922766343
1330231823302094857
1330231789638590465
1330231747347361792
1330231727214768128
1330231706427813888
1330231461266542597
1330231199407747074
1330230991454146561
1330230919895060480
1330230760746459139
1330230656694104068
1330230581519638529
1330230553145118733
1330230445057957890
1330230317240737795
1330230204464304130
1330230145253257222
1330230086071619587
1330229995705339905
1330229957314928656
1330229671531835392
1330229275669241864
1330228509768355841
1330228353853427718
1330228205257625601
1330228164958838784
1330228094305787908
1330228032834039813
1330227988537946112
1330227924100853766
1330227885219655680
1330227817624334336
1329939513720905729
1329939138473304067
1329939037566734341
1329938461013499915
1329938406458216449
1329938280629088256
1329936525484756993
1329935993747759111
1329935919185612803
1329935768043859970
1329935521506865152
1329935459200475137
1329935268602912768
1329935210696368129
1329935100230905864
1329934935008931843
1329934790880079873
1329934715143516161
1329934671363383296
1329934580179152899
1329934524164214784
1329934002237698052
1329933818363580421
1329933731340181504
1329933666785615872
1329931457767370754
1329931116489404418
1329931063083356162
1329930954991935491
1329930717661437953
1329930658643324930
1329930587092758535
1329848413958103042
1329848318789345282
1329848073586155520
1329847735323914241
1329847706395807745
1329847239209054209
1329847178437791747
1329847081721327616
1329847057713156096
1329847027824463876
1329846944760553475
1329846826791559171
1329846722336583683
1329846643303309314
1329846065563119621
1329845995648192514
1329845973682679808
1329845876211257344
1329845788499992582
1329845712486535168
1329845658157715459
1329845620572631043
1329845573101481986
1329845523331883010
1329845447196864512
1329845391815307266
1329845225280458755
1329845174193754112
1329845024503308297
1329842592687722496
1329842568495067136
1329841279333769216
1329841174660657154
1329841107950309384
1329841072638455808
1329804228412514304
1329631627174096898
1329631536665268227
1329631506118172679
1329631226496475137
1329631169462341632
1329631136935501824
1329631005792198656
1329630914167631874
1329630835771846656
1329630788141412354
1329630353485656064
1329630218626150400
1329630062983979012
1329629673266032641
1329629303395545091
1329629272743481345
1329628488215760897
1329628434989985792
1329627910001582081
1329627721316659200
1329627690337529860
1329627599170048006
1329627503841964038
1329627382609752065
1329627248488554496
1329627005105606662
1329626883311472640
1329626778223173632
1329626705573588993
1329626597972959235
1329626549776166912
1329626274940260356
1329626217369178115
1329626109030359040
1329626068626575361
1329625832734777345
1329625754259296256
1329625651289186304
1329625632276439050
1329625594275966978
1329625413153386496
1329625371550085124
1329625097716502528
1329625061452615681
1329625025327017985
1329624941893988352
1329624746510704640
1329624683998834690
1329624581926232065
1329624366397726723
1329624308872847360
1329624179046551553
1329624047127310336
1329623818223153153
1329623765605617665
1329623734752317442
1329623645199667200
1329623594440265732
1329623319860170758
1329623180193959937
1329623116209917953
1329622761225007107
1329622654534508544
1329622560674295812
1329622516470583302
1329622472744972288
1329622388292661248
1329622300300365827
1329622230481952768
1329622155521298434
1329622066518257667
1329621888788783106
1329621844081577984
1329621827447099394
1329621765740433409
1329621080659681280
1329620987978059776
1329620963256905731
1329620740459655168
1329620674424557575
1329620638454206464
1329620573794803719
1329620471860637704
1329620405120872451
1329620290402476032
1329620231799640067
1329620093010141185
1329619919848280065
1329619715648589825
1329619684136808451
1329619616235139073
1329618297223081984
1329618258824208387
1329618229937913859
1329618199365685248
1329618117425815552
1329618062484664320
1329617974643265546
1329617938333233152
1329617906867560455
1329617883454971911
1329617814509019137
1329617648993316864
1329617513299259395
1329617471263936512
1329617379614187524
1329617225989451779
1329617085979373568
1329617051216982019
1329617010611933185
1329616960175419394
1329616927325614082
1329616890654756864
1329616823881502721
1329616720235991041
1329616660060368898
1329616591881969664
1329616534097039361
1329616473086636032
1329616337094791168
1329615068695293952
1329615030757822464
1329614921219313666
1329614896347181059
1329614843683483649
1329614814839263234
1329614762355908610
1329614710736564225
1329614631447498756
1329614550166106114
1329614465680150528
1329614303780089859
1329614140080594945
1329614054105763841
1329613846722568193
1329613795719852032
1329613739780317184
1329613501434826752
1329612958125744131
1329611132219379717
1329611069002747906
1329610990858752003
1329610703930527746
1329610654295199745
1329610613056794626
1329610592446017537
1329610519628615680
1329610297737441281
1329609690540617733
1329609570096979971
1329609495354482693
1329609413552955393
1329609381936238593
1329609315829903361
1329609237673234433
1329609189879111682
1329608979174072321
1329608901810155521
1329608873372770304
1329608841932181505
1329608783014862857
1329608741235396609
1329608642073669632
1329608570523021313
1329608516236144646
1329608476805492741
1329608283330580482
1329608237088468996
1329593106350673922
1329593065418485764
1329588997061009411
1329588927737499653
1329588512006549505
1329588394272362499
1329588348592254976
1329588286772350984
1329588179301756928
1329588076235153410
1329587988326703106
1329587734831357952
1329587711083208705
1329587431532875776
1329587413447020548
1329587173264412676
1329586649412628484
1329586510312726528
1329586352921452546
1329586330783916034
1329586288316583942
1329586161447292930
1329585938016694273
1329585753647624192
1329585418552176640
1329585193506787329
1329585160870825991
1329585076477292544
1329585020663701508
1329584975482589184
1329584843013955586
1329584793210777601
1329584756938461186
1329584684129513473
1329584647475503106
1329584597114499073
1329584550293499907
1329584430936190976
1329575506837196800
1329575240314327042
1329574890903625728
1329572627371921408
1329572565040455681
1329572460921036807
1329569155536838657
1329569107474321408
1329568852808790016
1329568667227578371
1329568550172889089
1329568505696489472
1329568436582830080
1329568290860130304
1329568255460126721
1329568136476176387
1329567954858635272
1329558263239675909
1329558110319628289
1329558049711853572
1329558016195239937
1329557929473794052
1329557903448092680
1329557867951755266
1329557753011036163
1329557722484903936
1329557691581276162
1329557668789428230
1329557639550865411
1329557620970151937
1329557596810964992
1329557572483944449
1329557528196354049
1329557502384631810
1329557460470927362
1329557430414544897
1329557362278010880
1329557314014244864
1329557167968542724
1329557131834626048
1329557073449930755
1329557042571382791
1329557000636821510
1329556977438121989
1329556920089403392
1329556843652378627
1329556720818020357
1329556689247461376
1329556416743563264
1329555993626365955
1329555959623131137
1329555944070635523
1329555918300864515
1329555903562076167
1329555690298482691
1329555681054224388
1329555671247941640
1329555519292497922
1329555466859524098
1329555440338935811
1329555394881089540
1329555331282767882
1329555261711900673
1329555096204701700
1329554925026729987
1329554910820655104
1329554881989009413
1329554821985280002
1329554775717908481
1329554751470661634
1329554727638622216
1329554696831463428
1329554528400773120
1329554465746247680
1329554451150016515
1329554425409662976
1329554363740803073
1329554295793061888
1329554091878584321
1329553996613345283
1329553983426457607
1329553901025189895
1329553856007712772
1329553727599095811
1329553597412093959
1329553530382913539
1329553512397680640
1329553459146846210
1329553439475560455
1329553412296470531
1329553339206529024
1329553308726517760
1329553277587951621
1329553125770989569
1329552849278267392
1329552316769443841
1329552167393484802
1329552024577433604
1329552008009936900
1329551853202403330
1329551782775824385
1329551744020451328
1329551715125895176
1329551676307550210
1329551595000967169
1329551565531836419
1329551503900729344
1329551473773047809
1329551412678758404
1329551355296542723
1329551286358958087
1329551267077754884
1329551179953659907
1329551141126987788
1329551091030257670
1329551044322451464
1329551020544974849
1329550969336639488
1329550809630208002
1329550791108124675
1329550727757377538
1329550699756195840
1329550643615371265
1329550614364360715
1329550583481692163
1329550567694364672
1329550536392192003
1329550513965309952
1329550470361329671
1329526118177759237
1329526030399365120
1329525988036911104
1329525967770034187
1329525944453836802
1329525786622238730
1329525737590841347
1329525706234191881
1329525681739411464
1329525654518370309
1329525630304743424
1329525578328907776
1329525554886955009
1329525530962644993
1329525413832503301
1329525055479554073
1329525004086685699
1329524438107365385
1329524310520848394
1329524287573794826
1329524254505897987
1329524200319619077
1329524139376447490
1329524087144783885
1329523918961582083
1329523898258485251
1329523871003922435
1329523799486828545
1329523629147770880
1329523595882754057
1329523572096856066
1329523557773287437
1329523534541037595
1329523491842961410
1329522650545332233
1329522610405842953
1329522414166937603
1329522344084303879
1329522255299276804
1329522201847009281
1329522121123500035
1329522086923169792
1329522039607136256
1329522016534355968
1329521921420107779
1329521879745433603
1329521862771167241
1329521633221087234
1329521607551934468
1329521572722380802
1329521547661414408
1329521457295204355
1329521395311718406
1329521342304153601
1329521303771115520
1329521216915447808
1329521193322471425
1329521162817318913
1329521122698797065
1329521015916011550
1329520977622003712
1329520933644742664
1329520914128642053
1329520886660075521
1329520873846546443
1329520730309091331
1329520697761275910
1329520676244500480
1329520654161469446
1329520625287835648
1329520593088163845
1329520544153210881
1329520514482769924
1329520465220694024
1329520451312357380
1329520357905215492
1329520289659621377
1329520235968344065
1329520109854076933
1329520058629025794
1329477606744449024
1329477589996625920
1329477509021306882
1329477476293160962
1329477453379727364
1329477416734093312
1329477393145339912
1329477326233624579
1329477266787741697
1329477192796037122
1329477151607975942
1329477004576559104
1329476885483491333
1329476809147232264
1329476759100723201
1329476722970996739
1329472517375987718
1329472472366911494
1329468283742015490
1329468221473296385
1329468156541358084
1329468078414061570
1329468052610670594
1329465932989820928
1329465900559462402
1329465843747610626
1329465809605890052
1329465738374033409
1329465685622349824
1329465648968331267
1329465599131574285
1329465526972772355
1329465379509444615
1329465292720922630
1329465250782081030
1329465191973711872
1329464860434968576
1329464242655932417
1329464178352984064
1329464148120494085
1329464100947111936
1329464058026799112
1329463904620179456
1329463840191471623
1329463776433872897
1329463734419517440
1329463674235400199
1329463653918269443
1329463625711570944
1329463608611381255
1329463589938323457
1329463561291182080
1329463535563399174
1329463450637131777
1329463388297158660
1329463223372967937
1329463151289626631
1329463073556606981
1329463046457200643
1329463014467260419
1329462978584989696
1329462946737639424
1329462832572796931
1329462502313390081
1329462430708142083
1329462343504453632
1329462240265842694
1329462025962053641
1329461924128575488
1329461857145540609
1329461781585129473
1329461707601797121
1329382503816327169
1329382346026573824
1329382276757643264
1329382237775781888
1329382157152886787
1329382139184492544
1329382015775502336
1329381907025588224
1329381836599005184
1329381715660443649
1329381640423022594
1329381602691059712
1329381529462722560
1329381437821300737
1329381413339193344
1329381220405432323
1329381141619544065
1329381120446779394
1329381044492136449
1329380972543012866
1329380883489562627
1329380834349092869
1329380412884443136
1329380342009126915
1329198777400487950
1329198723512098816
1329198664389169157
1329198595795513345
1329198370687160329
1329198028071309313
1329197915718479883
1329197551313186820
1329197450054279168
1329197398162337800
1329197340633206784
1329197041575190532
1329196768366571528
1329196707347918851
1329196569023942663
1329196471292485633
1329196398731010051
1329196352765652993
1329196028046807043
1329195926511095809
1329195839009542144
1329195648076406792
1329193978831523846
1329193668671107072
1329193522810023936
1329193354224164877
1329193150842286080
1329193000149331972
1329192656593965056
1329192573987155973
1329190729143488516
1329190697363255306
1329190471290249219
1329189954040328197
1329189905843548161
1329189873136398341
1329189554922852358
1329188569420795910
1329188511992459264
1329188210115829766
1329175506013597696
1329175440091656192
1329175383451832320
1329175330645479424
1329175277033971716
1329175225729232899
1329175173933789187
1329175124742959108
1329174980844773376
1329174563607998469
1329174509639917642
1329174391926775816
1329174039542312960
1329173971758092291
1329173941496258561
1329173872504152068
1329173787154255874
1329173745911607296
1329173701955375113
1329173655025225730
1329173534866812935
1329173487215370242
1329173456609480712
1329173287235096577
1329173004912353281
1329172584433324040
1329172530842755072
1329172414710898688
1329172118060359681
1329172041560436736
1329172003937542146
1329171949755518976
1329170019813634049
1329169844328128516
1329169740850491393
1329169557446160389
1329169519529615360
1329169414047076354
1329169344555868165
1329169302491197445
1329169261244411906
1329169237219430400
1329169204713566209
1329169064892264448
1329169011859361792
1329168963792744451
1329168892904824833
1329168780765917185
1329168472027361280
1329168334613585924
1329167760103002114
1329167574677020673
1329167391717253123
1329167345185656835
1329167293117554690
1329166841307144192
1329166803587756036
1329166790845493249
1329166659966349312
1329166622670647298
1329166584716414976
1329166452608409606
1329166399051280386
1329166249738330116
1329166081202794502
1329165941666623488
1329165845801676801
1329165500971094029
1329165453734907907
1329152640433999873
1329152396921098240
1329152224996569091
1329152139399221249
1329116494878347276
1329116424179245056
1329116303752359945
1329116254314041347
1329116011279376384
1329115920841797634
1329115733108908032
1329115564883709955
1329115520705159169
1329115495417729027
1329115382788087808
1329115346813546497
1329115293248008194
1329115189531316224
1329115157541367808
1329115001806868488
1329114867471532032
1329114833749467136
1329114779835887626
1329114696004349953
1329114649304895491
1329114602408382465
1329114543889539073
1329114422909014021
1329114374489989121
1329114325123026946
1329114302599532544
1329114280835375105
1329114241467641859
1329114111238606848
1329113985485066242
1329113845558865920
1329113808518963200
1329113748418809857
1329113702298226691
1329113629245968385
1329113552028917762
1329113501080690689
1329113397032521741
1329113274978283528
1329113188370100224
1329113127213027331
1329113049299619840
1329113029506633728
1329112983948177413
1329112955473059840
1329112917317398528
1329112887407898625
1329112829018988552
1329112766473531396
1329112746785443841
1329112616397123585
1329112595995963398
1329112523904323586
1329112481692872705
1329112422116954115
1329112394212274183
1329112318010142722
1329111755277144064
1329111710754594816
1329111107622100995
1329111086428286976
1329111058364198914
1329111000700825606
1329110955175927808
1329110913086058500
1329110843536142339
1329110797298135046
1329110754902085638
1329110734022828033
1329110706537500685
1329110325828988932
1329110231385772032
1329110202008875013
1329110095955963907
1329071638495653893
1329071604714921984
1329071533755666432
1329071500574535680
1329071486750003202
1329071425940979718
1329071057710493696
1329025265440346112
1329024877962080259
1329024820529549313
1329024693756715014
1329024393767505924
1329023642043346944
1329023472325046272
1328864322244775940
1328864203462086658
1328862977089548288
1328862918356709379
1328862802166099969
1328862563757600768
1328862445805375489
1328862290226147328
1328862239164600323
1328862165227499525
1328862058885115905
1328861975175163904
1328861690683924484
1328861621616320512
1328861257970176000
1328861035227467776
1328856451448795136
1328856288445558786
1328856217205215237
1328856067913228300
1328856018491744262
1328855638156341248
1328855498213511173
1328855385562820613
1328854362769281024
1328854207970029568
1328854095093002241
1328854031016529920
1328851628603170816
1328851412973916161
1328851313485025281
1328851285693657088
1328851254429310977
1328851222116380673
1328851191703461889
1328851146627309568
1328851032261193728
1328850961398423552
1328850919736406022
1328850766153588738
1328850741872775169
1328850552063660032
1328849827598397441
1328849806945628167
1328849762607624194
1328849731280363523
1328849698199904256
1328849507082252289
1328849483380232192
1328849432897605633
1328849392485478400
1328849279880933377
1328849064805470210
1328848924577239040
1328848886065229825
1328848848538787841
1328848753604907008
1328848711712206849
1328848654568976386
1328848614651781124
1328848501468516359
1328848441448017921
1328848428042948609
1328848239425155074
1328848179471798272
1328848154255650817
1328848088107249667
1328848056800997376
1328848025293369344
1328847814680600577
1328847735928336384
1328847618806587393
1328847551001407490
1328847479224328193
1328846186997051395
1328845764689321997
1328845733651476481
1328845642928689152
1328845614298312704
1328845455262945281
1328845417761693696
1328845309166948356
1328845248110407682
1328845211620007939
1328845185258807298
1328845141667426310
1328845102706544641
1328844978618036231
1328844956375650306
1328844927959244802
1328844898351669250
1328844835797803008
1328844809101058048
1328844773915062272
1328844737957289986
1328844700015620096
1328843932533448707
1328843878053670913
1328843756393668611
1328843669399629827
1328843644145692675
1328843587107385349
1328843529481834498
1328843441304969217
1328843410254536705
1328842842677063680
1328842810120953856
1328842746858270722
1328842697663242241
1328842662590500864
1328842422886035458
1328842361619804163
1328842297014882304
1328842265746345986
1328842236969279493
1328842204295680000
1328842187929513984
1328842135815278597
1328842094635573255
1328842030362079232
1328841997323542528
1328841960308822016
1328841840641105920
1328840210063511553
1328840152949678080
1328840010120966151
1328839814439968769
1328839723964657674
1328839657493323780
1328839628275789825
1328839555643006977
1328838988661215239
1328838907778260994
1328838780099448832
1328838749669761030
1328838710645944321
1328838610297217024
1328837961538998273
1328837185425039360
1328837078742937601
1328836992067645446
1328836925105516549
1328836883611258882
1328836852263120896
1328836763398311938
1328836675536039937
1328836598251843592
1328836331401777152
1328835971652128769
1328835898788765697
1328835836071333893
1328835787278921729
1328835746610941953
1328835727241728002
1328835689996312577
1328835634610532352
1328835588934471680
1328835557116538881
1328835440728797185
1328835371325665281
1328835352518402053
1328835250965843968
1328835184611962880
1328835077208498177
1328834945062760449
1328834802779348994
1328834728259149827
1328834700505452545
1328834649980870659
1328834434628423681
1328834390697381888
1328834353955278852
1328834311403999232
1328834255871500289
1328834196442411010
1328834136149270531
1328834070609059841
1328833850890457092
1328833827754692610
1328833787258675204
1328833754014642177
1328833720393076737
1328833650826354692
1328833513177669632
1328833458253287424
1328833436426100739
1328833354649788416
1328833328510889985
1328833243135741961
1328833210151735298
1328833143286222850
1328832867187757060
1328719343455264768
1328719292351778816
1328719226371252225
1328719141356843010
1328719108599390208
1328718983240044544
1328718948418932736
1328718923957755907
1328718907897753605
1328718875874234368
1328718830122708995
1328718801219760128
1328718763521347589
1328718736212320256
1328718621233860609
1328718596122546178
1328703147968258048
1328703038652116993
1328703012358000641
1328702965130141696
1328702948814315521
1328702918611103744
1328648486653452288
1328648389127499776
1328646972639760391
1328646893807816704
1328646677377454086
1328421057842262016
1328421027613970435
1328420990003580928
1328418231141474304
1328418186052726787
1328418100358881300
1328414811307335681
1328414757423095817
1328414722694279170
1328414698237272066
1328414375946956808
1328414323002269698
1328414299996491776
1328414242354180105
1328414155745996801
1328394747187171329
1328394657466888200
1328394486318247940
1328394436297035777
1328394349315551233
1328394281917280257
1328393896326541313
1328393756513538048
1328393686569410563
1328393617958989826
1328393589647413253
1328393541836476416
1328393472584323079
1328393355517186051
1328393299355443206
1328393209903534081
1328393148658290690
1328392713490804737
1328392576928518145
1328392504773926914
1328392470267301892
1328392398460903429
1328392351321120768
1328392304407752715
1328392191320977410
1328392146215432195
1328392093828591617
1328392062992076803
1328391940816195584
1328391893508628481
1328391837493628932
1328391759634817024
1328391733470765056
1328391651161759745
1328391601585074181
1328391571553873922
1328391525026377733
1328391490993860608
1328391447503056899
1328391358936190978
1328391151901138944
1328391130820579329
1328390659540217856
1328390621552316417
1328390600375283712
1328390406002921472
1328390113274028032
1328389920667340801
1328389900111065088
1328389857790619649
1328389822126444545
1328389765151019009
1328389715779784707
1328389576147292161
1328389528671952899
1328389444865548290
1328389337361354752
1328389280230748161
1328389253324304386
1328389220101222405
1328389198039166979
1328389152010883073
1328389105890291714
1328388934339014672
1328360273967771648
1328360185228906497
1328360137547976716
1328360102882111488
1328360080073502720
1328360030303711238
1328359973995356160
1328359915535167488
1328359861927768064
1328359774153551874
1328359744223006721
1328359705379532802
1328359628388884480
1328358401383026695
1328356912027627521
1328356782943637505
1328356660457385986
1328356642023464961
1328356578710458368
1328356511723233282
1328356453116223490
1328356406626562048
1328356340511748108
1328356196902965248
1328356020612173824
1328355995643498497
1328355964773392384
1328355876994953217
1328355743532085249
1328355724238401537
1328355370713157633
1328355193763860483
1328355160209444865
1328355091695472640
1328355030542454796
1328354968538025984
1328354935306653697
1328345245218648064
1328344715524268033
1328325362464542720
1328325304012730368
1328325217492619264
1328325031294865408
1328324990933078016
1328324964102131712
1328324794241191938
1328324753158004744
1328324730185723904
1328324690264387584
1328324651488043008
1328324629392453632
1328324603844964360
1328324564473028615
1328324387985108992
1328324304845598721
1328324205553852416
1328324164416106497
1328324102814375940
1328323125482807297
1328322482366009345
1328322322093268994
1328322291856498691
1328322256204914689
1328322212076642305
1328322183572185089
1328322152643309568
1328322124801601536
1328321945553817600
1328321786606391296
1328321656507535362
1328321317628760066
1328320813620137985
1328320736067526662
1328320703624589319
1328320651145441282
1328320557557886977
1328320356331950082
1328320324543328260
1328320301080453125
1328320254104244225
1328320186936647689
1328320110302535680
1328320080015450112
1328320039322316800
1328320001414193155
1328319771834773505
1328319608441499649
1328319525637529601
1328319433773895680
1328319334284931072
1328319269730398208
1328319131725275136
1328318914850414595
1328318782083915777
1328318664597245953
1328318629012770816
1328318524620681226
1328318463245422593
1328318267363110912
1328317577408417792
1328317458432798720
1328317365357076480
1328317285174480901
1328317215217737728
1328317146313711617
1328317086871990272
1328316899684458499
1328316315183026176
1328316279544016896
1328316241128386560
1328316206890315778
1328316147222147073
1328316106776436736
1328314708248682499
1328314684366270465
1328314607669272576
1328314488681099264
1328314392841248770
1328314363934072832
1328314223982759936
1328313977860919297
1328313932344389634
1328313799150080003
1328309196635451392
1328309154340085761
1328309097557585923
1328308882809163776
1328308840136396800
1328308797023150081
1328308654345498631
1328308588792717313
1328308523294449666
1328308476171444224
1328308430608748545
1328308403404410881
1328308330180321281
1328308253432967170
1328308213746446336
1328308166321430528
1328307868399964161
1328307789559685120
1328307765119496192
1328307462450122752
1328307408813371400
1328307382196244483
1328307334871986176
1328304720205770752
1328304640329457664
1328304595064512513
1328304266017185792
1328304183645237248
1328304120487415810
1328303752969850881
1328303102072680448
1328191430662234113
1328191371895844864
1328191184125222919
1328191112536846336
1328191018517360640
1328190931107975169
1328190719073390593
1328190619018272768
1328190554140798981
1328190483139538946
1328190441011941376
1328190370790961159
1328190310443311104
1328190270354157570
1328190161667158016
1328190113059397632
1328190075503521792
1328190048253120513
1328190029873754116
1328189937133498369
1328189905198063616
1328189827351781376
1328189789598781440
1328189739279781897
1328189703108038656
1328189644740104195
1328189612020396036
1328189566793244672
1328189439290593283
1328189368192872449
1328189299586703361
1328188848069865473
1328188047486316548
1328187973955964929
1328187929546592256
1328187903005126659
1328187710041960452
1328187567502712832
1328187518517456904
1328187427706564609
1328187404390440963
1328187374426320896
1328187344869068800
1328187328154755072
1328187298568163329
1328187233996845059
1328187169555550213
1328187156679057410
1328187101926526976
1328187076475572224
1328187012474687489
1328186960138088448
1328186887098560512
1328186794781892611
1328186756152373249
1328186731976331267
1328186692193447941
1328186593212035074
1328186541496209408
1328186385703034885
1328186285253668864
1328186171667738624
1328186070492717061
1328185940309909507
1328185818809307138
1328185509500366849
1328185401471799297
1328185319997513733
1328185304214347780
1328185148626661381
1328185056075149313
1328184985107509250
1328184955915087873
1328184921672863745
1328184887329906689
1328184827573661697
1328184807092875264
1328184585390317569
1328184452930023425
1328183902515712006
1328183865337372673
1328183832177242132
1328183742314246144
1328183109628678144
1328183056994283521
1328183010789888000
1328182858138210304
1328182759521705986
1328182740752199680
1328182658678083587
1328182625232703496
1328182584401162240
1328182542378430464
1328182493384765441
1328182384697757700
1328182341425098752
1328182305505087491
1328182252073836544
1328182221333815299
1328182177159393280
1328182146553536512
1328182099518640128
1328182057416224774
1328182001036308480
1328181938063101955
1328181857922543619
1328181786732597248
1328181759779934208
1328181736254083072
1328181608852156417
1328181481324339201
1328181403503255552
1328181305192951808
1328181235097677824
1328181150171467780
1328181072790769664
1328181041136345088
1328180921032450049
1328180836655575041
1328180761107763200
1328180686163947520
1328180613191438345
1328180554148290560
1328180502063419392
1328180415681728512
1328180177453674496
1328180161603362821
1328180082146471937
1328180038093729792
1328180022323122178
1328179996641222656
1328179974755508224
1328179900520521728
1328179845814243329
1328179820413513728
1328179779758133248
1328179761525493761
1328179444754894849
1328179412349710337
1328179386932191234
1328179313401860098
1328179219298390019
1328179153187852289
1328019559341813761
1327970018882154503
1327969994974638080
1327969973491404802
1327969932420804609
1327969902225928194
1327969859083382786
1327969836455112706
1327969783338381312
1327969737582800898
1327969284694347777
1327969245867732994
1327969182789627904
1327969097192271873
1327969031928885250
1327968983845380096
1327968744803545088
1327968668194639873
1327968587378798592
1327968545955860480
1327968463034454018
1327968433573679105
1327968391588696065
1327724437437882373
1327724303459213314
1327724278108786689
1327724240959905798
1327724156734025728
1327723973929480194
1327723938831601664
1327723895697313792
1327723615652032512
1327723576045297665
1327723514913320960
1327723258570035217
1327723131105054721
1327723114143358976
1327723078051360770
1327722877685293056
1327722858844475396
1327722593563119618
1327663714997325825
1327663408049778689
1327663323572264962
1327663053123547146
1327660562025738245
1327660517884911617
1327660081459113985
1327659926425128964
1327658582083592192
1327658415661993984
1327658339338235905
1327657948915576832
1327657851871965186
1327657751183552512
1327657705792806912
1327657649534623747
1327657541275447296
1327657342402441216
1327657306973204480
1327650871287685122
1327650842074341377
1327650785782591489
1327650707554660353
1327650668295974913
1327645348655984642
1327644813362139143
1327644784366903298
1327644737671663622
1327644701802033153
1327644676162285568
1327644609212788736
1327644560185565186
1327644524936572932
1327644460759588864
1327644441130258445
1327644384427466752
1327644317373095936
1327643932918943744
1327643865592045573
1327643813377167360
1327643750693269509
1327643660876451840
1327643621680689155
1327643545294041088
1327643441434681344
1327643380168466434
1327643352674824192
1327643313848127488
1327643244763750400
1327643221384720384
1327643185242398720
1327643108931219459
1327642994858713096
1327642921244495873
1327642845629517825
1327642826855878656
1327642783029604354
1327642736401539073
1327642681208680451
1327642632772841472
1327642558869229572
1327642516934582274
1327594300918607872
1327594251421683712
1327594152578715648
1327593907291648001
1327593773824667649
1327593662071640065
1327593635781742592
1327593224156876801
1327593158977449985
1327593102551474178
1327412014742958083
1327411946547765248
1327411890717421568
1327411833301585922
1327411777273999373
1327411733443604480
1327411664866643974
1327411423174123521
1327410873942601728
1327410835002712066
1327410753138286594
1327410680656486403
1327410642786152449
1327410563635421187
1327410418319577088
1327410254431326209
1327410170725605377
1327410116233146371
1327410025992740865
1327409915779047424
1327408463211794432
1327408425949679616
1327408401593364481
1327408367334207491
1327408339945451521
1327408225482891264
1327379289545826304
1327379237314179072
1327379060742303744
1327378982153711616
1327348374157332482
1327347371668332544
1327347258392719361
1327347156467019779
1327346907245580293
1327346797942099969
1327346532543311880
1327346457104551939
1327346429594120196
1327346379509927936
1327346310845001730
1327346290188050433
1327346230511493121
1327346179227738112
1327346118695530497
1327345920648818692
1327345856631156740
1327345794060607497
1327345760833310723
1327345639299092480
1327345603676938246
1327345546298863616
1327345489302462470
1327302614464262145
1327302564531023875
1327302511716413445
1327302424428732419
1327302300491243525
1327302263178743808
1327302227191623680
1327302135239880704
1327302056101679106
1327301946496196609
1327301906356703238
1327301848693399554
1327301782796722184
1327301750907424769
1327301683588853760
1327301597483986945
1327301558938243072
1327301517079158786
1327301459570987015
1327301098751799296
1327300958511116290
1327300836515602433
1327300647537012751
1327295397795127297
1327295187660513285
1327295100549009409
1327294962543816706
1327294856339869702
1327294829735206912
1327294711917318145
1327294547844599809
1327294494098804737
1327294407406710785
1327294370727518209
1327294048399486977
1327293808405590016
1327293647700811778
1327218031492280325
1327217837442740224
1327217787450908673
1327217714054762498
1327217486794788866
1327217322063507457
1327217231609126913
1327217185555705858
1327216967925837824
1327216938590887936
1327216894399684608
1327216856961257474
1327216777085014017
1327216731996237824
1327216632658321415
1327216535056871424
1327216302856007680
1327215096695812097
1327214707846115329
1327214590518767617
1327214243003985920
1327213768208752640
1327213663627976711
1327213365668818947
1327213314338942976
1327213154124918791
1327213106645381120
1327213040941617157
1327212963099500545
1327212827694739456
1327212756676743169
1327212600841670656
1327212438534696962
1327212349045006336
1327003539609165824
1327003422906847244
1327003385246183424
1327003334000189441
1327002672621363200
1327002608385601536
1327002562109853696
1327002526701510658
1327002508133273609
1327002477649145856
1327002388180381696
1327002333427998725
1327002295091998720
1327002247411200005
1327002206567084033
1327002182001053699
1327002132604723207
1327002074727452673
1327002045056839681
1327002002468057090
1327001872901791746
1327001847169769473
1327001809265758208
1326971999894302723
1326971917568520192
1326971862551769088
1326971810534002695
1326971740514357263
1326971695912116231
1326971368320217088
1326971309805477888
1326971278608265218
1326946283756675073
1326946262223040513
1326946227825618944
1326946173102546945
1326946140802134016
1326942586607644679
1326942531880366080
1326942495641653264
1326942408815370242
1326942326695059456
1326942309620002818
1326942188962504705
1326942114421346309
1326942069831643137
1326942028475805697
1326941985362604035
1326941959852843010
1326941866575753224
1326941810204291074
1326941755787374601
1326941720773332993
1326941681984397313
1326941659414863875
1326941625478770688
1326941589177065476
1326941564900438016
1326941503311278082
1326941445429874689
1326941390438326272
1326941364819521538
1326941319558795264
1326941252282159105
1326941217419124737
1326941161555189761
1326941105015975937
1326941048820670465
1326941018911100928
1326940927554973697
1326940866955644929
1326940810873630720
1326940749393522688
1326940721908248582
1326940679289925633
1326940623971241984
1326940410858573824
1326940314934931456
1326940101075750912
1326940026589032450
1326939910566244357
1326939821227569152
1326939673265135616
1326939610648358912
1326939529597628416
1326939459494023168
1326939424823840771
1326939397393158146
1326939263393558531
1326939235375603712
1326939215486201861
1326939119822512140
1326939070338113536
1326939026813825026
1326938968940830722
1326938902213636096
1326938849055027200
1326938711716728832
1326938610642407425
1326938498906140673
1326938440726884353
1326938373697773571
1326847913713147905
1326847818980610048
1326847719802073089
1326847651741110272
1326847604085444611
1326847578584047617
1326847521667289094
1326847448728412162
1326847098587901952
1326847022792663042
1326846933697236993
1326846914235654146
1326846672694091778
1326846645057822720
1326846602930221056
1326846477340205056
1326846141774917632
1326846081376940035
1326846026263764992
1326845986501746689
1326845959079403520
1326845266159341568
1326845226313461760
1326845134282121222
1326845085766586368
1326844925904900096
1326844897261973506
1326844619401932800
1326844156858208257
1326843334955061248
1326843246862020608
1326842733441507328
1326842585697148928
1326842535482961920
1326657485915246594
1326657293199544322
1326656809097158657
1326656728017084419
1326656589168844801
1326656494687969282
1326656395597504514
1326655670880526337
1326655564273905665
1326655258790154243
1326655172131639296
1326655111444180993
1326655026366976001
1326654938622070785
1326654890345689088
1326654814017769474
1326654697869029376
1326654600678674432
1326654492801183744
1326654463399120898
1326654302522400768
1326654203645861889
1326654135110918145
1326653962892742663
1326653909679673353
1326653865480118272
1326653690506305539
1326653578740719620
1326653508578385920
1326653418816073728
1326653273504444417
1326653162858696704
1326652757936386048
1326652645646487554
1326652597000937473
1326652473252122625
1326652191038431232
1326652113523531776
1326651971231768577
1326651909906763776
1326651737600561154
1326651608516669443
1326651436810317824
1326651376060026884
1326651286255788032
1326651243763265536
1326650977542397954
1326650834940284929
1326650772138942464
1326650730334330883
1326650585815375874
1326650515443355648
1326650271158636544
1326644999090540544
1326644685742419974
1326644496931692545
1326644425641123849
1326643482874834944
1326643421168214016
1326643366478700544
1326643316067364865
1326643270512996353
1326643235180204032
1326643172395675648
1326643122500153344
1326643022898094080
1326642936944209921
1326642897844924416
1326617574130528256
1326617514151997443
1326617456010518530
1326617398309498886
1326617325328543747
1326617265677217799
1326617195007369217
1326617134739419136
1326617092037238787
1326617043383312384
1326616971425820672
1326616914374881281
1326616844728475648
1326616782292054016
1326616741426982912
1326616673307283456
1326616593938472960
1326616557863235584
1326616506126503938
1326616472295256071
1326616438396891144
1326616330703921154
1326615855636111362
1326615785004019713
1326614983724195842
1326614899284439044
1326614834125934595
1326614762642345986
1326614396014039041
1326614171467866112
1326614148449529858
1326613916160503809
1326613883168190466
1326613386529026056
1326613003115122689
1326612589871325189
1326612355531333641
1326612232655003649
1326612109271166977
1326611986189332480
1326611976362078212
1326611916614144001
1326611821353177089
1326611758224715781
1326611264974577664
1326611107549679619
1326610749523980291
1326610537850003461
1326610378202226688
1326610342655488001
1326610216314671111
1326610163705536514
1326610105039810568
1326610038828494851
1326609531175129088
1326584031430008835
1326583932721172481
1326583828463448066
1326583764202434560
1326583576998064128
1326583464259440641
1326583386744434689
1326583370306838529
1326583339898253319
1326583275134087175
1326583056409518084
1326583034238349312
1326583009563336704
1326582953732952066
1326582934065852416
1326582874477359104
1326582843124944901
1326582774342557698
1326582728100376578
1326582703324602370
1326582679891013633
1326582658051268608
1326582633929826305
1326582559606788097
1326582479252238337
1326582394737004544
1326582291896946693
1326582245793161217
1326582226545483776
1326582193238446080
1326582170765418497
1326582047935246337
1326581985108652032
1326581928678526981
1326581871090823188
1326581790694404098
1326581570136928258
1326581488826114048
1326581392956919810
1326581023279341571
1326574140413915137
1326573144535134209
1326573118324928512
1326573064872669192
1326573027685961728
1326572829580660737
1326572765692956672
1326572737310183424
1326572712899334144
1326572647828901888
1326572337718833155
1326572271675314176
1326572159049805824
1326572129953980417
1326572076094906369
1326572017383071749
1326571949863137283
1326571889301610502
1326571814072557573
1326571737216069644
1326571525063970816
1326571458416553985
1326571422777532420
1326571388593954816
1326571357350588419
1326571316162531333
1326571121068617729
1326571048897294341
1326570957822156806
1326570921122013184
1326570877195055105
1326570811399004162
1326570763495890949
1326570701638262784
1326570670503956480
1326570610529628160
1326570548487475211
1326570150414471170
1326570105237610496
1326570034718773249
1326569975029653504
1326569930687385601
1326569882729787400
1326569851415121926
1326569815373475841
1326569778039951364
1326569703872090114
1326569678983008258
1326568539092873216
1326568468095897601
1326568439486541824
1326568393474977792
1326568310658437121
1326552704483618822
1326552567267028993
1326552525491761160
1326552456910708736
1326552399213834240
1326552340669685761
1326552309661274113
1326552267806314496
1326552237523394560
1326552151187845120
1326552031025221632
1326551903992377347
1326551857112604680
1326551805585616903
1326551788258947077
1326551751546204162
1326551680083636225
1326551555009507329
1326551486474584070
1326551406501785601
1326551366798462979
1326551331004321793
1326551258564493321
1326550969216200708
1326550676659347456
1326550647383023617
1326550620770242565
1326550567267696644
1326550494903324672
1326550437747548160
1326550375416000517
1326550332197859331
1326550306105118729
1326550260580184064
1326550200396120065
1326487857058471936
1326487022324895746
1326486911070953473
1326485820484825093
1326485530981388288
1326485411930181639
1326485348483035138
1326485226915328001
1326484913734955008
1326484886174240771
1326484764338106368
1326484668812824577
1326484458028064771
1326484091760496641
1326341184852283394
1326341083421421568
1326341046276665349
1326341003901624320
1326339629369405441
1326339568875003906
1326339444073517056
1326339283473604611
1326339244361658369
1326339221481615360
1326339192176201728
1326339170411929600
1326339022214586368
1326338932141912064
1326338795030147073
1326338755599462400
1326338705867632640
1326338551550799876
1326338498165673990
1326338448152813568
1326338249619595266
1326337923952898048
1326337828138209281
1326337699263995904
1326337504384065544
1326337386624774144
1326337309839667202
1326337242596519936
1326337078637047811
1326337010760609792
1326336966909157384
1326336913717014528
1326336838848684033
1326336688658984961
1326336627543855105
1326336598187929600
1326336527992049664
1326336458869805061
1326336351273431043
1326336222701248513
1326336104165945345
1326336073224556544
1326336019818483714
1326335952009224194
1326335918148628481
1326335872111955968
1326335705988157440
1326335677114572801
1326335559523037184
1326335534785064961
1326335509669568513
1326335476660379648
1326335430057398273
1326335339393396739
1326335313799753730
1326335287329492994
1326335063563362304
1326335017560182785
1326333896691159044
1326333840613396488
1326333821617381380
1326333791800061954
1326333452095016960
1326333408981741568
1326333226156236804
1326332486448713733
1326332442190417921
1326332387123470336
1326332354248531969
1326332215354138625
1326331768249716738
1326331733508317184
1326331710204735488
1326331664738430976
1326331631389511682
1326331582781804545
1326331551659995136
1326331508462915584
1326331459293081602
1326331422999797763
1326331387419430913
1326329851964518402
1326329214539362304
1326328959630520322
1326328884653133825
1326328761458061312
1326328715387817989
1326328680335937536
1326328559867138049
1326328440665092097
1326328287828848648
1326328258263207937
1326328182421807104
1326328097860358146
1326328049885995008
1326327999726284802
1326327806960263170
1326327743877951492
1326327691868561410
1326327608930349058
1326327589179437056
1326327496619544580
1326327465904640000
1326327392512733184
1326327323143102465
1326327242012684290
1326327170390781952
1326327070796996608
1326327018603114497
1326326982326562816
1326326922712928261
1326326840621936640
1326326790638465024
1326326696291733506
1326326558064304135
1326326520487534592
1326326458705457152
1326293005674950658
1326292923378520065
1326292864918237185
1326292823847661568
1326292693245452288
1326292656373313542
1326292262188421130
1326292054478123014
1326291982319284224
1326291188362653697
1326291135292182528
1326291100311703553
1326291004207624194
1326290957269164034
1326290884925804546
1326290837567844355
1326290663504220161
1326290589059608576
1326290526543425537
1326290358540660737
1326290282229473283
1326290220669612037
1326290172472856576
1326289946626449409
1326289839323570178
1326289805014044672
1326289701112868864
1326289647358660608
1326289547978813454
1326289466064035841
1326289420065107968
1326289362829631488
1326289258622181379
1326289221003382789
1326289033719394312
1326288984012693511
1326288851518844928
1326288797064114182
1326288526116335618
1326288453747793921
1326288372093104128
1326288300529823745
1326288090655318017
1326287934497189891
1326287863584002050
1326287795309207553
1326287742414843909
1326287686513070080
1326287627759149056
1326287563070599175
1326286057328037890
1326233528212852743
1326233424521269248
1326233393420439553
1326233181281005568
1326233120442621953
1326233025072476162
1326232986971463682
1326232940884480000
1326232780225859585
1326232696511717381
1326232655076216833
1326232597031235585
1326232525723885571
1326232265874157570
1326232188279533569
1326232086970306561
1326232001469423617
1326231961212506120
1326231879893258241
1326231785894797314
1326231737987428355
1326226866987032576
1326226840202194947
1326226726523953152
1326226691908378624
1326225893371613186
1326225851059474435
1326225782683922432
1326225013041729537
1326224908242866177
1326224877884411906
1326224805536915460
1326224766848655364
1326224432910786561
1326224365445373955
1326224339767865344
1326224315130507266
1326224281790013443
1326224085995712514
1326223908752789504
1326223751919382529
1326223687620628486
1326223601759117312
1326223558738055168
1326223522201526274
1326223462839574535
1326223424461664257
1326223391053983753
1326223272871153667
1326223190394286080
1326223134639476736
1326223056541528064
1326223010018287617
1326222963948068864
1326222912404283394
1326222884738568197
1326222820280590338
1326222721211109376
1326222702131208194
1326222629414592514
1326222420932440070
1326222349931261954
1326222273641111557
1326222233275146245
1326222153042292736
1326130880658731008
1326130781140504577
1326130502387048448
1326130472909467650
1326130310434721794
1326130141278461952
1326130066015854592
1326129961284014081
1326129883395874816
1326129802974257153
1326129169412001792
1326128539641532416
1326128371517042695
1326128273324199938
1326128206852853761
1326128130919116800
1326128001063522304
1326127932444725256
1326127683911229440
1326127499936468994
1326127382093238273
1326127313529008129
1326127274563956736
1326127139654144000
1326126926679863297
1326126706122436608
1326126287933607937
1326126056588316672
1326125826765623296
1326125053499543557
1326124877770858497
1326124825870536705
1326124760733016064
1326124679875211264
1326123418018779142
1326123344903729153
1326123225047298049
1325955477168074755
1325955439700418560
1325955383312195589
1325955321760780288
1325955303544926210
1325955196594364419
1325955138046013441
1325955094421106688
1325955063760769029
1325955018080591872
1325954918591721472
1325954843425583108
1325954686680256512
1325954620926124032
1325954561115361285
1325954533520977920
1325954514290085894
1325954490466521088
1325954444274634752
1325954430966050816
1325954383595659265
1325954298845474817
1325954279795027969
1325954251558952960
1325954203244777475
1325954169392525312
1325954112194826242
1325954064677531649
1325954018586357761
1325953983106736129
1325953961761890304
1325953923681824770
1325953892727840770
1325953857709625345
1325953802579668992
1325953771114024960
1325953745298083840
1325953709742895106
1325953630206365699
1325953562988441604
1325953540234371077
1325953194653077504
1325953146326315008
1325953075971026945
1325953055976787968
1325953034917195777
1325953008224628736
1325952974926049281
1325952938607603715
1325952853396086784
1325952792570290177
1325952739000668166
1325952581194166272
1325952545420959745
1325952518053122048
1325952396858699777
1325952241380044801
1325952202054234118
1325952163269513219
1325952111608291329
1325952059120738304
1325952025893482503
1325951951956291584
1325951907618312192
1325951859018903552
1325951834356375554
1325951766563876865
1325951545263976449
1325951416977006593
1325950902881095681
1325950798556258304
1325950734467215361
1325950588799111170
1325950452337401864
1325946379374563329
1325946301666762752
1325946218862817281
1325934171953524736
1325934072888233984
1325933947126210562
1325933780700459009
1325933744176443392
1325933658600054784
1325933607395991552
1325933525292511232
1325933492379799558
1325933450151518209
1325933388373626880
1325933257746165760
1325933246799089670
1325933094038364160
1325933000593469442
1325932896230776833
1325932653980377095
1325932489140006914
1325932450091061249
1325932407061622786
1325932324136095746
1325932276052598786
1325932214463459328
1325932097496887297
1325932044501856257
1325931951350571010
1325931829396967426
1325931781586104328
1325931714812710915
1325931498407686148
1325931429751042049
1325931371320193030
1325931344598347779
1325931162787831816
1325931119347458048
1325931060409102338
1325931001676263425
1325930950845485056
1325930824701710346
1325930703247323136
1325930632346734593
1325930585295089665
1325930531331203072
1325930472820649984
1325930319275503617
1325930253592784898
1325930185783447554
1325930116514508800
1325929970938556416
1325929909232005123
1325929803506192384
1325929753593978881
1325929670739714059
1325877249627877378
1325877202391592960
1325877159580332032
1325877069096607745
1325876937064148994
1325876877664378881
1325876856399212545
1325876734445711363
1325876654644850688
1325876604942364678
1325876543294410757
1325876427573616641
1325876259449139200
1325876216293953545
1325876135725502464
1325876064376283137
1325876012790525952
1325875960957329410
1325875874865012736
1325875756711469058
1325875729477869568
1325875656245309440
1325875581448314881
1325875432818954240
1325875346726658050
1325875289881268224
1325875168556818432
1325858141473542144
1325858074415026177
1325857975152619520
1325855024413597696
1325854853655093256
1325854817785409536
1325854745899261959
1325854644715708416
1325854515824914432
1325854469674954752
1325854337659248641
1325854271431176192
1325854186471378946
1325854067575435269
1325853961790873601
1325853529806950403
1325853382364569600
1325853321912061952
1325853087332962304
1325853024229728261
1325848148397461504
1325848091422044161
1325848029346353154
1325847954901622785
1325847868649984001
1325847798626062336
1325847748411846660
1325847618715574276
1325847559802417159
1325847461131390979
1325847378730086401
1325847300967723008
1325847259959930882
1325847169413369856
1325847108499468288
1325846698913132545
1325846555459526658
1325846490800136193
1325846431337476097
1325846370444582915
1325846318477144065
1325846223883022338
1325846072418332673
1325846047902617600
1325846015908466688
1325845866943483905
1325845790456238087
1325845685783158784
1325845633765412864
1325845587128946689
1325845532821102593
1325845453389377536
1325845347533533184
1325845288028868608
1325845220228018176
1325845128486002688
1325845062702522368
1325845023817129990
1325844805260353537
1325844751518724096
1325844698750136323
1325844571423707141
1325844531791720448
1325844443631644672
1325844357837180930
1325844226333159426
1325825913657978880
1325825821769166848
1325825763434786817
1325825723697860609
1325825679485775872
1325825626247483393
1325825574460416000
1325825516390281217
1325825480906461184
1325825378083090434
1325825323259359241
1325825239851409410
1325825108343201793
1325824481366061057
1325824408771047424
1325820061987311622
1325820027099082752
1325489359806722049
1325489334607355904
1325489223391121409
1325489208002306049
1325489173076258816
1325489014074445825
1325488949125636096
1325488758964281344
1325488724055101441
1325488372421373954
1325488330142781440
1325488298131906560
1325488187964346371
1325488156356063232
1325488091549868033
1325488074017697792
1325488037841743880
1325487946951168000
1325487905171759106
1325487858405306375
1325487141393215488
1325487065283309570
1325486997008506887
1325486919845879810
1325486892582899712
1325486818062721025
1325486779517046784
1325486613087084544
1325486593549983744
1325486517247160321
1325486465514680320
1325486418064535554
1325192846962528256
1325192801013932033
1325192765945356288
1325192724039966721
1325192618586873856
1325192573753974784
1325192489372848136
1325192352466657281
1325192203732443136
1325192120517480456
1325192035721080834
1325192017706700800
1325192001839620096
1325191943278637063
1325191900572381185
1325191787389054976
1325191725074116608
1325191622213038080
1325191595428286464
1325191553049112576
1325191519486140417
1325191467585794049
1325191439542837253
1325191358831792128
1325191255161237506
1325191161493909505
1325191088924143618
1325190999136595970
1325190930752704513
1325190849945350145
1325190783058673664
1325190657271492609
1325190628473532416
1325190594654851073
1325190549800845313
1325190516904923137
1325190489776164865
1325190453281447936
1325190411934183425
1325190366027378693
1325190297840594944
1325190256333783043
1325190220971728896
1325190182195191809
1325189852208377858
1325189824597295106
1325189755332603905
1325189574105194496
1325189494975295490
1325189343678406656
1325189305564753922
1325189233468862467
1325189167270211585
1325189055466901504
1325189039729807360
1325188988588748800
1325188969458409475
1325188938986872832
1325188875455664129
1325044671442251777
1325044321834381312
1325044242780184577
1325044176971575298
1325044136744022018
1325044084076142593
1325043918581489664
1325043862000295937
1325033797847539712
1325033415821979650
1325033334053990402
1325033204307402753
1325033157696102405
1325033122237472771
1325033044013690880
1325032996802600960
1325032960781848576
1325032910597009408
1325032874643509250
1325032803898171394
1325032757563682822
1325032688315740161
1325032632720232448
1325032577749618688
1325032514046603264
1325032278511284231
1325032193450795008
1325032149267963906
1325032117852631042
1325032056884228096
1325032000030449664
1325031917415227392
1325031812012384256
1325031525839147009
1325031394163167232
1325031330321739777
1325031285073514496
1325031251301068800
1325031202823270401
1325031155045982209
1325030111352156160
1325029982494744577
1325029958201331717
1325029940245487618
1325029818778476544
1325029782199934978
1324841789942042624
1324841690729975808
1324841363230412800
1324841233454370817
1324841206216593410
1324841071428456449
1324840870605164544
1324840794402992129
1324840583760912384
1324840285361311752
1324840202129518594
1324839324224028672
1324839252513955843
1324839108913602562
1324839071974412288
1324839031046287360
1324839001153589250
1324838846471852033
1324838695288098817
1324838596835221506
1324838512982675459
1324838431063707648
1324838376697192448
1324838318048161800
1324838283541647361
1324838238775889920
1324838200528015361
1324838171016892419
1324838144500486147
1324838098954571777
1324838053823787008
1324838020068114433
1324837957983969280
1324837911670542336
1324837828409384960
1324837722532597760
1324837552931692547
1324837060805599233
1324836855242784768
1324836808912478212
1324832099132674057
1324832034326487043
1324831940059561987
1324831682583764995
1324831537473507333
1324758566356602883
1324758249791508480
1324758150294179841
1324744964421636096
1324744935720034305
1324744882473357312
1324744857680838656
1324744825682407424
1324744795806457856
1324744747219619841
1324744704773206019
1324744668001828866
1324744575668363265
1324744545876234244
1324744468159975430
1324730102614265862
1324730077188411394
1324730025954992133
1324729978613829637
1324729943457226753
1324729883487076354
1324729842881974273
1324729801878441984
1324729506888863754
1324729446553821184
1324729385841295361
1324729283928051726
1324729179854770177
1324729069032902657
1324729044190040074
1324728979350237185
1324728950409601107
1324728875159531520
1324728811955671040
1324728724223369217
1324728420895461379
1324728327656116227
1324728250271211529
1324728195426537472
1324728154502713345
1324728126082080772
1324728089256054791
1324728052522356739
1324669724010176512
1324669674106355712
1324669651855544320
1324669526559084544
1324669465250942984
1324669358099095554
1324669239798779911
1324669024228302848
1324668608283320320
1324668536736882688
1324668501827739649
1324668388178878465
1324667810170183680
1324667708336721924
1324667645984186369
1324667584957063169
1324667495144411138
1324667406346821632
1324667358900834306
1324667205234135040
1324667176381517829
1324667001277685760
1324666813821669376
1324666733165236224
1324666633244336129
1324666611215847424
1324666550717173765
1324666393002938369
1324666214623436800
1324666168389607424
1324666059656470528
1324665952949161984
1324665911169720322
1324665868203286530
1324665783016935427
1324665416464162818
1324665249732186112
1324665171655168000
1324665114570752000
1324665029787111424
1324664973969285121
1324664720671072258
1324664525598183424
1324664482132566021
1324663283526340608
1324663008321294336
1324662920245059584
1324662845422915585
1324662661917921281
1324662610223108097
1324662523849789440
1324662382073991169
1324662263995916288
1324662161352871938
1324662049897664512
1324661905617727488
1324661869550936064
1324661838626365441
1324661792962916353
1324661608803672065
1324661553883467776
1324661506303287296
1324661451429236736
1324661408982802432
1324661337839063040
1324661232767508480
1324661175460777984
1324661120091738113
1324660960590761985
1324660928235905024
1324660665580138497
1324660629173608448
1324568159567912962
1324568056526458880
1324568033743044608
1324567996665417728
1324567936531615745
1324537400257847297
1324537189506703360
1324537128177537024
1324537034330046465
1324536951689666560
1324536856676093953
1324536736794509313
1324536689772142594
1324536664262410241
1324536629017661441
1324536561527070725
1324536521899364352
1324536480488923138
1324536460737994752
1324536387287289856
1324536348209008640
1324536261412007937
1324536221817835520
1324535619817738242
1324535511197900800
1324535375700938752
1324535314732535810
1324534999249506305
1324534927396843520
1324534885852262401
1324534830177148930
1324534736249888768
1324534701495898112
1324534679404466177
1324534619509850112
1324534548449951745
1324534524160651265
1324534487259250688
1324534446113099781
1324534412776771585
1324534312604258305
1324534281667043333
1324534205989179392
1324534066524413953
1324534012178780161
1324533985737924615
1324488793496424450
1324484265510359040
1324484193305415683
1324484112728707072
1324484031245963264
1324483937016680456
1324483049006993410
1324482992593653763
1324482801941549062
1324482670068465667
1324482599423741962
1324482441294348288
1324482383656210435
1324482162100502528
1324481962623553536
1324481937331945472
1324481866787946497
1324481769614254082
1324481619701440513
1324481569151688708
1324481492907675651
1324481161977045002
1324480989293432833
1324480848981331970
1324480803309539331
1324480765187469323
1324480697273298944
1324480610228936706
1324480555682070532
1324478799279497216
1324478757437132800
1324478711442399233
1324478694967152640
1324478663052697600
1324478604181409794
1324478541640224768
1324434449719873539
1324434389980401670
1324434341494218755
1324434299567951872
1324434264503582723
1324434209809772545
1324434132609454080
1324433656258199556
1324433558644183042
1324433382885990401
1324433088252989440
1324432954488246275
1324432902290083842
1324432856685420544
1324432659402100737
1324432561221865472
1324432457874182148
1324432420771418114
1324432258581880834
1324432231713148931
1324431811565551616
1324431747384303621
1324431697077850114
1324431671932919808
1324431623983648771
1324431583135338498
1324431557793374211
1324431505750429696
1324431463098449920
1324431432912146436
1324431409486962691
1324431380261015554
1324431355934068737
1324431298178539520
1324431225608613892
1324431138438393856
1324431118599397383
1324431093672693761
1324430177439485954
1324430146955284480
1324430104731279360
1324430067041185792
1324430025576337408
1324429992781094917
1324429951282667523
1324429882143768582
1324429743773679618
1324429571081515013
1324429491389767680
1324429420413755392
1324429370514116610
1324429337010032641
1324429307712839680
1324429263999815681
1324429207741603841
1324429104075124738
1324429080922644480
1324429056159420419
1324429005282594816
1324428980578123776
1324428931047579648
1324428908461260803
1324428876630708226
1324428834171723776
1324428792455155715
1324428725929144320
1324428673357926405
1324428658497433608
1324428639610589184
1324428590684004352
1324428531997265923
1324428501848567810
1324428467547549700
1324428425482981382
1324428345178816513
1324428312886870016
1324428273057779713
1324428242556735489
1324428162412011521
1324428138730971137
1324428085899546624
1324428054157053958
1324428023530201089
1324428008082518018
1324427990743339012
1324392666063380482
1324392627865792515
1324392568872931328
1324392492540874753
1324392444033642500
1324392402342367238
1324392340413419526
1324392289687523330
1324392249149530114
1324392206984224768
1324392117683277827
1324392088104960001
1324392059902578690
1324392018668380166
1324391848186707970
1324391753160495104
1324384230097473537
1324384193175060480
1324384170861277184
1324384135083892736
1324384056990179329
1324383985561149440
1324383903608688640
1324383849367953411
1324383803197005831
1324383748541001731
1324383706585452547
1324383664365592578
1324383589803372544
1324383538909745154
1324383488448016385
1324383434488320000
1324383396278226946
1324383364800012288
1324383300836855814
1324383189524205573
1324382527537238017
1324382483996119046
1324382419013742593
1324382243599622147
1324382194765303811
1324382161668087808
1324382131548770305
