1329726384885862400
1329720975479492608
1329504661502652417
1329428609036070915
1329415924970098688
1329340048752381953
1329121563468312576
1329121560129638404
1329114590400180225
1329114555935502337
1329114523916259332
1329106968947134464
1329063603492823042
1329060189719441408
1329048011746537472
1329039620324069376
1329025162193330177
1329007614391443456
1328990915776700417
1328990038894505987
1328989833293860864
1328989346679107584
1328988521416232960
1328667229970427906
1328664303076069376
1328431617036193793
1328431280774664193
1328028253425192960
1328028174282854403
1327572093370773505
1327567329891323906
1327242703189536771
1326950701877047296
1326837790655438848
1326490048519417858
1326213903756513283
1326189645068177411
1326078064254738439
1325847455523622913
1325734147156029440
1325733430089437185
1325497673940668417
1325427512588062720
1325380035604340736
1325049936031911937
1325049740258668544
1325023430782185475
1325005083298455552
1324843856760885248
1324682765829312521
1322554164564631552
1322554064014639107
1322553888864698368
1322553781536673794
1322203189035368449
1322165281238732802
1322162070406746113
1321178891743014912
1321178324245381123
1319923857701113857
1319314078339391489
1316398799670128640
1311366668459933696
1311366536419041280
1309251174210637826
1309100468392669184
1309100289987936259
1308707247128805376
1308662479728373760
1308529235032715264
1308529021555273728
1308483776134230016
1308483571766747137
1308483551881572357
1308355193344581634
1308343638582329344
1308305660778487808
1308304652719419392
1308117751395950594
1308071487115583491
1308071470220947456
1308025990183084034
1308025916401094656
1307945286342500352
1307374032388526082
1307373857184124928
1307373776766668801
1307373711725649924
1306906793088557057
1306906763434876929
1306906657079939072
1306902124736000002
1306897027268304897
1306896177359663109
1306690332365651976
1306534334166429697
1306532136627953664
1306344861432414209
1306344007988109315
1306309243734241280
1306291889029681153
1306229603304968197
1306229581247066112
1306204754616422401
1306181667233697792
1306181541832396802
1306175563783077889
1306173967993131009
1306150900591984647
1305967387926245376
1305962031225413634
1305962009570181120
1305958233631272962
1305956824261296128
1305956356223098880
1305955992723763200
1305955623625011200
1305954000274108417
1305953786557538306
1305923015520276480
1305922952081399809
1305904889646796801
1305904880243093505
1305904871795822592
1305904841177268224
1305904825809469441
1305904818104528901
1305904809762054144
1305904800698114048
1305904794402525184
1305904784369688576
1305904775846858754
1305904766778830854
1305904757236789251
1305904750735642626
1305901036129988608
1305901013883383808
1305901002655178753
1305898995634634755
1305898965485998085
1305898957143498759
1305898923907854338
1305898913971548162
1305896065963614208
1305896053758218245
1305895836413558785
1305895823167942661
1305892346953961472
1305892288221118465
1305892277861089281
1305892251613237248
1305891237728342022
1305891230874828802
1305887603900768256
1305887592538419200
1305887578642620417
1305887536485670912
1305885964271788034
1305885954427813888
1305885943732338692
1305885932059533315
1305878903551070214
1305873445662711811
1305873437496406017
1305873426834366470
1305868597940703233
1305868582824431622
1305868574330941440
1305868566948909057
1305867679140544514
1305867666431803396
1305867626778943490
1305867614170816512
1305867600841375750
1305867589327912961
1305867576199786498
1305867566817083393
1305867559095488512
1305867550627172352
1305867541311623168
1305867534722314240
1305863749790838785
1305863729498726402
1305863714952929280
1305861856968552449
1305861727632883721
1305860507941961729
1305860500350218240
1305858961170726913
1305858938907262978
1305856513672609792
1305854965789986822
1305854918956376065
1305826691567300608
1305826661426958337
1305795966033891328
1305795808516857856
1305784501013024768
1305596920648392705
1305596845532622848
1305596642381438980
1305596619027632129
1305578052324405251
1305573898642231297
1305536416017977345
1305493637506228225
1305461226101764096
1305461138935742465
1305461065757732864
1305460706716913664
1305226946780033025
1305226935186972673
1305226922931126277
1305095914734923776
1304873791642890240
1304869472923197440
1304869434012635138
1304718829990354944
1304710373363331073
1304710201220763648
1304709765080199168
1303337331882184704
1302730080490328064
1301470504021360645
1301468848068190209
1301445340655218689
1301120563612733441
1301120084400918529
1298299520539865089
1298299093605855232
1289914297443848192
1278625975048298497
1274253526538084352
1273882440482914304
1273725727049908225
1273649220864692229
1273576153987592192
1273568575345786881
1271866943679737861
1271851797922091009
1271851431298031616
1271848826643636229
1271829051758477312
1271817342025162753
1271810755147567107
1270743108783931392
1270743018681913344
1264493909528457222
1237388634774540288
1237388539219902464
1237388464359792649
1237388252253995008
1236955190009495553
1227245031477710848
1226874729929285632
1226862175618322432
1226783713406701568
1226218259164401665
1226114396944060425
1226114213191585792
1225769583967076353
1225569341896306688
1225551695515652097
1225517088766406658
1225511571650117633
1225482642080006146
1225452929747910657
1225448929111760897
1225448421223522304
1225448214473691136
1225439158115672064
1225427909743202304
1225324319171063814
1225324066971758592
1225156995633876994
1225156892592181248
1225156665739292673
1225092348880793606
1224732050630021120
1224732031978033152
1224700660324732928
1221874226128412672
1221810236522160129
1221766040050376704
1220787831758630913
1220660336560365569
1220660099036991489
1220659697654673409
1220407550664986624
1220352080734564352
1220352057359642625
1220351839281041410
1220349496535797760
1220298545158414336
1220092097153335298
1220082703405604864
1220081883587006465
1220078302481801216
1220078232596373504
1214612206706462725
1214206559527550978
1214202744304754693
1207353921473273856
1207353866704097281
1206915635093102593
1206531692418260992
1206531663079051264
1206531622096560133
1198964116372758529
1197931896451325952
1197849395762487296
1197812991250632704
1197543593461899270
1197532345273929729
1197478276878524416
1195353924879953929
1194926005858766849
1194595575452311552
1194294331491995648
1193545714485387266
1193282268770504705
1193281956898848773
1193126253747945472
1192887994212069376
1192790838557982720
1192790790596124672
1192790778382311425
1192779011379933185
1192475093332582400
1192428145879764992
1192427936462323714
1192400873672105984
1192400209529192449
1192166213499142146
1192127980945977344
1191859209475969029
1191470227684560897
1190708782600470528
1190678378380218369
1190673882170232832
1190569607528144896
1189939462979170305
1188754465802854400
1186705162368442368
1186618711345684480
1186618626511659009
1185935895150714880
1185620694257819648
1185481957427290112
1185220262691774464
1185205808998555648
1185202691724791808
1185202673412460544
1185191176107900931
1185180075676831744
1185129842305572864
1184742375714897920
1184063155800018944
1184063126410616832
1184062567913791494
1183663889206206464
1182722736088670208
1182392590467063808
1182392322518126592
1182392066170638337
1182391894455783425
1182391723978305540
1182391556998909953
1182383589796864001
1182245593000894464
1180509426912038913
1180509390752878593
1175831218786570240
1175425812042047488
1174801638579671040
1174755393047846912
1173537523546624002
1173537319195992065
1172440801462247427
1172439585206370306
1170042314422673411
1167902547245330432
1166645233062436864
1166644425268838400
1162027524534231041
1162026758717284352
1161062312305942528
1161061957677592576
1161061872424108033
1159868151552778242
1156652452705210368
1156652375953870849
1156652167987683328
1156609615997616128
1156609114048466945
1156603896179101696
1156273118673080320
1156272994290941952
1155954002917380096
1155031662604029952
1154814567178014721
1154751020481822721
1153396266119979009
1151888348799262720
1151888162706378752
1146895580616175621
1144625474259357696
1144531842114170880
1139220488784420865
1137030217338380288
1136398995780186112
1136305548016738304
1113835268367319040
1111983294495842304
1110888795916910592
1105802191535853568
1105063635557236736
1104353405445771264
1104339674389188610
1103979136752775170
1103958473790889984
1103691558895927296
1103691455917375493
1103670257355579392
1103670161133973504
1102903836665098243
1102884037549535232
1102504006692323328
1100472379338358784
1100097402000809984
1097516428570300416
1097253650605457410
1097179444245159936
1095676352144048132
1094352284002250753
1094197484925132800
1092836674369916928
1092836563514466306
1092835900462120967
1092788294335844352
1092787863039688706
1092787196027912192
1092456771766140928
1092456130444435456
1092088222417633282
1092088179409199104
1091330645333291009
1091121506392915968
1090964924204023808
1089851119935913985
1089483776252624896
1088506462672957441
1088430472034684929
1088069815091322880
1087834798964527105
1087834590348304384
1087156993494781952
1086597075578638337
1086596881218760705
1085130082144923649
1083105629760376835
1082963692076126214
1082963632907059201
1082393942463787013
1082235383327481856
1082235372179017729
1080820615525920768
1080548740778389505
1080485499293306881
1075116600133586944
1075115608243605504
1075063898775130112
1074025793691500545
1073606050950078464
1073524705787817985
1072578402614460418
1072445106249183232
1072427423982108672
1072280105278418944
1072181776179740675
1072176076636475392
1072145963861635073
1072084002507497472
1071387583899463681
1070688073892155392
1070685515484225541
1070671748524331009
1070671723119419392
1070612716556087301
1069225430090219521
1068194430681837578
1067761457499160576
1067464267031547904
1067148782603767809
1067148214393020416
1067146363052400641
1067023707376357376
1067023530842296320
1067023473782992896
1067006890683568128
1066747477372612611
1066040025643532288
1066039240251899904
1066021794203746304
1066020712312463360
1065585231397310465
1065582764303495169
1065581098946781184
1065040536145403905
1065040308617007104
1065040180913078273
1065040164911833088
1065039769053339648
1065038264476807168
1064843747807150080
1064468585479905285
1063856278269763584
1063732454085836801
1063515750919544837
1063493163246075904
1063489777914265600
1063469909886287873
1063469822120476673
1063160479638523906
1063159183405670400
1063158677882974208
1063158547905740806
1063077224096694273
1063038977836498945
1063036553298087937
1062745498325577728
1062451341895913474
1062417139209068544
1062416773184667648
1062416293532524544
1062416243905478656
1062053467584454657
1062029243058741248
1062025587152351232
1062024817967280128
1062024817476624384
1062024816444821505
1062024816419631105
1062019917426364421
1061984124469211136
1061957854666604544
1061952437815271424
1061918618659758080
1061918618261340160
1061918616428384256
1061918616231260161
1061918616017424385
1061699801270706178
1061682438575976449
1061369785643098112
1061244564319752192
1061054736248553472
1061054655432679424
1061054600281759746
1060912115194716160
1060912105589743616
1060912050875043840
1060865397468086272
1060862785855340544
1060861966300966913
1060860802540990464
1060609591573209089
1060554285790965760
1060538419800104960
1060524119027077120
1060513018679869441
1060500227726151680
1060196185682731008
1060187590958157824
1060187342168907778
1060143676263931904
1060109028678877184
1060103109903560704
1060102038195965952
1059919742792884224
1059914468841414658
1059857071242469376
1059743514970542080
1059736367641645056
1059527674497064962
1059424087968231425
1059156372464508936
1058754630136614912
1058706117516255232
1058147180849041409
1058082982739750914
1058020296811266048
1058020053285773312
1057919192303894528
1057683637230014464
1057614028799950848
1057600548004868097
1057254830207655936
1057022821891739654
1056974070615556096
1056972901428158467
1056972678777708544
1051213448527441927
1051135609597816832
1051052842641965056
1050458536789139456
1050458078343258112
1050163078283886592
1048957273542995974
1048957058559725568
1048540500142292993
1048187522118037504
1048170542480744448
1047795268660486144
1047457446023892993
1047432119864180739
1047429055992291328
1047178233429614594
1047156252080390144
1047140937728778240
1047122134655479808
1047102954480779264
1046061837060624384
1046061764935340036
1046058508024786945
1046023894182887426
1045770809191661568
1045763981162500096
1045059876702093313
1044659648039710720
1043633588598726656
1043069110677065728
1042829627859906561
1042825882149285888
1042693500012244992
1042669392486707200
1042380323202445312
1042375854070878208
1041630593325383680
1041629478756212741
1041316623800573953
1041307593866653698
1041307217113350144
1041306825906368518
1041298183429783552
1041109353712037889
1041108900060246016
1041052432749539329
1041051915608571906
1041023067236052993
1041022687206952966
1039796882762080256
1039795153035296769
1039795060706037760
1039794719759519744
1039432932396552192
1037683202851258368
1037397196029739008
1037396237228683265
1037395674294362113
1037394557854535681
1037393941665067009
1037363865716224000
1037323032916844544
1037246749126127622
1037023492766687234
1036954345202434049
1036944292978335745
1036911562920022016
1036908135095693312
1036906883678920704
1036905313310523393
1036905269756866560
1036744423978266625
1036248309567029250
1036202811573325829
1035834148127211521
1035833905876819968
1035564622064046085
1035484594630320128
1027001923168296960
1027001304139411458
1026560674967814144
1025505567559901185
1025425465308340225
1024967294320103424
1024688944926089216
1024688200265216000
1024687159935213572
1024057566706458624
1022933135808491520
1022798876380680192
1022495080823877632
1022484243098882048
1022409206283034624
1022208753033203713
1022074681229238272
1021812465011748866
1021378829418409985
1021378714477768704
1021376148494868480
1020332430295732224
1020331685718700033
1020328271899185152
1019614801474056193
1019331350254489601
1019327295629217794
1019326698465218561
1019325604985008131
1019325163295379456
1017716040783065088
1017119252590088192
1017026029918056449
1017025724094525447
1017023860150095873
1017014869818839040
1017013146756710400
1016744682976632832
1016442501702483969
1016379847600427009
1016354293367148544
1015614531110875138
1015267126607843329
1015189830387621888
1014906219864248320
1014881088722923520
1014837748002418688
1014821834049708032
1014799537167392769
1014798634364256257
1014789947365183488
1013829418396110853
1011356998556938240
1011217642504540161
1010213975936651264
1009944118892597248
1009754893777887233
1009368302286712833
1008741337678610432
1008741008341905408
1008721964268171271
1008663048402370560
1007319946139926528
1007222862279860226
1007221649324888065
1006187620425191425
1004745380075106305
1002967202897776640
1002606704562003969
998895015857401856
998666481486516224
998635382836260864
998635165290254336
998607624844308480
998267008255971328
997994000287191040
997891114727346183
997767305479245824
997509030213013504
997433431998062592
997403862842642432
997399983539343360
997397937461301249
997397614076231680
997397614030188544
997391752742014976
997391579559219200
997242173811838976
997241884274814977
997241784374841344
997160191077617667
997133541912793088
997133034477453312
996858802795360258
996858691738656768
996849534058876928
996849462449459205
996849381411315712
996847630159433728
996847556687749121
996839106251575298
996795523309953024
996794072420569089
996727366855675904
996674191318552576
996673997915021312
996449891584020480
996426775860252672
996337347791937537
996333823649615872
996154035479744513
996048590312300545
996045054505574400
995924171984195584
995754553881583616
995739957774962689
995273383242805248
994847325465047042
994621839610654720
994523153828282368
994277642374471680
994149049375870976
993951426668843008
993888325315395584
993888184307277824
993853722785656839
993843524578750464
993461413707382786
993435886774874112
993233989891706880
992840424912977920
992692105578508288
991988335261478912
991972167603642368
991699187539632131
991628927583051776
991375290793414656
991016690484989953
990175379607474176
989610471765536770
989581278067519489
989580589761220608
989580381153316864
989557405729087489
989423962252824576
989423087430127617
989422968060235777
989421748868255745
989420682013560832
989420307348942848
989163652199612416
987685987487797249
987262942814113792
986968215405330433
986966857151340544
986965793891110912
986901122630774784
986900119395160064
986900101695180800
986568618807844864
985995868594671617
985994779761741824
985561388885004289
985191568037568515
984474921492471809
984338076871741440
984328765944877062
984101066622095361
984026021220442112
983619831273541632
983617580144517120
983336744820068353
983298729171013632
983276626262876160
983032063271079936
983008112385953792
983007824677625857
982940511140016129
982938354110124032
982927008161259520
982901360734552065
982682009704259585
982671306482122753
982668457295663105
982660020402868226
982621399050342400
982619374321393664
982596016221323265
982297134971187200
982221386931306496
982211584352124928
982009751402885120
