1330115165271060486
1329958958380015616
1328901421564092417
1328901342660882433
1328901147785039873
1328901028247449604
1328900630883282945
1328900347566436353
1328900127105429504
1328885551924178951
1328719744371974151
1328719627896152064
1328719452943364098
1328663685259272193
1328663423295639554
1328662945019162626
1328662028484046848
1328661738087198721
1328661643795042304
1328660746184634368
1328660642111361025
1328660552235819009
1328660446174453760
1328660386720198658
1328660187427840000
1328660167869812736
1328659825115455488
1328658820072173568
1328658673271451651
1328658308190916608
1328657911430713346
1328657655234244608
1328657522367066114
1328657151355736064
1328656982572720129
1328656723247329280
1328656607585079296
1328655971116322818
1328655613887393799
1328654313170886657
1328652479832223746
1328651531420360704
1328468277891375105
1328468077718228992
1328468019908112384
1328467881198317574
1328467817470046208
1328467225867669506
1328467120192155649
1328466684357775360
1328466616699539462
1328466587133894656
1328466547808071681
1328466519148404739
1328466455562752001
1328466335320387585
1328466303410188290
1328466264210214914
1328466243616186369
1328466217976336389
1328466138242703362
1328466100904923137
1328466080290009095
1328466051479298048
1328466020365963264
1328465962073513985
1328465762802077696
1328465628525699072
1328465559919370240
1328465490826682369
1328465458673094657
1328465302930284550
1328465107937095684
1328464977351614470
1328464847202291712
1328464784593969153
1328464583317745666
1328464466942504963
1328464401805012992
1328464279151009792
1328463091529551872
1328462616923082752
1328462352338063360
1328462141083553792
1328462043796672513
1328461931221577728
1328461887927934978
1328310708103208961
1328310150495612929
1328310091804766210
1328310047676522498
1328309911864930304
1328309868768481281
1328309756050673669
1328309682293891072
1328309643756630016
1328309567365771265
1328309303116230656
1328309262091776002
1328309193904885760
1328309116926881793
1328309006755049472
1328308969966870528
1328308680392105984
1328244296198344705
1328113574867243014
1328112971353100294
1328112886183555073
1328112563654184962
1328112459685752834
1328112185369915394
1328107471815254016
1328107160744710144
1328047299155681288
1328047130716622850
1328047061070180353
1328046405072678912
1328046378719830016
1328046342418075649
1328046280074027011
1328046196313747460
1328046105070854146
1328046015761539073
1328045943980249089
1328045695635492865
1328045613095784450
1328045368479801344
1328045292143464448
1328045060986982400
1328044937670254600
1328044816953913345
1328044517484863489
1328044439772811265
1328044382726082563
1328044353655353350
1328044322172841986
1328044282436055041
1328043919293210624
1328043880583925761
1328043845372751872
1327796579261165568
1327406739327758336
1327172105851392000
1327171258002382849
1327171107334582279
1327171033640660993
1327171003571720193
1327170953198129152
1327170852534808576
1327170727053844480
1327170679020642304
1327170581918265347
1327170148608974848
1327170061497413637
1327169775361994753
1327169711512166401
1327169587700445184
1326736113894043649
1326634932798705666
1326634836409393152
1326634748056309760
1326336462976131074
1326334527602561026
1326332807396921345
1326332750895476743
1326322213889462273
1326321299401084928
1326321031741644802
1326320927223795712
1326320613896687618
1326320461890940928
1326320242096828422
1326026513523888130
1325917322175983620
1325917257986412545
1325908848658493440
1325801721864523778
1325692580206620672
1325692553342164992
1325692465626681344
1325692422895132678
1325692269173858304
1325691757300944898
1325691662295838721
1325691540023484416
1325691457919987712
1325691331285495808
1325691259428728832
1325691140746698752
1325690510703546368
1325690433452843009
1325690357615570945
1325689842550808576
1325689623234961410
1325547412916727808
1325547331719139330
1325310980499312640
1325243352913235972
1325243159769657344
1325242014896693248
1325215687720267776
1325065032061825033
1324874078570811392
1324848300575645699
1324847655428755456
1324847628031545345
1324847366399270912
1324847133816770561
1324846171194597381
1324840748710244352
1324339957465550848
1324339337807495170
1324331400758251520
1324145818098688000
1321987278508564480
1321986851142574080
1320377394356752385
1320109791575003137
1320109749292224514
1320109481410310145
1320109360211808259
1319099981584805888
1319099389034496000
1319099313021177857
1319095958555316224
1318508348711538690
1318506558284857349
1318506517721698304
1318144688524853250
1317965242673102850
1317964894600372224
1317964750442156033
1317681385872723968
1317437423119486979
1317431388732346371
1317424112554397696
1317423158987771904
1317423084962537472
1317422972714573824
1317422734889156608
1317422677880197120
1317421316367147010
1317421056819417088
1317420912354971649
1317420827609042944
1317301978196836354
1316924395315695616
1316652010834472961
1315830875469369345
1315830745508859910
1315830459880935425
1315285517727141888
1314915333585735680
1314914286469287936
1314168217300996102
1314168145456910336
1314050046619459585
1314049982207610881
1314049932966404097
1314049904734613505
1314049844286238721
1314049414395289603
1314049332795060225
1314047995072176128
1314047765383712769
1314047747490811908
1314047726066315266
1314046983708053504
1314046972555390996
1314045884712316928
1314045807675478016
1314045568503685122
1314045532545875969
1314045109495910400
1314045050519793664
1314044894718164992
1314044860744249344
1314044795959095296
1314044777546108928
1314044735275888640
1314044673888079872
1314044150581547008
1314044142230568960
1314043988593307651
1314043879893676032
1314043861132550146
1314043669964632064
1314043522941677571
1314043462996709386
1314043449344241664
1314043421288534018
1314043402430877697
1314043378288463873
1314043285757984769
1314043130249912320
1314043080799129600
1314043058909073408
1314042937966243842
1314042917300961280
1314042891300491265
1314042817329627137
1314031713597652992
1314031649735278605
1314031298743336963
1314030953388486658
1314030780335624193
1314030702900506626
1314030607433969664
1314030530149703680
1314030367066779648
1314030349077426176
1314030318907686912
1314030298439602176
1314030265577222144
1314030205279916032
1314030175869448192
1314030127530024960
1314030065303289856
1314030026657013760
1314030013155606529
1314029931777724416
1314029430436659200
1314026451604254721
1314015592316272641
1314000435980763138
1313256755305099264
1312872287088017408
1312872264937934848
1312872223120732160
1312872196654727169
1312872174731112450
1312872123212410881
1312559068200960002
1312232497510584322
1312225827782885378
1312225494339923970
1312016852097347587
1311858091252744192
1311857377021489152
1311857291625484288
1311857248503762949
1311857224105558016
1311857139024044032
1311856689579163648
1311856577410994177
1311856531701334017
1311856453754531842
1311856087579144194
1311855774960885761
1311855723870064646
1311855661693706240
1311855503509725186
1311855267622072321
1311854597527547906
1311854596290158592
1311850974244483080
1311832656477290496
1311832544376246279
1311832517578756099
1311831240295800834
1311752178474909707
1311192335930327040
1311184884266938368
1311184824368070656
1311184764305641472
1311184725239828490
1311184585661845509
1311184500819472385
1311184456242417665
1311184247726772224
1311184160380387328
1311183888883036161
1311183848831672323
1311183727091908608
1311183688722518017
1311183659785957376
1311183581688066048
1311183553217130496
1311183419175559168
1311183384790667264
1311183330545733634
1311183224190783490
1311183147158167552
1311183118045413377
1311183058213711872
1311183001691226112
1311182970565341184
1311182938067947521
1311182811643154433
1311182620810711042
1311182537025294337
1311182359761506304
1311182040906305537
1311181749213429764
1311181656632496128
1311181478366244864
1311181382480166912
1311181076342149120
1311179629659643905
1311179233163702273
1311178998077063169
1311178918683119616
1311178701153996800
1311178149938552832
1311178062575398912
1311177986905976837
1311177724732547078
1311177648970829824
1311176986044358656
1311176946592681984
1311176820423823360
1311176107752935424
1311176069882482688
1311175996377362433
1311175930107301889
1311175888579555329
1311175130396139521
1311175061773185024
1311175036053721088
1311174992948846592
1311174929883291649
1311174735213015040
1311174601125306369
1311174570527854600
1311174556070092801
1311174542006669314
1311174518233329664
1311174484179722240
1311174452814794754
1311174425069445122
1311174391309402118
1311174362079395842
1311174288578433025
1311174252360499200
1311174078271717376
1311174044188848128
1311173971216420864
1311173841159434240
1311173389353193472
1311172966261157895
1311172904030273536
1311172841392549888
1311172744118231040
1311172604863156224
1311172560382459907
1311172426122891264
1311171016664715269
1310731908855271425
1310702288210735104
1310072968886865921
1310072105384529922
1310072012241620992
1310071997272068096
1310071966607577088
1309313030975520768
1308955727168516096
1308955509949714434
1308919036915462144
1308918997547655168
1308918973166223362
1308918806656561152
1308918726822105088
1308918664314449925
1308918607179546628
1308918572744421376
1308918486501142532
1308918302631231490
1308918132971573249
1308918100360941578
1308918070279372802
1308917778150285312
1308917710693322752
1308917621190987777
1308917559878705152
1308917329745584129
1308917228998397953
1308917172308242432
1308917019228725248
1308916926744350720
1308916846410825731
1308916798474063872
1308916766853271552
1308916677057425411
1308916649110777856
1308916621906522115
1308916488846311424
1308916392838692869
1308916361268260864
1308916330691784704
1308916005335371776
1308231472776728577
1306814231036166147
1306813933605605380
1306813784045092864
1306813516721123331
1306813452665716736
1306813305407909889
1306813241201491968
1306812977773973514
1306812897620877312
1306812799990067204
1306812746076479489
1306812568460242948
1306812424520110080
1306812294370922496
1306812192990339073
1306811275473756161
1306811017033285634
1306810700547919873
1306810516044689408
1306810502056730624
1306810143120728066
1306804523613261830
1306804076802441217
1306563182287368192
1306440018056155137
1302667199925161984
1300223010348113925
1298848112136654848
1298848043060678659
1298847832108077060
1298847822951915521
1298847549378490368
1298847485704785920
1298847203293880320
1298846789085401088
1298846754507558912
1298846476014170112
1298846463510958080
1298846372054134785
1298846360779853825
1298845830649085952
1298836247306174465
1298823873258029057
1298820442132828160
1298820347383500800
1298817748479475713
1298095280613711872
1298095257935118337
1298095242969862144
1298095203404976128
1298095179187052544
1298094990242074629
1298094854984040450
1298094692941336576
1297626357879443457
1297626278913347587
1297626207803060227
1297626146184531970
1297626095609614337
1297027445707673600
1297027414594408449
1297027385309700096
1297027283769798656
1297027123467767809
1297027044514189314
1297026718071488513
1297026492417880064
1296648512550182912
1296647877901656070
1296270010927722496
1296269133743611909
1295694720379891712
1295584718159851520
1295584504501936128
1295584435002314752
1295584378551140354
1295584220866326528
1295584153069592576
1295584088116666375
1295583712130863105
1295583653901336576
1295583618245550080
1295583559080652801
1295583431536136192
1295583188706885636
1295583147548180481
1295583050835939328
1295583034599714821
1295582953817419778
1295582923354247174
1295582775475613696
1295582746576920576
1295582702045995010
1295582692550103043
1295582598429908992
1295582574568505345
1295582555908050945
1295582449737633798
1295582415486889985
1295582302425292800
1295570777958428672
1295553952898076672
1295552503803711489
1293455601222156293
1293028117238493184
1293028096577339395
1293028032177999874
1293028008526319616
1293027940209483777
1293027894382428160
1293027722063761408
1293027598138847232
1293027566698233857
1292932599061635073
1291198157129494528
1290120465839579137
1290120340408922113
1290120198549155842
1290120107222417408
1290120074620096515
1290120053971509248
1290120038075076608
1290120005237891072
1290119979556311040
1290119962363863040
1290119909247053830
1290119894474711040
1290119881975713792
1290119865144094722
1290119848698056704
1290119830113095683
1290119786618265600
1290119765638299649
1290119751146995712
1290119725544960000
1290119675032952832
1290119662215168001
1290119647119826945
1290119623497506818
1290119599564959744
1290119573073731584
1290119521613692934
1290119482275332097
1290119457243725830
1290119427023757313
1290119394320773125
1290119372665761793
1290119349890678784
1290119329493561344
1290119304118063104
1290119277819957248
1290119256483475457
1290119152733020161
1290119124496998401
1290119095069728768
1290119060252811267
1290119017261404167
1290118955894321158
1290118925712121857
1290118886822744064
1290118845919764481
1290118814852554753
1290118789678297088
1290118729670356994
1290118690487390209
1290118649131479046
1290118604604792833
1290118556017930240
1290118478398017536
1288310159471783936
1288151494538268673
1288150889811841024
1286893801013944323
1286893610957443073
1286892919673192448
1286892140312899584
1286891767414087681
1286891581644185600
1286891570416046082
1286891498240434176
1286891443395727361
1286891375372447745
1286891208317587456
1286891132530626562
1286090493936439300
1286090309856899072
1286090240894083075
1286090200893071366
1286090161965670400
1286090046949462016
1286089998551461888
1286089951797555201
1286089861972332544
1286046473076060161
1286046438636638209
1285774825781448712
1285774051324186625
1285569702572494848
1285569561786449921
1283891025614974976
1282696960722567173
1282664541470547969
1282351471993004033
1281742381302329344
1281741712382197760
1281741683978379265
1279284847945621504
1278491206192975872
1278489826375893000
1278451367582085121
1278451311869116422
1278451281846247424
1278451212162039808
1278451190381129729
1278451157925613568
1278451053218930694
1278450985816522758
1278450871555305475
1278450828924289025
1278450785140068360
1278450697919442944
1278450659092766721
1278450582127329283
1278450533217570816
1278450457128689664
1278450219227787273
1278450163430952962
1278449523526905859
1278447884216815627
1277312871756693506
1277076564702879746
1275970758901145601
1275660705174298626
1275556203096092679
1275556143641878529
1275556076096716806
1275555968366055424
1275555864355786754
1275555813227143169
1275555765433106433
1275555722479222788
1275555690954682370
1275555638064619522
1275555517201395714
1275555486327341063
1275555393272455168
1275540616005459968
1275198782339264513
1274910530361229313
1274910478142263296
1274795258455490561
1274550696399056896
1274549643939123200
1274549472698281984
1274548993712939008
1274548932375347200
1274548894349832195
1274548866411618304
1274548735104688130
1274548704750551045
1274548668721500161
1274548634756022272
1274548594075369474
1274548555513020418
1274548516287848449
1274548425909063680
1274548360041697286
1274548160271089665
1274547913331560448
1274544023970160640
1273452327698141184
1273452265081393153
1273452250111893504
1273452215538257921
1273451939762667521
1273451871571771394
1273451463960862720
1273451316325515264
1273451266568527880
1273451156598140928
1273450726983905285
1273450637834047488
1273450561388625920
1273423623202770944
1273408145646387202
1272662836397965318
1272617215058161667
1272617163904466944
1272208690775498752
1271880112737320965
1271880000225120257
1271879961222266882
1271879934160572417
1271879914166329345
1271879890376278016
1271879845782396928
1271879801733775360
1271879775846572033
1271879603775209473
1271879488851316736
1271879452117565440
1271879401534369794
1271879337021767683
1271879265244581889
1271879231006441477
1271879205362511875
1271879183275307010
1271879143282692096
1271879101901680647
1271879021274505223
1271305136317571072
1270914916086689793
1270914503648174080
1270665120646156289
1270665062634708993
1270664688288890882
1270578258006945794
1270577666958282752
1270577616072966145
1270577548360134661
1270577483298070529
1270577341962600450
1270577256549801985
1270577226262679553
1270574215671013377
1270574118681919491
1270574036762988544
1270573919402184706
1270573266244075520
1270573219049857024
1270573183637258241
1270572973267857410
1270572872801628162
1270572799007109121
1270572464611999746
1270572033886355457
1270571986138398724
1270571894501236736
1270571808807411715
1270571688284033025
1270571437020119051
1270571421010407424
1270571014720835584
1270570914732625926
1270570854175440897
1270570308551016449
1270569880438419456
1270569783810023425
1270569761479561217
1270569702570561536
1270569601873608708
1270569489470574592
1270569420377788418
1270569349993115652
1270569223266410500
1270568619693531136
1270568560692277253
1270568501162491904
1270568442626822144
1270568325563719682
1270568299135459329
1270568207829663744
1270567983056855040
1270567937213161472
1270567855193575424
1270567771055755264
1270567718752747520
1270567684120469509
1270567621201743872
1270565814710697992
1270565789427544064
1270565459771998208
1270565350573248512
1270565295598469120
1270564677169405958
1270564523884326912
1270564168782032897
1270283136421761024
1270213994289287169
1270168311645560835
1270167944857780224
1270045560393924608
1270045507809939456
1270045063213658114
1270040394210988032
1270040379702808578
1270040361570897923
1270040348052594696
1270040330277212160
1270040320177299457
1270040306600366082
1270040283229585409
1270040256004456448
1270040229114765312
1270040178854330368
1270040080971960323
1270040066266726404
1270040034406735873
1270040021798662145
1270040001871577088
1270039968946294785
1270039686434734081
1269428251350441990
1269428170916270081
1269427852807725056
1269427188799062016
1269427148688961542
1269427118850662406
1269427063439724547
1269426760191442944
1269426690272440322
1269426633485803520
1269426553617887234
1269426451096449031
1269426390388092929
1269426343076401152
1269426312235671554
1269426255310589954
1269426206602076162
1269426118370766853
1269426082136100867
1269426057066790914
1269425916641447941
1269425589758369792
1269425528576053248
1269425426230906882
1269425398452031489
1269425172345499651
1269425078829223937
1269424925250596864
1269424894837755904
1269424857801994240
1269424774633095169
1269424639652114432
1269424572744564736
1267277015859826689
1266914551083212802
1266416343152287745
1266216739051888641
1266216528049065989
1266216405566926848
1266216096488656903
1265660998163324928
1265660978324258820
1265660956933345280
1265660913585094658
1265660894769487873
1265660860963454976
1265660760048443392
1265660724543660032
1265660698421538821
1265660670554537985
1265660637985869824
1265660557258035200
1265660453579038720
1265660425468809216
1265660311413174273
1265301362054750211
1265127186337615873
1263980236930273288
1263868263383138310
1263706072470163461
1263682354532368386
1263602011783774208
1263596023944851456
1262571515238854658
1262571456334123008
1262571397643190279
1262571340353191939
1262571308698738688
1262571261533786113
1262571229443227648
1262468710876487682
1261898127780597760
1261842068038713346
1261707342124650496
1261685664120221697
1261685525272039424
1261685206060326913
1261684183975559168
1261684111208591362
1261683539206180864
1261683475544977415
1261683445740244995
1261683396318806018
1261683257185312769
1261682984559747074
1261682890301194240
1261682848123273216
1261682801377718272
1261682700924194817
1261682662453972992
1261681911149330433
1261285456534294528
1261285410942193664
1261285293094850561
1261285265387200513
1261284967432228865
1261284922356051968
1261283439086579713
1260982936737853445
1260959415345328129
1259770950259748865
1259261199570677760
1259136734262185985
1259136609959792641
1259136240034742274
1258719910106193920
1257913434626285569
1257740425730932736
1257738249180758019
1256942532921081856
1256942499358281729
1256942475048112130
1256942385977843712
1256942192435879941
1256942126568439808
1256942015130066946
1256941715463835649
1256941643858657282
1256941577148289025
1256941522651688960
1256941452501925888
1256941389222461440
1256941202806657027
1256941096145469440
1256941057566281729
1256940926087434241
1256940866176004102
1256940838363582464
1256940811931058176
1256940640530763777
1256940455675203585
1256940371474513921
1256940309134692353
1256940294651678722
1256940248002633734
1256940228805373952
1256940117765378048
1256940106805583873
1256939994800947206
1256552726877687811
1256227716396965889
1256227677444456451
1256227610641813505
1256227526390820864
1256227430278344705
1256227316906315777
1256227259951853569
1256227180742352897
1256227088354377729
1256224892745285637
1256224786168066050
1256224668677287937
1256224539672969217
1256224500372422656
1256224424832962564
1256224401579704321
1256224343367077890
1256224227520282624
1256224042530603008
1256223997689282564
1256223942186020865
1256223895050477575
1256223726460448769
1256223686908088322
1256223541403570179
1256223480628031488
1256223378488377344
1256223350311002119
1256223303427076098
1256223199697698818
1256223079195344897
1256223000489267200
1256222749720219650
1256222585270009857
1255362846663286784
1255362460019810306
1255362419133755392
1255295862298869760
1255295134536732676
1255295079360667649
1255140348692586497
1255140283466973184
1254913433889275904
1254912963426881541
1252994273810829318
1252993197069996032
1252786631200956416
1252786514054045704
1252775530694410240
1252775479553253376
1252775388121567238
1252774894250622976
1252774840920166401
1252774807441149955
1252774746485383169
1252774687375069185
1252774572321132545
1252774170204782593
1252774128161038337
1252774019444727808
1252773767035707392
1252773700677644289
1252773612085534725
1252773464894771205
1252773360414720002
1252773124753539072
1252772881131544576
1252772818464518148
1252772426724847618
1252772352309542912
1252772266850607105
1252772223288578048
1252772158629183491
1252772095521685508
1252772061044518920
1252771859101351940
1252700348160126978
1252700162104922112
1252700122426871813
1252675253794418688
1252674928735813633
1252618390038089728
1252615806120275968
1252611017911263235
1252610118644125697
1252608332747149313
1252608304355909636
1252608234868834309
1252608206343417856
1252608092220674049
1252608001451659267
1252607925400612865
1252607897785315331
1252607875689701377
1252607846761496586
1252607563482497024
1252607212800954369
1252607048585543681
1252606942532468739
1252606885661990912
1252606788052140032
1252606615066460160
1252606592954126337
1252606445411074048
1252606377295523846
1252605082681708551
1252602937005793281
1252601923611607040
1252601894431862784
1252600513339764737
1252599706989006848
1252592846693191681
1252592251349409793
1252591249296482304
1252591158561144832
1252584942741176321
1252579385967869952
1252378032867696641
1252376420732424193
1252376283645833217
1252375679494057989
1252375598187438080
1252374255443906560
1252289911610322946
1252043457012490240
1252043016690335749
1252042840487546881
1251503752936292352
1251503557146279936
1251503455052738561
1250442885599604737
1249464497779204098
1249464345702150145
1249349008801304576
1249348725975154691
1248951915364470785
1248951888952909825
1248951817460953089
1248724072214773760
1248724028535246849
1248723915624665088
1248723861602029568
1248723802814586886
1248723786859511809
1248723684749193218
1248723647000383488
1248723525558579202
1248723279768178692
1248722997952872449
1248722970891227136
1248722824287715335
1248722788745203712
1248722714367492103
1248722659111849985
1248722639188877313
1248722431541477382
1248722396091211781
1248722341431042049
1248722174954872834
1248722041039204354
1248721313142837252
1248721292905283586
1248721276484628481
1248721263528419330
1248721175649361939
1248721061891510278
1248720891434995712
1248719285440167939
1248262166555308034
1248231039664828416
1248199865349427201
1248199715184926721
1247972425943453696
1247971333528530945
1247970652553871363
1246030468228710401
1246028573821095936
1246027279278452738
1246027241773043712
1245927800655101952
1245927486275211272
1245927299762933761
1245927194611691521
1245926670948634625
1245926598764687360
1245926461774508035
1245925515225190400
1245925412921700360
1245925377404370944
1245925315496390658
1245925191731077120
1245925141042749442
1245924787609718786
1245924716503678976
1245923980898254849
1245922538577776646
1245922486039896066
1245922405001785347
1245922272247812097
1245922213888323585
1245921741886685185
1245921470582329344
1245340845840175104
1245340798004203523
1245340762088275972
1245340531443601408
1245340493652918272
1245340271820374016
1245340187967868929
1245340140077289473
1245339837244325890
1245339764150153216
1245339728427311104
1245339700807839744
1245339662421499904
1245339556481839104
1245339493328211968
1245339387795308547
1245339198120476672
1245339136741052416
1245339077999841291
1245339035050151936
1245338805374156801
1245338737736855552
1245338586892898304
1245338287654526984
1245338054165966849
1245265396250312710
1244858572669964288
1244858481359945728
1244654039310237702
1244446087546634241
1244440219115552768
1244436898053046277
1243675315605573632
1243652397555232769
1243652016737529856
1242952283777896453
1242935599163748354
1242935553806524419
1242935499226038284
1242935444469358597
1242922355921424386
1242601891961475075
1242230571587297281
1242230056258240512
1241870882353618950
1241862336136261632
1241640648979230726
1241640313426501632
1241640231545290752
1241640059289448448
1241639978075148288
1241639908822958083
1241639351219609601
1240280395255513088
1240278912007122950
1240278837776261121
1240278674290737152
1240278558821552129
1240278540240728066
1240278291183009795
1240278228423622657
1240278152351531013
1240278062455050242
1240277856552452097
1240276552488796161
1240276201614331904
1240276177278861312
1240276131804299266
1240276056524886017
1240275945765974018
1240275833803112450
1240275576415494144
1240274946380779526
1240274505509060609
1240274451121475584
1240273769354203136
1240273689251401729
1240273630371565568
1240273558540029952
1240273503347245057
1240273462251397120
1240273351068827650
1240273277542699009
1240273252137742336
1240273213264986115
1240273134810533889
1240273043143962624
1240272992925626371
1240272898776084480
1240272725660372992
1240010970707177475
1240010764888522764
1240010680666935302
1240010653315801097
1240010497572900865
1240010440115191810
1240010342484361216
1240010306476224517
1240010148309012480
1240010049633898503
1240010034089791491
1240009590646935552
1240009545415606273
1240009487911698432
1239815973047320578
1239282458929049601
1239267260553986048
1238975272998797314
1238847074004852736
1238847008011685891
1238846943155150848
1238846845692137472
1238846773088714752
1238846578019962887
1238846555031064578
1238846448835461121
1238846412965765128
1238642766319665152
1238609774943625216
1238609732627247104
1238609303000530944
1238609272973537281
1238609152026566657
1238609107579527169
1238609073249140738
1238609038402822144
1238609018886774784
1238608880529281024
1238608858551115776
1238606924670697473
1238606831989198849
1238606705560346630
1238606634647277574
1238606584454021121
1238606537553252352
1238606400051437573
1238606375065976835
1238606329855520768
1238606246627983360
1238606204248743938
1238606097382084610
1238606044823248897
1238605956705062914
1238605894553948160
1238605771404967936
1238605636356788227
1238605618656788481
1238605599161692161
1238605579293208577
1238605534560956417
1238605472380391424
1238605408069201922
1238605382274121731
1238605297138257931
1238605274002358276
1238605160261320704
1238605033811456006
1238604945613557760
1238604900998819846
1238604835735384066
1238604755997507590
1238604671972974593
1238604470843518982
1238604251556962314
1237223320573087744
1237223263396388864
1237223204084756480
1237223117501710336
1237223079505530880
1237222680476123136
1237222311419314177
1237222146964938752
1237222089985327105
1237221926688489479
1237221861483859970
1237221681959186432
1237221480712282112
1237221248842817536
1237221231033712640
1237219429290782720
1237180597577146369
1237180581408051201
1237180548931637253
1237180527268057088
1237180498344136705
1237180463388561408
1237180402630090752
1237180357822251013
1237180333738602496
1237180290184941569
1237180231414407170
1237180158705991680
1237180056373530624
1237180025922822145
1237179770418409473
1237179661706309632
1237179549470928896
1237179494055776256
1237179460480368645
1237179330012332032
1237179243676794880
1237179061040025601
1237178979871862785
1237178871499366411
1237178843112357888
1237178220270813184
1234898861203902471
1234618006161981441
1233876576552484864
1233876509783461892
1233855108749910021
1233845727140466688
1233844024357933057
1233844006758600704
1232281354869538818
1232279694063611904
1232166571059163136
1231975410906345474
1231975184946606081
1231915500642410497
1231915368333049856
1231914068140789761
1231367558789505027
1231367201640321025
1231367186024947714
1231367159634415617
1231367105842421761
1231366941870362624
1231361095962591237
1231358772439896065
1231357856705843200
1231357669409271808
1231357581710499840
1231357447689949184
1231357335790137344
1231357110329454598
1231356921418076162
1231356556744286209
1231356429396795392
1231356229827645440
1230726317462585345
1230726232079122435
1230725962926444544
1230725099726098432
1230724561022279681
1230723950000234497
1230723889413541891
1230723836926029824
1230723538320932864
1230723388227776520
1230723199748296704
1230723125819539456
1230723070907695104
1230722920848117760
1230722391266885632
1230722299537440768
1230720626635100160
1230718867296505859
1229620346837504005
1229619177318645760
1229596981246537729
1229596055114862593
1229594054125588480
1229593833459023872
1229593542747664385
1229593419099656197
1229593043013115911
1229592988554231809
1229592970162294784
1229592940940492801
1229592871071895553
1229592761042636802
1229592702792105985
1229592685318635521
1229592624383905792
1229592467340713984
1229589792163278848
1229589662769012736
1229589572406910981
1229589396015456256
1229468490274398210
1228311872014897152
1228311746252857344
1227448615318192128
1226966136106954757
1226780655159324674
1226780631297904642
1226780431850315776
1226780181689520128
1226780117931831311
1226780047056437248
1226779967662575616
1226779490925338624
1226698441029451778
1225837926648549377
1225259592759881729
1225259547381633025
1225259478561566720
1225194147340017664
1225193698142584832
1225193511546433537
1225045726075465728
1224912913586171904
1224881534446047233
1224578280281530384
1224550635137380352
1224550577213976576
1224550447849115651
1224550414688903170
1224077238968123392
1224027303648296961
1223484868211941377
1223384271932612610
1223383370153037830
1223383333670924289
1223383293644722176
1223383213105713153
1223383026052272133
1223382917247897601
1223382144610983941
1223382109232025600
1223382007918612481
1223381614652207104
1223381532800430081
1223381442295750656
1223381351962959872
1223381277027512320
1223381051017506817
1223380978351120384
1223362034626125830
1223361990091051009
1223361971036282880
1223361465727451143
1223361212823560193
1223361100323880960
1223360956501299203
1223359884017786880
1223359838836678661
1223359582816391169
1223359298526380039
1223359219337920517
1223359044167118856
1223358976957566976
1223358935563997188
1223358257085014017
1223358037408256002
1223357638232223745
1223357388616601604
1223357329824976896
1223357223692394496
1223357095673827340
1223357063163674626
1223357015218630656
1223356937695367168
1223356874122309632
1223356858355933185
1223356632253587457
1223356422571855874
1223356380058439680
1223356282960318464
1223356225405976579
1223356153301819394
1223355978491596800
1223354469955571719
1223354323498946560
1223354216829411328
1223354162735386624
1223354058670473216
1223354005704925186
1223353923702022144
1223353829615374338
1223353631170342912
1223353556901736449
1223236626534621184
1223099318527070214
1223098501527064576
1223098463576977408
1223098418857463808
1223098347503808517
1223098281036673024
1223098185268236288
1223097724054253568
1223097662125178881
1223097536874975232
1223078157839933440
1223078091905474560
1223078076764082176
1223078051342422017
1223078015523000322
1223077956752420864
1223077930257076224
1223077875324215296
1223073196330700800
1222078798386147328
1222078747270053889
1222078373326925825
1222078162001170432
1221963765111050241
1221962889139040258
1220969792091443200
1220969750131609600
1220969726840573954
1220969704724017154
1220969667638054912
1220969412095893504
1220969355195842560
1220969061431070722
1220968734262808582
1220968700456718341
1220968268489535488
1220963997975007235
1220963567207317504
1220963329314840579
1220963213644353537
1220962881904222208
1220962838472273926
1220962550717784064
1220933658091163649
1220712392407093249
1220707983597998081
1220706875190272004
1220706836757798913
1220706788447850496
1220706592129257476
1220706564606255105
1220706313853972487
1220357191322013698
1220313930574258176
1220148036669669376
1220125120171249664
1220100303028137984
1220100121494466561
1220100057069912066
1220100018184638465
1220089162294026246
1220087361201152000
1220087102731423746
1220078192821706756
1220078101171965952
1220078078061400065
1220077968585904141
1220077849165602817
1220077743989194752
1220077707662430214
1220076886811955206
1220076636122558466
1220076578471849985
1220076466840489984
1220076367246692352
1220076320585142272
1220076274187677697
1220075969320554496
1220075022141669376
1220016648716988419
1220015655262486530
1220015551600263170
1220015499024773120
1220015292027473921
1219861335166652416
1219860485757186053
1219856259232473088
1219856222607892481
1219855826397159424
1219855711368335361
1219855645937192960
1219855556812451840
1219855528370884608
1219855473484148736
1219855250036809728
1219855213772918784
1219855185318752256
1219855161838964738
1219855100631490560
1219855032394375168
1219854962697654278
1219854925536137218
1219854872566210560
1219854706627022848
1219854567535411200
1219854491786326016
1219854398597345280
1219854292061949952
1219854210298269696
1219854109404225536
1219854054312095744
1219853926272577536
1219853882127454208
1219853779224481792
1219853698555432961
1219853494942912512
1219853437204082688
1219853168777011206
1219853049855971329
1219852982025584642
1219852895237169153
1219852832318377984
1219852699585388545
1219852634338865154
1219852602487332864
1219852514088116224
1219851797617106945
1219851733251260416
1219851670739390465
1219851622894964737
1219851573867753472
1219851045192523776
1219851016486649857
1219850820671410176
1219850728384159746
1219850690610302982
1219850634364628992
1219850389908004871
1219849949623529477
1219849910528495616
1219849830413021184
1219849770195464192
1219849698065965056
1219849625210904576
1219849153414680579
1219848561657044992
1219848493403201547
1219847973921792005
1219847916711555072
1219847838089334786
1219847638897565697
1219847577354620928
1219707751221415937
1219694350160027650
1219601414680457216
1219601338696454145
1219601262460702720
1219601195855237121
1219601180063608835
1219601159494819841
1219601090678788096
1219601070676226049
1219601046487666688
1219601020982038530
1219600973666115585
1219600905101889536
1219600880783241216
1219600826836103169
1219600698578546688
1219459970703466498
1219457957626286081
1219457924109688832
1219457825547653120
1219457790068121600
1219457534676938752
1219457510165352449
1219457287225511936
1219456670335750144
1219456640967155712
1219456603109326850
1219456277975379968
1219456208039501824
1219455958990163968
1219455910843576320
1219455774348513282
1219435134459445250
1218932330213056512
1218431983623319552
1218431392746557440
1218431357266944000
1218300398437634049
1218296456551063555
1218294586470100992
1218046782229352448
1218046751816503296
1218046640721932288
1218046601631092736
1218046580454019073
1218046526112567297
1218046488963690497
1218046187254747136
1218036955713241090
1217967486378946560
1217967314748026881
1217967295739375616
1217967231570714626
1217967198146301952
1217967138922778624
1217967109122248704
1217967029413609473
1217967004507951104
1217966975336448001
1217966919036416001
1217966876384530433
1217838549405446144
1217789078147686400
1217626103512256512
1217599896062251008
1217599203939115010
1217599167930994688
1217599081977143296
1217598954805788673
1217595059362725888
1217594654775967744
1217594599109165056
1217594430271688705
1217594397992407042
1217594240617848832
1217594125303865345
1217593985943920641
1217593956403437573
1217593838035972101
1217593797909057536
1217592732253851648
1217579517780353024
1217390668357734400
1217202226717974529
1217201025020579840
1217200603992141826
1217198879944384520
1217198751661674497
1217145347472084993
1217145192018587651
1217144723405725697
1216885137486630912
1216885032800935936
1216884756102688776
1216884714759446528
1216884362655997952
1216884235073703939
1216884089032232960
1216884051526766593
1216883141991976960
1216883009963679750
1216882747207245826
1216882294637592576
1216882154719916032
1216882085933322241
1216882051107971078
1216881936230121473
1216881701672058880
1216881548139606018
1216881446062821377
1216881072568442880
1216873081173573633
1216873006783483905
1216872962479022080
1216872819524620288
1216872712745910273
1216872458877308929
1216872368603353088
1216872241281019904
1216872165330554881
1216871922035843072
1216871303954780161
1216867927137366016
1216867828864897025
1216867067024093186
1216866699418488832
1216866507495559173
1216866039549566976
1216864831409676290
1216864754028961795
1216863380683751427
1216818011774033931
1216815685755641858
1216780649253756929
1215782681683922945
1215777791217631234
1215777731444649986
1215777668072976384
1215777637571923968
1215777595058507776
1215777545624473600
1215488128494055425
1215487906829275137
1215487820200128512
1215487740378304512
1215486632373125120
1215432678599688193
1215432640385486848
1215432609091727361
1215432311392567307
1215432177959292928
1215431995565780994
1215431967795302402
1215431931464245250
1215220006104989696
1215219620455559169
1215219499261202432
1215219157312118784
1215219097732034560
1215219024025542656
1215218911219798016
1215218859323592704
1215218081850626048
1215217945888067585
1215217505771380736
1215217442500349952
1215217373738885120
1215217303090089984
1215217265827811328
1215217084319354886
1215216947215904769
1215216903410634760
1215216852974084097
1215216729741316096
1215216699760357377
1215216649932083201
1215216608043585536
1215216572110983168
1215216536388022272
1215216494264627200
1215216326320574465
1215216246649696256
1215216140244389890
1215214585248210944
1215213044634214402
1215054499460648965
1215054464312397825
1215054420821540864
1215054369319792641
1215053954092085248
1215053914929799184
1215053691209887745
1215051493402980353
1215051167358734341
1215051042989146112
1215049896539185152
1215049895150866432
1214735637993140225
1214735467024961538
1214586775345254400
1214586582327603204
1214131662965137408
1214131304725397504
1214131269367468033
1214130897508810752
1214130849395986433
1214126891193524224
1214126651333840896
1214126632732102656
1214126565937823745
1214126529153773568
1214126496157196289
1214126290208542726
1214124492647256065
1214124464205697025
1214124360161730560
1214124142762610691
1214124073623719936
1214123873056280576
1214123797021970433
1214123758446874629
1214123723336359936
1214123440396996608
1214123359107272705
1214123266559938560
1214123165196148736
1213529687730933760
1213529590104231936
1213529462907781120
1213529430305525763
1213529381244719104
1213529286390550531
1213529204870066181
1213417246120464389
1213417087097561088
1213417021213487106
1213416845547646976
1213416824093728768
1213416746297823232
1213416648419545088
1213416363458469889
1213416016904179713
1213415968577331201
1213415859332538368
1213415743565565952
1213415660933570560
1213415562073792521
1213415378996600832
1213415293269237760
1213414918478843904
1213414847762911234
1213414726950162433
1213316721668493314
1213316462510784512
1213315375628206080
1213314668942495744
1213314029705408512
1213313811165458434
1212241560764583938
1212240473865293824
1212240204309913600
1212024322480627714
1212024262955024387
1212024168650280960
1212009200504717314
1211301396571668483
1211301309489520642
1211301235359436800
1211301169542422530
1211301100218916864
1211301031650451456
1211300822514053120
1211300317784133637
1211300214465867776
1211300118693130243
1211300073629458433
1211300025663401989
1211299957245906946
1211299891399536640
1211299801251364865
1211299765511770113
1211299738898829314
1211299612528709632
1211299583139155977
1211299549488328704
1211299459851849728
1211299317786513408
1211299295011508224
1211299231446773761
1211299094397931525
1211299067449544709
1211082927142002689
1210785099844730881
1210784902968307713
1210784604803616769
1210784305414209536
1210784157980221440
1210783938232250368
1210783754198732801
1210424165360115714
1210424016953106432
1210423925123035136
1210423892944343041
1210423857867370496
1210423571551604741
1210423536143261696
1210423453339324416
1209857368546271234
1209704533812809728
1209704506415603714
1209704410571522048
1209704397783158784
1209704353998790657
1209704314937184256
1209704244636504065
1209704120623480833
1209294096981999617
1209293202630598656
1209293033570746369
1209292999957647360
1209292820198100992
1209292782256439297
1209292507835748354
1209292479222161409
1209292437501415426
1209292396426661888
1209292342940835840
1209292289006276608
1209292227920506881
1209292109154570250
1209292082063593473
1209291988878708736
1209291913343492096
1209291864203026437
1209291730421460992
1209291681520066560
1209291636154544136
1209291288882925568
1209271589277249541
1209271500211134464
1209271462449819653
1208751530238791681
1208451126468763649
1208294550655176704
1208294534456709120
1208294341204160512
1208294158730956801
1208294082809933824
1208294050610262017
1208294020637696001
1208293909006290944
1208293607754608640
1208293538259230720
1208293408932057098
1208293232058257409
1208293207769075712
1208293183282720768
1208293059592704002
1208293034275868673
1208292979175313409
1208292901974872064
1208292838255087617
1208292798069383168
1208292711217991680
1208292674350014466
1208292588379353088
1208292569832144896
1208292429109047296
1208292415863492608
1208292388306853889
1208292332325556224
1208292267963887616
1208292206584434688
1208292165199245312
1208292054150893568
1208291975352504321
1208291935108190208
1208291827977203712
1208291722138136576
1208291668702695424
1208291615351230465
1208291596845961216
1208291389542457344
1208291369594359809
1208291326082592769
1208291291836157952
1208291243756859392
1208291146704789505
1208291080137068544
1208291043118067712
1208291000847912962
1208290942488367104
1208290889455620097
1208025915411836929
1207989725954543617
1207986187421523968
1207986174561787904
1207986135865135104
1207738594984648705
1207687323422543875
1207687240509313024
1207686726388535296
1207686628610846721
1207686041521606658
1207685944528265221
1207684582893670407
1207678312870555651
1207665759696105476
1207665682063724546
1207665627772661760
1207665602321616897
1207665571430572032
1207665499930267649
1207665465079713792
1207665207033634818
1207665185206525952
1207665102247337984
1207664777771786244
1207664730892120064
1207664703524212739
1207664615812980742
1207664500603858945
1207664430546399238
1207664411718144003
1207664399294619648
1207664280830697472
1207664251130826752
1207663850889322499
1207663748191866882
1207663706483679232
1207663386005245957
1207663285220380678
1207658182241406977
1207655881493667843
1207587940936945665
1207587885349773317
1207587709616840705
1207585131478880257
1207528758346944512
1207528432093020162
1207528235745062912
1207515242894376960
1207513166948839424
1207512138635460610
1207508687184703489
1207508651361161216
1207508602224881664
1207508496423493633
1207508445605384192
1207508416102567937
1207508359714418688
1207508203866640384
1207508140918542337
1207508102473568257
1207508036706865153
1207507995434860544
1207507920407146496
1207507673140383750
1207507634162688000
1207507586687344641
1207507428100759552
1207507396924448768
1207507353114947587
1207506230991900672
1207506031196213254
1207505786164916224
1207505695920328704
1207505627309912064
1207505596804718592
1207505408975364096
1207505382765142021
1207505292751192064
1207505256843816960
1207505166066425856
1207505135771017217
1207504989662449665
1207504947983585286
1207502137728614400
1207501899769040896
1207501217569660928
1207499741266948097
1207499554511314944
1207469898785579008
1207445750776512513
1207445673056100355
1207444776993329155
1207444733548777474
1207444723205656576
1207412179642793985
1207411973148872705
1207411937891540992
1207411802071609346
1207411755892252680
1207411594453561344
1207411558135017475
1207411361267027969
1207411253012049922
1207411244090765312
1207410705558917121
1207410622142566400
1207410565754347522
1207410486347751425
1207410179135983618
1207364333258395648
1207362312157433858
1207358607832035328
1207355152841220096
1207321879096238081
1207296561803382784
1207296249411579906
1207296199449104386
1207296161880723457
1207296109854502912
1207295952937205766
1207295932062195717
1207295835194691584
1207295779423035392
1207294899659276288
1207286349369360386
1207259507040145410
1207259470566309888
1207259364274380800
1207202974239543298
1207202762070614016
1207202483241725952
1207202281244037120
1207202139690405889
1207202054382465024
1207201849092313088
1207201540940935168
1207201472485773312
1207201449471627265
1207201309079883776
1207201157707390976
1207201135964098561
1207201105173721092
1207201069304045568
1207200871911702528
1207200810326736896
1207200734342766592
1207199863391297536
1207199756411383808
1207199634906656768
1207199514593021953
1207199437774299136
1207198750294388737
1207198682447257602
1207198643771588609
1207198485977677824
1207198383649251333
1207197155674525697
1207196965865447424
1207196888094695425
1207196848273920000
1207196791646670848
1207196654237028352
1207196500067016704
1207195822221344768
1207195130190606336
1207195065837346817
1207194696323350528
1207194655173042176
1207194570645262336
1207194495240065024
1207194364834922496
1207194216532758528
1207194134882275328
1207194035489775618
1207193722309488641
1207193660238024704
1207191962576728064
1207191897468481536
1207191812722610177
1207191736696627200
1207191628664000512
1207191606014685185
1207191468269613063
1207191236186136576
1207191101792309248
1207190947311816704
1207190777824186368
1207190658584338433
1207190602552676352
1207190524018462720
1207190416686243840
1207190340312215553
1207190133813993472
1207190027685511170
1207189885616033792
1207189693919617025
1207189287847882752
1207189224870600705
1207189159447805953
1207189102568849408
1207188960113500160
1207188784435081218
1207188691480907777
1207188642655080449
1207188592864514048
1207188479999926272
1207187260954890240
1207186906259304448
1207186842669506560
1207186781688532992
1207186690047119360
1207186484111052800
1207186419938201600
1207186350790914048
1207186252073750528
1207186059853008896
1207186032531255296
1207185938998272001
1207185892919644160
1207185815857717252
1207119528515309571
1207084427416948736
1207083638329884673
1206941732635578369
1206941721487192064
1206941537743097858
1206941376602087425
1206941257811013634
1206941152848556034
1206941120539836416
1206941069369327621
1206941015837478912
1206940955108139010
1206940892956893184
1206940689554198528
1206940494556811264
1206940446892711937
1206940355372949505
1206940313274781698
1206940292873629697
1206940043975299072
1206939872096899072
1206938732529668101
1206938705417658370
1206938607694614531
1206938586878283776
1206938550501068801
1206938487825539073
1206938468510785536
1206938337883365378
1206938301107752961
1206902791022755840
1206792314879909889
1206789438862438400
1206789411070976006
1206789346310971392
1206789262349344769
1206789235681976321
1206789159307886592
1206788869548576768
1206788836392611843
1206788795166871552
1206788746131255297
1206788725985951744
1206788286766817280
1206745371638206464
1206460350188707840
1206459451726807040
1206336345561542658
1206336295431217161
1206336235314253824
1206336123674484742
1206335954673385472
1206335907965616128
1206335722237628424
1206335570567475202
1206335255625568256
1206335144287723520
1206335047952994306
1206334978994380801
1206334815412375552
1206334551875817472
1205591801505210368
1205589847580270599
1205508799156686848
1205492638260047872
1205492599068512256
1205492549688922114
1205492522375696385
1205492501286735874
1205492465555460096
1205492445435305984
1205492422505115649
1205492406268944385
1205492209442852864
1205491989128581120
1205491949060460545
1205491880001191942
1205491818156187648
1205491738632171520
1205491682566922240
1205491649796857859
1205491586529923073
1205491398927142912
1205491335710404608
1205491314332229633
1205491213945704449
1205491129078222848
1205491055874981889
1205318001597263875
1205317955120246794
1205317882059665408
1205317826682216449
1205317782432342018
1205317753583869954
1205317676035379200
1205317611522854912
1205317455557599232
1205317176401551360
1205317049158897664
1205316904937803783
1205316827221499904
1205316721265053698
1205316657612279808
1205316568386813952
1205316536141045760
1205316450656890880
1205316272688435200
1205315890482417666
1205315683229274113
1205315597204164608
1205315567168741378
1205315516220489728
1205315495001505792
1205315469546262529
1205307342914494464
1205306603173564417
1205301546914893824
1205299153531740161
1205292817003765760
1205291733145325570
1205291147859546113
1205289612148690944
1205289370028302336
1205289225995898882
1205289121272516608
1205288413433356290
1205274137696112641
1205179901759897609
1205178278375514112
1205036538280783872
1205036400653086720
1205036358101864448
1205036294650421253
1205036149712080897
1205035878072098818
1205035697658314753
1205035622290735104
1204966504661430272
1204966124162564096
1204965700588244992
1204962232376922112
1204962007453196289
1204944213743415309
1204850556034002946
1204796950689779712
1204609052237553667
1204601872042135552
1204548848552689676
1204426077164228610
1204412830709112832
1204412772928253953
1204412567424098309
1204412425996517376
1204404778983415809
1204402548729352192
1204312551070281728
1204312534704119810
1204312517633294337
1204312411991355392
1204047574069633025
1203875402302787585
1203875032251981825
1203874985527402497
1203874828312305664
1203874576754757634
1203873813127143425
1203873716385566720
1203873654255296512
1203848891738853376
1202795750456999936
1202781141549363200
1202481472185282560
1202439137212665861
1202439091213742082
1202439007348707328
1202438992572174338
1202438838058131457
1202438812485505025
1202438766520131586
1202438727425024000
1202438711537020928
1202438639957008387
1202438580423069702
1202438464253431808
1202438310297247745
1202438287903920128
1202438213924728833
1202438192043036673
1202438093237891074
1202437755462139905
1202437683685068802
1202437429799641088
1202437373642059776
1202437334366670849
1202437210588532737
1202437165520736256
1202437116602519552
1202437100097933312
1202433598432911361
1202432993429725184
1202432888832217088
1202432149917487104
1202432124164493312
1202430671584735234
1202430669965725698
1202058052951826432
1202007381439393798
1202007349600440320
1202007138714947584
1202007114635460610
1200241393383477248
1200099450343055362
1200099341626679303
1200099074193723392
1199145743103275016
1198751137773637632
1198750964871766016
1198750752543576065
1198750729609068545
1198750683161346049
1198750633530187776
1198750622218162176
1198750610910273542
1198576169324560384
1198026630964371457
1197862631186554880
1197723191126478848
1197723108444127232
1197722652749815808
1197722386394689536
1197722353301676032
1197722262490767365
1197721473575772160
1197721340742193152
1197721116762157057
1197720849484267522
1197720047017496577
1197719929052639232
1197719665906196480
1197719611397038080
1197719464915152901
1197719316457807872
1197719267736784901
1197718815951523840
1197718749576646656
1197718690999001088
1197718630173163520
1197616092300161024
1197615368468074498
1197615280266108928
1197614927734886401
1197611527035068424
1197611234348146690
1197611089443393538
1197610627172306944
1197610163659771907
1197542665442729985
1197542617569013760
1197542507682422784
1197542397477113856
1197542345216057345
1197542264781889536
1197542175841640448
1197542094434373637
1197542028130816002
1197541979732795392
1197541331909959681
1197541303107670016
1197541214632976384
1197541163785424896
1197541002552193025
1197387994149335041
1197374082490261505
1197220856323330050
1197188096577691648
1196990636378984448
1196990579302961152
1196990513162981376
1196909454744309765
1196896633277026304
1196896604428652544
1196896566759612426
1196896555153932290
1196896513403891714
1196896443518398464
1196896420533538818
1196896394965082113
1196896353990979585
1196896235745153025
1196896178245423106
1196896102462754816
1196858950995644418
1196858891335802880
1196858759294926849
1196858717427380231
1196858640440934405
1196858537474973696
1196858502809038848
1196858412157542400
1196858353449877505
1196857580099911680
1196856906175983616
1196856876895539200
1196856613417684993
1195431603570434053
1195431233469190145
1195431076350611457
1195408086120435714
1195381121531465728
1195380970838528007
1195380861891489792
1195380727610785792
1195380038637621249
1195379828117135366
1195348151860944898
1195344685855846403
1195344551050915842
1195344549910130688
1195028516703735814
1195028397862334466
1194826307743502336
1194821349107290112
1194818236132528128
1194797464970289152
1194797281318453250
1194784044812316672
1194757047297937414
1194756766342504448
1194756683123347463
1194756621701918721
1194756591347744773
1194756560280588289
1194756325697306624
1194756093605494786
1194738688103780360
1194736885207388160
1194736727254065153
1194736594701471750
1194736430767058944
1194736366376148992
1194736289100238848
1194736256191750151
1194735932391542785
1194735844525035520
1194735641524871173
1194735432984121349
1194735109485867009
1194734910369673218
1194734669180346374
1194732632673849344
1194671840884674560
1194671771619930113
1194671694394380290
1194671672932159490
1194671617529528321
1194671579814416384
1194671470800252929
1194671364537487362
1194671294467452928
1194671164930580481
1194671148690223104
1194670900131586049
1194670612066775041
1194670561005318144
1194670531276148739
1194670467807895553
1194670449189371904
1194670401751785472
1194670338258411521
1194670337188933633
1194668905496748032
1194668880905613313
1194668496220774400
1194257764777910273
1194234803601707009
1193138020637130764
1193137611315044352
1192946478790168577
1192946232836214786
1192945931416682497
1192945360353792000
1192920411962519553
1192826528024997894
1192826267931987969
1192826219777142792
1192570908029964292
1192570225918717952
1191924701318258688
1191521919239106560
1191521832542908416
1191521748191252480
1191521658810634241
1191521509199810560
1191521292907929601
1191521252361543681
1191521145826217990
1191521107251204097
1191521084568408064
1191520981799653378
1191520950224904193
1191520908948770818
1191520884214906886
1191520793055944705
1191182828937076737
1190718830999490563
1190478630457094149
1190478591877959681
1190478576375803904
1190478562295455744
1190478290479439873
1190478245076045824
1190478225178275841
1190478191074394112
1190478170157461505
1190478105967767553
1190477736621596672
1190477688622010368
1190470625590153216
1190069198707400705
1189946800616198145
1189946682072539136
1189944700591099905
1189944328677928961
1189944299053625346
1189944295035482113
1189555054325518337
1189554231243657216
1189554195747213323
1189554167624417280
1189554111781490689
1189554075190345730
1189554046182535168
1189553721946103809
1189367185426309121
1189367076584087552
1189366441151205376
1189366359727202305
1189366197332140034
1189366083616215042
1189365305136553985
1189364891007803392
1189360081822982144
1188988781547937797
1188988467608461314
1188987445662097408
1188908421703262213
1188908382159364098
1188908209135931394
1187875290200133633
1187875260680605697
1187875223506432000
1187875179172642818
1187875134385934341
1187875105868787717
1187875073312612352
1187874864092368896
1187874820849094656
1187874726817026050
1187874697935020033
1187874677827481600
1187874645313314823
1187874589688389632
1187874573926240256
1187181310793662464
1187181168581644288
1187180946476486656
1187180923332288514
1187163132369817600
1186603783402545153
1186411576829591552
1186038797466771456
1185978634865168385
1185602930482798592
1185431514416324608
1185431491301523456
1185431399823794176
1185431353556459521
1185431326951985152
1185431220676628480
1185431155010691072
1185431064426270720
1185430968687104001
1185429878654590976
1185429831862894593
1185428580404211712
1185428555578204160
1185428488729313280
1185428452003987457
1185428430189465600
1185376619415986177
1185376547626278912
1185375627249094656
1185375338244820994
1185370796270784512
1185370712476966912
1185370650283859970
1185370511028736002
1185370094374924288
1185369967719518209
1185369873569980416
1185369788002000901
1185369629344108545
1185369530899619840
1185368960662945797
1185368388861911045
1185368326937235457
1185368167964708864
1185368072733020161
1185368007519932416
1185367486268612609
1185367458951110659
1185367361131630592
1185367157296771072
1185366629892415488
1185366560287973377
1185365804063383552
1185365258300526592
1185365186116554752
1185365128604200962
1185364987608518656
1185364775989121024
1185364625396768769
1185179219514540033
1185178416687058944
1185149117053505536
1185148357343358977
1185148290616172545
1185148250359287808
1185148201298550784
1185147653933416448
1185147626901127169
1185147573360877569
1185147157533417472
1185147130522095621
1185034502042771458
1185034418362167296
1185034179152699393
1185000450048888832
1184999926348091392
1184999392471846919
1184999257402740736
1184999130285957120
1184998798717796352
1184997662975766528
1184997182564438016
1184795717552037895
1184795641177919488
1184795561754533888
1184795283865165825
1184795148389113856
1184794970596794369
1184794792091443200
1184794543746703360
1184793679589969923
1184793486341693440
1184793424110784513
1184793357278744576
1184793115946835971
1184793081117364225
1184793015849799680
1184792866473807872
1184792777298763776
1184791634736766976
1184791431531188225
1184791129662935041
1184790647263371264
1184790568947372032
1184790475171078145
1184790437736992768
1184672767486189568
1184672109437620224
1184672075396603904
1184671964050415616
1184671939849265153
