1330241379910430723
1329465385570209792
1329296524501803009
1329184265544851459
1329074882223632387
1329073871819993089
1328925114566631430
1328908171080052736
1327866426326126592
1327632122664923136
1327287713096151040
1326671396991344642
1325934516742070272
1325881259164393472
1325498523937349634
1325476740060368898
1325269835006283777
1325131923459461120
1325131858489843712
1325131656093700097
1324839886302699520
1324782757352976387
1324713786859790345
1324602018820956161
1324599859039666178
1324378769977737216
1324283284537380865
1324282050103431169
1324063664740118528
1324038922662514688
1324038389537116160
1324037977358667786
1324037916801273858
1324037816448438272
1323631906211188736
1323631297386942465
1323630604135653378
1322548590066225152
1322548512828071937
1322280786842845185
1321902579819819008
1321562846677901314
1321534006803025920
1321306573478780931
1321101920644321281
1321076887716847616
1320946057082249219
1320887735855550465
1320887597758095365
1320887066683756544
1320884039000219649
1320755088726654976
1320572850303078401
1320571708001103872
1320190912719425538
1319805933166469122
1319795595859709953
1319659903896702977
1319631498484551680
1319631390284144640
1319483547208552449
1319462795755270144
1319462733247598593
1319460556093480962
1319460513361895425
1318739926016458752
1318695830010945540
1318690186776047616
1318616812309925891
1318613401791287298
1318405549826990080
1318397465058369538
1318288445291122690
1318203480729944064
1318081241573429248
1318078198513618945
1317567571823046656
1317510028761485313
1317509160091746304
1317159737176313862
1317101551912189952
1317101225100431360
1317099666597679104
1317098034564632576
1317097278918828032
1316954037615579136
1316775199266803715
1316098835966435328
1315834499318644736
1315798036535181312
1315513900503363589
1315000253565882371
1314980941815861253
1314937647148793858
1314937214766387201
1314352720845959168
1314352675169992705
1314295449302511617
1314295160663150592
1314294808194809858
1314294803061002240
1314250052886573056
1314236345687179266
1314070848236597248
1314070207514763265
1314070077784948736
1314069764889772033
1314069688998072325
1314069594001281025
1314068540257898496
1314068144554680320
1314059465965088770
1314058190133354496
1314058108960989185
1314058004375969792
1314057989779845121
1314026632827592704
1313925003608502273
1313638446402072577
1313607451913183239
1313601041057878018
1313591350672195584
1313591146858381313
1313176550582427654
1312923873613164548
1312585608443891712
1311893222130683905
1311785865455206400
1311785716008079361
1311443294723940352
1311426827550949377
1311208072707289089
1311136876254949377
1311128209715597313
1311127893385383939
1310218248575750146
1309171273931673608
1309170925489848323
1308984634533916674
1308974713801183232
1308973638125789185
1308845065922646017
1308574706149330944
1308521178563305473
1308464937723998208
1308122733759418369
1308111129768603654
1308110839686279171
1307888260367163393
1307839083553656835
1307402623264358400
1307374008262971396
1307372721052028929
1307332227450023936
1307332171493900289
1307146122771734531
1306805624731303936
1306805063684419585
1306741047863767041
1306319472622473216
1306318633199702017
1306254758076964864
1306254288470061058
1306004767789981702
1306003934343987206
1305997025540964354
1305996339877117952
1305993047579275265
1305992750219886594
1305917500383690752
1305744212160282624
1305742399847661569
1305732993655484416
1305724201433792512
1305692432164626433
1305692368876773377
1305197705917067273
1305028087520940032
1304971018591711238
1304851114362314752
1304850903934144513
1304796641531224065
1304796516347977730
1304569787817881603
1304560430199824385
1304543426487222275
1304510255917936640
1304506069968879617
1304488286526869505
1304488138685980675
1304488077004550147
1304469790812237831
1304451304358584321
1303194848774758405
1302661246873985028
1302660633272426497
1302645389758263296
1302638278412206081
1302493554300932097
1302462330152857600
1301980460592123905
1301947814973452288
1301671074963361793
1301418419393306625
1301417084350537728
1301173528763535361
1301022082684379136
1300870892193566720
1300845024456912897
1300785382343217152
1300664589974220800
1300664324860641281
1300663343850676224
1300508377932541953
1300508253101621248
1299854203116900352
1299534231052447752
1299193026766610433
1299188759179735042
1299174650866352128
1299174162271891459
1299158536207896578
1299157036643606528
1299079694386696192
1298857937826467842
1298767925923459072
1297973071438020608
1297186366082756608
1296867211773173760
1296581695609671680
1296286804681859081
1295217346844532737
1295149345684291584
1295149067287306243
1295147134858268673
1294101191526359040
1293987642036625408
1293746888051654657
1293636005594046464
1293558747432923137
1293539578557628417
1293512708046966785
1293376484623687681
1293302454642192387
1291920948984262656
1291189518960386054
1291189409858166786
1291189233613443073
1290725048194600961
1290723860032225281
1290723650786779137
1290694395428249601
1290666013726474241
1290657271794589697
1290486067871666176
1290485903501094918
1290407114796609544
1290400120115167234
1290321319607795713
1290320567376240640
1290139763618373632
1290104090488221696
1290103832102309889
1290103415431770112
1289978745181343744
1289732610063626241
1289635123307016192
1289346006404890625
1289277842849771520
1289045174602039297
1289045095438864384
1289017791815745536
1288896559078428673
1288894759751372805
1288894544046628866
1288893985646419969
1288893928125628416
1288851746014613504
1288851588744978434
1288851259571802112
1288850472737153025
1288322890421731331
1288322126227877888
1288171487833346052
1287763644709769216
1287546245762949122
1287543023686033409
1287231105771483142
1287088231075295232
1287077921958629376
1287077789636722689
1286524071652528129
1286523593141125122
1286291891299012616
1284550823213780999
1284376762324078592
1283411942737096706
1283411243949264899
1283278860688261120
1282894382212014085
1282869248847642632
1282752729798991872
1282752646118379520
1282752619572678657
1282752508910157824
1281302498746253315
1280907834750840834
1280891715692478470
1280889994022916101
1280888806149951488
1280887352253087747
1280886923586875393
1280867045614256128
1280666951723991040
1280575880314716162
1280514808597659650
1280339011811323905
1280214977077444608
1280178554387533824
1280175312891006976
1280160891942719488
1280159367644545024
1280011214979051521
1280010876486123524
1280010194303533056
1279951818307645443
1279920888843055105
1279590744114765824
1279576075601874946
1279575995402633216
1279150395848372226
1279150340219326464
1279150039089250308
1278918340782764032
1278727184413110278
1278678170640711681
1278673664490319874
1278673264693346307
1278672422196125696
1278579632158183424
1278548594241540096
1278545883186040839
1278491847116181505
1278490540443664385
1278369028222877696
1278364073831419910
1278126187315892226
1278039482344882176
1277975351109414914
1277754196834553856
1277702546229014532
1277445828190392330
1277442307076362242
1277442043359436802
1277441780498206721
1277437038439084032
1277102086723981313
1277102046479597569
1277059455658704896
1276744268166594566
1276698462806040577
1276687398991269889
1276687241142841345
1276654327172673538
1276654048620535809
1276653831494000640
1276544001844424705
1276543798491873284
1276543328046235655
1276506008114864128
1276505492261670913
1276505452415799298
1275937907136761856
1275742749124370432
1275718983338143744
1275717792927531009
1275716405376286720
1275715928282537985
1275710324759564289
1275710115086295042
1275708809697255427
1275708417202585602
1275707704921784321
1275707619785793538
1275707451292205056
1275706045839663105
1275651003761688576
1275518786611879938
1275414056598474752
1275413114062868481
1275412934605365248
1275412548154789889
1275411996054302725
1275200571528577025
1275074220658094084
1274804214611554304
1274186529921994753
1274063564899266560
1274001418769309696
1273998992267976704
1273658718765436929
1273658660124835841
1273657821226303489
1273655137765031941
1273655045611978752
1273654921502621696
1273653390346780672
1273626737897857027
1273624241582288897
1273623160575987713
1273363451050627073
1273049865862381569
1273014703174926336
1272998836525576192
1272680440088985600
1272561917933096960
1272553146414362624
1272347165902483463
1271981955379351558
1271866143574294529
1271575772772339715
1271493370695819264
1271492097506512898
1271206483712192518
1271191538698276876
1270513182449287168
1270512928228327424
1270512872284700672
1270437237919043585
1270436285195472896
1269391365827330048
1269355695473938433
1269282288434585600
1269257684701851649
1269257484121911302
1269257041681567744
1269257000526983168
1269256833052655619
1269256278737551360
1269130031307120640
1269128653687922688
1269127939003744257
1269005412013158405
1269005167967469569
1268967745347076096
1268907538273185792
1268907243036127232
1268906532730810368
1268905761389916160
1268904851427246081
1268758630251278336
1268562722448453635
1268400326274580480
1268395331944923139
1268394729571586049
1268394424716984325
1268387552718917632
1268385891250290690
1268385726762287109
1268385408074866688
1268372940007055360
1268372867810459648
1268372820431601665
1268372542286434305
1268372019491504142
1268371976873279494
1268344454882177027
1268308004501323776
1268307164600336388
1268307112330919938
1268306403178901505
1268298621679796230
1268298320306454528
1268278713814331394
1268278681639813126
1268214345005240320
1268027505790902272
1268027434882027521
1267997919665364992
1267930004458962945
1267864851147259904
1267861193047396352
1267686666388586496
1267665754092113920
1267654711802503173
1267626240799842306
1267606378555879424
1267606270753849344
1267605422367805441
1267602978292326408
1267576421871955980
1267576130036531201
1267538546296074243
1267538172717805569
1267474881282801668
1267471713538838528
1267471340958867460
1267471295832297475
1267459937749348353
1267340120899944448
1267340112611942406
1267339188871081985
1267327075599474690
1267326234872119296
1267319804790288387
1267318190763323393
1267317739062022145
1267316112657612802
1267315772273147904
1267125502747258885
1267125016820420611
1267124751580966912
1267124263057862656
1267123712878395395
1266869483852922886
1266867271722508292
1266865240941223936
1266864489858846725
1266863879746879489
1266416400886837248
1266114011516600326
1265872206678183938
1265668061937504258
1265521179118403585
1265516598716235776
1265461576787791872
1265458922305052674
1265416758363664384
1265360248044498944
1264916302470221824
1264915763170770949
1264915688231239680
1264286639444066310
1264008847779418114
1263947228122578945
1263943547495026689
1263850092194381834
1263723191396073473
1263723027398877184
1263722622770184193
1263702656599633925
1263682593071009792
1263682310471405568
1263682201629138950
1263672493568638976
1263662935584505856
1263575902509830144
1263540316533121024
1262950298915569664
1262913622717739010
1262909007813054465
1262907159530082308
1262907025325019137
1262906344262242307
1262899730138497024
1262894760227987457
1262892844278329346
1262891990938791937
1262868173440901120
1262824275272257536
1262808384090374147
1262605142253240321
1262605094333362176
1262563891986472962
1262562606449074177
1262562159751544832
1262560608483934209
1262496392674717701
1262432428204974086
1262386293935398912
1262260161906913280
1262260008009510912
1262201143012339714
1262197235699326976
1262197121484193793
1262194289125269510
1262191722441908224
1262096480891961344
1261708497365929986
1261689745316417542
1261689474788007939
1261677644552310785
1261473415225106434
1261449931019169793
1261338369726054401
1261105156839661569
1261095829592576002
1261093545127141378
1260999615031246851
1260966192115834881
1260958369352953856
1260949561390051328
1260948916096454657
1260948836882751491
1260948337789976576
1260931698159570944
1260930976328200194
1260930412714622976
1260738191386124288
1260737547363377153
1260649380790427650
1260413036868878337
1260412757385633792
1260403012708831232
1260402740154564610
1260400042327801857
1260366831703019520
1260341820069949440
1260336979100798976
1260321811826425857
1260317670613946368
1260288165690200067
1260287770058280961
1260276708177051648
1260083843458990080
1260078080468672512
1260059711812091907
1260034664992894979
1260034525280649217
1259890675270799363
1259673302173351936
1259671273564708864
1259671207848353794
1259650208922828801
1259647073202429953
1259622106796523521
1259608119866544135
1259594178947842054
1259556940365156354
1259556761897443333
1259362423015976961
1259307578473021441
1259299109904801793
1259167680919150598
1259159111343767553
1258942965541715968
1258942891700912140
1258786152225652737
1258785518306934787
1258784405218373632
1258575062552240128
1258574792850096128
1258574667952074753
1258574542060093440
1258574287172259840
1258574097585487873
1258498121102958599
1258479468731158536
1258227558832844802
1258200404552306693
1258200078524841984
1258199698088886272
1258191819835310080
1258191752370032641
1258121170093780996
1258119650157768706
1258116466974523393
1258109201106305027
1258081784379645953
1258025962744184832
1258025819303219201
1257888075725840385
1257868324438003712
1257853594876903424
1257851577848733698
1257850388952342528
1257849287263883264
1257846694647083010
1257846569250041856
1257838840150097921
1257835568773373959
1257835169605660677
1257834930345775108
1257774465716543492
1257732597498642432
1257480370980864012
1257476667142004736
1257476486577217537
1257469010830073861
1257468474848411650
1257465208630661121
1257461917083410434
1257440951817113600
1257440938852564993
1257161532947025920
1255964059146637312
1255552059262337024
1254983670756188160
1254960759261605890
1254960556970254337
1254790075088465922
1254636969856053248
1254493852511219715
1254352019328061442
1254201993364725761
1254201103119462406
1254058694016409602
1253869047420268546
1253868845669982208
1253789681776549890
1253748611457916929
1253502758860345352
1253357897846861830
1253347029658546177
1253346731447771138
1253131904095866880
1253131706556702720
1253131328385699842
1253117529352011776
1252994464769081344
1252993313965252609
1252993105982377984
1252974775351328768
1252767954741198848
1252764157876862978
1252690132626440201
1252689545344286722
1252688286151258113
1252661515997544451
1252467391059177472
1252466952179789829
1252466248895664128
1252463238391967745
1252463069910966275
1252397559835791368
1252374427494301700
1252334035411574785
1252273083693641728
1251397722915188736
1251189619674222593
1250632997407272960
1250590556931207168
1250053084878864387
1249933819551023105
1249914139331477505
1249902704274608130
1249902306151325697
1249524864572153861
1249333311459164164
1249332641062629378
1249181595208212481
1249181256987881474
1249155287619076097
1248855679651250177
1248828396609601542
1248828294935478272
1248791125130952706
1248747665774518272
1248747399868289026
1248745492395315200
1248695377852870658
1248695291483652096
1248254547002261505
1248250695301484544
1247917880009723904
1247650730162388992
1247597249414205441
1247396498549153794
1246201267082465286
1245714521664225289
1245079929215160322
1243572954283364352
1241492004045049856
1240845870792421380
1240407045112823812
1240406578278404096
1239959983376281607
1239958977292767232
1238996709470023683
1238996680118280192
1238945939764711425
1237530065455288320
1237237699121160192
1236686651830616064
1235953337817870336
1235306344208617472
1235306302190030849
1234931897177956354
1233780265996181504
1233780203232677890
1233779953772244993
1233779500779024384
1233500095347396608
1233248025142865920
1233245001938874369
1233074101704626176
1233072567340195842
1232692722114400257
1232153956123652096
1232137091703853056
1232092901917757443
1231947686145875968
1231235662583607298
1230721812943687681
1230721411662012417
1230657400866209792
1230262471602118661
1230229084229251072
1230228888535605248
1230151278375964672
1229917338100740097
1229559695037300736
1229529089607901185
1229528788633038849
1229501921154732032
1229442624442032130
1229442186325975041
1227291672519856134
1227291110973702144
1227008846364889090
1226924608269537281
1226917947660275713
1226917263732858880
1226706128265994241
1226705833200889856
1226702949021310979
1226656176047300609
1225885057191174147
1225884719038029826
1225510223965753349
1225509828195495939
1225508909995175938
1224923862082650112
1224923823415402496
1224812723483160578
1224723829039288321
1223268485779902466
1223009636695052288
1222878261052682240
1220568508557295616
1219483253050048512
1219359781837623296
1219354576115027968
1219352470624718848
1219298611290431489
1219128146928205824
1217866277122969602
1217815932279627778
1217479448641097730
1217473468805079041
1216807478492426240
1216755621061545985
1216729996162748422
1216580244766973952
1216564111233945600
1216410605516513280
1216069387830079488
1215624212364308480
1215354814248427524
1214241922937769984
1214241317926178818
1213337315151687680
1213336537716400128
1212420833848770560
1211823115313045504
1211657058522718208
1211122655811842048
1210799743070158849
1210709476900249600
1209659339323121664
1209528119025192962
1209501331242803201
1209345716897951744
1209184607373086721
1209183687922896896
1208956868112142336
1208144148697681921
1208143987200139265
1206945360893095937
1205860739728203778
1205860081646145543
1205652478248837121
1204943043025162242
1204897938754953216
1204409633932271621
1204409439895326720
1204408754231480320
1203356525013733378
1203166906171248641
1202340621912023048
1201912100421087234
1201909878694010880
1201909303969533953
1201295122807349252
1201014107002023936
1201012989412958208
1200990971497975809
1200256141382602752
1200212288533336066
1200113996248039425
1200084646890999814
1200083676601737216
1200078284316430336
1200075423541071873
1200074477926846466
1200073774579814400
1199428954874155009
1199420973201711110
1199420725448364039
1199192125692403713
1199017293138792448
1199017119138144258
1198420841106694144
1198056216557182976
1198055856027381760
1198050825563754496
1198046214949879808
1198041289192878080
1196849304511668225
1196611694639878146
1196610934241923073
1196610770127200256
1196609245392887810
1196567249110343682
1195439338689044481
1194844993090928640
1194626816859934720
1194609409974034433
1194248728686874625
1194248264624885760
1193322104780918785
1193155298661486593
1192667682648313856
1192460833248464905
1192450687877206016
1192076867400011776
1191040206742466562
1189719992725647360
1188976070684487680
1188816416755068929
1188147754641440769
1188124239028740096
1187758174373400576
1187757617067810816
1186717212008243202
1186714093564112896
1185774788226232320
1185579089819774978
1183393856823418883
1182320921744478208
1182320759005470721
1181590372058832904
1180918175677980673
1180175206503079936
1180133204281483264
1180132998508888064
1178312788973936640
1177956982722060290
1177724827106467840
1176659557608804353
1175096310782976001
1175010016891482112
1174282452883390464
1174265598110568449
1173986694535753730
1173986004195323904
1173859987552165890
1173858387601362944
1171420685807362048
1170374792874254336
1170263101972914177
1170096048859156482
1166698914982039552
1165329335286472705
1164863134429057025
1164746615300562946
1164675996571906048
1164652805673693189
1164512565193519105
1164327362953129990
1164256098410467328
1163945057608699905
1163944270950273030
1163940566721277953
1163940179532554240
1163553615015026688
1162822119589339136
1162414685343408133
1162414340470951936
1162414245297950721
1162377279869214720
1161825807628722176
1161603017738727429
1160308977063944192
1158946347258720256
1158544637671424000
1158145422780719105
1158017318355656704
1155813971552874496
1155443312498810880
1155266868673941505
1155170984430845952
1155095809664458753
1154599232743051264
1152766977464774657
1152765484930084864
1151465152631463939
1151463382178041856
1150607455082225665
1150578519740751872
1150577604782632961
1150577003122368513
1149866139775905798
1149429184554577921
1149032893911588865
1148723293077286913
1148282704628203520
1148282564605599744
1147950448030208003
1146897421164785664
1146896612884717570
1146886163137007616
1146132071951347713
1146126642898767872
1146111370833924096
1144688512060596224
1144478756163080194
1144287396537798656
1143290888552091649
1143264720021000192
1142828936667312128
1142815729470910465
1142814130413428737
1142812190514262016
1142803218877026307
1142556395272908800
1139148317651361792
1139029348919468032
1139028980303126528
1138862766066978817
1138853370717003776
1138853201166446594
1138852798341275648
1138851913733156865
1138851733688504320
1138296743815258113
1138290715941834752
1136017159816175616
1134695120132071424
1133167450311335936
1132621147567251456
1132620764207898625
1132324595414032385
1132107585400786945
1131983259875909633
1131950112345853953
1131019081513984000
1130997605616500736
1130996460420587520
1130954843961593856
1129602420961611781
1129601748082020353
1129272418227372032
1129270892490612736
1129270471512473600
1129269380364288000
1129269040562745344
1129268009825181699
1129096234038378496
1129064657237499904
1129063898362142720
1129063251671703553
1128925851167465472
1128924261824061446
1128922211602128896
1128922190517362688
1128921005953572866
1128907319444692993
1128102590942711808
1127800223839944704
1127772402568581120
1127606911996760064
1127328203746549768
1127222486440058880
1127222225994752000
1126198307250941952
1126133471217442816
1126133411595325440
1126131459281104896
1125970733832777729
1125969132099448832
1125617766709514240
1123635796517490689
1123581261627514881
1122883375147122688
1122705441019039749
1122577029227061254
1122576272029151232
1122575901827502082
1122499943518953472
1121590054839885824
1121476065585782784
1121465762282188800
1121459739806896129
1121454300713058304
1121121116079230976
1121114173541429248
1120436690651426816
1118895684328001539
1118637722506342400
1118636824224849920
1118159026339110913
1117640764194996224
1117595153806647298
1117456767368273921
1117249766491082752
1116796630009823232
1116339332493787137
1115778280844558337
1115422843574075392
1115422523724828676
1115422453851926528
1115419169552510981
1115418863603208193
1115418165050257409
1114342082452316160
1114337111254151168
1114273231672942592
1113082191150551041
1112528699491078144
1112399283448352768
1112379166744342528
1112161969140834304
1112033896026247169
1112032239817093120
1112031864292864000
1111088003684945920
1110975757168332801
1110902083513974784
1110761130950053889
1110527471324225537
1109508277900058627
1109199141547200512
1109160670434598914
1109110271979601920
1108975946860806146
1108362300921131008
1108189144952512515
1108128336621064193
1108128201191182337
1108078507911856128
1107696269869359104
1107656494751903744
1107503365653696512
1107499860616507392
1107494492997906433
1107331236333346817
1107331148965912578
1107304942811992067
1107304338152718341
1107301440001884160
1106784330305531904
1105452931690741762
1105245351794167808
1105205361575903233
1105192164651401217
1104779120301563904
1104169849775931392
1104169634008350722
1103724332302389248
1103723999073394688
1103515684682764288
1103457759087996928
1103314041374679040
1103312700292190208
1103300023738163200
1103299464117268480
1103299259871432704
1102416380140359680
1102414632239669248
1101364656780787712
1101173079890370560
1101134513139265541
1100501498558058497
1100501103689560065
1100446483793481728
1099899354737987585
1097602956743110656
1097259740491644934
1097259172176060417
1096122652702490625
1096093658061918209
1096076835132268544
1095787494371663872
1094424300461924352
1091739480699162625
1090642535511457792
1090448034591318016
1090447540200325122
1090446931992694787
1090444104515928064
1090311364260913152
1090311240453406720
1090103470231830528
1089729294476169218
1087375888180826112
1086819750515220480
1086272810778021889
1084103255683158017
1083954708400820224
1083882616904929280
1083790774704189442
1083605537286168576
1083601046864388097
1083227546152550400
1083225766907670529
1083225743348416512
1083175511398989824
1083075089015418881
1083070303440437249
1083059983288320000
1082673653551165440
1082409841187008512
1082409306006474752
1081933199813591041
1081612599517683718
1080532307541442560
1080299368002011136
1079014692247556097
1078448144743043074
1077648178437124097
1076367342035238912
1075130120489328641
1074867198999564288
1073682186069516290
1073113065909116928
1072730295772823552
1072730098074296321
1072220562867535872
1071946544218292225
1071221842524938240
1071217001723543554
1071065176038871040
1071061586884878337
1070508658168135685
1070470703663726592
1070470588244901888
1070462987117490178
1070321830404284418
1070000788129439745
1069954627624411137
1069756617288224768
1069414123094622208
1069413817065578498
1068910753128828928
1067935278227251200
1067911419226714112
1067821509081743361
1067773952288796672
1067526453904973824
1067492129474265088
1067322348972507136
1067322174132895744
1067179156918685701
1067178579916660736
1067178437184491520
1066462675465572352
1066352321783889921
1065966427176345600
1065030037211136000
1064967541355880448
1064598285577609217
1064215396138532864
1064184513742479361
1064026810323750912
1064025564560990208
1063946602153472001
1063640867758575616
1063640535783669761
1063640505236508673
1063451456207052801
1063061877452881920
1063061677615267840
1062939952420478976
1062939780705648642
1062209996010733568
1062208908478111744
1061713513268371457
1061712235326779393
1060514468818489344
1060017716818518016
1059918541086973952
1059915523780214790
1059914848539164672
1059872201296543744
1059859846139392000
1059854169304109056
1059853618625556480
1059853371967000577
1059093617074204673
1058523239595630594
1058122936593321990
1058119730526109696
1058026810015973376
1057674925459283969
1057378088294723584
1056726589608730624
1055861150196338688
1055830004439965697
1055543647486263296
1055543159445508096
1055541868832923649
1055456902249959424
1054906442753499136
1054847390023331842
1054830379243315201
1054830135369719808
1054784307284320257
1054738995706560518
1054066838391398400
1053874882738638848
1053055646311034880
1053033356517146624
1052910251694002176
1051925995077468164
1051924640795377668
1051916317060714496
1050449388152258562
1050039019743121410
1049504261653057536
1049504244796153857
1049145299418185729
1049145282494189568
1049094632938905601
1049064390308364288
1049064361686454275
1048946721961758721
1048812635360247808
1048787568219901952
1048708657985150977
1048357933585764352
1048357352896905216
1048227700203290624
1048227587674308609
1048052821134913541
1048052297291452416
1047887421810102272
1047682264019193856
1047670068476334081
1047622860846649344
1047621981208813568
1047621503288823808
1047620950265683969
1047306954136330240
1047248861402738688
1046804542086615041
1046046357511966720
1045843502960119809
1045773285991084032
1044791669575569409
1043595859701706752
1043568096756285440
1042267326295547909
1042251129822883840
1042081941581975552
1041303606757085184
1040616462682148864
1040605995737788416
1040580737253220353
1040579579147116545
1039198918196817920
1039168345885630464
1038982843861491712
1038590246789767168
1038508001286664192
1038234545215205376
1037754384267046914
1037512105820397568
1037348605152112642
1035270625366077440
1035262323601158145
1035228752110862339
1035225892694446081
1034830971760197632
1034825733875613696
1034648341047664647
1034635175873982464
1034473845732851712
1034471879904505857
1033438043452190720
1033072537134133249
1032654894455513088
1032624181903585280
1032328046781636614
1032299400897470464
1031949411142823936
1031949245782413313
1031935061350866949
1031741111482699784
1031739593450811393
1031004377526493184
1030682462639325184
1029384335634440192
1028906038869860352
1028771627918680065
1028668544605712384
1028667063303372801
1027417773037821957
1026948855886229507
1026676171415740417
1026676131423047685
1026133674780241920
1026131468119166977
1026131275936092161
1025957802278305799
1024865356924563456
1024711705266401283
1024655507334881280
1024655493799788544
1023997605339181056
1023699646802219009
1022726284533751808
1022725770895085568
1022471184884146176
1022171032650764288
1022158491472027650
1022080468504768512
1021887712138326024
1021826270433353728
1021575363053453314
1021507644404715522
1020692495200595970
1020544480116604929
1020543082893324294
1017831675550715905
1017657825835864064
1015579581380812800
1014638136570335233
1013444955640123392
1013078482950246402
1012905717056135168
1012180632942891009
1011669843559485446
1011598159942995969
1009455035573506049
1007109600389234689
1006881444650725376
1006880529181020165
1006880391297421312
1006528898195165185
1006028090340933632
1006004851925487616
1006003436322770944
1005641700348514304
1005599391007301632
1005598330326519810
1003971865013039110
1003854461532590080
1003026655210889216
1003012865354272768
1002985672083492864
1002946802683916288
1002929717496905728
1002929536873451520
1002380037172137985
1002317174294409222
1002316747322675201
1002316708458237958
1002188717539450880
1002170065544974336
1002169375921770496
1002032640474664962
1001303551669350401
1001303439677251584
1001301560851337217
999328379487838209
999054538169618433
999054340575956992
998728209901514752
998550532594765825
998199012883918848
998134274724417536
998133945920376832
997540271939256320
997189711746797568
996845058455474176
996782153424867328
996780414940348416
996125218908274688
996072122903560192
996017454181691392
996010972786647041
996010673539899392
995840738113064960
995809729141239809
995529873891393537
995283108646871040
994342028514390016
993679707559419905
993527343829405697
993484940233854976
993329501676371970
993325962426273792
993325930012700673
993325652639191040
993312285438431232
993236353868619777
993203105985646592
993173218629443584
993161471768088576
993161296131559424
993148983177633792
992867313018900481
992599904534126592
992541963160350722
991530198955909120
991529346706833409
991126207386222593
989902826682888192
989902483756593152
989649701669621760
989568534694023169
989565454317506560
989565325904678913
989541096618450945
989135946930061314
988777902744449024
987771171960709120
987771095985152000
987722289209856000
987344442532286464
987325603123728385
987180513789128705
986839004057305088
986822803398766592
986793600271945728
986792525569691651
986722127968702464
986667629229346816
986491867129958401
986457479767830528
984781208860155904
984774652391313409
984535954412265473
984172552602996736
984116343170588673
983348600246849537
983348195613986818
983138344409460736
983137788777369602
983084964601368576
983006366938869760
982321527294218242
982316944954150912
982032983279525893
982023293082460160
981980530148368385
981979161735639040
981883761217490945
981883648126398464
981203020439523329
981187495403638784
981178487858978816
981015808573886464
980200818019389440
980127417724522497
980094809045159937
979822651794485249
978980497522085888
978407928251248646
977752575456968706
977565861820157953
977009666336198657
976964360894590979
976274801164738560
975935731364442113
975934648995012609
975024612374392834
974688640625463296
974687942341025793
974511995775938560
973936243888271362
973936028603047936
973636167794089984
973596558146011138
971621714114306048
971488233224855554
971479386858905600
971430689026510850
970900048551825408
970785291496755201
970546494255386626
970470537846718464
970444690897211395
970444092978102273
970443914347012097
970443765960847366
970443627930488833
970443499635081216
970443175235080193
970443035078283269
970442893012996097
970442744790478848
970442476980002816
970442239599087616
970442059332153345
970441947457490944
970441802342961152
970441671375716353
970441524864536577
970441330672496641
970441171645485056
970441077844045824
970440918200446977
970440782330105857
970440611122860034
970440471309967368
970440323670396928
970440154606395398
970440016848670722
970027746092085249
969327702422507524
969300883862368257
968294152269164544
968272021930078209
967908585337491458
967192195659857921
966337335293022209
965698773052780546
965268569905909760
964517978732683264
964298904115302400
963820837353771009
963513069757456387
963140029982879744
962931799121899530
962417989915217923
962082505582088192
962045327783030788
962038680801046528
962030874991607810
960334743920369664
959800295076352000
959561527736102914
959174755839508480
959149220761612288
959114230959091712
959100356163710976
958834646317436928
958709738254069760
958706450825609217
958578032779911169
957684429203345408
957683640376418304
957014283602354177
955626499037646848
955174110308589568
955161156934651905
955152916771418112
955151411637039104
955142276971409413
955132353319497729
954720664753238016
954217984146452480
954152198967046144
950754668044521478
950749436438896641
950518249631993861
949503716339699713
949364132406579201
949364038659604485
946792057389158402
946398782387884032
946143666728521728
946019734298025985
945887526539145216
945704364672540679
945703944910786560
945513250426441728
945500932518875136
945440974561595393
945430873171734531
944901819385475074
942081572026675200
941787443795197953
941776612659523584
941336493573967872
941184135225323520
940980036714287105
940771673120432128
940651494164090880
938468906162892800
938448772031549441
938114109282844672
938097165850894337
934658457512370177
934277057374285824
933749236411363329
932691863907250176
932408890297372674
931970466230743040
931369017897611265
931014620965466117
930802926896992258
930645988305526784
930475797529464837
929559917534568455
929377414072930307
928801624985866240
928408621704253441
928300107405111296
927924517711773696
927770618438782976
927738592683855872
926869377370214402
926265106895462400
926098357541654528
925746598419853312
923937924416143360
923199728690573312
923041974617366529
923040062576779264
921009949312016385
920666729008848896
919238930645561345
919046856323272704
918566392873484289
917115919385681921
916463277034672129
915686604261462017
915628531496964096
915596489568800770
914877853010944001
914867469420056578
914272666151997440
913626271569055744
913582628045037569
913542454946799616
913126612350193665
912820489269207040
912705564429443078
912684238285221890
911067651769868288
910987044196929536
910707232999919622
910534332481245184
910518232041361408
909485027028848642
909473150035021825
909472834937872385
909198604979593216
909133092815884289
908537607730208768
908191744617041920
908035512836993030
908004512652304384
907986498649251840
907788856577142784
907349510770360320
906912025812533248
905458624142692352
905156952300417024
905100300612243456
902942335201312770
902195566041550850
902007679488598016
901975840308830208
901886039849136130
900865508156870656
900431243225026561
900212761484984320
900212651124555777
900211764469657600
900134616614526977
900045691636129792
900044421688950784
900026288534114304
900025678988537857
900022871749263360
899796773098721280
899621929132457989
899620979500036096
899620810851311616
899451918963093509
899325159185756162
897248156072771584
895459667446571008
895448201230077952
895013827003244544
893560571509035008
892946466297323521
892945615877021703
892941654621073409
892867805762256896
892866131177996290
892864285675839488
892861164748722178
892402627060826112
891814367674724352
891662939819839490
890937077793259521
890650897201504257
890423549487439872
890291038044205058
889686237589757952
889686063324827648
889682867038638080
889520007692070913
887368253357666304
887363715938570240
885890797966696449
883714187968557056
883706884146040832
883504847290605568
883407990744907777
882991294498435073
882635274018336768
880437460140003328
880276132779708422
880262851709063169
879552531118129152
879545227954065409
879433352272596992
879136223155060737
878680765617369088
877931873225277440
877402595232493569
877400026795966464
877365162847719425
877179779958673412
876678176591753216
875214070751797248
875194381187338241
875194253596643328
875193091564687360
875192648885293057
874470483646971904
873239259221807104
870304207965835265
870115691298308097
870115472670208000
870113546603945984
870113391813156864
870096258094030848
869689278627958784
869626166281416704
868845648321425410
868162398330474497
867566506716090368
863961798344671232
863929833180585984
863572265589506048
860261624422297602
858465067473539072
858352119220404224
858111158179557377
856316897306058752
854885968909918209
854732433912188932
853717639201468416
852999499643588608
852941817754603525
852725591900123136
851964909525061632
851870741658206208
851848904844947458
851617098120011776
849846878594269184
849269968168472576
846006787052572673
845804370449059841
845803957704380416
845802400879390720
845687886850805764
845120793444962304
843690867630227456
842595870684209157
840953995602604032
840582899913109505
839225764973260801
839199954782552064
838510403021864961
837680012568440832
835688498308984834
834877486580305920
834854716093890561
832774673318305793
831724175702315008
831723970244308993
831673519197003777
831625213569880064
831527247374852096
831499241956720640
831343287088865280
831233192845836288
830258218358149120
830063962876235776
829419543453892609
828990160985534468
828619214084775936
827538874301808642
827532994520948736
826634124307861504
826632504123805696
826608972287324160
825904649173663746
825506510784585729
825229293189992448
824278897881731072
823273737697034240
822981049537929216
822909528438112258
822868702760669190
822842420417204226
822191323520397312
822168558843084802
822104960724848643
821474775625297921
821051658432086017
820306885123383296
819372530079297536
819333810873581568
818925015206952962
818862788139503616
818588080403841024
818250747640971264
818250611825278977
817842804323913728
817166790736351233
816885859240837120
816766420595994624
816495656168726528
816482969934299136
816158316325961729
815315611660275712
815314351905275904
815278271856308224
814974429763665920
814341691582849026
814125148601139200
814125129093541888
814124874499293184
813431418177077248
813196038639153156
813047463749808128
812894706522877952
812711310198788096
812501145176391680
812496455919353857
812155113578045440
812132755568021507
810932323587944448
810335589195255808
810184913551032320
810023905234714624
810023233252683776
809884312959156228
809842717580730368
809440038303961088
809439983677374464
809113708261732352
809087315167608833
808808049938939904
808806327132848128
808372225489469440
808372212419936256
808372200050978817
808158849278574592
808158330405453824
808005628161626112
808004760930516993
808003436126076930
807690471694802944
807680307893862400
806908583468269568
806216124786442241
805851540108046336
805169215800012800
804765685394051073
804398243094392833
804395512027824128
804075753554014208
804040411715170308
803998786406219776
803849372811296768
803764520183365636
803655370178580481
803655350750691330
803655323030585344
803419944021094400
801482146082914304
801058941925031936
800380907953815552
800142525692526592
800022004652851201
799998546044928000
799576135663255552
799483183041564672
799466130284965888
799397222890741765
799396960876789763
799396465621798913
799379759968976896
799365152600715266
799341072510025728
799143880927150080
799056015702507521
798938587962216448
798664445459185665
798356449571303424
797515924798640128
796739595857752065
796629165877370880
796503704656605189
796417127993507847
796139024859721733
794962953619419136
794595292679118849
794593278704291840
794044240137359360
793831193292574722
793614829118291968
793466617694871552
793258157954912260
792746438648213504
792138844468613121
790961045493866496
790923768642215936
790603452422447104
790424818499792901
790009903372967936
789846986325307393
789676156635066368
789338657278660609
789338352453464065
789335762516840448
788920175542218757
788115686228754432
788115153564884992
788111769201938432
787061420147998720
786799746555916288
786798459705712640
786797546026835969
786202951383519232
785939980849786880
785939612485165057
785310585768452096
785275505922547713
785249805488513024
784851244162621440
784044032443822080
784038919142711296
783717352445734912
783491184899465216
783011326255779840
782993027983876097
782730306507988992
781836056329068544
781525954430586881
780568557218361346
780534176130871296
779891702647500800
779794550579691520
778410928270213120
778110835537354752
777934562198425601
777934025210068992
777933669247909888
777915264532750336
777556845330370564
777390570318671872
777303059219095552
777192572561137667
777002076370984960
776817363823931392
776817170672001024
776448878270779393
776448719050768384
775873677749432320
775400390594596865
775396096080084992
775209503306293249
775208525198831616
775177415446323200
775176995189628928
775122668966125568
775108986613800960
774308052795260928
774257922708676608
774253632267005953
774250186251968513
773701112767520769
773298586620538881
773297791812591616
773265166410522624
772597473743282176
772533701120897024
772471140237410304
771846690101878784
771711957548224512
771609248786632704
771547336724013058
771546868048236544
771365005925036032
770819634215825408
770725951718039552
770725501962891264
770648554499035136
770443392618684416
770357255094939648
770110667537969152
770110634382032896
769731808955019265
769559312926584832
769558549001187328
769556950992326658
769269935021264896
769179468040593409
769156364996190208
769147505300811777
768863542791376896
768835832459431936
768666886733123585
768570546158120963
768174993876344833
768157040606720000
768129695896342531
768121201495465984
767894778876981248
767893891660050432
767829900573028352
767818638241980417
767818534307110912
767818415109267456
767804895499948033
767788540159680513
767786986299990016
767786924236902400
767782552648187904
767782385211420672
767782377284210688
767770139555012608
767765425664897024
767764014810042368
767757381920927744
767744839668473856
767744734416609280
767735987963179008
767735917339512832
767546274304319489
767476578108448769
767411446753865730
766474914031210496
766463656519360512
766456061612085249
766375493046194176
766325740115668992
766110879825788928
766040745178345472
765780863091089408
765766417333485570
765406753794039808
764732318317588480
764731850602393600
764731364948054016
764582325137051649
764530519648378880
764344008264945665
764229960127090688
762876175077126145
762522456590385152
762036266317717504
760604343192150016
760342020422406144
759924850303471617
759490195645304832
759261233203843073
759162089252409344
758884703306776577
758881404746764290
758864723454468096
758864316154032128
758863542648922112
758735278890557440
758539642081644544
758509564513906693
758502827027292160
758165220309295104
757441564956364800
757440000233508864
757379224231485440
756888487685750784
756757900932943875
756757645214621696
756756943855759361
756360359716360192
756136328744562689
755886007246028800
755284809648181248
754534296304615425
754425001244188672
754424988661276672
753641683875536896
753616155961532416
753438314120769536
753019325502500864
752738554615246848
752735223582978048
752719888834232320
752372750526722048
752366999511019521
752358044781064196
752334295419592704
752030994551615488
752029868221538305
751829556894371841
751513316715950080
751298750979514369
751040274575466496
751026848931278848
750558842812063746
750539332998598656
750324477385322500
749966097244311553
749467613864992768
749355377196609536
749353629878935552
749353426937491456
749353168325095424
749336897890070528
749334473775280129
749087725240721408
748713643051585536
748701327983669248
748542295574605824
748542252851421184
748507489537138688
748390480350699520
748388634827579392
748385123561836544
748383726623666177
748278887793078272
748183828481585152
748017949936582657
748017275542839296
748005543168643075
747997819680624641
747892770875015168
747852582882705408
747095412159373313
746941957163778049
746941174728921088
746940637648302080
746321748367310849
746219404841517057
746217759596392449
746144611798745088
745745802958561280
745477628715368449
745091924764262400
744652951403139072
744593990314504193
744577485531029505
744320034521022466
743893477319073792
743893089236836352
743851554604646400
743655858576384002
743286301592432640
742156734878228480
742156061713403908
742155224148672512
742148542328766464
742013422611505152
741809988897669120
741809516988092416
741784084976799746
741783885399228417
741723694746210305
741660534660042752
741660258209124353
741520475151425536
741513684015419393
741511739217313792
741511333493932032
741310900343169024
741298600471236608
741275954861871104
741083548250038273
741075513402236928
740708588801261568
740704607005855744
740703462904631296
740640840003903488
740636971488317440
740627142354993156
740406296684441600
740405632453464064
740405371215437824
740400940877008897
740400038376005632
740314871946870784
740313849606197248
740313289935097857
740312675356266496
740311556458721280
740184486147555329
740183119081308161
740040834578403330
740031633554735105
740013202981945344
740009014319325184
739861592498638848
739679530659368961
739461222525865984
739460240484110336
739296318238031872
739182960923029504
739143514328567808
739137946977177600
739116558128013312
738848702006231040
738847408595959808
738807101766537216
738806737747075072
738473713805320192
738122329608179712
737843180922490880
737841589855227905
737446948035235840
737134169608724481
737129458189008898
737112922711691265
737111379547590656
735922136380891136
735845799674843136
735842919295287296
735645996865183745
735598792586629120
735551610282074113
735300404808810498
735294021258477568
735291235426914304
735245218547531776
735227217492332546
734928732171931648
734431568006152192
734430401687621632
734375458297389056
733437510702014466
733415296057282561
733308983444824064
733038650741559296
732991741502967808
732991579103731712
732611648972709889
732605380119957504
732555502144491522
731859146459357185
731711379648831489
731711168465641472
731623798391246848
731543479944282114
731121493044682755
731105416265007104
731103109909340161
730920123804962816
730877769727508482
730876799190761473
730857838201864192
730810743214493696
730748086515965954
730537069353672704
730536396973178881
730535771073974272
730511607424417792
730509407453224961
730486751140057088
730486696127516672
730482007818440704
730481406799814656
730454479498182661
730421000605700096
730417977875701762
730413415642976257
730199616633724931
730193600227643393
730192788592021506
730192652298149888
730191947931910144
730191120945143808
729940413990117376
729936102342033408
729929632221274113
729862193143910401
729849491382149120
729848132733784064
729846927332810752
729844910359187456
729794695908352000
729794081522507776
729792616858968064
729582597244788740
729575168679403521
729484844133023744
729461785250529280
729392625120206849
729389563580420097
729308840513044481
729137655309443072
729095816888123392
729003104746807296
728990681390161920
728844080168378368
728843759375417344
728753471998955520
728699926998212608
728693258809839616
728690707930583040
728687141341913088
728619654151704577
728483817531432961
728321309290070017
728087342037110784
727965406292365312
727936361043361792
727883838026719232
727877349853659136
727863951187447810
727759233207435265
727599207507369984
727592011801329664
727591365295542272
727588259543404544
727572214669713408
727559608273760256
727533740038049792
727295055359184896
727131139094114305
726985824596811777
726946243377770500
726887835538722816
726869585706799106
726868156128608256
726807997188546560
726799742307565568
726746327862759425
726499856403992576
726499230236332033
726495422965907457
726151202719686656
726151092883464192
726110906535403520
725806168480739328
725806071126728707
725769270571896832
725481526708867073
725360124752093185
725131001358372864
725083642662285313
725037846269186050
724844414875635713
724776138006892544
724775627794964480
724702873636868097
724702532019183618
724702410145468416
724702300854325248
724702237411315712
724702121971470336
724700774027022336
724671766975541248
724586489280000002
724351458510929920
724284587044524032
724017735819087872
724012298000420865
724012077673811968
723887399521001472
723874553567416320
723745755643551745
723734473271992322
723627558919528448
723625355395928064
723517097108594688
723384408690958336
723337438102331395
723337160724639745
723331357405904896
723138598367678465
723035801710288896
723031633591304193
723031136641798144
722942799335657472
722870502583218176
722857204198412288
722857103790985224
722857022077558784
722851892141817856
722598168630792192
722516855773114368
722455404668592128
722228111064956929
722225583892013057
722210884408377344
722208593416589312
722132021707808768
722125086468280320
721833838570156032
721707525754585089
721116223853821952
720975168286248960
720719771814072320
720715083098132480
720714549842747392
720406009324244995
720404224840900608
720342232985829376
720342089318293504
720341403742568449
720117840796323841
719954756433674241
719950478352588800
719636918674128896
719622935707684864
719588571078901760
719526627173007361
719322160880160768
719320526548643840
719318760037822464
719227180778156032
719219636189966340
719120439436378112
718948797993197568
718619964391821312
718619659684028416
718619492322926592
718617556777443328
718602348625403904
718601341879201792
718589873486036994
717853578749042688
717416500605259777
717379398819643392
717092219576909824
716803470280396800
716482477154545664
716428933164634113
716379379153170436
716333203536101376
716001692442038272
715900922312830978
715754724612554753
715697582161301504
715578762289500161
715544184292139008
715346496695115778
715346164325847041
715251560947650560
715216778947743744
714960026322907136
714959975534055425
714438992582717442
713753404116316160
712471673136484352
712131947326152704
712131910990868480
712081740383145984
712036550117351426
711990769511301121
711990023889944577
711711385030230016
711221451274125313
710943535902535680
710943231551389700
710826603262050305
710638863740325888
710638743825174529
710638026066501632
710305787717885957
710255227165757441
710214648545431554
710148872526376960
710147214216040449
709580299261317120
709222978592972800
709195571777515520
709190332617854978
707944631913287680
707314294577213440
706685163036487680
706572483667709952
706572476814225408
706331440011587584
706199720671096832
705596450823077889
705255435637358592
705235584319508481
705234068015722496
705224198336024576
704869171864014849
704856685047738368
704854136408289281
704853041917235200
704501452710875138
704346129408765956
704346104901423104
704340778328272896
704335544378073088
704156481730416640
704156035057975296
703748128269168640
703734349233950720
703245603552120832
702666954818002945
702546309929050112
702546069456965632
702542985011920896
702377894677520384
702246083745837056
702245806414258176
702232720424960002
702220937492459520
701974461898104832
701910277680279552
701876688490082304
701106519589441537
700712206904627200
700194031549095938
699767053972975617
699764999699304448
699636819223154688
699358712213803008
699352625129459713
699255305444569088
698849964898693120
698756519605641216
698620007228395520
698605472413151232
698582854813417473
698186557698793473
697919654451220480
697890932398526464
697624875217752065
697574688445198340
697564447502544897
697445201196032000
696774907804319744
696745202808000512
696733946063798273
696725095113474051
696499288545689600
696355114693492740
696171564983808001
695766045634785280
695659131026468864
695652195446861824
695401433043062785
695393067830898694
695323059838803968
695321336776773632
695017188709666817
694988991771226113
694948754504351745
694948177615519744
694891689291472896
694570457484296192
694024050545262592
693984882184204288
693949793463193600
693863689452154880
693663633385992192
693660803501727744
693660650350874624
693660311153352704
693629917594947584
692914814541242368
692071613596983296
691851068557414400
690361882281123841
690361742921199616
690358296721649668
690354894646153217
690333919078539264
690194715694628865
689983579225485312
689911708370894848
689859038138396672
689655236261085184
689624597700841472
689624557183873024
689337239776702465
689308432264892416
689289967663624192
689289136801361920
689285392516816896
687749455060152320
687749320351719424
687092545013170178
686761442545025024
685532231645839360
685532223521476609
685515211512520704
685157106438148096
685143335015677952
684191951080443904
683684914118574080
683305070096613376
682781155721134080
681562914659016704
681143794759155712
681143566752587776
680104531883982848
679313666403995648
678990282503925760
678427679595618304
676573560668721152
676571996386299904
676556180802539520
676545721168871424
676545265306763267
676545055876759552
675815278350045185
675800168696942592
675004910551719936
674807836971433985
674757581324361728
674102998004436992
674102966970802176
673984358449983488
673979413604663296
673978635548684288
673972484257939458
673906609978916864
673004214340096000
672966094248796160
672965881866031107
672936844057776128
672935911563374593
672934517372506118
672707397748523008
672598236687798272
672507600647290881
672439040084283393
671548469371269120
671471248711389185
671469310620147712
670750083931967488
670620400825597952
670406125771165696
670322661147328512
670269287471288320
669948074794463232
669941824715251712
669911432717205504
668193637688193024
668094756564504576
667942310609489921
667940472602554368
667938505264246784
667588002089074688
667353741956243456
667130893107113984
667093015408709633
666830247317245953
666828889537118209
666827651374432256
666824766880247808
666823470630604800
666739278936850433
666722323542573056
666111635518390272
665798660668522496
665348847745368065
664820761262030848
664102006164852736
663565755313577984
663562980273991680
663562668674957312
663558326643396609
663456338391920640
663032551246721024
663031237775220736
662382293131005952
662023796056952832
661984965236670464
661984927244615680
661627185107632128
661627148025769984
661604727407296512
661198402189811712
661057570019282944
661056399951069185
661055617029824512
661055430987149312
661055010277494784
661053936036503553
661052840211714048
661052643251388416
661051030935769088
661050925272797189
661031064618438656
660853828330262528
660850350648258560
660603389059858433
660180120540327936
660157510100226048
660140154418388992
660131469386457088
660111226400149505
659781784737964032
659460623307247617
659193780432560129
659193589478494209
659191587906416640
659189549348753408
659141073961283584
659119865425334272
659032673583693824
658731970319417345
657957004091244544
657775692403183617
657427143203287041
657425337693765632
657216075810013184
657201978372558849
657187556862234626
657067600640237569
657065718773518336
656678587827814400
656675802579271682
656545809970794496
656538421591080960
656537390190751744
656531795194699776
656530336260554752
656493590047162369
656206030762696704
656193090328268801
655869590518394880
655865899891593216
655824480866971648
655819187982639104
655107545300905984
655057856551522308
655024344783917056
655022912403935232
654869165572931588
654780436430761984
654725758703677440
654723267966558208
654426060595970048
654295886864871424
653937418727354368
653788103568572416
653777068707213312
653744353580478464
653665818362810368
653613625857306624
653399359028002816
653397754010464256
653349841754439681
653334239161618432
653322260124536833
653321625736118272
653263737206345728
653246376235544576
653245903554281472
653234894001192960
653099522722168832
653008838732423168
652588761335771136
652467000615108608
652324241442869248
652148205002493952
651993725334253568
651993177583284224
651957668580474880
651513763787440128
651455393047011328
651063982552313857
650879330474569728
650808779768918016
650798424535666688
650211930943041536
650111553845358592
649610731147558912
649395099042889729
649235030695260160
649004086990258176
649003971370184704
649003088200732673
648928166354927617
648631798583332864
648366321554489344
648333959596642304
648333759276695553
648275511970394112
648236019150491648
647870505928667136
647839592343842817
647549067396931585
647537582935412736
647456502144307201
647453882633834496
647160003921444864
647129152168947713
647128980919705600
647127458144059392
647126606255820800
646388841306304512
646179557599412224
646164838129885184
645710080969609216
645619863189229569
645368461124870145
645227449396035584
645086017456726016
645084181614096384
644982536913879040
644982502268907520
644914715383107584
644914633468477440
644914320761946112
644913949436055552
644689210125869056
644623002101923840
644575536325373952
644575362635055104
644575224738873344
644274286140592128
644227722428813313
644212526104776704
644182226746241024
644163128398254081
643949466127572992
643922951570481152
643922877599756288
643844834608979968
643775843555119104
643761015734210560
643618266028621824
643617751639134209
643616913298337792
643612424117989376
643547271452200960
643546216001748992
643534449053933569
643486082626007040
643433417896361984
643272293695643648
643167038576328704
643165335722397696
642771008810819584
642737051075346433
642196716461035521
642119565795721216
642074119358386176
642051746655633409
642050538528309250
642050394021982208
642050145505247232
641980939522863104
641020734387519488
640945748926840832
640748135065620480
640596929773080576
640594482807762944
640504645257834496
640252586134646784
640155404018675713
639887835890327552
639835684300177409
639673844752453632
639170684975845376
639087679150297088
638719821778190336
638559890298925056
638492838276141056
638463715352838144
638460964212371456
638457224457654272
638380752959205376
638191753862877184
638164171008274432
638065990358601728
637658128448778244
637629884819353600
637483104496553984
637397571099463680
637310995401043968
637246616047648768
637123120499814400
