1330386539038330882
1330375313440862208
1329973262374342659
1329671126537170946
1329594836949880832
1329593448228397058
1328956925166366721
1328166177349185542
1327812979707047936
1327669841407389697
1327323336603529217
1326810723381612545
1326808878764404737
1325203320902885377
1323743322746376194
1323724731015696385
1323385609893912576
1323326961926721537
1322833381726498819
1322680695630737411
1322325721017131008
1322075215325790210
1321680809321992192
1321549668275363841
1321375354460741640
1321209656736440320
1320773723222409217
1320770733618929665
1320465615711338498
1319846510633324546
1319329911216214019
1318761905687830528
1318761889053220866
1318667238501736448
1318667111154257920
1318639460892987393
1318639439149735939
1318367547230703616
1318080364229857284
1317887298441195520
1317713576774324226
1317713565915205632
1317558012933005317
1317552154215854082
1317489832952737795
1317334639632056321
1317334623882563584
1317179415122554880
1317174190299021313
1317174176332079106
1316981746781609984
1316623214165008384
1316623198620917761
1315929610236854272
1315929603400183812
1315527639805964288
1315527627696996352
1315396363476140032
1315396349911801858
1315186409477754880
1315186396399886337
1315030912732626946
1313948091758850050
1313948082976026624
1313678802187419648
1313678796671737856
1313603425523900418
1313603415734472707
1313320530301333509
1313140813673660418
1313140714646253568
1311767593209004034
1311767582425468931
1311495811876954112
1311495802318094336
1310782854620745728
1310782847259684864
1309908857196621830
1309908845519613952
1309347627775950848
1308951690817818624
1308313780561096704
1307712222718767106
1306805515914219520
1306685088718090241
1305718009768693761
1305262798218420224
1304678975294316544
1304504678521204738
1304234790514823173
1303538360640778246
1303204082841255937
1302272343738396672
1302009310449463296
1301687132487024640
1300166266397888515
1299815144814510080
1298674614516822017
1298512268158803969
1297701402471530496
1297678089804288001
1297307353658920960
1297226506079477760
1297069081791782912
1295445294935674880
1294833124350791680
1294448252180475905
1293759884337524737
1293560669040779265
1292598469820059649
1292571323408015360
1292529835647139840
1292254767939559427
1291638232090906624
1291557497602543617
1291022102846464006
1291019274539216899
1290786999897645056
1290472953143013377
1290070432146526208
1290070278215569409
1290069931850047488
1290069883632275456
1290068947803336707
1277636976603086848
1277636259976933376
1267119356757999616
1266421292493922305
1265890815571832833
1263160412247166977
1257766714059550721
1257766408118665216
1257339176120393728
1251460753208401920
1251460466460639232
1251457668838912000
1251457593291104258
1249891800132837377
1249828154958635010
1245571851721400321
1241989960929931264
1241074121548558336
1240967130557759489
1240966985346740226
1240965226649939970
1240964166589939712
1238987394835042304
1234275345269837825
1229106648322641921
1217569588944072704
1217262765129121792
1199738267349897217
1199558484968312834
1199552212508303362
1198835033856991232
1198014488550748160
1196267614760247296
1195967248504102912
1195601628285550593
1195600548407447552
1195600052649107457
1191105529860349952
1191104322588704770
1188489659170488320
1186761137184002048
1186708649646972928
1186158351404584960
1186157127070437376
1185449788969324544
1185449542478491648
1184494148318982144
1184492795362340864
1181050946987741184
1178196237763403776
1176675875846160384
1176675118581288960
1176674563771359233
1176621686281646080
1176614220244369408
1172548047605157894
1172280336891490305
1172279826708926464
1170985951599968256
1170239930821423104
1168994016450531329
1168992736151818247
1168365285155340288
1167904038328750081
1166968000685182977
1165882910655877121
1165641438190870528
1165104675873419265
1163818106176671744
1163519901295923200
1162187018593427457
1162186924578054145
1159556463968190464
1158079108393373696
1154105646150610944
1149901440862674944
1149885761241718784
1147738771078688768
1147292135508578307
1147041628651044865
1146920966074884096
1139369149031964673
1136894137918267392
1134924818019692544
1134159329530134530
1133021030258237440
1132422644920463360
1131962998757744642
1129187801281359874
1128438379295772674
1127714207300898817
1127712367125524480
1127712085108854785
1126017924878229506
1125663086910697472
1125523646988967938
1125139630440046593
1125137298268540928
1125113369634017280
1124826442762674176
1124335202979983369
1124020892164612098
1123642664929329152
1123490958107131904
1122996681346306049
1122916352250064896
1122247789604249600
1119744439159627778
1119743901902893057
1119742923476619264
1119046739787505667
1118376486485078017
1118232305263202304
1118048202769350656
1117578953693089797
1117578601065537536
1117539921655242752
1116427165145473028
1115003375421087744
1115001096454332417
1114643192106770432
1114364775780233222
1113947244456099841
1113692180919484417
1112842828734857216
1112217916315856896
1112152771166273536
1111189912257265664
1110935111346720768
1110836318395863041
1110408657345220609
1109950763328045056
1108695135943122945
1108520499154313216
1108518729925709824
1107689679942549505
1107438782700290048
1107437599394881541
1107375463406751746
1107374157606670338
1107372123490643968
1107370796417200128
1107160557621141505
1106964474806878208
1106645868533501953
1106077280734867456
1105387665027870720
1105385531578318848
1105384591576064000
1105382786293063680
1105382590318403584
1105382162042253312
1105361771659845632
1104876757365092353
1102759168287617025
1102330937893883904
1102066591955673088
1101960034894954500
1101747499973398530
1101747043809325057
1101746343280869376
1101727976612421632
1101142152514400257
1100874197226536961
1100304655148445697
1100073989538344960
1099844151796031488
1099360202158153728
1099359591253577730
1099040078918230016
1097314436333924354
1097000836863909888
1096985097327132673
1096453054956736513
1096452928439754753
1095723881900507142
1094398843532136448
1093270410345336832
1093267470138273792
1092835592692477953
1089243547516264449
1087646509275869186
1087645046269046784
1082544034353008640
1082543250378874880
1082539074441768960
1082535693602107392
1081400772791685120
1081400219407794181
1081399979007078400
1081388539831640064
1080030906054668288
1080019779736518657
1078519524910120960
1078516592122589185
1078513289628286976
1078512884986966016
1078509852605919233
1078509114609741824
1078487348201934849
1078328622753079297
1078326993958006784
1078132305586053121
1078131964777885697
1077309488997195776
1076615125484748800
1075866900725415937
1075865333683113984
1075827603611607040
1075815292649926657
1074533778436050945
1073894125974577157
1072027823294959616
1072027581275238400
1069735876089929728
1069734712585805824
1068568892233211905
1067824165372219392
1067823429670367232
1067822371912994816
1067821170890862592
1067820669109456896
1067135121524953093
1067134699749945344
1067134377019260928
1067066780789686272
1066499048046305285
1065765990724657152
1063702900155670528
1063663007308357632
1061669874232045568
1061381953612595200
1061380747431436289
1061380316319924225
1061377608837971969
1061376247337508864
1061358326770995201
1061056561785651201
1061055735922999296
1061055058387730432
1061053391239966720
1061052093560016896
1061050262805143553
1061048781309792256
1061043039316004864
1061042594740752384
1060971750387793921
1060679027365621761
1059671188983562240
1059670994384674816
1059670758194958342
1059670604066869248
1059249178180673536
1057323264853209088
1056593614560624640
1056373071320276992
1054838622417866752
1054838284369575937
1054817261184147456
1054178273301680130
1053921155952721920
1053917709182808064
1053917515045232640
1052586074797568000
1052580639210385408
1052578405491855360
1051044665590304768
1051039524594171904
1048033885597065216
1047384843951075328
1047382354530992128
1046682924395819013
1046271765838594049
1046271135434735616
1046270856127643650
1045508471276232704
1045505328316444672
1043003273374924801
1042661379029688320
1042661267994017792
1042661260779634688
1041908090214539264
1041907306479472640
1041869261482803200
1041093599721512960
1041088515088441344
1041087565481238528
1040425277635981312
1040043861588901888
1040043559825494017
1040043040587436032
1040042068989566976
1038482822850211841
1038481770247667712
1038283511579340800
1037550113873223681
1037214494496313344
1036313435422773249
1035378668179267584
1035376416475492352
1034327403584090112
1032031565197525001
1030251161008439297
1029239012739960832
1029235685893529600
1029235166093471744
1029082971582750724
1029082254360883201
1026116648657334273
1020544179498184704
1020541969234374656
1020062236268683264
1018974424811409408
1018881453407461376
1018881016897736704
1018710978433712128
1017593403050094592
1017593119372525568
1017301581421785088
1014694833527709696
1013878144166776834
1010679563632902145
1009460267464515586
1006925618213031936
1006222208388214785
1004069533022375936
1002791298741309440
1002038749096763392
999311761319911425
999068937454145536
998824901304700929
998824092370284545
992899802865156096
991684534176550913
991358354940280832
989512838376050689
988813281564377089
988813016358572033
987155130179973120
987155103558676480
987155065222840320
986648662280474624
984161151960231936
983411087759507456
980983134370938880
980924960519548928
979514595529261057
979444194182758401
979443873196879872
979443473660039168
979403696755818497
977681410705117184
977680662302871552
976933517929181184
976862996029956096
976861471895375874
976135298500517888
975848853395079168
975836191948865536
975465827968344064
975465629376393216
975464538853134336
975463739813081088
975463036524744704
975461911624957953
975461430618042368
975461343192014848
975445078188597248
975444767734550528
975444242343518208
975430381993213952
973704661378256896
973271342421237760
971467906696564736
970559877943779329
970559062520688640
968159450258427904
965115182992179200
964582537682145280
963832585213407233
963831726211440641
963517185720074240
962880524699275267
959818452641890304
959472654179807233
958401157709422592
958376543839023104
957988747655577606
957371053151580160
955648607755128832
954377164698341376
953527383067373568
953452087916093441
953377114476068869
952119410793369600
951138867591172096
950607079122796544
950402292938956800
949846910680096768
948221923544190978
946094433405083648
943901378195410949
943893697376215040
943887805918433280
943657850936614912
943244142943068160
943243280589959168
943241132909252609
941743354802528257
941444093913321472
941370063441088512
941080476730777600
941051853898420224
940752409747443712
939515959148126216
939067834101043201
938669997731336193
938669606046019585
938115258299842560
937924131336704000
937923574064611329
937901718309883904
937901139311329280
937900870863376384
937205688731803648
937080773374439424
937080763765334016
937080721973248000
937080582382673921
937052508584857601
936727151390359552
936724593171206144
936273031546200065
935991871989538816
935597894438129670
935186919369056256
935186718390566912
934197084873482240
934195157741613061
933813252282290176
933804709185437696
933137240145973248
931674388822446080
931673268540522497
931670694869504000
930619152385142784
928459326779510784
928005708003540992
928004536446406656
927390646519808000
926641310089596929
926328319972388864
926328197016379392
926327681720954880
926327223036076032
926320022938677248
925960100044509184
925135028757127168
924712511093559297
924670879350607873
924625051617546240
924030977831292928
923969971641815040
923920803346907137
923627159859728384
921969521581346817
921052345206702080
920864247558545408
920447281991622656
920447014550224896
920307228220973056
920206682516582400
919763409234784256
919033170800062465
918684295215984641
918684037048184832
918324910849527809
917776817158836225
917159202841415680
916857064168628225
916658951373987840
916568767169052673
916515075095126016
916236652686823424
916236276075917312
915602760288145408
915248892714848257
915248366208069632
914713187026599937
914177079146512384
913872768223019008
913871073669677056
913795293333700608
913495362697957377
911666187616088065
909491899009966080
909491416392282112
909239755363233793
908950641187414016
908709428127440896
908709072970539009
908152417761546240
907785722077224960
905904131298271232
905899559691452416
905091426236715008
903483173455069186
903482786459222017
903482353594523649
903482071020011521
903158111594201088
902279010008293376
901110330478260225
900247644458450944
897707995039182848
897706611816452096
897706315367284737
897646388095438850
897552518917398528
897218100466155520
896174680591155201
896025149711032320
895305562262581248
894940396605902855
894695413512421377
894618579362095105
893995808860884992
893995427745419264
893438193084710912
892140281671319552
892139067722407939
892130685514678272
891140274465808384
890955362584719361
890452063410417664
890446639575384064
889999674303631360
889217702384029696
889146246509633536
888464126149898240
888162908005322752
886788524019548161
886766322352234497
886766263334195200
886710319585738752
886710048176484353
886344652349210624
886116905563545600
885751801676406784
884863740251787264
884491574889005056
883788199604011008
883441648126087169
883435989347299328
882825346797768704
882621756975992832
881628366150877184
881628049329995776
880726586466619392
880534409786544128
880327190109315072
880327136690659328
880327012430233600
880326902954696704
880326675875061760
880326599135985664
880326358353588224
880326292347822080
880326225532600320
880326166502006784
880325867313831936
880325350210772992
880186203940638721
880184760445939712
878158803526717440
878154628487028737
875739567193804800
875523647187832833
875133136127934464
873755471617826816
873009303258406912
871515061386264577
871514740245143553
871514181954019328
871489465910296576
871261872250511360
871261729149247490
871261556176060416
871261464543150081
871261045800615936
871260680099291137
870344530507161600
869740290160025601
869481544758329344
868833142685057024
868829106170773504
868457903815966720
868457828968677377
868457719673397253
868456663149191168
868456555150102528
868456519070662656
868456484333428736
868456429153173504
868456355601858560
868456321036636160
868455708605390850
868455252759953413
868455003416961024
868454838052429824
868454732267831297
868454620355379202
868453880878612481
868453528930459648
866498778584330240
865969401027207168
863911280511303680
862000107247611905
861604557629075462
861604478298066944
861604411373740032
861603984393596928
861189054846586880
861176894380625920
860990338898341889
860989463631024128
860526676895125509
860526561803382785
860526460338978816
860230383052275712
859935784136298497
859766459626663936
859599586377289732
859169424623927298
859123481316913153
859068930756947968
859067566748291072
859067220198137856
859066528091844608
858675913701154816
858644199834607616
858615193764540416
858614853820403712
858494861393219586
858494619058937856
858494590705426432
858203002406133760
858202063116918784
858201135676612608
857972277618642945
857961047143088128
857959804245028865
857958947315224576
857845270750654464
857703856054128643
857703029742678016
857617288475942913
857599461937336320
857095036957319170
856271205988392960
856237793835712516
856231799709614080
855978338984239104
855916771601260544
855677544795783170
855675988528594944
855498484623052801
855498380092612608
855096100012863488
855095555013455874
854780708216352769
854732219218374657
854731775918080001
854534948274839553
854147980198281217
854147762090377216
853613091925495808
853613023474450432
853612960664743936
853447412706365441
853346987046993921
853346719127535617
853136322881396736
853136190068752384
852950869222064129
852950672899289089
852950496788844545
852950291196637184
852143419543736320
851057266753187840
851056486323068928
850785554174283776
850784694518022145
850704470048690176
850703578050199553
850703374634889217
850534403260514304
850512349433933824
850405659975839744
850405241149419521
850096948694700032
850096802749698050
850096383604531200
849970544053243906
848872013116702721
848215671645368320
848212590924894209
848211303781019648
848211051053293568
847306973016014848
846761307760152576
846734069878550528
846714300614037504
846443503328641024
846443436618190850
846443123513458688
846443041338609675
846191808774393856
845750191894388736
845741979090661376
845734439271485442
845734211638218753
845701441238921216
845678044404731906
845297466777878528
845296190266589184
845295122568794112
845143810740912131
845143547007328257
844900057228886017
844899852303515654
844309994124206080
844195120765263872
843248665984610304
842939258461548544
842771796923318276
842771646796591104
842771590345506818
841607972396650497
841281395477643264
841260065063632897
840956102292455426
840953253793812482
840665499050598400
840663671370076161
840278442176323586
839954264608882688
839662733721276416
839519737239453697
839401645570048000
838839439841357824
838604549979983872
838603226475745280
838599810181554177
838486764029300736
838485820071763969
838483551758639104
837676133214642176
837675686965829632
837675516811325440
837335435361796096
836946753114996736
836305392355409926
836305219831070722
836251541497655301
836027013035134977
836025759118536704
836025566977458177
835640284906209280
835198819310555136
835198179893096448
835197590987644928
834958902210912256
834814891986915329
834752544043843585
834744893981458432
834661465403568128
834449780902338560
834419302149283841
834419111530737665
834104672604528641
833902004061736960
833740199532326912
833117608715120641
833049336917405698
832988670038781952
832987675598655488
832103781647208449
831896721609412610
831894393812611072
831893942413225985
831498555533688832
831494574124171267
831317236711358464
831273708836761601
831173861777498112
831173657493921795
831173423355289601
831173022191063042
830832075993407488
830829935455506432
830498477851426820
830497865973825536
830497778723876865
830497606501556226
830236948602064896
830091383058944000
830090769339908097
830090338014523392
829838542889181187
829475934692573184
829430169999925249
829357496980615168
829356741443854339
829327874956128256
828998003591671809
828664870497300481
828662431073308677
828276476168507394
828276305846267906
828004866417160192
827949208980307972
827948838723928065
827948749364293633
827576680927600641
827411209561395200
827019691759595520
827002395423080449
826980852877971456
826656406170370048
826601416122843137
826488328765718535
825327212027068417
825071806243545089
824945504161263616
824259526727757826
824259318426009604
823236322970271744
822913777867759616
822808745415766016
822618016831643649
822482030634143744
822337498462437376
822337123873386496
821017886756048896
821017765695909888
820781792156385280
820781751685541888
820781256577269760
820780943376060416
820306619011579905
820152338409263104
820152029976915968
819969230103777280
819948646754095106
819927177277882368
819635866024886273
819629170313535488
819628079530278912
819240921581678593
819237929767804930
819237897819852800
819237240513691654
819236988360523783
818292121472012288
817900031957233665
817851289807843328
817776762352521217
817776719381852161
817776666340716545
817776531623833600
817187567045120001
817127351112835072
816526031158988801
816524703225483264
816446258093162497
816053860611555329
816052348594384896
815579859489619968
815569307577024514
815312882787348481
815096612179410944
814974215409561606
814973762521198592
814967070454665216
814605190468923392
814508139357806594
814504549717344256
814504018550591488
814503756817715200
814503558393581569
813968936068907012
813872163283410944
813867218987524096
813146469628669953
813140007531593728
813139122940497920
812747705390866432
812747417594499072
812674274385428480
812158342084837376
812067821375070212
812066744185581568
811405985910812672
811389879800233984
811279080008122368
810556982721675270
810458297421692928
810457672009060353
809808351676792832
809801271704162309
809801000940879872
809483546200915968
809427099593404416
809426749230579712
809184993763348480
808891381116702722
808711513607389184
808709506813329409
808709221185388544
808708659672915968
807773941913616384
807559592075022336
807325045450276865
807295519005536256
807273295020195844
806889139513806848
806885555896274945
806884881863163906
806540485573640192
805917840016633856
805138351292641281
804918115066707968
804765521736585217
804417652319985664
803858953889345536
803621452008357888
803298242066808834
802845372666224640
802631417440006144
801989080330407936
801937454458609664
801843246037172224
801806421339869185
801120114947096576
801072436221452290
801063907477495809
801060678333243392
801060335616688128
800322150406045696
799623069711138816
799403913493577728
799009426254532608
799009323447963654
797990495519551489
797922052355276800
797918394007900161
797918370314276864
797566231893147648
797564086431154176
797176372829585408
796754360244072449
796724665527967750
796525427116253184
796500144921321472
796473331230744577
796279591174144000
796270277952872448
796268244373938176
795800189416009730
795799511574540288
795799154236657664
795798919858909184
795797567825059840
794992922437545984
794992814727761920
794988487627960322
794988368958488577
794260855672082432
794040263995838464
794039535948550148
793671928200462336
792749172776632321
792377665550516224
792166581405188096
792067450745589760
792067123380101120
791809242403528708
791808466381713409
791804661955264512
791317417024753664
791316204610805762
791316059982819328
791315949995565056
789973798221148160
789973662304788480
789540268064116736
789539485146947584
788786778065035265
788436511746170881
787459560265179136
787264999702003712
787262853602537472
786594192482906112
786043847109447680
786043674811596800
786043055707156480
785300486387736577
785300110066356224
784770529995661312
784770416917278720
784399260603322368
783747542215454728
783746839388520448
783152707733295104
783149660982669312
782664469688320000
782664351593459712
782254816311599104
782229517356138497
781999677461803008
781953907350265858
781910755427901441
781316561332305921
781315755149320192
780445844042547200
780292863770763264
780292343245176833
780128823933333505
779756934777843712
779755333983936512
779755276039655424
779425429299920897
779398929557311488
779398924628926465
779397349722337280
779321106243031041
778696215458254849
777669963846979585
777521922607308801
777518317263327232
776859749572833280
776305223786754048
776075015070547972
775390121550024704
775027020971507712
774960054868946944
774959925134884864
774771625669517312
774646106135289860
774344313002045440
774303330210283524
774299175059984384
774298860768243712
774298054379773952
774297523376631809
773970162588479489
773682478137487360
773682124540878848
772605213878411264
771749586364952576
771748758803648516
770975833389498368
770570560581537792
770533913290743808
770228965164318720
770106998742548480
769666398553534465
769664661235044352
769587295276175360
769586632248942594
769515528314429440
769404667163996162
769080650309726208
769080594068303872
768873527214759936
768829702244933633
768827355947233281
768415813422284801
768077304262225921
767929608499032064
767929464533684224
767927274096173056
767927059188449280
767818333215391744
767818016394534913
767587655978745856
767514978643419136
767509125982982144
767508820520235008
767150250696073216
767149125439750144
767073960336863233
766857734679658496
766647202647252992
766646888930181120
766646627406909440
766303453010354180
766300875149217792
766300754466529280
765902581424123904
765897781508710400
765686304046718976
765685770510299137
765546266889781249
765363782289920000
765363651574427648
765363584113209344
765221209617424384
765064097662513152
765031824376508416
765031753056555012
764175133577715712
764175110655905792
764075071967076352
763738469931716609
763459564884922369
763223504141430784
763221616725721088
762668200261627904
762515173768704000
762375113199067136
762290384462426114
762288944260091904
762287843561439233
762164599911100416
762162745890385920
762128074477481984
761968513946755072
761967947271118848
761964627685105664
761963810823430144
761807227703353344
761805764382031873
761611047488729089
761591287099318272
761581026090942465
761363814499557376
761235213129097216
761235072833904640
761129323495616512
761127439833657344
760827305493164032
760825743232425984
760823845938790400
760546428162748416
760506230897053698
760324154218389504
759849561133383680
759848246827159552
759771398768394240
759765821015093248
759517830026887169
759367350000889857
759367223395753984
759366451962740736
759366300678311936
759035762654318594
758997308906151937
758835812238635009
758816759818268672
758736199867523073
758735155221508098
758450574228676608
758133809716027392
758097433356341248
758096262055034880
757691325928071168
757608365253992449
757575236141387776
757554935953297408
757552980505812992
757428778230349825
756862354608893957
756719953978327041
756697749228224512
756693146935791617
756196961292849152
756094086818459648
755943174560964609
755941964202250240
755941865233518593
755796995969781760
755488704311988225
755454055762231296
755057355520352257
754733846369824768
754733568576937986
754733140476829696
754431524238299136
754431372563853312
754301456208068609
754301358963056640
753991090013954048
753909775360987137
753793487120760832
753731451078733828
753731197163937792
753714838799544320
753711931551313920
753702246207086592
753596120207618048
753345579900661760
753246937281863680
752957743925952513
752881556411351040
752621394832322560
752620408696893441
752509539061235712
752266911983935488
752108179182522368
751784112759926784
751601650893201409
751511689388896256
751419807208239104
751282496034050048
751053396690497536
750831712846778368
750736502427095040
750453713303580672
750445881975975937
750203652246085632
750108177618706432
749975175928565760
749713839415959552
749619745691959297
749366048479059968
749333093337608192
749275327055204352
748898645899083777
748610826949431296
748569519287730176
748401208851722240
748217982803836932
747522166501969920
747521966207172609
747507304627470337
747311131564204032
747293715488612352
747288587553509376
747288031791480832
747174424735064064
746872867225120768
746072596299472898
746004993799491585
746003757339713540
746003042252783616
746002578304081920
745994955542433792
745994576352149504
745993841942069248
745381372034945024
745377767865229312
745329983086825472
745092171028652032
745014875936546817
744573357761269760
744431996131246080
744334898727522304
744056138359005185
743534372133822465
743156882806702080
742909308342390784
742824442552713216
742114517794971649
742074132788064256
742041345766916096
742021148309880832
741887079118819329
741795688456019969
741794305518514176
741721427598938112
741424718863966209
741099883998777344
741092660841091073
740984825738231808
740374669874868224
740080444423569408
740048353891876864
739999973392060416
739622872142860288
738490133305905152
738081441037193216
737084618881400832
736990661946138625
736645981605765120
736426628226502656
736425456216444928
736423977329917953
736421705313226752
736421000078708736
736420304902225920
736418961449877507
736354402483634176
735936302017716224
735376472949567488
734690215445581824
734262395565002753
734260654668845056
734260320663797760
733816749477482496
733790405020418049
733457324317147136
732826081582014465
732811028925427712
732262597903323137
732131611190267904
731611928532029442
731387216748941312
731333389513412609
731333192116899841
731333002265911296
731328047685591040
731228784532148226
731202216598622209
730911694403162112
730564153492955136
730141370078220288
729422398852763648
729371043576594432
729069053264969731
728721512362991616
728313826605551616
728221001910226944
728011354997559296
727685987803930624
727618494812979200
727210810922008576
726908567966511104
726591225625763841
726198385275891712
726108144032583680
725820649495646208
725705469197578241
725488460853706752
725148127158763520
725147909419884545
725147865232887809
725147778448510976
725050323857874945
724747830695321600
724674219917873153
724424695341162496
724401691936710656
724401683569111040
724195680189747200
724038153330270208
723939032267268096
723677272763301889
723584917909606400
723348416495910912
723222279115563008
722874988542361602
722602946219773953
722165060555001856
721832620363911168
721066574287757312
720779431485149184
720009106581381120
719646462859223041
719031204754788353
718861292019187712
718559052800745472
717471922938900480
717169645053030400
716904781386649600
716904573353336832
716776805412110336
716444617298718720
715976029550972930
715704238366597120
715386896185098242
714606826969559040
714601472860684288
714564015566008320
714196799934758912
713876215317159936
713850963837194240
713513552003203072
713181111661146113
712869706974306304
712868714434179073
712803620274614272
712577704776695808
712479757389193217
712380586128584704
712107599567585280
711988000574414848
711708912601333761
711255425706909696
711179655697424384
711170112615804928
710953181455323137
710742979485372417
710742756164030464
710635839986864128
710269854129848320
710182605065420802
709993400284651521
709992674317697024
709940760741687296
709548172939427840
709512700628484096
709267300898082816
709267130408042496
709267017904197632
709266730745331712
709266591783854080
709266404030029824
709266141756043264
709169931321872384
708837742843727872
708704656042684417
708699865904234496
708681527153000448
708680596281806848
708444902636408832
708021866347126785
707764928673763330
707401557294260224
707341633990230016
707300599147192321
707105388357758976
706737185140002816
706736869606699008
706675493240598529
706222509041930240
705924280450740228
705557631276978176
705335758714851328
705335548106268673
705335355545767936
705335239028027394
705335047973253120
705119239456186368
704816998572621824
704769635166519297
704753207847882752
704514756372107264
704426659508654081
704091970348519426
703668933052620800
703426842443784192
703048847186989056
702656009001529344
702545421755817985
702319921443840001
702308719808217089
702275339611799552
701930980676796416
701835144089309184
701553493476188161
701317367800926208
701205955099242496
700813115307352065
700510621603762178
700102934843895810
700021553811951616
699710098805895169
699501767021584384
699362308561055744
699086772966289408
699086716183838720
699086669757087744
699086631169454081
699086590274998272
699086498742665216
699086456954826753
699086413724143616
699086372120850433
699086328013549568
699086260351021056
699086205195948033
699078016081637376
699077998411001856
699077217112854528
699042450745085952
698660404780621824
698649861286047744
698271872576663552
697954780719624194
697952701351526401
697952599232806912
697952553347100672
697952485625896960
697952444253233153
697952339806670848
697951955193233408
697932275808251905
697654023646621696
697651651830624256
697651614027395072
697651573829206016
697651528262221825
697651479981633537
697651439657574400
697651355515691014
697651313270599680
697650966120665089
697650900458864640
697650845354045440
697650793936080897
697650749853970433
697650661769359360
697638795693326336
697638738311053312
697638689422180352
697638617133375488
697638554315284480
697546961365274625
696733190505902080
696540384961261568
696503396489154560
696431277105262592
696428475587006465
696195392644517889
696126233562644481
696020031944019968
695763845684469761
695340808069713920
695008619880800256
694682195848359937
694663919403687936
694661225288986624
694660071855247360
694282333050961920
694223924813520896
693949640564088832
693541954991206400
693492025807605760
693362671752581120
693194163056054272
692932690992074752
692867352023535616
692846636435779584
692483990306082816
692208928239849472
692208778322776065
692208567647145989
692208071041490949
692207851700391936
692207258642616325
692135185232564224
692121758820859905
692115527968374790
691711895993081856
691505504187609090
691504277039132672
691504021849272322
691503417198415872
691503057440366592
691502867451019264
691502292357378049
691425009907007488
691017067839901696
690639328012140544
690367286650257409
689952350623105024
689943745270304768
689895147031568384
689835690587107328
689596457037398016
689218719071899648
688931575598219265
688623177434398720
688530431700893696
688492580410126337
688215478171402241
688031902394138624
687744756168785920
687427417099636736
687377054489169920
687034828793876480
687005974696050688
686946835164823552
686672189257428992
686600420572020736
686375057866776577
686339246634872832
686274751963230208
686213108419923969
686000513029025792
685845974640496640
685607673643962368
685508280253321218
685245285350551553
685167775002710016
684894975989923841
684519756578164736
684222609395941376
684215974380355588
684154852465750017
684042865115136000
683747168545447937
683444923215958016
683082032075833344
682689193970012160
682310953543823360
682024060566421504
681661421617168384
681476463271395329
681281920999673856
680904184317657088
680552043455447040
680526442665361408
680502240495312896
680500519324876800
680500276806078465
680499436322045952
680497132332134400
680489450695098368
680488882622849024
680163047374073856
679921480684077056
679921438535454720
679921400165969921
679921339126292480
679921288521973760
679921246927097861
679921202056564736
679921143453618176
679921105218310144
679920351539675137
679920298569809921
679920261219483649
679920225324695552
679919478780506112
679919423860285440
679919367358820352
679919307694837760
679919251973517313
679919195459436544
679919143643004930
679919061740879876
679919004761247744
679918943117553664
679918852575080449
679918781854912512
679918720156741632
679918647549104128
679918562362822657
679785561863794688
679565836621750272
679562549180928000
679453120607330304
679421258287603712
679030084104118273
678712744808349696
678504961530032128
678504633598386176
678392879778279425
678319909374328832
678243146136813568
678032760582242304
678014389153226752
677971103000608768
677927062271733760
677747157533777920
677747087107227648
677747022103904256
677746931687272448
677746810417360896
677746743753072640
677746658436710400
677746596604329984
677746469915398144
677746425032081408
677746276939599873
677746224087175169
677746141195177984
677746072236613633
677746005933080577
677743581973446656
677743225449267200
677742900650741760
677742642726223872
677742488409411584
677742404762374144
677742277905674240
677742189439414272
677742083277381632
677742011177263105
677741832621547520
677741763570761728
677741671400923136
677741609144872960
677741411219869696
677741307171700736
677655521965535232
677594621355016192
677305383262793728
677247586265227268
677222825539723264
676938699016421376
676856506961162240
676538415186182145
676506626501791744
676504649772347392
676234258260754432
676176028553744385
675783203869749248
675481205941264384
675382293628784640
675146486099935232
675146328134066177
675146262761578496
675146179517292545
675146089696227329
675146036441128962
675145990911979520
675145930480492545
675145840151937029
675145793528053765
675145731343327237
675145670320345088
675145597024911360
675145526116024323
675145442406084609
675145338160857090
675145273576935426
675145219797577730
675145125123784705
675135920429998081
675058164111417344
674984423293513728
674725729892831232
674670856526626816
674406455450034176
674382959000989696
674347982691536896
673290784926359552
672980253120339970
672898196679471105
672520439780872192
671825863847968769
671266677586157569
671168813690437632
671168758501777413
671168723328360450
671168692475052032
671168628163788800
671168587265130496
671168554763476992
671168516960202752
671168479148511232
671168444864286720
671168406821937152
671168373657571329
671168337951477761
671168299896610821
671168266623127552
671168233790152704
671168188202278912
671168157139226624
671168122922082304
671168083151749122
671167850720182272
671167555369869312
670279421069168640
670014186034872320
669669651287150592
669554897579196417
669305501537009664
669243594495016960
669190245896708097
669185367350775808
668854040642478080
668600400430301186
668572192095891459
668529598607458304
668117936364634112
667866556769046528
667865363405799425
667862500675743744
667787735919300608
667497085457960960
667444996031778817
667421920636350465
667421719720828930
667162151698624512
667100724111785984
667043601851875328
666825233987276800
666825185027190784
666825144149540864
666825104261709824
666825058086621184
666825013601824768
666824956097900544
666824901014126594
666824842860064768
666824788573208576
666824741290815488
666824678372085760
666824616996769792
666824537950982144
666824481092952064
666824414281883649
666824345600131072
666824257972801539
666795719919927296
666790866732756992
666790750542151680
666645786436894721
666404979436036096
666289878624157697
666072455081934848
665919245532962816
665918486326177792
665914010869620737
665805399057113088
665804883526856704
665804560032776192
665804045412646912
665803888335941632
665803800553373696
665803566821597184
665803433283317760
665803147533795328
665569384505589760
665204986716884992
665039477509742593
664946963100495872
664914068575129600
664676614907764736
664674514064789504
664646946364092416
664566526524002305
664480381643583489
663796452146065408
663539510223867904
663181258407591937
662761617617088513
662391696982851584
661681268132704256
661379020332793857
661001285269721088
660907918527598592
660623294043787264
660110413040742400
659807672422666240
659807141704810496
659589438276661248
659589346132029440
659589284140183552
659589070889193472
659589015444701184
659588934612049920
659588883420590080
659588829125349376
659588772208578560
659588720677421056
659490579785449473
659468819732307969
659468476126535680
658780653186453504
658448464003502080
658330679462105088
658070502213226496
657377432530382848
657375264440102912
657374930464473088
657374593791885312
657374283862175744
657345443249057792
657256941576658944
657256658721185792
657236227620339713
657189479854182400
656944321564921856
656944141419565057
656943682340442112
656943444095598593
656943093812473857
656663716641927168
656663655946174464
656663538618908672
656663445291438080
656634937337073664
656634604250648576
656633732548423681
656632949681594369
656560022420217857
656272621248491521
655950527574863872
655950363757907968
655950246153863168
655950103828566016
655949911637159936
655949604316278784
655949351492018176
655849584418160640
655532494633091072
655437624769798144
655408678581895168
655169859693637634
655110220734074881
654837670921703424
654672464807460864
654386981162450944
654182625326665728
654182592640499712
654182555885830145
654182516216041472
654182473643855872
654182432770404352
654182394019188736
654182326201483268
654182215442542592
654182136350568448
654182073150795776
654182037490761728
654181947237777408
654181883442388992
654181789074767872
654181707214516224
654181667226042368
654181595201470464
654181520014372864
654181467971387392
654181394772398080
654181321309184000
654181254783369216
654181193122902016
654181119928086528
654181052303278080
654180989728485376
654180940164395008
654180806777180160
654133571100127233
654133476170469376
654133378615083008
654082694075150337
653689852160937984
653261786804649986
653021800226385920
653021135374647296
653020730091638784
653020156977745920
653019283287486465
653019170657800193
653018706813976577
652563181416505345
652498360318844928
652202808750424064
651572124943958016
651572081155379200
651572031360622593
651571956932698112
651571887659577346
651571808370470912
651571742410801152
651571615512199168
651571526500638720
651571461178585088
651571352168611840
651571252826497024
651571145796222976
651571029265940480
651570932570415104
651570860826849280
651570619448885249
651570449638232068
651570356742819840
651570289873018881
651569790973116416
651569747666989056
651568803164217346
651568758536822784
651568715725582336
651568674545885184
651568637652766720
651568292256022528
651568252770844672
651568042040627200
651567993369919488
651567912164036608
651567862625079296
651567811253264385
651567770040070144
651567731972530177
651567689664622592
651567647843184640
651567605568765952
651567556700954624
651487728056430592
651487725082685440
651486670299107328
651475773463773184
651112376071094272
651027587704053760
650402191061090304
650022534356664320
649960683610636289
649753808860418048
649743599240769536
649645897450545152
649017571132370944
648642600275021824
648552252844564482
648502252173299712
648502111886540800
648501946240757760
648291295434158080
647822446473539584
647458295196708864
647137179592884224
646746868010061824
646567548062838784
646567503506763776
646567463958679552
646567424985141248
646567361982566401
646567319217422336
646567285486784512
646567246702100480
646567195607044099
646567159271833600
646567110450155521
646567068767121409
646567034780684289
646566997128429568
646566954891804673
646566907361931264
646566869546086400
646566828148310016
646566790777061376
646566755293229056
646566720967061504
646566640629362688
646566594529792000
646566550493749248
646566511339958272
646566462400802816
646474311222489088
646109156269666304
645691902776356864
645397719729635328
644990536009433088
644757900552896512
644757847847243776
644757756759552000
644757698689417216
644757647816683520
644757586659508224
644757536361418752
644757468690563072
644757420653187072
644757350792888321
644757293851021312
644757217392984064
644757134454861824
644567755446841344
644295451185836032
643823851944570880
643459449990975488
643141857698967552
642854712870465537
642431927316680704
642053686189887488
641706152112164864
641359863415570434
641273970927407104
641056367147507712
640558081420558336
640255592238419968
639953600324571136
639666031896621060
639560760943775745
639204156863942656
639136964214558724
638979333751619584
638979230206832640
638979143162458112
638979085092282369
638979023087906816
638978959292567552
638978866476744704
638978795328790530
638978731034279936
638978598850789376
638978526482268162
638978455795666944
638977622676865024
638977531882790912
638977464740384768
638977387049259008
638977310092189700
638977231478353920
638977177954881537
638977080969957376
638976934756548608
638976859187744768
638976794620596224
638976687628128256
638976601682677761
638804523553689601
638487191799230464
638063897266655232
637686662479220736
637386185740939264
637358956034281473
637291615300620288
637127866866515968
637051726114107392
636690850064437248
636642659025596416
636427068192854016
636427009510408192
636426963482087424
636426915339866112
636426866962796549
636426822146588672
636426759622135808
636356896195149824
636039051611533313
635964563326767104
635828542945624066
635828277848862720
635828139755606016
635827890894979072
635551306430570496
635525673382076417
635296548486705152
635177126342213632
634817762116812801
634528605343731712
634234442614095872
634234386876002304
634234342642872320
634234297042362368
634234254780555265
634234199591907328
634234151906906112
634233982159204352
634233901188145156
634233848218304512
634233786285199362
634232887349411840
634232785620742144
634232705903755264
634232603273334784
634232522826604544
634232434284892160
634232326747062272
634075365997019136
633728325895086080
633719606088237056
633379778318327808
633077533752164354
632448212461203456
632447977336913920
632447579519774720
632424748161499136
632387772330979329
632246576816099328
632011005544034304
631966716994519040
631914128639025152
631684278422646784
631684058875998208
631683873202573314
631683758140198912
631683569455271937
631683386352861184
631683245713698816
631683111818891264
631682884353396736
631682707630657536
631681335589924864
631681099970707456
631678785142657024
631678533987790848
631678351187402752
631677936249147392
631677768766369792
631677564390473728
631677398698754048
631677190564802560
631677022222217217
631676734966857729
631675921481601024
631675593394810882
631674713102651392
631674061639188480
631618122907160576
631618008289447936
631616696399196161
631616504748859392
631581435015487488
631264084302823424
630831502381547520
630559224880214016
630130870351859712
629806480456179713
629753132524834816
629717772507856897
629717460204154881
629717173787688960
629716750762799104
629716442053652480
629716086808653824
629715684226789376
629710392042729473
629710269510332416
629449514370240514
629381933055631361
629070380477497346
628968573436739585
628677795594383360
628330504966774784
627892367597506560
627539796739555328
627529982592483328
627262469501665280
627245837937061888
626920717582405632
626845219690934272
626764405246689281
626764245015883777
626763837090459648
626763418876276738
626763292212531200
626763103879823360
626762732428263425
626762529541357569
626761066614247425
626760925060669440
626549773626028032
626276276857401345
626244729550839813
626244577922535425
626244111398502402
626216325971492864
625845632347934720
625843228718166016
625843151551344640
625842890342662145
625842767806140416
625842636537004032
625842504764526592
625842363747840000
625842197837955072
625842055575568385
625841909093675008
625841780378898433
625841636136763392
625841423833628673
625841277376925696
625841122758148096
625840988699803648
625840848752656384
625840692053409792
625840531193507840
625840188602781696
625779196703322112
625489038431006720
625415800908689408
625116089610039296
625102303469674496
625042844600832000
624997040997535744
624732297451810816
624660325384630272
624357076270100480
624298542845308928
624298126690664448
624289715622158337
624285192824455169
623993426929844224
623640100795125760
623577687219527680
623231912673325057
623161060263133184
623144241472995328
622898715976581120
622862890119249920
622861398977216514
622475677925642240
622188285490675712
621787598399275008
621787384678518784
621787034307301376
621786882729357312
621786700985929728
621764505404616704
621477352707506176
621114711820513280
620736469691314176
620267882820190208
620014965613707264
619688605749874688
619677778649198592
619675750606704641
619675695292252160
619675296632074240
619632444572971008
619323350754701312
619284905579556866
619209700849123329
619209441611751426
619209241165987841
619208959304572928
619208763925467136
619208591069835266
619208377885921281
619208138672205824
619207831678550016
618973495289094144
618961008904806400
618492179489488896
618445716269199361
618445505568313344
618445237921411072
618444902406488064
618444668091633664
618444382358925312
618444189475434496
618443882649526272
618443604999184384
618443343916351488
618258342364839936
618154380433465344
618154127214968833
618151431640477696
617849192879255552
617410827012866051
617147319671132161
616823009957928960
616700375584759810
616346290260193280
616102291972591616
616034991126908928
615996736297828352
615986118383792130
615906643654504448
615670082950160384
615625892577058816
615595693986684929
615325060228710400
614962422659420160
614558757054320640
614508691576913920
614191356546682880
613857894866358272
613804273990701056
613420010040496128
613147710732906496
612414634339889152
612321371348201472
612043440654671872
611735737591951360
611620401211269120
611566861671645184
611386056391262208
611386005661220866
611385957661540352
611385893597745153
611385804846297088
611385730556784641
611385653431922688
611385587946274816
611385546179391488
611385489426247680
611385446883393536
611385364926693376
611343576656510977
611272034144784385
611271188657016832
611270946574348288
611034387161837569
611034283931668480
611034161650896896
611034103467540481
611034006734245888
611033954573881345
610965839160868865
610542043270524929
610194253008891904
609846461933563904
609509896082620416
609498920473882624
609411726631661568
609166231074004992
608879190088114176
608879099549896704
608879029257527296
608878958889689089
608878895236931584
608878842220912642
608878757206593537
608878691645411329
608878627254501376
608878558950232064
608878473055068160
608878419766484992
608878365731258369
608878285519396864
608878230624280576
608878161825153024
608878098054914049
608874109032747008
608874065097412608
608874000551256064
608873970452942848
608873940568571905
608873914979094528
608873877746245632
608873850827227136
608873823337762816
608873797668634624
608873768191074304
608873749845151744
608873726923243520
608873686129479681
608873659172724739
608873627488931840
608873591229145088
608873566394667008
608873535704932352
608857736705507328
608857671123345408
608857606015164416
608857548154785792
608857489694588929
608857419855167489
608758040733454336
608422831249059840
608062207176372224
607680012863598592
607669871640379392
607349761159524352
606972023034642432
606657673853935616
606657628345761792
606657572599242753
606657513451159554
606657450519887872
606657393976475648
606657299650732032
606657256885612544
606657207959064578
606657153579913216
606542187518521344
606305502042193922
606261086006865920
605868247905214464
605519448628289536
605156809234472960
604815733134991361
604808766186360832
604539619514810369
604539254400675841
604415927610785793
604360992110317568
604359938379485184
604359782196199424
604359676352942080
604359550104379392
604359471863873536
604359250840834048
604359009450266624
604319264481280000
604053288036622336
603751661400629249
603751619671490560
603751569264349184
603751509071888384
603751466046730240
603751370328559616
603751324333768704
603751261847035904
603751196281692160
603751124768817153
603749957594718208
603749879215693824
603749812354347010
603749756188422144
603749700089585664
603749634343903233
603749574289838081
603749506144960512
603749463719583744
603749421872971776
603749351870046210
603749276645236736
603749216041730048
603749128695349250
603749030334746624
603745760186912769
603735444749033472
603602557370503168
603602397269745664
603602233700294656
603602028158390272
603601865251631105
603601717062725633
603601605364178946
603601400795377664
603601235304968192
603601073736134656
603600909835358210
603600550396108801
603600395198423041
603600235475181568
603599953739517953
603281706754318337
602948005017190400
602645008450093056
602235309330280448
601871914970165249
601851281011937282
601839121871609857
601838875376492544
601783146305032192
601782843899924480
601782607299289088
601782393679138816
601782258962305024
601782096844042240
601781969161048065
601781547226697729
601781352921370624
601781184268369920
601780992777461760
601780829996494849
601780630670577665
601780455784873985
601780092017061888
601779807412617216
601505542792617989
601214237688471552
601214149658443776
601214100945772544
601214056284848128
601214011724562432
601213937175040000
601213889376751616
601213845139423232
601213796162543617
601213748066451456
601213706899365890
601213656752205825
601213610577121282
601213556739051520
601213497364492289
601213448819576832
601213400740286464
601213357824159744
601213314119536640
601213271396339712
601213225934323712
601213170405875713
601213041145851904
601212927287250944
601212818990309376
601212680796446721
601211713904508928
601180106602622976
600909139083022336
600909094904471553
600909033235554304
600908956060389379
600908912984854528
600908870131654657
600908788099485696
600908740590571520
600908694000250880
600908652329873408
600908603034206208
600908559392509952
600908446481780736
600908360255287296
600908310909308928
600908263425638400
600908218684952577
600908160568700928
600908109532401664
600908057195909120
600907993975107584
600907908956598273
600907848512512000
600907788735250433
600871007327387649
600870869355737088
600870700451172352
600816964265594880
600423620721053696
600060481471057922
599651285835485185
599363889147486208
599001001215930368
598736724928253952
598736642124292096
598736559878250496
598736494556151808
598736420052738048
598736278956298240
598736197540708353
598736076002328577
598736004833366016
598735844665503744
598735724704182273
598735648149753856
598735402413871104
598735231718268928
598735173824315395
598735084401786880
598653207061991424
598538131160326144
598537865212080128
598537465352290304
598305413545660416
597926669115006977
597640379043680256
597640322055733248
597640260063920128
597640193005326336
597640138525515776
597640083416567808
597639844588695552
597639734572097536
597639643782205440
597639549834002432
597639454019358720
597639331507884032
597639275497172992
597639177010679808
597639089798549504
597639021406261248
597638921925701632
597638830695395328
597638715893100544
597638646188019712
597638543507259392
597638451173797889
597638354302185472
597638271921881089
597638213566529537
597638091210293248
597637978094088192
597637920170737664
597637863702827008
597637780110323712
597637705946664961
597637591454785537
597563273718804480
597522757430026241
597463675138666496
597245682731261953
597155335539830784
597145352530169856
597068584402030592
596990294496649216
596990138749558784
596822391625383936
596727324403335168
596724412411326464
596724058500177921
596723700394692609
596686606695845888
596681297268973568
596680564154970113
596680486036086784
596680311934722048
596489701512458241
596404651907387392
596404020190646272
596403600777031680
596403218516574209
596402871630856192
596126211627094016
596111709917421568
595964537804705793
595964152247496704
595962439356678144
595672820635566082
595376112328253441
595309925363945472
595029580458528768
594697197020643328
594695418958712832
594627932951195648
594323289406705664
594323241784582146
594295239826771970
593856852275789824
593801595730669568
593659418085982209
593659342773039105
593659150749421569
593659046982393857
593569207641444352
593458004298727424
593446131587223552
593433416504352768
593432494466293761
593432369962553344
593432238232068096
593432127523450882
593430975570391041
593430872243740673
593430729368952832
593430565816242177
593430429170081792
593429148141559809
593429008328609793
593428832746635264
593428623220207618
593191214377144320
592813228675223552
592801048923865088
592800598220808192
592800076042493953
592799792905981956
592799542728335362
592798784993759233
592798182150696960
592404531847168000
592116888823468032
591753995250569216
591535088858333184
591501224957976577
591435592417857536
591375249582600192
591339764713787392
591108515055284224
591108488752857088
591108440312786944
591028463718432769
590960266386407424
590754733222146048
590754102692417536
590729702492545024
590676897899614212
590544096650989569
590543902026964992
590543737564069889
590542855065772032
590542719036030976
590542556859097088
590542368773931008
590542198309019648
590329093935202306
590253357006094336
589935530445410304
589587973160587264
589195133330952192
588897571294220289
588897505972097024
588897441514008576
588897139280875522
588897078924836864
588897011392385024
588896964156084224
588896920216547328
588896869381607424
588896814541058048
588896757217513474
588896692553912320
588896640599097345
588805567046520833
588724075738095616
588588044728438784
588587986029137920
588584828443824128
588490996511416320
588355755809574913
588065442301902848
588018853910867969
587778046716837888
587415408702988288
587067870208659456
587019426857353216
586744600569761792
586674778448076800
586417586839011328
586367161762840577
586367046251712512
586002185059569665
586002074367721472
586001975793197057
586001935267799040
586001859426426880
586001746893213696
586001688894386176
586001610096021505
586001556572512256
586001472891985920
586001408987508736
586001338229592065
586001268922920960
586001196764102656
586001116745183232
586001000168755200
586000907633958912
586000811789979648
585925843597201408
585602032767205376
585548104700731393
585230259861106688
585167606534934528
584880455503089664
584804452390969344
584644897954738176
584643868018155520
584550875412074496
584550764904755201
584550074115493890
584458171638390784
584450589746003968
584155428453384193
584115171217514497
583697158928404481
583400198656757760
583037560718413824
582629625043402752
582251883722493952
581934795870994433
581602352458641408
581592046814674944
581291347732140032
581291309580693505
581066893265494016
580877578380050432
580530038535258112
580137452699979777
579805014203310080
579718744982851584
579527165739462656
579366875663970305
579079987111677952
578950576450351104
578950443444776960
578950347151970305
578950250636783616
578950110001823744
578950005647527936
578949914794725376
578949780585345024
578949583264333824
578949107978371073
578948891464241152
578948804784693250
578948718323351554
578948625700499456
578948412910891008
578948261458755584
578948173567123456
578948088385052672
578947998563995648
578947910567497728
578947803105226753
578947673408978944
578947526084075520
578947361289830400
578947254301556736
578947100609617920
578947007106043905
578946815334055936
578946433459433473
578946280098914304
578946175220363264
578945964741804032
578945864795717632
578945769450819584
578945669185961984
578945570405941248
578945468379443200
578945270357975040
578945145426481153
578945064191164417
578944954690473985
578944856657039360
578944702054973440
578944598115909632
578944492620759040
578944382922985473
578939647352418304
578939494239350784
578939398202355712
578939290673025024
578939162495098880
578939070329462784
578938965941624832
578938867769720832
578938755827929088
578938600177287168
578938484284530688
578938359600443392
578938247398584320
578938118625042434
578937994498850816
578937881814679552
578937713329487872
578937368599658497
578937203197239296
578936874787430400
578936707673825281
578936139442102273
578935829235531776
578795286186713088
578795240837922816
578795184709705728
578795129139437568
578795066736521216
578794975103565825
578794932086796288
578794798871527424
578794624879230978
578794494381801472
578794451734138880
578794406314037248
578794271932747776
578794217725530113
578794081012207616
578794032450531329
578793706653782017
578793521856929792
578793456878768128
578793410225557504
578793277521952769
578793144042459136
578793094079885312
578793022944477184
578792915046047744
578792724091940864
578792673009532928
578792596853497856
578792546815488000
578792341131042817
578792279436996609
578792193097216001
578792118648356864
578792059777101824
578792006865920000
578791898636124160
578791803899371521
578791554774515712
578791210753474561
578791031107293184
578717345499103234
578583557150388225
578339860898926592
577947020394008578
577569535202447361
577206888351207424
576889046200274944
576541005320605696
576488433792618496
576487580344057856
576486076648308736
576485828702027776
576481432685576192
576386675519201280
576382308762157056
576229962807578624
576229598817431552
576178616666456064
575755582587559937
575551811937038337
575551727652487168
575551611965153280
575551510106501120
575551391093157888
575551297107148800
575551167922634752
575551075815653376
575550515553112064
575550442874212353
575550369838862336
575550265446760449
575550164649263104
575550099276828672
575460948946784257
575386653537083392
575330580109205504
575327940449189889
575053954385469440
575045398668050432
574750456510992384
574353846136233985
574006053131587586
573729527664267264
573729467039813632
573729378233753601
573729311523373057
573729255281942529
573729192090583040
573729112545566720
573729053208764416
573728957570252800
573728894672506881
573728841480282112
573728786606239745
573728725587505152
573728659699183617
573728547153403904
573728478593347586
573728384146010112
573728301950365697
573728254206455808
573728198397034496
573728111004545025
573728050455560192
573727993731805184
573727917936541697
573727848613044224
573727097480331265
573727018316996608
573726944979652609
573726858862178305
573726785424093184
573726662522576896
573726573506908160
573726506133803008
573726426802753536
573726301250457600
573726222426857472
573726116717842433
573726019368026112
573725952238166016
573725858399002625
573725791118188544
573725693143478272
573725572704038912
573725404713721856
573725278951710720
573589052940660736
573566802296508416
573166023064469504
572946954088366080
572946197461143552
572910018766372864
572848681420001280
572664358053924865
572663969275506688
572487042044567552
572140002806640641
571966917302489088
571866202437386240
571397863428632576
571054975586971648
570687692150874112
570340145678807040
569962404328574977
569584666857971712
569320036751446016
569237130091712512
568889333085659136
568627573690744834
568614083064258560
568541800673054720
568302885064192000
568302835768492032
568302772468068352
568302724095160320
568302675999080449
568302602321965056
568302531173965824
568302476522180608
568302423606829057
568302363766685697
568302317281214465
568302269558468609
568302185005518848
568302128881475585
568302077249613824
568302009683542016
568301781794451456
568301711585980416
568301627938983937
568301500771885056
568282167165390848
