1330012452285788166
1329878925384814605
1329856823529271296
1329844352613494798
1329484825539928064
1328762537651752960
1328725376474902532
1328701069174534146
1327005703802765313
1326641524449292288
1326634478689644545
1326557076965875712
1326554099752464385
1324499075958558725
1323630412292259841
1323324804594724864
1323269778149056512
1322583524575080449
1321932413061206016
1321121474648813568
1320550932082577413
1319696284912111617
1319451905664438272
1318993867140628480
1318991957666992134
1318982391197818880
1317166031706542080
1317123695404404737
1317118918595497984
1316480439356289024
1315480930044182528
1315475229469097984
1315474620825260032
1315125845283938304
1313937791672291339
1313672109898563585
1313201650765623296
1313164356771893250
1312170763441459200
1312087574777860099
1311867388393029633
1311133144918130688
1311001369462136833
1310246968782921729
1308884053093908481
1308801018768109568
1308437274686881793
1307482082453716993
1306777576766087169
1306777192265900046
1306772719619407873
1306766377571758081
1306549863203643392
1306237821003476992
1306012785093083136
1305587353352896512
1304974058375839744
1304918239953199104
1304799143513198598
1302429527990136835
1302414762685337601
1301634048977260544
1301543834262728704
1301123476061904897
1300998995528089600
1300997216971231233
1298992711253364742
1298787075777531906
1298763390903554048
1298613157968183296
1298451762450509824
1298303202333536259
1298090149323186177
1298087059001942023
1298027018999734272
1297879370825191424
1297172717553233920
1295500817630466048
1295340505883009027
1291471230206226432
1291273100789604352
1290711921084084224
1288287618099220480
1286968375646670849
1283582825917288448
1283575592399634433
1283510078579015681
1282774576775286792
1281721888562126848
1281651709069099008
1281651268369305601
1281617871970369537
1280926969056702465
1280918037819002881
1280681292145856512
1280659307391070210
1278294115776630784
1278292730536513542
1278290965749530625
1278097444589514761
1277691515373006848
1277250656777179136
1273977109241880576
1273712245420277763
1273618728857612301
1271592436058423296
1271592001260191744
1271591197224697859
1268955266885783552
1267533561147637761
1267475981499011074
1266871968424394752
1266409500262760448
1266201040313102339
1266111563917910017
1266097698740060160
1264672343059828737
1264658464514637835
1263773993233977344
1263286483143790598
1263284051068190728
1263147033860472832
1262473967249625094
1262124751658647552
1261815587807866880
1261029774014722059
1260673350080303105
1259661676808474624
1258837692298809345
1258793602647547906
1258775251938414592
1258756967570518019
1258111229232586753
1258082538196799488
1258074344955228162
1258070188643299328
1258054039603986433
1257674046797463552
1256670970296897541
1256600199973216264
1256397550019661829
1256377830474162179
1256322350674395137
1256251498671079426
1256251047670165504
1256249794965749761
1256218348884561920
1255995410646212608
1255614219506143233
1255613370381881344
1255579738732662786
1255567027483394048
1255567026678124546
1255567025847631875
1255567024971005954
1255567024077656069
1255567023238778880
1255564322127982594
1255176824587501569
1255155359322386432
1255152774641258496
1254847207775354884
1253693396528640001
1253531647942823936
1253421479791693828
1253317605328330753
1253090271866376192
1253039727395115008
1252984593231249409
1252979280180543488
1252727014873858049
1252640255947296771
1252330009026576385
1252254568781615105
1252056519266484224
1251495580544745473
1251157026119364618
1250876802526056449
1250172953876201473
1250170914894946305
1249881695085568000
1248718908040847362
1248405406008803329
1248025364200382464
1247563001160511488
1247279343958732801
1247269988240670721
1247263565083443200
1247235210758033409
1247112109940449280
1246832608740335618
1246461468150837249
1246449710665269248
1246255259816689664
1246249799738892288
1245810554687631364
1245167844968587266
1245155717604089860
1245041663917068288
1244981200072183808
1244735829983051778
1244735608997793792
1244707101705895939
1244464506790649856
1244415207037902852
1243881223002431488
1243634881260851200
1243613903545909260
1243270980186836993
1243234494045466625
1243220230068940801
1243010386179358722
1243006428387950593
1242634049027481600
1242600663915298818
1242551332122345478
1242494311666720770
1242118604461690880
1242098863999275009
1241809998566522881
1241774632816062464
1241533149089345538
1241531395413024769
1241190153017864192
1240791604140683264
1240779447151853569
1240290368299687938
1239651199965593604
1238886883863691264
1238627352445358083
1238518620080267264
1238481524787470338
1238462313813991424
1238460839755210752
1238444414445531137
1238123665822277633
1237588251130511360
1236045192232349696
1235674454107320336
1235218189782523905
1235019155667120131
1234972183337660416
1234940156626526213
1234936286617710594
1234927005759627266
1233815845463347200
1233788605941927937
1233578989752659968
1232877392886190080
1232827573412990976
1232826761039228928
1232822910412304384
1232800896297336837
1232756723347312647
1232700648531136512
1231006818178080768
1230969239068172289
1230968943944380416
1230672417053388800
1230594022990897162
1230573040750202881
1230145279514509312
1230131054201040897
1230129037026172930
1229853727818993670
1229853102360145922
1229851090050568196
1228688205072957443
1228028427074261015
1227977570840457222
1227603069128630272
1227371453844197382
1227371227595104258
1227314319311998978
1226325174074716161
1226260967446794240
1226211971705528321
1225987385713995777
1225418935463530496
1224872383938469888
1224756517418733568
1224359076412428288
1224123621490204678
1224123329793216512
1224122539787595776
1224122303161782272
1224120816855650305
1224000461277147136
1223326213722329089
1223309276220940293
1223295245175132160
1223263856774066176
1223253679110836225
1223099224113287168
1222639237159321600
1222595886708088834
1222587631759953921
1222583943918247937
1222581571326181377
1222579121462661120
1222519962767630336
1222518629117263874
1222475235783475201
1221481201581592576
1221121414717214721
1220873501470490624
1220793271636676610
1220460641779179532
1220087868561002496
1219605228707893250
1219417357711482880
1219068858369179651
1219029045041664000
1219028516022509568
1219028125419483136
1219026731102810116
1219024289774608384
1219022628742225922
1219021613556994056
1218998929204961281
1218695318130364416
1218596150908944384
1218383200231227392
1218079071260872704
1217978739927273472
1217973891563491329
1217943591303241729
1217935491829522432
1217931851345559552
1217930826459025408
1217930395540475910
1217926956135649281
1217839992715780105
1217831624567676931
1217673469023936512
1217610073352085505
1217568974503841792
1217559587827716096
1217547372361854980
1217543977655840771
1217509268569632768
1217507061212352514
1216942966566244352
1216879089472233472
1216853794727899137
1216806498363461636
1216784065593896960
1216448141823807489
1215986606546595840
1215668129856212992
1215485441153159169
1214674768571650051
1214669496163676160
1214659916759257092
1214396399900606465
1214244144031375360
1214229677314912258
1213914481249726479
1211326002573565952
1209813403860176897
1208604995379191810
1207728084193030144
1207116966722449411
1207116055740596224
1205126566726033408
1204893048330739712
1204145440565972992
1202684916837826560
1202619795855826945
1202389207630651398
1202388470439849984
1202382926077472768
1202380945820733440
1202276970211500034
1201608743626170369
1200225052467384321
1200161244092805124
1200160874226429957
1199538881626071040
1199508564764692482
1199433627358126082
1199386614461587458
1196477243603722246
1196468115187601408
1196074719960870913
1196073344128503808
1195446249090105345
1195327248749998080
1195279600261185536
1195068782173151241
1194974266929950721
1194971637470433280
1194821811067863041
1194750490699091968
1194745139165564928
1194724912411422725
1194714573980553217
1194705234989395968
1194701956129984512
1194697467763318786
1194696642290765825
1194696447129800705
1194696326216404997
1194696200299204609
1194695973005594624
1194088542181433344
1193981282247688192
1193977677830610944
1193891413638946816
1193661314016727040
1192868057816936448
1192824804883271680
1192608618593554432
1192592389149462528
1192511580832964608
1192209168985468928
1192139454657519619
1192132388492587009
1192130831092989952
1192130667850747905
1192127403260334085
1192099104207310848
1192080463726297089
1191936393393659911
1191754333802696704
1191553767189176320
1190785576989057026
1190270305173954562
1190072275824984070
1190071073791971329
1190050554568986625
1190034835429085187
1189647107042533376
1189523272356057088
1189372149691228161
1189363346459504641
1189351809682460672
1189251511253123072
1189212536794746881
1189180425823907840
1188508314935713793
1188474564147400704
1188189868981194752
1187887827977195520
1187879856538824704
1187866014777778177
1187848933009252354
1187163464017567749
1187162852400009216
1187159900985671680
1187159233659318274
1187158566999920641
1187157952186200065
1186446001109909504
1186106433844236290
1185189995843338240
1184913531419926530
1184911800069951490
1184893589333200897
1184815259816808448
1184814243113246720
1184509508338552833
1183875223403274240
1182951044990550016
1182950170746654721
1182801380383318016
1182691711056826369
1182687255401512968
1182677084981866497
1182651924723699713
1182120576053338113
1182034935516925953
1182027364865335302
1181999319265824768
1181953716536131585
1181931336136892418
1181721565672742914
1181718846505394176
1181718340617814021
1181379524665196546
1181376789698023424
1181373538172915712
1181354626123227142
1180655056758218752
1180518753253154816
1180464974411567105
1180271018272870400
1180248246842744833
1179937670392418305
1179817836312760320
1179446325940764672
1179422888065224711
1179226613852061696
1177793443009110016
1177749600616271873
1177401779824332803
1177232264188612608
1175899134051737605
1175232210657533952
1174771963333660672
1174420345375342598
1174360999094304770
1174157628412481536
1173065513473363969
1172656543344599041
1172562204614430722
1172494233028190209
1172217193674788870
1171595071474601986
1171593658874978304
1171584918801063936
1171417114319740929
1170471253125357568
1170409020215169025
1169699943189270535
1169661893855850496
1169079333870297090
1169057423870631936
1166136255933034497
1165367225232109568
1163802209840173056
1162163935497326592
1161459860636143616
1159460008507117568
1159232282110152704
1158927074209542144
1158923181748629504
1157492759504310272
1157091235938668544
1157087966810038272
1156958135610957824
1156655872988327936
1156602396484784128
1156306572257218560
1156227095821000704
1156212898416549888
1156210817664262144
1154515514229526528
1154412822148866048
1154375461675372546
1154171296974086149
1154159734800429056
1153679638725636101
1153363016706088960
1153291900234997762
1153283734352928768
1153281218756169728
1151625009217048576
1151619514976653312
1151618577092501504
1150108598212734976
1149357235098857473
1149354509585584130
1149003167264382981
1147850837978468353
1146540870776307713
1146154191968198660
1145743443555233794
1145490121149550592
1143987646567526402
1143519782483976193
1142606093626929152
1142206294318862336
1141906703480496128
1141845259321823232
1141842837824245762
1141842401293717507
1141840518340587520
1141516777526038528
1141441399570817026
1141337416969740288
1140054448498237440
1139686898455076864
1139379389617991680
1138860384742498306
1138635120322260994
1138408830423973888
1138276324655685637
1138273476488441861
1138267457855131648
1138108402134110212
1137202223904108544
1137137947843747840
1137135849165004800
1137089125385986048
1137040277280047104
1136335448941486080
1136324814216605696
1136296307205771264
1136270801232158720
1136269790157443072
1136075244194672648
1135306041124691968
1134671930437644290
1134660395690582017
1134522995685412865
1134521209272655874
1134466585459118081
1134282167314522114
1134278148017872897
1134277303058481152
1134276622813712392
1134276346203516928
1134274617906872320
1134272996351369216
1134252131635159041
1134243520674521089
1134069002785959936
1134058494670376960
1133903983532236800
1133895715497926657
1132505827842117632
1132232401218920453
1132080297305157633
1132079126003748864
1132070161333325825
1131736788345729024
1131655225478139904
1131353144380805121
1131344776954036224
1131343791124824065
1131186398118252545
1131030278963699714
1131022015169802240
1131017698857693186
1131017125232091136
1131015788532518913
1131015380854595586
1130664664839479301
1130661005770600453
1130646028561076224
1128856632925069312
1128644409971675136
1128508500148150272
1128459474920976385
1126993223849795585
1126511093076168704
1125932671086026752
1125881136243191808
1125729562409746432
1125058647615209472
1125055011929640961
1125054755615715329
1124418201364905986
1124417165820682241
1124272773306753025
1124137912709406722
1124132166101811201
1124128541073915909
1123581077552021504
1123573104318525440
1123554134161068032
1122525349701726208
1121843407457071105
1121820190612828165
1121433823533838336
1121258453505388544
1121219239468204038
1121213208705077249
1120862455633256449
1119776237746970624
1119774366328336384
1119643696293531648
1119361376785354752
1119014731308617728
1118670294653083649
1118414769512439809
1118330576514109440
1118172775548477440
1118017425625112577
1117196594330374144
1117060839956152321
1116868369142243330
1116754171464683520
1116691213124538369
1116686432213643266
1116447980213678081
1116384704280838144
1116356339826081792
1116014998134972417
1115731524522053635
1115440788467539969
1115439289142251526
1115437911946813440
1115430551140405249
1115424278118318080
1113191467722465280
1113178479363854338
1113141110099111938
1113130289352597504
1113098039500181504
1112846560830898178
1112793378540982273
1112757557209284608
1112748319506337792
1111669731432509440
1109208927709868033
1109192471853088769
1109163499081658368
1108918259750002689
1108872577802559489
1108869673322467329
1108860039677251589
1108813045227233281
1108772530238693376
1108717974461079552
1108717129921187840
1108174247208333314
1108168944051994624
1108137567600427009
1107669583757017088
1107666058176008192
1107470790109421568
1107002088825991168
1106224064018989057
1105827352540573696
1105468276166017024
1105105948966825984
1104884005596475396
1104150159057997824
1104092155117735938
1104091701176602624
1104089904173191169
1104086724794290176
1104083183451156480
1104081447265161218
1104079455260213250
1104073292896452609
1104061403567190018
1104048294337089538
1103650682526158849
1103502041245200384
1103442491892817920
1103440139123150848
1103433657866432512
1103343979301650432
1103078740228218880
1103074171641319424
1103054445770887168
1102770781682102272
1102739833498275843
1102617559281659904
1101927919415410688
1101925975858786311
1101214976180658176
1100967223013847041
1100966989646970882
1100760647061696514
1100547307848781824
1100091396990664705
1100091285334122498
1099061984128102400
1098772615525789697
1098763679548534784
1098309506839298050
1098262170171858945
1096067789662707712
1095368669562109954
1095340465929375745
1094613717336158208
1093944969579106305
1093940201100140544
1093511414717841408
1093195233494515713
1092937685344374784
1091806710593929216
1091517016597516289
1090702844364173312
1090698397575593985
1090690296269000704
1090688974140538880
1090675173664194561
1090675004214333440
1090304151236591616
1090081326340943872
1090066090628128768
1089891256967270400
1088897374934781952
1088860118165286912
1088466173308686336
1088056635401089030
1087897595266195456
1087550329556779009
1087548980702179328
1087477341092233222
1087461741674545158
1087409300224524288
1086629289775321088
1086405682541281280
1086397704522158082
1086396696123314177
1086069536216895488
1086068890000592896
1086065857606897666
1085917201264193536
1085726654146793472
1085711649187610624
1085711050962599941
1085710168309067776
1085707759805497344
1085707577751728129
1085318428620177408
1084987587922673665
1084152296181850112
1083887213996314624
1083807736528359424
1083807567216865286
1083728743993094144
1083728245701394436
1083561750979579904
1083561602794823686
1083498041980669952
1083222425935007744
1082702491681280000
1082478161231777792
1081623799613849606
1079556875199356929
1078310352281047041
1078307182205157377
1078304998583386117
1078304914827300871
1078304372386340870
1077782169156796416
1077643956765290496
1077639653170253826
1077638888515137538
1077558020194910208
1077552308886605824
1076143690417139713
1075816923936555011
1075786849996673026
1075156006697607174
1075097564779827200
1074690355021398017
1073223147321741312
1072904805587320832
1072226003517353991
1072200158551728130
1070925497675198464
1070922191745761280
1070497052151427073
1070471075912474624
1070459394876428288
1070457462933913601
1070455629083488256
1070303950744809479
1069977938987225088
1069599598950400000
1069294874309140480
1068990797612232704
1068886272851226624
1068230206173908994
1067923546792431616
1067918296052314112
1067901861460668419
1066352551581413376
1065453762196709376
1065430173150007296
1065425440574193665
1065418086143197185
1065395926368493569
1065389536816087040
1064545297802633218
1064531274990305280
1063181357986263042
1063090351395823616
1062907993191260160
1062069127815315456
1062000570943320067
1061966601258450946
1061748778393366528
1061688263314997248
1060617952049987586
1060196151260078080
1059209036242059265
1058457039368790016
1057791088482807808
1057693046190587910
1057619508481966086
1057618829004759040
1057462065026215936
1057460528325496832
1057453862045532163
1057449396630110208
1057437952555565056
1057437640302178305
1057437276907683840
1057437076273225728
1057435931324624896
1057421291999903744
1057352632182956033
1057075649930805249
1057028206316978178
1057027896907304960
1057003321368682497
1056953674449276929
1056948534216458240
1056646880585834496
1055861359680937984
1055836309225422849
1055592168176472064
1055583094630219776
1055579437012529153
1055477027262918656
1055091406736384001
1054880653232300035
1054838476926005248
1054449588453756928
1054117431403339784
1053996604208959488
1053034306749255681
1052906568105250816
1052354225395691520
1052201030908284930
1050072938861535234
1049805442417942529
1049698514895335426
1049358663960469504
1047935921776148486
1047490542802796545
1047475141490483202
1047125109796933632
1047076969391824896
1046880054863646720
1046226990485966848
1046105604937437184
1045788964899229697
1045495926360543232
1045436653316263936
1045114102224424960
1045085691955286016
1044770038211903491
1044417955419901952
1044290971754786816
1043252235004784642
1042779438302339073
1042471397040300032
1042101747647373312
1042044299268026371
1040954921724600320
1040693036257370112
1040255220532617216
1040216186808672256
1040052428463321088
1040045980836614144
1040045804797550597
1040030791089250307
1039999731727040513
1039989433938976768
1039988470473793536
1039944060331536384
1039930459784970240
1039916114195763200
1039915592315293696
1039901262484070400
1039702875281219587
1039239074941493250
1037836292820807680
1037696610757750785
1037696370558291968
1037695870475620353
1037400229090349057
1037396859634020352
1037326846101270528
1037151287119360000
1036996156851716099
1036967156792086529
1036966967251542016
1035886293715173377
1035252881795035137
1035165410210009088
1034807428905398272
1034614804873441280
1034123024906289152
1033743452570349568
1030601043325935618
1030599188168564737
1030534094864699392
1030416288412262400
1030277570275827712
1030276850302509057
1029834268204326914
1029693639511949313
1029530542637768707
1029353647426166786
1029200065917857792
1029192818869370880
1029141708838236160
1029130795980673025
1028096974900346881
1027600056898265090
1027222627792945152
1027176759970725888
1027173012624363520
1027015409332092928
1025932226125426688
1025915320890847232
1025892911303380992
1025396162616913921
1025307616543563777
1025185923007361024
1025184970724130819
1025080837803466752
1025028834289102853
1024809616373207040
1024807705406451712
1024692700912607232
1024680897398726657
1024454729777070086
1024434156053258240
1024379855058612224
1024377117704839169
1024347731672756225
1024344289898258433
1024339085257654272
1024335433830817792
1024329006684893185
1024318937125646336
1021949976975433730
1021563672521584642
1020855161890267136
1020086390170832898
1019571360027348992
1019249189677621249
1019226936973905921
1019221809596633088
1019221383153377280
1018845428161409024
1013931595739402241
1013222231965687808
1012741875541987328
1012363387332939777
1012132324815917056
1012032296768196608
1011715676984266752
1009868577028083713
1009552539904348160
1009480095055187969
1008813005847646210
1008023741773860864
1007687001796239360
1007645821834276866
1007644794833784832
1007284558000246787
1007269784088662016
1007082529667665921
1006942358867361792
1006925882240520193
1006886316469112832
1006722596094795776
1006717692248756224
1006232746178564098
1006149468163575809
1005958270983573504
1005955415836946433
1005216644698984450
1005207556120371201
1005207161612521472
1005146718315442176
1005128645927751680
1004851369998716928
1004348768928575489
1003752194355662848
1003659544860463105
1003272640776327168
1002654650791849984
1002648882793336837
1002608718943604736
1002344472162783239
1002287777080373248
1002230151478960128
1000381986492600320
1000317282009206785
1000106227827920898
1000105830392483840
1000102871864619009
1000097798103105537
1000097520448655360
999996093357285376
999797083048693760
999597475873910784
999091668023435264
998939620661489665
997588990814498818
997580816598425606
997579958682882049
997574861043257346
996836480340213761
996829910579605505
996609686588674048
994300037604761600
994242110747537409
993838822378098689
993164507664044040
993160547779710976
993100401510699009
993085782826061825
993085230205501440
992959165684383751
992527905237422085
992408119010471937
992068307883880448
991726167177691136
991650254939357184
991490797307645952
991363367091785734
990591312289202176
989972889414832128
989937879047647234
989887481024860161
989851828106952704
989599687597490176
989249945063567360
989201779643568128
988888600489136129
988851515023556609
988839897346789376
988551995156987904
988529075290562560
988527509200359424
988489837966712834
988191107606634497
987378883396808705
987169516823175168
987167418584829952
987090969886625792
987090710213079045
987090235480735745
986625121879281668
986061368045514752
986003355259621377
985835570697064448
985680424323223552
985680317708152832
985331193443962880
985331132353974272
985214642178969601
985209976221249536
985197094385397764
985196719645298688
985196200013062144
984910733266874370
984801767400583168
984800631562129408
984440249593073664
984432760172490752
984413994185261056
984411500931624960
984237600469856257
984235885330878464
984204206801383424
984202337865601024
984193827194982406
984161231178293249
984144342586740741
984117388860796928
984068516268662785
984045995779608576
983834249752207361
983227847069204481
983153898859868166
983140943011315712
982708814423121921
982054197041414144
982022983626584064
982014665323507712
982011525715001344
982008348412338176
982008255709831168
982008048028794880
981958944661782528
981620657900236801
981348012663496705
978820804510208000
978737002358149120
978646263808872449
978636923660103680
978622366535299072
978475761400254464
978097142324781056
978084495135043584
977257433906204673
977227270711627776
977217411727478785
976846452554129410
976827879903330304
976618905711017984
976594741163970560
976591726365298688
976461331980345344
976082909118582790
974021986807672833
973981029777231872
973564214290792448
973288695125151746
972997593210019840
972185209205612544
972166645270622208
971867615156232192
971789983387353088
971787032963047425
971780102760562688
971761426313433088
971749156237824002
971484107631988736
971426800202108929
971144838665179136
970790433205964800
970659586612105216
970105562439540738
969606132355526656
969591844513505280
969328886805860354
969306263153766401
969246633958535168
969244294853820417
969243119517622272
969236743043125248
969232218446094336
969209377549844481
969207321300815872
968959599566032897
968897885646487552
968867770229297153
968684465156513793
968554399453892609
968506113590218752
968504708544548864
968158852112945153
967962493489381376
967961621703348224
967803506966097927
967513195815624704
967173338366906368
967045399038103552
966838790349381634
965997685290491904
965658989966053377
963631126173704196
963553242067144704
962074066516557825
962053500682215424
962049928196382720
962049798206406657
961662601833992192
961643562441084928
961636225022070785
961420679072579584
961419362832932865
961413157737639936
961403699317952512
961399633493872640
961398651946979329
959448579428569088
959139605739077632
958891973988974592
958723429825380352
958723397223174144
958527292392792064
957989977429856256
957731949547843590
957669574803116032
957325627341901824
956291690226225158
956210478610550784
955994721125654530
955993103797760000
955865087604088832
955447978940096513
955193540702810114
954550450300256257
954549690405736448
954449063063285760
954116485970038785
953802677888147456
953683138546470912
953662631436578818
952963221861826560
952960966899232768
952925491253665792
952200809982447617
951820448509161472
951806557490118656
951571879860625409
951569790375747584
951563695959805954
951563365096280066
951491034273468416
951178927069892609
951163735284109315
950927828870156289
950749650411249664
950747385084436481
949347260852207617
948992644868444160
948992412998946816
948986819533819905
948960501454827520
948608552528236544
946550901745094658
945269722270060544
944949140458524675
944934179153874944
944347977144991746
944041247060013061
944030347427061760
943509535251189760
943497370460917760
943237628018806784
943137251701256192
942966169258033153
942900942453792768
942884590611566593
942798293163282432
942797793709654019
942447962948546560
942106046251847681
941800357885284353
941773039842316288
941688350058172416
941685316372647936
941501820664537088
941022048981278721
941021783242825728
941021622265417729
940997344568504320
940988002263797775
940645558938726402
940403145724825600
940339720067911680
940047478518308865
939939563002359808
939702983742210052
939697589607317504
939693404224593921
939657920584839168
939600960481087488
939518165524078592
939222163210559490
939218248154918912
939177511128371205
938947827258060801
938946941106434054
938946390201458688
938837545395343360
938786113782730752
938449235330109442
938411901716979713
938121221320986626
938057302522974208
937821099622064128
937782031743844353
937756244726681602
937724408621359109
937684366293159937
936626278685466624
936622720913231874
936604354513195010
936249677246353409
935647824984895489
935568500978061312
935565570359070721
935565025099636736
935564793519509504
934910850007289856
934810391670132737
934288718051110912
934287163906240512
934227844342919168
934070008875044864
933782473472954371
933777153124126724
933539507089092609
933125267534598144
933118913138905088
933117629065084929
933027846674616320
933027733977882624
932692464263204867
932667884844802049
932453812937347073
932306946144833538
931923011300724736
931306779232829440
931300858930847750
931300724750848000
931300548120375296
931300284109934594
931300112340529153
931241875658493952
930949377870516230
930860675789881344
930859111717228553
930839976094457857
930831093481209857
930830238044639232
930129707642834946
929441799801856000
929311949812387840
929307822592020480
929162116237492224
929156650765864960
929148044741836800
929145536464203781
929142669271621632
929059223958425600
928996771879096320
928996392563085313
928249125153460225
928100071358558208
928052556189847552
927921831255990274
927653782661615617
927636730882207746
927635702292140037
927592510125469700
927570269329379328
927384112771592192
927220467659833344
926942921831706624
926942541286690816
926861387984523264
926806786249601029
926806675826208770
926551545268883456
926514713990717445
926497618892640256
926494784671363073
926462955461496833
926229130382802944
926155572197683200
925797693586321408
925476323929272325
925393658924486656
924003370800746498
923713093020061696
923712468739940352
923655787448283136
923539986984693767
923394302276964352
922641230915399682
922611700335042561
922605843509637127
922521033306968066
922467451157274624
922457774629490689
922206277329129472
922152733448327168
922135120970215424
922130614920318977
922130162392682497
922128265837531138
922077556861538306
921914423068983296
921578036381790208
921426906813206530
921375885932093440
921344667148607489
920824517190184962
920824190386794496
920761116900413440
920703399720517635
920635844070969346
920633753067819009
920622652536049665
920408519744065537
920404343056142336
920279956835438592
920279522544619520
920278611998978048
920277474235355137
920276301289836545
920275604607590401
920269450145869824
919993559092224001
919897687763423232
919643534197690369
919605929846419459
919604015364702210
919375267600261121
919353057359663104
919311967512399877
919122407323045889
919030290349207553
918947010962698240
918598995362140161
918544141612650496
918307203886600192
918197058040934401
917877218226864128
917876756362747904
917842042541297664
916653599970807808
916042732711198720
916012161096351744
915610151314436096
915055946140930048
915046683221876736
914911474312712192
914879659950706688
914841925882191873
914521321740144641
914486974727299072
914472041268563968
913820625831186433
913567247775477760
913197731996368896
913100710614638592
913027877989478401
913026549456232449
912808011814588416
912789761869385729
912392352567832580
911652892809023489
911640641024741377
910690188208279554
910689505216274432
910669347319943174
910665474488356869
910659724240093184
910659140237881344
910658892316766208
910644920842620929
910642894473658368
910322201328586753
910321494995226625
910198161183997953
909853595335618560
909459589099384833
908872565044711424
908865634989219840
908819637957283840
908489794497470464
908424965158031361
908321517804683265
908090524179025921
908090296931688455
907957398136082432
907766152746684417
907645998750674946
907381587016384512
907320484991291393
907286819095662592
907082697927000064
907025081766903809
906331092130648066
906174547036172289
905969543373361152
905968192291577856
905966637324668928
905966066274377729
905965451209039874
905964955782053889
905962612562817027
905962449786073088
905878306175815681
905873204148932608
905787972070633473
905591982793388032
905528850796425220
905248151002599424
905150697934553092
905081429620609024
905072953926307840
904806922926338048
901187868495937537
901181112541745152
900728339199131648
900702231271493632
900524508737658880
900458643442855936
899679620827676674
899667670605365248
898887404484014081
898885521379688450
898705674296623104
898655562841432064
898285703741579266
898281601477390340
898276916649631744
898225889162518528
897889389522636801
897629123606085634
897629102210994177
897626794030968832
897552756822745089
897523781874438145
897185318885097474
897179622512754688
897071631193001985
896327878144643073
893855078326587392
893267403852759043
893229156602855425
893190310267830273
893124992832909312
893008689942020096
892899228820717568
892864595978629120
892857198824497153
892777768286470144
892669629989965828
892659867181236224
892382782474682368
891719670947958784
891140964768722944
891121121034194944
891007188977713158
891000220452040706
890962454578167808
890962333559869440
890753860154818561
890747568770220032
890659365857878016
890206852851617792
890033362198548480
889651649853128705
889563552054480898
889445992524914688
888941367950528512
888939484607369217
888936391945707522
888227874641248256
887834375123070976
887822814232928257
887822191471022081
887821821495652352
887820912753553408
887486006852804608
887398380690952192
887289017569603584
887287036956332032
887084022450573314
887075021751017473
887073753267658752
886992062012420098
886989343000330240
886250919356112897
885662646455980032
885512637970350080
884959107584839683
884954959279796224
884613232576651265
884549496792920073
884490015266439169
884212045423443970
884134853888929793
884120045948997633
884110310659018753
884098952966135808
884090688819929089
884043738988904448
883418075374256130
883416123257040897
882959567763668992
882708552288280577
882239293934231552
880783450684497921
880782545289449472
880779343399718913
880388552927956992
880381488629501955
880137662950256641
879907120107458561
879899959751049217
879090181952987138
879088534241542147
878308056592928768
878246265288441856
878082413557141505
877957274580463616
877956073444880386
877941536075505664
877263998340780033
877222096363036672
876985525328072704
876874023237545985
875771434215370752
875446253328494592
875373626526236672
875171012555550721
875166995590893569
875126281221922816
875121973340360704
875120799182618624
875119501368545280
875118681851932673
875117810975997953
875116423059832832
875019490790178816
875011124684619776
874787714947846145
874750250870820864
874680868861825024
874669896671670272
874272635038949377
874268682142310400
873290496612990976
873257476514353153
873192975458861057
873192613402292224
872898217289109506
872842649778225153
872641572143321089
872583835720060934
872477394921299969
872435776121974784
872278857428209667
872270285772398592
871856279915986944
870641585368825856
870443465452204032
870305416122650624
869934398602346498
869928717564481537
869926873639383042
869693777476280321
869692580392558594
869659604984233984
869378442969698305
869338382719209473
869338039285407744
868990779531943936
868831775497302016
868484236587806720
867872604375449601
867754219515850752
867502448885321728
867125560933326848
867060682860134401
866742706931998720
866081372565377026
865660893920501760
865610972815339520
865604909730734080
865603949226729472
865602992170336256
865602425775824900
865326477063094273
865316514139918341
865316372951314432
865300549960445952
865261459986681856
865261253333319681
865239377492013056
865221746860986368
865212518658166784
865206347582889984
865201570853662722
865195598856761344
865031210745122817
864646841790550017
864635040818397184
864548207468171264
864318694939394048
864297797016801280
863407935266975744
863406365867474944
863405578726539269
863197292895113218
863179447075299328
863150741225177090
863149596394086400
863128915296096256
863059902993977345
862787904401281028
862742599479824384
862742065435815937
862656682110877698
862652678945607681
862652540592193538
862473183462658049
862354276789649408
862137289555812353
862136975423361028
862052251673690112
862029102261448706
861663221773742080
861634191745789952
861618421301219329
861256408704200704
860950954073608192
860950711126941696
860950525436731392
860950130035490816
860949661133287424
860949122374922240
860948084750254081
860946216200351745
860943927557447680
860943768039641089
860943501281898497
860942955779158017
860942160581058560
860863458098782210
860860605066039296
860859708441317376
860734536975618048
860733932744192000
860732654764912640
860732201352257536
860730034537074692
860728444304453633
860723898157019136
860718911960092672
860717690679414784
860713354163367939
860712107712630784
860707938356391936
860706815981604865
860706404012875776
860706000424325120
860705451624857600
860703147525885954
860699255601852416
860691396449239040
860617225216118787
860559744691560448
860558681309622272
860509181933178880
860507580648615937
860281556170137600
860220444003237889
860187463335247874
859932961466134530
859927346094243840
859926984436178944
859867476858990592
859865716102660098
859814993470136321
859775913621430272
859766309835476992
859516783694417921
859433442429325315
859433159867457537
859408351087783937
859210704708136960
859205991354773505
859166916090441732
859166241801605122
859155557680386048
859155403816546304
858083315202629634
858022445378404359
857756053798342661
857755338044563460
857754330816008193
857738038692237316
857737232190517248
857735763236093952
857734064262041604
857703550465474561
857629732577447936
857629540272795648
857409642363834373
857338560487227392
857338096882528257
857337459889377281
857337240439193601
857337042698686465
857326196757065729
857297688534163457
857220062545149952
857216097023664128
857054889167511553
857052882830491649
856866212990636033
856862512226107398
856852007734390784
856851406229307392
856709488853880833
856672186991562752
856486170909429760
855784361274339329
855766171567747072
855536066224418816
855518292567629825
855391356537253888
855223151189520384
855219260968378368
855217562581442560
855183207242903552
855100759834329095
855047686604673024
854899511533207554
854895054510534656
854894807780601860
854894559343542272
854862083942490112
854816124709597184
854513328776937472
854452459040911364
854364971735666688
854307441290481666
854138430334357504
854126801408471042
854025530173272064
854014941262749696
854012539683954689
853970443920973825
853970342733369347
853722711641731076
853022095072165888
852954684168052737
852592783143706627
852288761992028160
852260881513816066
852203034365095938
852202247891058689
852140505651699713
852109495841026048
852099792733974528
852099316621692928
851907799554699265
851853415730864128
851827544697581570
851594720845365248
851594445086765056
851396687608336384
850721267493634049
850150478042157057
850144534780444672
850144132559286272
850143583784980480
850142992740384769
850142431890743296
850141633601458176
850140357203419136
850131585244332032
850107223724351489
850101899575443456
850085692247912448
850078059218653184
850077825310654464
850077684172378112
850077592422014976
850077078397476864
850070593441456132
850054632596361222
850054330287759361
850054288860602368
850054266773360640
850054177766031361
850043658447470592
850025239547334656
850016241947258881
849793032245227521
849754666988560384
849738784232980480
849066446269362176
849011139883155456
849009342741225472
848975649012199424
848974502054682624
848960377400344576
848960121526902785
848959730898788352
848959010036371456
848958443712987136
848957764848177152
848957228128260098
848956867392937984
848956506359832576
848956098778234880
848955305119563776
848955023534968832
848954590468886529
848953683673055232
848952952744169472
848952082623221760
848951689843322880
848951582926426112
848951015608950784
848916008987369472
848907740659425282
848906889551241218
848738987376128000
847897501894152195
847888979919810562
847816013152387072
847552275438596096
847516287697866752
847480511295504385
847480213822775302
847457437678419968
847456163444572160
847455141317926918
847454957443743745
847453999380832256
847453191461519362
847452741475618822
847447760290709505
847433360221757440
847202765210353666
847201981798256640
847075246037483520
846495360847622144
846483201266794501
846461215677255680
846368471323725825
846154093106221056
845439493104644097
845388348059455493
845376220929896450
845375349127024644
845280075884957697
845277254749970433
845263402129870849
845101148814094338
844916417027850243
844885329265995777
844729232274194432
844726909854453760
844642071004794882
844371888533094401
844317587181842432
844316019648794628
844275399232294912
844237400167583744
844237193279426560
842756798759276544
842380586987601921
841534414324617217
841413917972692992
841341207724793856
841326488611782656
841298404357554180
840693878307065862
840385326606606336
840296568586665984
839987221780430849
839985608521109505
839862223015149568
839611518715060224
839535642061258753
839534219005214722
839515881768112128
839515840965922816
839512860191567877
839512421253398528
839473983741386752
839470511516233728
839469403259428864
839340507650207745
839287987624165376
839269603826155520
839269042984796161
839238547810967556
839154741053648896
838937251564367872
838818809402249220
838429049135509505
838115755749175298
838114399214792704
838113903322271745
837800154833043460
837778314181898241
837778203083177984
837693670187024384
837408656983470081
837339572958810113
837337550410956801
837337426364416000
837330064207405056
837300264919044096
837275529824829441
837073166493073410
836963560676786176
836711792776720385
836711214021545985
836710083547430912
836633948893687808
836566155351449602
836547426353840128
836435873876992000
836293736262955008
836022101698035712
835224634257723392
834889363540566021
834863861996089344
834852278490238977
834840342558076928
834481497788841985
834458071397257219
834436335951810560
834401766452105217
834210876282511361
833759448686473216
833724402441138176
833713307160752128
833385948343726080
833117808376426496
833117188705751040
832668552259702786
832660113005506560
832659867471015938
832624500927844352
832341561576980480
832321517488857088
832313148648648706
832214352384122887
832011440890474496
831606985808289792
831276255702028289
831268777333551104
831210286606647296
831144956542717952
830810663912103936
830471575799480323
830465760988372995
830440235532173313
830171391802621953
830148879395991552
830114301738438656
829740020361785344
829732051813298176
829710895429332992
829471509697720320
829348859637854208
829324804742402048
829124610843090951
829123279726190592
829114355451060225
829076320856444929
829026475139547137
829025448332034048
829024668921298944
828977805874561024
828824566562770944
828823777186299904
828811840864055296
828792279766802434
828742734043348992
828670183929675777
828395880185266176
828058395563409409
827866304841445376
827704127425802240
827691787116539907
827658732473577472
827655890518024192
827652027329167361
827647330006474752
827507113949806592
827167672831913984
827167424021614593
827143906441695232
826966562611593217
826909163615899655
826907391778291713
826905833434906625
826903733279870979
826902979324280835
826901878193651712
826901561662140417
826900458727940096
826866097794191361
826864701288173571
826864402582425603
826863961672994825
826862956268965889
826862369569636353
826861727090429958
826861152168730624
826860127189946375
826859563920064513
826859051778707456
826858998028722176
826858963283111937
826858589700685825
826856481005903873
826855986380017664
826855550919008257
826854868132515845
826837552325869573
826825468439646209
826783185862262784
826773616595501057
826631107848318976
826596855815499780
826557062121402369
826275274123796480
826269152268664832
826268890682494977
826265767238840320
826130508035846144
826083155429896193
825906524446982144
825906069780234242
825847514574241792
825558150187249665
825556912334839808
825522373772316672
825522264116428800
825522245497921536
825388064986001413
825372334211133441
825154972681662464
825117022212222976
825116785917714432
825115467123716104
825115084502528000
825114642963894273
825114053605457920
825113129185062912
825105327486074880
825096047148036097
825015496969850880
825004693185126401
824988241979965440
824749174084210688
824732498877882370
824677345101545480
824430107481767936
824384848827744257
824336634237882368
824292483710550018
824284968830533632
824284764475629570
824284604987273222
824281324290768896
824280025453228033
824279982289653764
824266380434374657
824260142384484352
824257049777278976
824252060212281345
824236687693910016
824098092836417536
824094381221314560
824093402279112705
824035458128769029
823950307650654209
823918073421959173
823733951680364544
823723791419314176
823665460092764160
823539400005091333
823269674347536384
823257012683284480
822993852164345857
822939347712409600
822559122642075650
822554515627012096
822540506295046144
822526485147873281
822506385049010176
822486682440175620
822481776237023233
822466619154821120
822277849298202625
822276339742998528
822275478060957696
822274484489093124
822145056073273344
822112005582716928
822100842664882177
822074531246473216
821849378906316800
821846576586981376
821732860495298562
821714849780695042
821513502695297024
821512588618072064
821509426117038083
821508462198853632
821507788983648256
821505594074996740
821415561779351553
821410616904650753
821395906322898944
821147991285366785
821054105649119232
821021308255346688
820755656466698242
820658769453584384
820655082928795649
820330507439312896
820305867551764480
820273570311995392
820036686965067776
820032718230683649
819993096687587332
819986797010833408
819622769096790019
819582256809410562
818958256584400896
818875437229240321
818569454976004096
818567503714488320
818249587689455620
818245114971688960
818244050193154048
817165449133703171
817164015042461696
817108975904813056
817056099354415104
817011092366983168
816826237024870400
816474989515968512
816474066441879552
816461473148964864
816461064305053696
816356550336020481
816353682686033920
816277098960683008
816053777505648640
816053416417984516
816052889298857984
816050279871377408
816040408069378049
816036901689970688
815990515892191233
815988486985682949
815740529434652673
815721230519140356
815679143711047680
815357642667216898
815312491727097856
815311270282805248
815261726127964164
815074615567339520
815047724877742080
815046106077765634
814659708426424322
814652640206258180
813929712846110720
813927576829710337
813926728309477376
813926341422649344
813924673175973889
813876282467303424
813844532798181376
813818316737286145
813811055021477889
813809634771222528
813163800484409344
813129238790344704
812798387628097536
812748794471120896
812727037467074560
812726846584258560
812726766359842817
812434626119548928
812007871051239424
811354233689833473
811354157563183104
810703108732919808
810343119073857536
810225932036227072
810223033403088896
810186930755276800
809923221713809408
809788145948454912
809780157334495232
809612861471223808
809479990089687040
809474066390233088
809470077753925632
809462458905600001
809283649501687808
809248746072510464
809248511094988800
809238920466599936
808855754643865600
808853712605048832
808768611514863616
808511028585631748
808498181994475526
808498083302547456
808498035088969728
808067065257070592
808053875039227909
807645925757911040
807645510941155328
807375611429879809
807351135463940097
807345684567523332
807344719751692288
807342556895989760
807341094707019776
807337791088689152
807246432793227265
807068266975948801
807066832360402945
807065586664689668
807064516886495232
807062113122394112
807060982455529474
807040936287080448
807039333907779584
806980303856291840
806979015424745472
806977254739890176
806938862446473216
806909479820361728
806878394050695168
806876404185001986
806835779200761856
806829025910026246
806686147925643265
806683306783870976
806681782976442368
806645334319517696
806643319317078017
806642807985278976
806620313882677255
806543235564863489
806313022973157376
806279054852759552
806276763592642560
806267241478193152
806213681465925632
806212929523777536
806169195859812352
806163904044867584
806163118783086593
806162541948846081
805986294744621056
805984123093393409
805932015455531008
805850384124280832
805646689474375680
805632098518310916
805606959634350080
805563034240425988
805476021789081600
805440619988459520
805203615866462209
805164396267745280
805163188530520064
805162012128907264
804801142907539456
804781616136474624
804781054598868992
804740280511365120
804540960755417090
804507689623703552
804486176807583744
804483445783044096
804482620448874496
804478201258872832
804378060959035392
804376883475251200
804223103077216256
804143739291648001
804076743514464256
803727311711240192
803471406184865792
803335832081874944
803089346483998720
802946434085441536
802739125652598784
802565637520248833
802552574301773824
802551688338935808
802550969749815296
802550710906667008
802251763323695105
802220061972955136
802149495156903936
801827624477724672
801819967247306752
801787506010296320
801786811035111424
801522056017809408
801518196150960131
801515328047939584
801416964686172165
801248301576290304
801243157237301248
801201468577640448
800916049566793728
800897123386593280
800896878388932612
800707031938150400
800682194813546496
800566445398753280
800478887985618944
800395685640241157
800390558644637696
800389830207094784
800389398932103168
800389157650632708
800155520351010816
800155033149046784
800154347761963008
800152304200679424
800141657370816512
800030294892023808
800030119477776384
799999085633642498
799975806302818305
799829867634262016
799828756550524928
799515345832869888
799474816143282176
799468039909490688
799466394098208768
799407350318768128
799072998527483910
799063227019694080
799061202240471040
799056634840485888
799052968150597632
798945728563388417
798725544896561152
798717351629819904
798713565859475456
798585262091698178
798575163520360449
798531168983515136
798328773229756417
798193746969903104
798157615578697728
798012044435804161
798010499233300480
797895212915916800
797569381005987840
797529248684802049
797514772925317124
797493919739158528
797282109924798464
797234641870712833
797174163744112644
797167611524030464
797150511787102208
797085737757904896
797067800888143872
796896403826114560
796836903274369024
796784308337967104
796777161680109569
796752493652955136
796750479279714304
796750424279752704
796742371383840768
796737547883999232
796737516309270528
796732939019100160
796724260886745092
796711523934760960
796710171976335362
796507154303844352
796445996725207040
796409736270938112
796360624414527488
796356771950555136
796348003611275264
796336502812921856
796333905926356992
796179378640191488
796179008383840257
796178147599323136
796162957986189312
796162908594044928
796138242643005444
796137179047149568
796087377345314817
796066757517643776
795996168731901952
795840249616334848
795429953592496129
795424172084174849
795409000145809409
794715556180066304
794549689458769920
794302057058541568
794229153524490240
794210622317719552
794002857376829440
793994456613736448
793952235642241025
793820631699746816
793801799136268289
793787444281966592
793645590987038720
793644400563847172
792919813681283072
792859255053443072
792858840031199233
792858798478295040
792800014154272769
792799755227238400
792798959173529600
792797355024211971
792797076304326658
792710547045228544
792576780158861316
792555102309679104
792549774809595905
792541763441401856
792378050428239873
792346356182548480
792177221955969024
792165929366921218
792128311849811969
792086681511866368
792079940166397952
791749220214579201
791739720523022337
791739472375377921
791598316098297860
791468798838575104
791468692403912704
791453509908660224
791437126021877760
791432980493324288
791424098375233536
791422711486701568
791407150199341058
791404240111448064
791403969348182016
791298644288897024
791280899975319554
791269674424172544
791265595316658176
791080673905901568
791046622163656704
790715770670112768
790285785299902464
790284096312373248
790151812443697152
789825202909769729
789818817677496320
789521016603181056
789484338165518337
789456520274669568
789239638967787520
789160892189384704
789160709745618944
789160243343175681
789157062395650048
789155416890413056
789152157681410048
789150900505894912
789147807894478848
789147336232476673
789147220276682752
789146984925888512
789144927762456577
789144223308144641
789135705918222337
789134000346521601
789112299009212416
789073024800657408
788909027610750977
788905280088248320
788903591734018050
788579376631844864
788575093010161664
788566947738845184
788503489961791489
788439777456427008
788439356138590209
788360250378248192
788119733900107777
788077834082344964
788065527474163712
787894254936920064
787892728734646272
787785974931607552
787748976539734016
787500680437043200
787319887567859713
787309590794817536
787021508442939392
786712200316645377
786698089532981248
786639791546707968
786638137216733184
786619819793670144
786585255356399617
786338774686937089
786302710442176512
786297614551490562
786225521218564096
786224498924097537
786222281273974784
786042752274280448
785980797110988800
785684016401821701
785622304617213952
785611802344239105
785599784509841408
785599651344846848
785599589906731008
785502202123038720
785294082226606080
784859863553716224
784859449013833728
784780114617704448
784779323022544897
784779273936707584
784771401253126144
784630041049260032
784522625750032384
784513862309584896
784513839677059073
784495950228168705
784464997954916354
784452007432101888
784381883379355648
784380879632146432
784209137530011648
784209034039746560
784207015560286208
784196721303846912
784194908831813632
784193870993252352
784186749836722176
784069159370063872
783995223932280832
783815061903060992
783716937167691776
783694964542832641
783658050984882176
783499940228173824
783499435036868608
783497807021867010
783495489538912256
783495282117976064
783493902070345730
783492538804109312
783470033523601409
783469641557479428
783469252707844096
783468737152315393
783468384402886656
783467844726038528
783467698458099712
783453182689247234
783452147979460608
783448995641323520
783405883053121536
783404848142249984
783389137059610624
783384642418270208
783113117400240128
783112915419328512
783037433755697152
783036666235748356
782769100137369601
782741074401984512
782737828295966720
782732871614263296
782727605195776000
782209913816748032
781690994555224065
781685309264322560
781558545519083522
781474997978005504
781472833645850624
781324359621369856
781318464036306944
781303218143764480
781293627406450689
781279519294550016
781172790238076928
781172690115854336
781111162905714688
781107961238290432
780959137798746112
780925647166197760
780903495968886789
780842830201655303
780750879452299264
780727843273707520
780572591404806144
780531947294560256
780389136091975680
780388164783439872
780387568898670592
780386169616039936
780218779309596672
779771984502808576
779770846835511300
779747672626462720
779701079651082240
779696876740304896
779665623823646720
779433701633425409
779429737332604929
779414612202577921
779383280038735872
779354070691647488
779100553762725888
779099979390586880
779048174568796161
779004830723346433
778760924626821120
778760416562409474
778745666038214656
778733010510151681
778732526101639168
778731371455930369
778701758503583744
778700256926011394
778677116116230144
778425877294149633
778052955362758656
778043114908975104
778041487489658880
777889626010902528
777625741316001792
777611966982549504
777562568617406464
777557863887667200
777524494638260224
777348499524427776
776958724309213184
776953517877649408
776947542219104256
776947457011789825
776943670088110081
776939966370832384
776913959739723776
776911503308054528
776897562213244928
776893468153044993
776891331859722241
776888604010348545
776835057415618561
776808573959626752
776781222324207616
776583952647749632
776571061039206400
776460640055623680
776459428996509697
776449894429122560
776415795093962752
776244196806103040
776214833763090433
776174821256278017
776168981065531392
776150668830801920
775887891096535046
775801164306771968
775800527347122176
775800213227368449
775799999162646528
775749383673438209
775743305632079872
775684956274171904
775684447182155776
775450919873851392
775353082939146240
775352347853750274
775334798147538945
775315722167685120
775108517766262784
774700322266681344
774357190140395520
774352227704119297
774285845029351425
774060163699318784
774044275520655360
773957294828552192
773954203286769664
773927549747335168
773923586390327297
773921782038274049
773911970114211840
773889428272087040
773653202277466112
773650159544766468
773543578920361985
773520917733449728
773334472221687808
773257848973324288
773253554467315713
772755647121154052
772637665367842817
772585644392648704
772418406473691136
772214438434836480
772082461606051840
772075766649589760
772073988013092864
772047567299510272
771905876940718080
771505498000687104
771148908651216896
771072375165247488
771024355094585344
771023565512663041
771018810614812672
770997796493197313
770994754209378308
770966541676515332
770961245730119680
770960644476702721
770805314585329665
770733600526442496
770731216110747648
770729246004219905
770601866212233216
770431369122045952
770360781288443904
770342476150300674
769558457204797440
769541834842439680
769541214232281089
769298365939089412
769296719465046016
769289281869348864
769228863880605696
769227881155178496
769226832818286592
769205312561700864
769162030066434049
768926074529021952
768916318464512000
768913236649390080
768865501883707392
768842609582145536
768839673821204481
768838554134773760
768806488550891521
768632133883527172
768586864068395008
768578615961198592
768545345001299969
768494959884242945
768484300887093248
768482840971468800
768476753450762240
768476495647866880
768476041891446784
768474077996593153
768453062545604608
768447664866201600
768265137774026752
768157363710881792
768154915390783488
768136422830313472
768125853662314496
768125150285930496
768069455180075008
767921447608131584
767915753563643904
767899824305872897
767895716236779520
767790005246976002
767704484126584832
767508901633798146
767371653881954304
767370372131987456
767337799599190016
767164483458375680
766820080697110532
766818491836104704
766818378501787648
766813284943163397
766811011433263104
766809797068984324
766809137040728064
766805503813058560
766802094137442304
766801483811684353
766799110615736320
766785149317025792
766781988321779712
766736315119464448
766731676659621888
766716615086014464
766615695308107776
766457620135874561
766457248281464832
766451608225972225
766414010178764800
766411659602759681
766379497989943296
766094425298702336
766091837455171585
765977264399855616
765955076800311296
765948211165102082
765947947699757057
765890804716044288
765890363139694592
765604429584293888
765306300226015232
765277735560196096
765225438071304192
764999415622959104
764978134898933760
764969891283800064
764863242011312128
764823564423946240
764817105258700800
764816310521987072
764814516911767553
764811543569653760
764810250348294145
764598303954788356
764512600927404032
764512515028033537
764444387220791296
764442067426766849
764440757780480000
764287074702913536
764283508479197188
764280728393748482
764278278106517505
764273683586248704
764148904879353856
764143627098402816
764118063109251072
764114421677457410
764112858917531648
764111343947505664
764111023804645376
764109593316356096
764109554103816197
764109010438066177
764098751757713408
763877432873119745
763779791250227200
763742563408809985
763502791310573568
763175568183402496
763122009647689728
763096976313372672
763012049018511360
762998520219627520
762981748099706880
762828225408016384
762721231158128640
762669842898030596
762667899702042624
762663240589467648
762660375456284672
762631019799404544
762422121230311425
762017246260686848
761870086953021440
761686134791499776
761647342579814400
761607002695106561
761544672791650305
761543860606607360
761327031284105216
761263633921957888
761181540181237760
761042532557922305
760953420375293952
760950846096044032
760820993057140737
760675295997337601
760669737475051520
760338462415261696
759979235972820994
759840265003597824
759604011766984704
759602442367401984
759601510112038912
759600768332595200
759599736487677952
759598421237862401
759597564274409472
759591916430249984
759440935683919873
759247671437692928
759247276602716160
759243155187335172
759241174393716738
759205557261697024
759204795215409153
759203329151012866
759197088215277573
759196826645835776
759185694879211520
759156378841718785
759156129150623744
759155691135172609
759147133945597953
759133080657330176
759132802096828416
759131865689182208
759131657945255936
759128963402739712
759128581335191552
759091854918819842
758851896249430019
758745270460882944
758706781719855104
758702770903982080
758701324724736000
758697557975597060
758642904432803840
758483817845915648
758276742268280832
758265729280053248
758119976880443394
758117919779872768
758117075613343744
758068066316156929
757930490460446721
757907017315016705
757748978754682880
757748813981515776
757666809042628608
757635695041253377
757579944163680256
757556871112908801
757295837110235144
756692906874900481
756617185078996992
756600395410116609
756593997490118656
756523294954848257
756310414649126912
756279075312992256
756276695049592832
756248718987395072
756167291163860992
756153060825534464
756133868424396800
756095869422829568
755906413373886465
755905599506903042
755567757538787328
755517860416479234
755459399632715776
755459286403256320
755078342747959296
755049379971465217
754856770565246977
754843667618299905
754779254492135424
754731059816886272
754686888863211525
754686339174502401
754684621497982976
754663661088731136
754653907595497472
754550352603713537
754537576351006720
754530475851538433
754525691870375936
754517452789198849
754515570297626624
754512101801095168
754506305327554560
754503637238415360
754499052620963841
754495718371434496
754487952655265792
754486130318401536
754478176445816832
754453005517352961
754398396140716033
754370450868826113
754312969304076288
754138510945320960
754104615227027456
754100083701014528
754099999437381632
754097697821450240
754096920545619968
754096580265934848
754096276166348800
754062934427394049
753956862781820928
753950149815054336
753733740778651648
753720568667594752
753716156159168512
753715541777403904
753709362556829696
753699661303513088
753674742310330368
753644699399761920
753426532568338432
753424641750921216
753423438493130752
753366381899288580
753365830956556288
753359982960205824
753243296571400192
753235890814742528
753231183710920704
753230916663795712
753229394164998144
753025229744668672
752977916024262656
752976304220278784
752893495531212800
752699789473611776
752696468520243200
752680304880586752
752679778822610944
752636181880442880
752611082301124608
752610381051228160
752479863739678720
752466769680424960
752302190820257792
752118526677225472
751909473699135488
751780463904190464
751779658602086400
751777734838353920
751604215932448768
751547885897060356
751542703205285888
751539147626704896
751533935830638592
751502939525558272
751467464064544768
751446546328068097
