1302153725335629825
1294559675573088256
1134588992148705283
1134579599130730497
1134572101950738432
1134569540283711488
1134567215070621696
1134548781263925248
1134538098002530304
1134536059088453633
1134529675101900800
1134524276378394624
1134524271403905025
1134517281986420736
1134516700123148288
1134514692343443459
1134502852011995136
1134500328886419457
1134499545717575682
1134499069185990656
1134498316677464065
1134494067943989254
1134493373119827970
1134491586161717249
1134489143462043648
1134483208492527617
1134481461594206208
1134477737429733376
1134477672359387137
1134477663765172224
1134475667503013889
1134475155013558272
1134474007305170944
1134470144657412096
1134469422624718848
1134468855554805760
1134465154257694720
1134465150243807232
1134465145462280192
1134463852748443649
1134463693109039104
1134462629613883392
1134462625004314624
1134461330130427906
1134460063932964865
1134460060699111424
1134460057909964800
1134460050641182721
1134458870112378881
1134458867923005440
1134458865989443586
1134455122350825472
1134455115535003648
1134448786670071808
1134447470900129794
1134446248335990789
1134440836555575296
1134402656141754368
1134400929812418560
1134387087036354566
1134385834633940993
1134385830854823936
1134385826350153729
1134385821556051968
1134378246278131712
1134325302123827202
1134305531428872192
1134298277799780352
1134250198983761921
1134226515200290816
1134208943583105028
1134206416703643648
1134203850217394176
1134201369655762944
1134196321898967043
1134188543411195904
1134183723686072320
1134177760065347585
1134174958870024193
1134169868444585984
1134167430580883457
1134167426285703168
1134166127314182145
1134154850076434434
1134152281442660353
1134149564561264644
1134146019774607361
1134144762531975169
1134140705281138689
1134138522062020608
1134137172041326592
1134132191762558976
1134130940312260608
1134129618330537984
1134125844853657600
1134124615536713731
1134118313288753158
1134116797395984386
1134115816105029633
1134115811377995777
1134115566812356608
1134114514461503488
1134112084839534592
1134112079273742336
1134112074886537217
1134112069698183170
1134109528621035520
1134109302401228800
1134109301008752641
1134108255863656448
1134108245973446657
1134105729206509568
1134105723212840966
1134100689590898689
1134100470958624768
1134095180204838914
1134095176857788419
1134095174907367426
1134095171916881921
1134093138631516165
1134093132474322944
1134093124517683200
1134093118276550656
1134092914018213888
1134084315359432705
1134084308740825088
1134081876354830336
1134079295465426945
1134069265479479297
1134069261113143296
1134054204505579523
1134040035060305920
1134039014225453057
1134032794131337216
1134028073056329729
1134028047064002560
1134024944571035649
1134024942381686784
1134023979398832128
1134000044254928897
1133949707758317569
1133905653406343173
1133870208169512962
1133857576481906688
1133856339015458816
1133856336884772864
1133854095641591810
1133850271681875968
1133846249080283136
1133845236042620929
1133842741593550848
1133838707931451393
1133837882039382017
1133830163345674240
1133827612873297921
1133826377285853185
1133825182492168192
1133823847705268224
1133823613835141120
1133819871047954433
1133813525518987264
1133812554197852162
1133811087168741377
1133807608895348741
1133806279724544000
1133803026660175872
1133801349353791488
1133798759362699266
1133789921599209472
1133776084808478725
1133772729038069760
1133771200210067458
1133769553736019969
1133768312297594880
1133765983431286785
1133765978008039426
1133765711707430912
1133764732882751490
1133764725165166595
1133763542128234496
1133763537027964928
1133760945413591041
1133758538722021376
1133754704519991301
1133752127665385472
1133751679961260032
1133751677729857536
1133748360291246082
1133748354532487169
1133747009511448576
1133747008173432832
1133743423889072128
1133742100787417088
1133740912620769281
1133740906992025600
1133736816157310978
1133736646229286912
1133734602055573504
1133734595751534592
1133722059379564545
1133722054551900160
1133722049560698880
1133719494818504704
1133714662862860288
1133706833963704320
1133691768225058816
1133687756784394241
1133684189327446016
1133684183170277376
1133677700881817600
1133677699199840256
1133677697350144002
1133676629350408192
1133665351538028544
1133662542998458368
1133661642644959232
1133661637968302081
1133661633644040192
1133659111399264256
1133633624732049408
1133633623607914497
1133627684775497728
1133620013016014848
1133568454362107905
1133568449328885760
1133501888362631168
1133494178179166208
1133487659500875784
1133486679032061955
1133485442362466304
1133475612482580480
1133475608082522113
1133475359977037824
1133471607882735616
1133467778873208833
1133467772028116993
1133465299959853056
1133464007485120512
1133462506993836034
1133461309062819840
1133458980808908802
1133457462458232837
1133455255331573760
1133451422580781057
1133445126339137537
1133442629260201984
1133438840251781126
1133435064140947456
1133433599485796354
1133433597011136513
1133432287389995013
1133422459649220609
1133417215666151425
1133416242226880512
1133416235243397120
1133414896400572416
1133414890356596737
1133412440895557634
1133401076806356993
1133399859845914625
1133397403678236674
1133397399446142976
1133395789668081669
1133393571598536707
1133393567668482048
1133392998337851392
1133392311893864448
1133392306281877504
1133391004353073152
1133389745806036994
1133389739535548417
1133383494879592448
1133383488047124480
1133375960345137152
1133373464583331841
1133372149882863616
1133372144535134209
1133372139036446721
1133369719715713026
1133367927804243970
1133363379966533632
1133363368125968384
1133362063097651200
1133358065305214976
1133328989609746434
1133315513671671808
1133315336705576960
1133315333421502464
1133312981822001152
1133299184176705536
1133269747032829952
1133269744348536832
1133269742356172802
1133251081360822275
1133220929167855616
1133163215196688384
1133132836075130880
1133127837668528128
1133106474031431680
1133098858672742400
1133078729192890369
1133066151670505472
1133061090294849538
1133039768244240390
1133012055659819008
1133011772338786306
1133011770141020160
1133004463487225857
1132996939237285889
1132989390861553666
1132983106435207173
1132967959033536512
1132936657802543105
1132936645915942914
1132926546707140608
1132916430607986688
1132907310337142784
1132892474538647553
1132858573866905602
1132854746988072960
1132840902211375106
1132762961028800515
1132732721535619074
1132730166780809216
1132727642262777858
1132710100953640960
1132707560409227265
1132687103043751938
1132679918859501568
1132664792601255936
1132662219739729925
1132634581297975296
1132604398461423616
1132595514879483904
1132574130434392064
1132574121953562624
1132559024594083840
1132530087100854272
1132425482065141761
1132422937917743109
1132400483103068161
1132377832783589376
1132375297448394755
1132368010918924290
1132352690615455745
1132337618706927617
1132334903213875200
1132317414136455168
1132288562525818881
1132288555907203073
1132287232763731968
1132270871274561536
1132270679003422722
1132258297258663936
1132234386559197184
1132227840336912384
1132226841668984832
1132212792512131072
1132211744229724160
1132211738617831424
1132211732192088066
1132167714724831232
1132090751201042432
1132069915119280131
1132060631958458368
1132041641504772096
1132030309803941888
1132028889306419201
1131998852045787137
1131998602585399297
1131996094836203521
1131994816605229057
1131992341412220936
1131986353833631746
1131985016249036800
1131981047279869953
1131969720557686784
1131963946972450817
1131962090367930368
1131957163897827328
1131955812853854208
1131954859626962944
1131952027200888835
1131952018527010817
1131952013133209601
1131951025227751425
1131950790560636928
1131947033017966592
1131944478355394560
1131943194948722689
1131942092433965056
1131942088063553536
1131942084313853952
1131938429757997056
1131938218029604864
1131935679611637760
1131933190929694720
1131930759814615042
1131930691334287366
1131928120674738176
1131927161009577984
1131927158652325890
1131926901147226113
1131920577852313601
1131919327630942210
1131915156668211200
1131915153103085568
1131915149282091008
1131915102230331392
1131915076351483906
1131915072358551552
1131915068772425728
1131915064301314049
1131914268524326914
1131914263008817153
1131911854563954689
1131911850042511360
1131909404205473792
1131908053245353985
1131905454995587073
1131895411617271814
1131880310151569408
1131880304942157826
1131866453681090560
1131865487892258816
1131863953112485888
1131862703893569536
1131854177297195009
1131850349067816960
1131850105663967232
1131850101654261761
1131850096272957440
1131850092057628672
1131850086898651136
1131848839042879488
1131841309893898240
1131838777155031045
1131806042428514304
1131783442109222912
1131775884443213829
1131764581687332864
1131751211303096320
1131746702266961920
1131742413054193666
1131728101384314881
1131724604123353088
1131716732203225089
1131715735737294850
1131700391559745537
1131698106045743104
1131688132204793856
1131686097258459136
1131681729859772417
1131680245969502210
1131675191384453120
1131663912586416130
1131653065034149889
1131650325637664768
1131650033131110400
1131647555215986688
1131644152494678022
1131632951911944194
1131632652849692672
1131627376402673665
1131625103962386440
1131623845994139648
1131623642692050945
1131617325940187136
1131613565583069184
1131607306507051008
1131606255473221638
1131598541934276610
1131594965434458113
1131593433951461378
1131593429820026880
1131593423952203778
1131592423610564609
1131590998344306688
1131590992698716167
1131589683803230210
1131589679277629443
1131588630944854017
1131588404263694336
1131588395413704704
1131584664165134336
1131584658578300934
1131580855435059201
1131579577816551424
1131577641868374016
1131572521315315714
1131570800119750656
1131570794247729152
1131568300830449664
1131565756062281729
1131563508519395334
1131563292894334976
1131560764731514881
1131559480276209666
1131558183653249025
1131558177919655936
1131554450898857990
1131553215907094529
1131549926524162048
1131549658705256452
1131549410259853313
1131519470932037632
1131517923682660352
1131507911400857600
1131503051305607169
1131503049426571264
1131502857260326912
1131495306489716737
1131486537303109633
1131486533540896769
1131486529883430912
1131486522677571585
1131486517959057408
1131486511793410048
1131481447741702145
1131465075326365701
1131448707789021184
1131431133810483200
1131431127812587520
1131387058726035456
1131383322830151686
1131373195699851264
1131353328238190592
1131343543161827335
1131343540942974976
1131317913888198658
1131312816147828736
1131312812045852675
1131309046223519744
1131308084134064129
1131301497998848001
1131291406419542016
1131286465407836161
1131285432308764673
1131282615233929221
1131276422423687169
1131273539795988480
1131267649541988353
1131263755055185925
1131262561914118151
1131262556000215042
1131262550388236288
1131262544583299072
1131262536123387904
1131256214938161152
1131252659946688512
1131252467491135488
1131249963797815297
1131249955644026882
1131249944931778563
1131248672652562435
1131247411677016069
1131242375777591297
1131240082860650496
1131232343589609478
1131232338845810689
1131231073197862913
1131230396048449536
1131227268473348097
1131227262169341952
1131221501385019394
1131220959803924486
1131219680838979584
1131217765296160773
1131217207197806593
1131215974986866688
1131213697576251395
1131213475479478272
1131212226122211329
1131212222305382400
1131209682662633473
1131208673693458432
1131208360374808576
1131201144166985733
1131200813890719749
1131199827969282048
1131198426706849794
1131194549139922944
1131194541262954496
1131193272741842950
1131192003608420354
1131188249555349504
1131187272961921024
1131184467387781122
1131180684104601600
1131155539835146240
1131155535590510592
1131155532151250944
1131155527373869057
1131146711852888065
1131140692263264258
1131140689968939008
1131140468253888513
1131140464130887682
1131138069703405569
1131126680683200512
1131125610233892864
1131125608724008960
1131125606819737600
1131125605309833216
1131124109583298560
1131124105120559105
1131061969853845504
1131061963390369792
1130963553719078912
1130960996540047361
1130952438234656768
1130952427044319232
1130947507931029505
1130947503552176128
1130938659916668928
1130938658431938560
1130936060769443841
1130934811248533506
1130934580607946752
1130933648725860352
1130933571131236352
1130932298432557063
1130928541481226241
1130908864336007169
1130908859441324034
1130903362612989952
1130898361291300864
1130894580776357889
1130890813796421633
1130888328763662341
1130888324351238146
1130885864328970240
1130885859077705729
1130884524970303488
1130883342738632704
1130883337097306115
1130883331682381824
1130881959935336449
1130875670299598849
1130871942834212864
1130869369167405057
1130866899728949249
1130866895857561605
1130866888576315392
1130861931659780096
1130856892736008192
1130856116370386944
1130855605831233537
1130854314488938496
1130854283992227840
1130854280582221825
1130854278468292609
1130854084074860545
1130854080174149638
1130850558703595521
1130849275791851520
1130848014338105345
1130845475844874240
1130845469805076480
1130840560632291328
1130839216248762369
1130839211085426688
1130837971714891777
1130834198149914624
1130831652949811201
1130829214301720576
1130829209109241864
1130826664454361089
1130826641284972545
1130821686524354560
1130821582451105792
1130793891077218306
1130793887046479873
1130793877076697089
1130778857471193088
1130778847685808128
1130778837942439937
1130777542959468545
1130777541659287552
1130777540237385728
1130777538215723008
1130773808124710912
1130768722879242241
1130763700997152768
1130761215519727616
1130761210604019714
1130761204383617025
1130736014367047680
1130736011925958657
1130728460501028864
1130708414135459840
1130699562249793537
1130661787559485440
1130647987611480065
1130609023210934272
1130590073727139840
1130582526832062464
1130582506527449089
1130582499799834624
1130574959611437057
1130564430935351296
1130562389882150913
1130562374912610304
1130554862549262337
1130553602903281667
1130551119472746497
1130548543528275974
1130547290136096769
1130546044746502145
1130542272486027270
1130539802191904769
1130525901425381378
1130522125096378368
1130522115667615749
1130518332975853568
1130517092166447106
1130515857346617350
1130515855119441928
1130515850145017859
1130515832323346435
1130510815054974977
1130509516498513920
1130507032430350339
1130505858721427457
1130505729209712640
1130504514090536961
1130504511183892481
1130504509443248138
1130504507002105856
1130504504493989888
1130504503034298368
1130504501285101568
1130502028525035520
1130500726894006273
1130500719583354880
1130498308336697345
1130497017271209985
1130495783541903360
1130490691635818496
1130488213565509633
1130486959934189569
1130486955723169792
1130484478982393856
1130480614082322432
1130476855348334592
1130473040205291521
1130473034593296385
1130473029061009410
1130471770610372608
1130469238421032960
1130468014841892865
1130468010303598592
1130453857652400128
1130446609597304832
1130436580148166656
1130425261772689409
1130420190775316480
1130418948728664064
1130416406078603265
1130406345268748288
1130398785912418305
1130398781546074112
1130366075269464064
1130359769494118401
1130351040736497664
1130325801273049095
1130318283863994368
1130313230302232576
1130305719109128192
1130294424632741894
1130256655566942208
1130222630206955527
1130222625983275009
1130216337865879554
1130194984920113152
1130186142278651904
1130184876894892032
1130168593625309189
1130165272386654211
1130159763138973696
1130149681563148288
1130143408977260545
1130140858848894977
1130122024024776709
1130120703045447682
1130116959952134145
1130111996500860928
1130108162173001729
1130101876706488320
1130090552744128512
1130086786628292608
1130054059254329344
1130038976478359552
1130038966529482753
1130038959088840705
1130038955368493056
1130038950926704640
1129863072997355528
1129852194881200128
1129834594180698113
1129832050746384384
1129818793272840192
1129818790324256768
1129805660751880192
1129804393858174976
1129781797347319808
1129779275069100033
1129766610791751682
1129761618693378053
1129751540170985472
1129736472582656001
1129693662651269122
1129676056145858560
1129676045899259905
1129676041331593216
1129676036592021504
1129676029826686976
1129540125694857216
1129516443400323072
1129507115746430977
1129501144592601089
1129493588566519808
1129491109980323840
1129491101835038720
1129487325870796800
1129487318287572993
1129486064517885952
1129480691119546368
1129480689445945345
1129472193287663616
1129464701216350209
1129464696350957568
1129454632760152064
1129449038573690880
1129448270076547074
1129445371061723136
1129441465048981506
1129440804878147584
1129435755112275973
1129434501715640321
1129434494941978625
1129431943500767234
1129430224758812672
1129428934314156037
1129426906816962562
1129426901787922433
1129424450829651969
1129424042673541120
1129421850101145600
1129420613343428609
1129418511925882880
1129415577053859840
1129415046587666433
1129413119976116224
1129410605297872898
1129408047300927488
1129403040484724736
1129403034616893440
1129403027473993729
1129398003587010561
1129396755110535168
1129395577136062464
1129389276750393344
1129387931137978370
1129386637392318470
1129385411648921600
1129385359492767745
1129384196135444480
1129384190447968256
1129377864351211520
1129377861415120903
1129377857996824576
1129377853961904128
1129377848408584194
1129377843748790272
1129377840884068352
1129377836136050694
1129375391595024385
1129375388055027713
1129375384041074689
1129374053087756290
1129372818616012802
1129365776799076353
1129358951785598976
1129343860008738817
1129343854048698369
1129333784212643840
1129329600776085504
1129328756856893442
1129328752742342658
1129328748241784833
1129326226965979138
1129321992086278144
1129313775063056385
1129313771166621697
1129313763289640961
1129313749226147845
1129313737956089856
1129313170101821440
1129313168604442625
1129311138196414464
1129201670280351744
1129199155753230337
1129177281178591232
1129172269345968128
1129139998647889921
1129139522103586816
1129136228144746502
1129129652025462790
1129128662106804248
1129127405828870145
1129127399784878087
1129127395016040448
1129126187370975238
1129126183315083267
1129126177317228562
1129126171881410561
1129119939376422917
1129118691851997191
1129114558642176006
1129114557115437056
1129108102354227205
1129107294015414278
1129104360103907328
1129099747367759873
1129094782062682112
1129090990583754758
1129085424591355904
1129085021942362112
1129075825037463552
1129074594546102272
1129073011770953730
1129070403018743809
1129069182962884608
1129061552269799425
1129058272751816704
1129058267068620801
1129055709516193793
1129055705724588035
1129055700792041472
1129051918934925312
1129049389572460546
1129045616842149889
1129045608805937152
1129044403778142213
1129040615952605185
1129038940336529411
1129038121444794368
1129038115044298752
1129038104424267776
1129031847437062145
1129031842366132229
1129030058537082880
1129028073482084353
1129025534028124160
1129025528017633280
1129025522841849856
1129023035095289856
1129023008964792323
1129023003696738305
1129022495603023872
1129021715122675712
1129016720822349824
1129010439126429697
1129010432553967616
1128997442597412865
1128996560833077249
1128986643300519936
1128986637281710080
1128986590737522692
1128981442090942464
1128973952733388802
1128968952309329920
1128968947796254721
1128967205771763713
1128967203888467968
1128966377832898560
1128953836767461381
1128952059989041152
1128951281358446593
1128951276962799616
1128951271451451398
1128932405463666688
1128921258945601536
1128921254176710657
1128916796587872256
1128905984867471360
1128895898241687553
1128852908735369216
1128841805510905856
1128830435281297408
1128822696505237505
1128807551401897984
1128806570631073792
1128803827644280833
1128793695510245378
1128786164335501319
1128771393452236801
1128765048241958912
1128764806360633346
1128762563355914241
1128759571370082305
1128752429590355968
1128751196964098050
1128747437173215233
1128747432194527235
1128746129867321349
1128744894355398662
1128740883346722819
1128737074646016011
1128728580370960387
1128723526758883328
1128715973282942981
1128712242206265344
1128705933071327232
1128705645614706688
1128700846953369600
1128699627144974336
1128697116338081792
1128697111195918336
1128697105575567365
1128697099078504448
1128693387455078402
1128693382468055043
1128693376629473281
1128692216292155392
1128692210734698497
1128690625765883904
1128689628066865152
1128689622815584257
1128687023819247617
1128684702611726336
1128684516669833216
1128678177952477184
1128676792460562435
1128675705246703616
1128674432170561537
1128668025937387522
1128665719342862336
1128664519998357504
1128664346354180096
1128664126681698304
1128661905105666048
1128659400183435264
1128659391601893383
1128659386656800768
1128659378243100677
1128659169471553536
1128658125580587008
1128649344264155136
1128648026736726016
1128647838479654912
1128644293659328513
1128640206935134209
1128617834735706113
1128615345756020737
1128615341498802181
1128608759658491905
1128605820378386432
1128605078821142528
1128597680354148354
1128590151402360832
1128590147099004930
1128588638051291136
1128588636700774400
1128588635459268609
1128575002331230208
1128558413519179776
1128544864973545477
1128539822598098944
1128532270636253184
1128490500024098816
1128490498447036416
1128461972763181056
1128449200667152384
1128420518812704769
1128408767203356673
1128401566648680448
1128392594457862144
1128387529743511554
1128386104372224000
1128379979463626753
1128378740713586691
1128372515510865926
1128372185666551808
1128371177192337409
1128369904112033792
1128362426922147841
1128362421024960512
1128357085220151297
1128351073960366080
1128347271911886849
1128343282747101184
1128343254196477952
1128335951120556034
1128334699821248512
1128333159865700356
1128332218642964482
1128332214205321216
1128329928007614467
1128328132346417153
1128324686956380160
1128321877456445440
1128320877257535488
1128320873444851714
1128319368734158849
1128315839579475970
1128315834168946688
1128314687416827904
1128314680085241861
1128314673097580546
1128313326583320576
1128313322087026688
1128309568168185856
1128308021879279616
1128304527332007938
1128302030370553856
1128300992762662912
1128300988228673537
1128300986488037376
1128300984013414400
1128300119651160069
1128299350030016512
1128298002752393219
1128296949281587201
1128294441347895296
1128291980960776196
1128291974505795584
1128291969430585344
1128289454060384256
1128286616336969728
1128284477300596736
1128271618768343040
1128269453031084032
1128257937816936448
1128245347631935488
1128242851450695680
1128241345112494081
1128235296250834945
1128235292496990208
1128235289212792832
1128227791395225601
1128227786294996993
1128226247023243265
1128224081155907584
1128207664713011201
1128207659612680192
1128196195711619075
1128185240885788672
1128182427007029248
1128128087042994179
1128128083570167815
1128125889215172610
1128105692076892160
1128099456476504065
1128097937714819072
1128079043658756096
1128066691743866885
1128056626257252353
1128048131743076352
1128037455888900099
1128036213284327430
1128030216507543560
1128026453222854657
1128026154156339202
1128024060699475968
1128021404342005762
1128021151391916032
1128016185407225856
1128011118608297984
1128007296083267584
1128007293424025600
1128005107549863937
1128002547942416384
1128001293786714112
1128000064012656644
1127998496517312512
1127996333544083456
1127991193177137152
1127991187388993537
1127990948682661894
1127988704407105538
1127988699789185030
1127986239519514624
1127978480728145920
1127974850918854657
1127971201433985030
1127967450597928960
1127967446323933185
1127967442502914053
1127966019962712066
1127965760930963461
1127964766390165505
1127959964830568451
1127955998659043329
1127954723435438083
1127952394703331328
1127950660081725441
1127949655466229760
1127949648881180673
1127949387911565312
1127945921931689985
1127939636226076672
1127939631062880256
1127937337814548480
1127937327609856001
1127936989196582912
1127933445596958720
1127930834823057409
1127929585843212289
1127929579581190144
1127929574669586432
1127928778456469504
1127928774882988033
1127928769480732673
1127924304161542145
1127923380819308544
1127918253421023234
1127895564610306048
1127891586539577345
1127889064319954944
1127887997859504129
1127880252020142080
1127876787583823878
1127865375524315136
1127861596368375809
1127854105282646016
1127837694875316224
1127833636106117120
1127820026092900352
1127796476934021122
1127783864926126081
1127773836420755456
1127768732942700547
1127756120523780097
1127747594573242369
1127725955345190912
1127698502459580418
1127694470810619905
1127677741371994113
1127655519488040965
1127650465813024768
1127636883226472449
1127634129451921408
1127621807274635270
1127613999208648704
1127593923675926530
1127591393747247108
1127581305343021058
1127577689144070145
1127576293523038208
1127575160960299008
1127568653824737281
1127557317057241089
1127537190802735111
1127499501193834496
1127499497645510657
1127347223883341825
1127332107250995203
1127317072558612480
1127308177765220352
1127305694863134720
1127288207341694976
1127288202665111553
1127285553450356736
1127284335361630210
1127267976628113409
1127265527292923904
1127264155541692416
1127251621191221249
1127231321145860096
1127217825670664192
1127215121594486784
1127198726068625408
1127182571819995141
1127177321469939712
1127168093787250688
1127139622985916416
1127139618430779392
1127139615331233793
1127139611694829568
1127139607013986304
1127135347488456706
1127124458106490880
1127111971172646912
1126966192093134848
1126964797470400512
1126958432861421573
1126953634363772929
1126946470106681345
1126939637115756546
1126930346325487618
1126929716806602755
1126925954415247362
1126925948304097280
1126920877965230080
1126918299948916736
1126913107056582656
1126909658634047488
1126901785774391298
1126901781252984832
1126899302641623043
1126895851874521090
1126895309626445825
1126889863075323904
1126886715073933313
1126881752839008258
1126880901365993472
1126880711439540225
1126880701826195457
1126878128448638976
1126876949803151360
1126876773390663681
1126875379933810690
1126872956918030343
1126870183782559744
1126870177591824385
1126866606053830656
1126864925488504833
1126861888887971845
1126861613741563904
1126859045758013441
1126858128304300032
1126853917810274304
1126852954127048704
1126847215878668291
1126847213462855680
1126847211239890944
1126847207527682049
1126847204507963392
1126847200795987971
1126847198715613184
1126847196077461505
1126842659086192641
1126841406314754048
1126838901841199105
1126838896740978689
1126837628798742528
1126836606151868416
1126836600686690305
1126836594860859392
1126830303060819970
1126822644261826561
1126812459505991680
1126805040163905537
1126799866825510912
1126792566647685121
1126789835858087936
1126789830992629760
1126789826882277376
1126779694907523072
1126779689060708352
1126778712656162816
1126777237926137856
1126774729442938883
1126774724430745601
1126757125214982144
1126749592647634945
1126749583906787328
1126736937920786433
1126625329404153858
1126617640628305920
1126616310178361349
1126611850559406080
1126611741373358081
1126610416870858752
1126596434483134464
1126592542781464576
1126591325191774215
1126584754088890368
1126581240193277963
1126579939871006725
1126575123757137929
1126571143098523651
1126569612047519744
1126568626016985088
1126567492535635973
1126566112462868480
1126563727497678848
1126559927500181504
1126558277192515584
1126553459241648129
1126549671088926720
1126544947702902786
1126542508102754310
1126542502318751744
1126542497663074304
1126539842580512768
1126538348603084800
1126536433089564674
1126533465346846720
1126523418789261312
1126523249876189184
1126520816223641600
1126519756297842688
1126519752212525058
1126516949700288513
1126516945350795264
1126515536605659141
1126513407585345537
1126513402040418306
1126512201416806400
1126506981886267395
1126504683290292224
1126504675736309760
1126501987493851136
1126501982246666240
1126501783000498176
1126500877244694528
1126500021476708352
1126498106311421963
1126496660677439488
1126495399190126592
1126494064222851072
1126493782554370049
1126491939241713665
1126488301635088384
1126487399167664128
1126487396273598466
1126487392247009281
1126486787642331137
1126486783909400577
1126485594266374144
1126482478892560385
1126482451763691520
1126482430863585280
1126451635318870018
1126451628431806465
1126430207282438144
1126429910283763714
1126429907834286080
1126422612861693952
1126422330522177536
1126415028083621888
1126413690629238784
1126412671111376902
1126412666912874496
1126412662328311808
1126407503221272577
1126399742253072385
1126379903513964545
1126308313929588739
1126305680384720896
1126298092230332416
1126288024306946048
1126272652883185664
1126269009064800256
1126262793701818368
1126251620633862145
1126248738962518018
1126245185015435267
1126240319287300097
1126239192273518593
1126231647760920576
1126231469691691008
1126228951238574080
1126228691426717698
1126222600089296896
1126218799043227649
1126218793339039744
1126217673308811265
1126213546029867016
1126211323895996416
1126203547912146945
1126201591663616000
1126199948150808578
1126199943096602624
1126198534406012934
1126196181661573121
1126195003242557441
1126190877808918529
1126185854031007744
1126183385947418624
1126180990114762752
1126179746776256512
1126178252710658049
1126177242525122560
1126175750741164037
1126174802476175370
1126168176708980736
1126163210661449729
1126160620380934151
1126158906156302337
1126157189243183105
1126156922703491073
1126156920950329345
1126155899427598336
1126154603991654400
1126154600183209985
1126152048620318721
1126150804816134145
1126148395498975232
1126148389605904386
1126143321922052096
1126142055477125122
1126140929511960576
1126138056644468736
1126136996131426304
1126135685650550784
1126134429687209984
1126130515101220865
1126127899197739008
1126126928438730752
1126125026372136960
1126125022316257286
1126124420135829509
1126119423834755073
1126119414598909952
1126116841120776192
1126114328472584193
1126112879080558594
1126110642614734849
1126104264953040896
1126095464456163330
1126089145045200897
1126067775007535106
1126067564008886273
1126062758221492224
1126059958397755392
1126059956724207617
1126052673437020160
1126052669620199424
1126052664914128896
1126052659058888705
1126052653912461312
1126050171828281351
1126047629878726657
1126029037749583873
1126013708180832256
1125998540411613184
1125968470552850432
1125935714003238912
1125930661091643392
1125921804843929600
1125915569591607297
1125897658219073537
1125893852781600768
1125886380146601989
1125875256458076160
1125875247364886531
1125869078420381698
1125868773297225735
1125868771695038467
1125867536019488770
1125865160365752321
1125865155500363777
1125863711342780416
1125855695885217797
1125855104182231040
1125841317890863105
1125841311251271680
1125840129891938305
1125840125374676992
1125837528513355779
1125835167065677825
1125835161738928130
1125833711436685314
1125832656841736194
1125832652169338880
1125832645974294528
1125832634125430784
1125831175874985985
1125830605483204609
1125827688898420737
1125826442120630272
1125826438102421504
1125825183481237504
1125823862174883842
1125821300612714497
1125820168553279489
1125816860220510216
1125808937792671744
1125808931413155840
1125799779534086144
1125798430054453249
1125794526747082752
1125793712951283714
1125792193640370181
1125792188019957760
1125790950251479040
1125789680690135040
1125788393772859392
1125783168055955456
1125778438017699840
1125778435132010496
1125775849972752384
1125774704478912513
1125774698569138176
1125773342986915843
1125770206901567489
1125764681765928960
1125764507379351554
1125754476801949696
1125750403507871744
1125719232367534080
1125718996798582791
1125712762875842560
1125711656439488513
1125702862313537536
1125697805887180800
1125697586910904320
1125697585312935936
1125692821426581505
1125690305100034049
1125690297210540032
1125690293397991424
1125690290076041217
1125672647055093760
1125670144947175424
1125651284416245760
1125632372144263168
1125603482625564674
1125573250061414400
1125549326497931264
1125535576151580673
1125510136150274053
1125507863626043393
1125498996980703233
1125495014874931210
1125494013975564294
1125493819351404547
1125492727779680257
1125491461124960258
1125486478811754496
1125485197691109376
1125476589263781889
1125471102090846209
1125459981816475654
1125447517204774912
1125439924860346368
1125439669888585730
1125437385339297799
1125437379911868418
1125437130300436480
1125437126714318848
1125434944942161921
1125432486857670658
1125431479193014272
1125431470435241986
1125427432784371712
1125427240924274688
1125424814502682625
1125421072168435712
1125419742452490242
1125414702387990529
1125414697229017089
1125413441391480833
1125413436521897985
1125412213945245696
1125411976539267073
1125411032044797952
1125411026424483842
1125409679704768512
1125406142706933762
1125403582042390529
1125400247868559366
1125385884587655169
1125380723773509632
1125378227881558016
1125373192586047488
1125368212282015745
1125361640063537152
1125361638570364929
1125361636947255296
1125298975224029184
1125291403691663360
1125266290820694016
1125246212297428993
1125228471100297217
1125226037925883904
1125158056562700294
1125151748455378944
1125146688149176323
1125135479882559488
1125130315553484802
1125107667956060161
1125094889555988481
1125090184616398848
1125086297754873856
1125076250752626690
1125057358747643906
1125056094831816705
1125054818546880512
1125041047812358145
1125036187708796930
1125025923387019264
1125018391851540482
1125010812324798464
1124988170767085568
1124978072808251392
1124964240899694593
1124962966137393152
1124962962689671168
1124962957589454849
1124805671738904577
1124780588911742980
1124777988132888576
1124739133937725440
1124735240436617220
1124712594667974658
1124689999990013952
1124684956171669506
1124677342004170759
1124671076498333696
1124663497009373184
1124648434856812544
1124638434939764736
1124633371689259009
1124618209041289218
1124618205211844608
1124610654076317696
1124600661298036736
1124600656294293504
1124600650376077312
1124579199271022592
1124475089133682688
1124441072539717633
1124433531931889665
1124419495836123137
1124418540856119297
1124412193787777024
1124407194433335297
1124405632201830400
1124402019551326208
1124398058211557382
1124395943791558656
1124394556202602496
1124384683922468864
1124376724077195264
1124373113427365889
1124361888442138624
1124361880083009537
1124360654838743041
1124360649251917825
1124354214887608320
1124349266347139072
1124345342852567046
1124342950387953664
1124341615898832896
1124340483969507328
1124340478139301888
1124338893745205248
1124337900949311489
1124337897291825152
1124337893290446849
1124336799478964224
1124336793825042432
1124336787583795202
1124335444798447616
1124332666281701381
1124331754234568706
1124331749666902016
1124331744419897345
1124330955609657345
1124329367818178563
1124329363565006853
1124329358297059329
1124326575648976896
1124317780692668417
1124315743150067718
1124315739920523265
1124315738142060544
1124315735084425216
1124315731900944386
1124315730097340418
1124315727098535936
1124315725382987777
1124315723457806336
1124313869726433281
1124310313183129602
1124310307080474624
1124310301015511040
1124310295189569536
1124307663356157952
1124307658738216965
1124307407004426241
1124301139300769792
1124296170082328582
1124269997071716352
1124265199966609409
1124263382717280257
1124263381509210113
1124254877692104704
1124254873720119298
1124247310505062400
1124244816404131845
1124242216468267008
1124239733679435776
1124239729891971072
1124239726310043648
1124239722027601921
1124232174331416577
1124222175572123648
1124210891589869569
1124204549563199488
1124126228753948673
1124115168907157504
1124096280307949569
1124075004893831168
1124073459032690695
1124067435013918721
1124064595340140550
1124056014150676481
1124053621669339137
1124047261061853184
1124046958669312002
1124040720510259206
1124034458313732096
1124032233583542279
1124028095256723457
1124027194047643649
1124025816457916419
1124025811185565697
1124023002436386820
1124019645957246981
1124015892399046658
1124010531365507073
1124007039926243329
1124002942435110915
1123999306795618305
1123992060539830274
1123989500894621703
1123989496436072449
1123982887240515586
1123981990204715010
1123981985758752768
1123979357708591105
1123979353384280065
1123979345930936325
1123976789305458688
1123975544729735170
1123974254482087936
1123971816408666112
1123970426609307651
1123970424000401410
1123970419801972740
1123969433029029892
1123965487128489991
1123965480849506304
1123964184734183430
1123961617392263173
1123961607804080132
1123960665515995138
1123960660776431621
1123957640520982530
1123953015038279680
1123953010500153344
1123950415714951169
1123947910306115584
1123945376363495425
1123945371246518281
1123945367106617344
1123915108793626627
1123901019199504386
1123889934505533442
1123889929858293761
1123879857203683330
1123879853416243200
1123877423907471360
1123877420233318400
1123877413832863745
1123873597171412997
1123847040759476226
1123830801265823744
1123825863995293696
1123765434711519234
1123765427920887813
1123755357384380417
1123750282494644234
1123717637350014976
1123716077102481415
1123711092482564098
1123710171853803521
1123708921355620354
1123708531532759040
1123707267218583552
1123706351891382272
1123703684209229825
1123693706148831232
1123691101838352385
1123691095764930560
1123690873634603010
1123683577328295936
1123674877343543297
1123669708853645312
1123669702826504193
1123654594029133829
1123650628037828608
1123648203528843264
1123642122899472390
1123630041164918784
1123625720507449344
1123625714136252417
1123625416252641280
1123624387876478978
1123623124724006913
1123620446061125634
1123619498962165760
1123613174597660673
1123613169996398592
1123611881606930433
1123609637356437505
1123609411656790017
1123604522629312512
1123604515813494784
1123604508318347268
1123604501531955201
1123603045949104128
1123601785309028352
1123601496426393601
1123598048532344832
1123596842967740416
1123596836881694721
1123596830334488581
1123595255075540992
1123595253066412032
1123593057826496513
1123593052734537730
1123590430459879424
1123590424709484544
1123589010285314048
1123587988200595466
1123586986307129344
1123586981722767361
1123586978199547904
1123583058266021888
1123583001122803716
1123576352517627905
1123575364972888068
1123575361453924352
1123568271930867718
1123560368314494978
1123547734424915969
1123538618935599105
1123538617324982277
1123537634268188673
1123532666433941505
1123532660448559104
1123522519405944837
1123515039862927360
1123515033898631168
1123515029184241665
1123515023958126598
1123515018606272518
1123492398661808129
1123492393297297408
1123492388369047554
1123492382442446848
1123492376289382400
1123492369045827584
1123492362498523136
1123492357675134977
1123492353820516352
1123492349735317504
1123492345071190017
1123492338368749568
1123492331922055174
1123484569150414848
1123484566763778051
1123484563366391810
1123484561042804741
1123484557825728513
1123484555942428672
1123484552335380480
1123326506057572354
1123326503738064896
1123324142714068992
1123322937887657984
1123320542721921024
1123320209278939137
1123314016892461057
1123312936137756672
1123312639780818945
1123311655545339905
1123311359205281793
1123308971270574080
1123307896039780352
1123305572294643713
1123301599366000646
1123299008292761600
1123295411467423746
1123294224378679298
1123292621894561792
1123290444245368832
1123289348743548928
1123282865259782144
1123282861120008193
1123282856623714304
1123282851292766208
1123282845466865664
1123282841717149696
1123281636852998144
1123281632071491585
1123280302892363776
1123280296223412225
1123280289562804224
1123280281069400065
1123280269971263491
1123280262085992449
1123280254490038272
1123280246357282817
1123277402149400576
1123276431956615168
1123272741103259648
1123272737638764544
1123272732853010435
1123257730163146752
1123255165686099970
1123252513795387395
1123251327486844928
1123250130948378630
1123249885271207936
1123249883224453121
1123248868706144257
1123243779325140992
1123243771951484928
1123243649532342272
1123239856384163841
1123237578315042816
1123237572807987201
1123231233209712642
1123229963799363585
1123229681917022208
1123229679387852800
1123229676409905153
1123227534290771968
1123227528271933440
1123219365002924032
1123219338708836353
1123219331314257920
1123219254218776577
1123218406763835395
1123214588525330434
1123214586579234817
1123214584121311233
1123214579528552449
1123213655095566337
1123213382922981380
1123211137020059648
1123191899513344001
1123185515682062336
1123183344680939521
1123183340000096256
1123178298316677120
1123173336706703365
1123173332667359232
1123165821520568321
1123158118593126400
1123155632847228928
1123153080835506176
1123153075794010112
1123153071134130176
1123153065568342016
1123131722479144960
1123122816692387840
1123122814071054337
1123101577504538624
1123091707757768704
1123091448180686848
1123056282519384064
1123033381271420933
1123011900479025152
1122990475932205056
1122982982795571201
1122979485677182976
1122978123958693889
1122968143364857856
1122968139405377536
1122966689996521473
1122963094307778560
1122960349718765568
1122955787201056768
1122953016993251329
1122953012224327683
1122953006167875584
1122952999637274624
1122948073876000769
1122946529168363521
1122943028799397888
1122941469239717888
1122938005155647488
1122936682519592960
1122934163420647427
1122925451171778562
1122925345773117440
1122924106607931392
1122922632343695361
1122919067281702912
1122912585370808322
1122906469744173056
1122905217165594624
1122898198991912961
1122896515868057600
1122895235229655040
1122895230745960448
1122895225335308294
1122893962358992897
1122891347894132736
1122886926158192646
1122886920051265536
1122881108322942976
1122880217402552320
1122880191557251072
1122877459899277313
1122873731213352960
1122873726352146433
1122872453313847297
1122872449169874944
1122872444656787456
1122871322365890560
1122867554383482880
1122867548909965314
1122867278461251584
1122867277274259456
1122858676388290562
1122856873517113344
1122856170975322112
1122856166592217088
1122855941068685312
1122853593680371712
1122853589217632257
1122843282827091968
1122839539737923584
1122830921638535168
1122829573530574849
1122825909172613120
1122815598608691200
1122813312243306496
1122809317311287297
1122805774680494081
1122800769181339648
1122790746631933953
1122770544028467200
1122761700028100608
1122760396790730752
1122758122068697088
1122701361282523136
1122697740868308992
1122686249020608512
1122624365122805760
1122624362845233155
1122624360693497856
1122615777927016448
1122605776298758144
1122576817624428544
1122573012702724097
1122559235680866304
1122550389126176768
1122527790732070917
1122515156632780800
1122508844293345283
1122473591063416832
1122463517582528512
1122428332207898626
1122428329146179584
1122428325765505024
1122428318626742272
1122428314193420288
1122428310473015296
1122345369566765056
1122322254182981632
1122260038234660864
1122242319837802499
1122222177745551364
1122197108830949378
1122188244119166980
1122188237244719104
1122180388779188224
1122171914338873345
1122162349371269121
1122147955438497792
1122110247890558977
1122110244283473920
1122097653452615680
1122082528263798785
1122067453922676737
1122067449376137216
1122067444904992768
1122067440568025088
1122045726287122432
1122034160741376001
1122034159340404736
1122034157775929344
1122034156198719490
1122034153938145282
1122033636809891840
1122033633496371200
1122033629511802880
1122033625392975872
1122033621215453185
1122033617956429826
1122033614886252544
1122033611744710656
1122033608200527877
1122033603922333696
1121837362244399104
1121831382702022656
1121824997671043076
1121822081577103360
1121820783125381120
1121820778406789120
1121819535055704067
1121818245093306368
1121813322129727490
1121808904139214848
1121807167785402369
1121805720498900998
1121805714513694720
1121801937899413507
1121801928000835584
1121800829298708481
1121800823149875201
1121799611033767937
1121799248155222016
1121799245403709445
1121799241045770240
1121799237996564482
1121799232791306240
1121799229565882371
1121799226416144385
1121799221114544128
1121799214382534656
1121798380634525697
1121796263937110016
1121794414894960640
1121793708230201345
1121786857719771141
1121781822982062081
1121781816602632194
1121781811133206528
1121781805420384256
1121781796880908290
1121781049573421058
1121779377484849154
1121776953202233346
1121774201138970625
1121767440009105409
1121757853000372225
1121757560187576320
1121748015184842753
1121742757649965058
1121735222033375232
1121727664929349633
1121726937922244610
1121716495355142144
1121716490175156230
1121705081991307264
1121705076719083520
1121705072029839360
1121705066875035649
1121705061514657793
1121678660396707841
1121645900810424320
1121614406624972800
1121585496403206144
1121585488559783936
1121585483891531776
1121585478870941696
1121585474081107968
1121585469932953600
1121585465889628160
1121585462378995712
1121585458327314432
1121581842640134144
1121581839192338432
1121581835719458816
1121581832192122880
1121581828379435008
1121581824457703424
1121581819474919425
1121581814265655296
1121581810507571200
1121581806057209856
1121581799468077061
1121581794090999808
1121581789020065796
1121581782502203393
1121581778903404546
1121581774621040642
1121581770086998016
1121581764416294912
1121581758493995009
1121581753511153666
1121581748360482817
1121581742245203968
1121581738134777856
1121581733353336833
1121581727212871680
1121581722745942016
1121581718153105409
1121581713916928000
1121581709642928133
1121581704886595589
1121561619270651909
1121561614652776450
1121559638984491009
1121537818013184000
1121533425318531073
1121524101842075666
1121522691817734151
1121522018090876951
1121518925622259712
1121511323781693442
1121502408616677377
1121501864497942534
1121499988725571584
1121499200284438536
1121490047147155467
1121484896470491137
1121482282697670656
1121479902119772162
1121476544126386177
1121473589306384384
1121468543336316930
1121464714448470017
1121463921544765442
1121459422532968449
1121456162958921729
1121456157346889728
1121454974402277376
1121454214742532098
1121453731013451778
1121451739163627520
1121449858899034113
1121448598493855745
1121443515291111424
1121441532538695681
1121441070045442049
1121439716077920256
1121439046436360194
1121438535360352256
1121438531774185473
1121438526841741312
1121438521355571201
1121434876086034433
1121434714332639232
1121428364777095168
1121422092061294593
1121422087548227584
1121420911150804992
1121420895166324739
1121418368018538496
1121417139099971584
1121415951461814272
1121414698874941441
1121412076050817026
1121410355635290112
1121408815004565504
1121406998808023040
1121406994194292736
1121404454107062272
1121401243287588867
1121400788486688768
1121395858929586177
1121395852516429829
1121392708545855488
1121385652011118592
1121380492937502721
1121373042901495808
1121369912277127171
1121369910737866752
1121369264773111810
1121365314309062658
1121354279011352576
1121346483612209152
1121343177410134018
1121339011170226178
1121339002987208705
1121338992740450304
1121327557276782593
1121208035077173248
1121205544776294401
1121191858405769218
1121173496015593472
1121171784064221186
1121165479027126272
1121162903632207872
1121159664345985024
1121156648662388742
1121155391868502016
1121153001081712640
1121151699845095424
1121150238767689729
1121148503823212545
1121138465645711360
1121134850986119169
1121132006040117248
1121127957819424774
1121122836305862664
1121120295782375425
1121120290476576768
1121120283706916865
1121115112411156481
1121112873697206272
1121107644733972481
1121105059478216706
1121099398392500224
1121099390653992960
1121099369929957377
1121097219770335237
1121092567108657153
1121092557553983488
1121088734223634437
1121087596065636352
1121086218815586304
1121084945223626752
1121082581204783104
1121081126276218880
1121078638127009793
1121077295723229185
1121076680414695424
1121073656271183872
1121073649103056896
1121071095258517511
1121071090581868545
1121069909138726912
1121068572166492160
1121068564700631042
1121065262000889861
1121064857309044737
1121064849851731968
1121064845082800134
1121064838816522241
1121064372921675776
1121061484967211011
1121057627180609536
1121055874032779264
1121053347027521540
1121050739823075328
1121048188226551808
1121047760499826688
1121045761180033025
1121045756415234049
1121043870681268224
1121043183855722496
1121043177463582721
1121040689045938178
1121030076588548097
1121026050073530368
1121010444808982529
1121010440086147072
1121006928090607617
1120999130241933313
1120998473707466752
1120995436834299904
1120986594696159234
1120981546134056960
1120981540719218688
1120981535392436224
1120981531110060035
1120979504011337728
1120979502195195904
1120960678024683520
1120901072753692672
1120862513774628864
1120858249710964736
1120830504754872320
1120829757581611013
1120822613935382528
1120817199525048322
1120816753238474762
1120811856027951111
1120801763240685570
1120796944564195329
1120796101962018817
1120795556975206400
1120791572973596673
1120786495152037890
1120785393945911297
1120782139560222721
1120780381970628609
1120780377189158917
1120777875479777282
1120777104130543616
1120776540114046979
1120776532304310273
1120775233210933248
1120763153443446785
1120762656594567168
1120760634881314817
1120757745102262277
1120748009082499072
1120737811915784192
1120737802226995201
1120732569560068097
1120731414255800327
1120726265898700804
1120725010220486656
1120723865607520256
1120723861757206529
1120723858062028800
1120721834230591488
1120718759633784832
1120716235866615808
1120715664564658177
1120714364133236736
1120713796379607040
1120713790352502784
1120709995191001088
1120706762997424128
1120703670394458112
1120703665067610112
1120700454713868294
1120698632464998402
1120698620733526016
1120697969022525441
1120697386706329600
1120696076477116416
1120695407603011584
1120688799435116544
1120688432966246401
1120688421641641985
1120685952035377153
1120683309892288513
1120681347507527688
1120680792085225477
1120676012642242560
1120648029839736832
1120636729466265600
1120636043827515392
1120633013853753344
1120633005930885120
1120624140208222208
1120624135430975489
1120619170784317440
1120619167084945410
1120619162945060865
1120617088828280832
1120593953378770945
1120562519737868288
1120512135379992577
1120507199984492544
1120490743573954560
1120485821914779649
1120455673626677251
1120445592344379393
1120439225692905472
1120433118442401798
1120426689144807424
1120423435405017094
1120422207207948289
1120421629023137792
1120419106518458373
1120417105265004546
1120405513160855553
1120401674990911489
1120401668854697991
1120400373368463361
1120394832147570688
1120394829408690178
1120387982316507139
1120387977136484356
1120387973625909251
1120387969637130240
1120378289032433668
1120376514338594817
1120376510022586369
1120375766729089024
1120374555518885888
1120370199260205056
1120367700914659329
1120366890885496832
1120365701808697344
1120365184411930625
1120362660862808064
1120358993543692288
1120358980776230914
1120358176820531200
1120352615404060672
1120352610073088000
1120351317468299264
1120351313844494338
1120351307032932352
1120347583531180032
1120347579353575424
1120346877621407746
1120346322219958272
1120342500428931074
1120339889394995200
1120336214589095938
1120331340707180544
1120328665559117832
1120326030277926913
1120321014091649025
1120318981091549184
1120308638218969088
1120294544963244033
1120270841202315264
1120270836466888704
1120269822078726145
1120269819914465280
1120256820868722688
1120183736300199936
1120164956664524800
1120154784680558592
1120152277736620037
1120086516569657346
1120077641405599744
1120076384330711040
1120051402775126016
1120048662057451521
1120042329354715136
1120028548738244608
1120014619244998656
1120008306385461249
1119988307075710986
1119978168612474880
1119974382527549440
1119966931019235328
1119966926858522625
1119924297542377472
1119895491200847872
1119895476231376896
1119690050403483650
1119686277127921664
1119682430426931200
1119680251733454848
1119661112411209728
1119653667089670144
1119643487715176448
1119638463119351808
1119634860421808128
1119625913682071553
1119622089202393088
1119608214872559616
1119574376217743361
1119566728453853185
1119560447156465665
1119551596323639296
1119532801412489216
1119532797717352449
1119532794206662656
1119532789982879746
1119387084924620805
1119342751626211328
1119341579293069312
1119336687346302976
1119335237622861825
1119325084315996166
1119320272757305344
1119310083467436033
1119301618774757376
1119301429573881857
1119287510994178048
1119284016442695680
1119282702207811584
1119282508024221696
1119280187621945344
1119275241786753024
1119275239668617216
1119268539909779457
1119259676347117568
1119253639158169600
1119253367887417345
1119251125834854401
1119248792568700929
1119246077868298240
1119242258770014208
1119241048604254209
1119241043646590982
1119239620745682945
1119239615746015232
1119235870861811718
1119234556354342912
1119234553707749376
1119234551178514432
1119234547600777217
1119234544505380874
1119234541888126976
1119234538218168325
1119234535747719168
1119234531708502017
1119233360776388608
1119228482859540483
1119225829727326210
1119219739727945728
1119212048091631616
1119206834957631490
1119198664847699968
1119198033646968833
1119198025316995073
1119177892607471618
1119170293027737600
1119170288674115584
1119170284068769792
1119163089654386688
1119163087259463681
1119163084478636032
1119163081345515520
1119134195652055043
1119134189310267398
1119134183492689920
1119134177549414403
1119134172520402945
1119134166119936000
1119134160801517568
1119134155596386306
1119134150542237697
1119134145920126981
1119134140236873728
1119134133974781953
1119134128643792897
1119134124105592835
1119134118581690368
1118956952447586304
1118953901997395968
1118952570737893376
1118949428151365632
1118945709158539266
1118944397075394560
1118938131250720770
1118934364824403979
1118934360491798528
1118933783758213120
1118932603174903808
1118929206208016384
1118926800153915393
1118914107342823424
1118912800573857792
1118910362999578625
1118908731868291072
1118908033659281413
1118908025522225155
1118904904335151106
1118901635588263943
1118895329087299584
1118893553063800832
1118892828267040770
1118891504880295936
1118890207850504193
1118888998615900160
1118887766941630471
1118887762969747457
1118885218876891137
1118885215458463744
1118885101385940993
1118884756639363072
1118882766786060290
1118882758850482176
1118882747546783745
1118882738768089088
1118882455916822528
1118882454121660417
1118882450841718786
1118881999861628928
1118881417805611008
1118878953832374272
1118877702143004674
1118875131886043136
1118873859602690048
1118872570118451207
1118865033876967424
1118864676941697024
1118839812977561600
1118838425690562562
1118834751912148994
1118832276941475840
1118829184103665664
1118824551809466368
1118824150754369537
1118819510553853952
1118817159478763520
1118806958658785282
1118804456550936576
1118804452843110400
1118804449043079175
1118789332981157889
1118787832842268673
1118786866625556480
1118783917773991936
1118783914900901889
1118783912912871424
1118783910966628352
1118783908911439872
1118783906793304064
1118783903425286144
1118781855346647041
1118774503859994629
1118774500030590977
1118774495660134400
1118774491591708673
1118774488290734080
1118774484683587584
1118774480497725446
1118774477205196800
1118774473367355393
1118774468963389441
1118774465150771200
1118774461799342080
1118774455923290113
1118774452081385473
1118774448155504640
1118774444930080768
1118774440282734594
1118774436906381312
1118774433928421376
1118774430480642048
1118774425590161410
1118774420896718848
1118774417767698433
1118774414630428672
1118774411732160513
1118774408661929984
1118561805989752832
1118558105346945025
1118556706894688256
1118554183756668928
1118553842717741056
1118549934368804864
1118549932573691904
1118549200285904896
1118549194564874240
1118549186784444416
1118545553309229057
1118542881445298176
1118542877108445185
1118541571794907136
1118541567453802500
1118541562277974017
1118537798917795841
1118535336638988289
1118534063814598657
1118533572682559490
1118528902895419392
1118528897874841600
1118527708001181696
1118527703248973825
1118523902374891522
1118521325830668288
1118513828122320897
1118512986988134400
1118512545709613057
1118512541439791104
1118511947375349760
1118511738574393344
1118511734262779905
1118507520983818240
1118507516508422144
1118506209315889153
1118504974743416832
1118501993201512449
1118501378744254465
1118500758650011650
1118494844933038080
1118481070083723265
1118473171097792512
1118473164802220032
1118467214905159681
1118462919937753088
1118457184189390850
1118457180041240576
1118452060528181249
1118449572051865600
1118442789635796992
1118442074662166538
1118442071247945728
1118442067426988033
1118442063119486976
1118434967908958208
1118434965505630208
1118426958055002113
1118426953990725632
1118421749371215872
1118421747525660672
1118421745860587520
1118421744006594560
1118421741162913793
1118421737681584128
1118421735743868928
1118421733965475841
1118421731176329216
1118421728332517377
1118411955713265664
1118411951690928128
1118411947035254784
1118411942299828224
1118411938000715776
1118411932250329088
1118411929133957121
1118411925082316800
1118411921676558336
1118411918312652800
1118411913657032704
1118411907503935488
1118411903565479936
1118411900042321920
1118411896384905217
1118411892115025920
1118411886293331968
1118411879666335746
1118411876487110656
1118411872510857216
1118411869105131520
1118411865502175234
1118411860976578561
1118411852969594881
1118411846816550913
1118411841695363072
1118411837710721024
1118411832933453824
1118411829364043776
1118411825060687872
1118157693842284545
1118157687244640256
1118156569189994497
1118155250857316352
1118154010844905472
1118152785302818816
1118150870238101505
1118147693782753280
1118143846788075520
1118142671808286723
1118140562308259840
1118139670611877888
1118138971723268099
1118138966543413248
1118137099893473280
1118126326400126976
1118121204894793729
1118103550066864128
1118103011560239104
1118099897918590977
1118096031697252352
1118096027528069121
1118093046124564480
1118090572823134210
1118090571292323840
1118090568272351233
1118090566103982080
1118090564145164289
1118090562383560704
1118090560575815680
1118087146852761601
1118082118620467200
1118080379049713664
1118079684393209856
1118079680165371904
1118079673962061825
1118079661932720128
1118072915013046272
1118072913440268289
1118072912219705344
1118072910122553344
1118072908893569024
1118072907563970560
1118072906020458497
1118072901675167744
1118067853339561985
1118067850692968448
1118067849120157697
1118067847412973568
1118067845785694208
1118067844288266240
1118067841255837696
1118067838089093120
1118059050707640320
1118059048694362112
1118059047280873479
1118059045540253696
1118057041950646272
1118045793326436352
1118023806658990080
1118023803446136833
1118023800115875842
1118023797137903616
1118023794818453504
1118023792993939456
1118023789877575680
1118023122463133696
1118018616807628800
1118009989409456129
1118009988021145600
1118009986435694592
1118009985131270144
1118009983872974850
1118009982656700416
1118009981238960128
1118009979817070592
1118009978265186305
1117999064757538817
1117987793387520000
1117987319917756416
1117987318109999111
1117987316214185985
1117987313060077568
1117987311051071489
1117987308358328320
1117987306386993152
1117987304235307008
1117987302582685696
1117987298723991552
1117981078466244608
1117981076201275392
1117981072430632962
1117981068613836800
1117981063756820480
1117981059625439233
1117981056269987846
1117981052742582272
1117981048422457344
1117981044635049985
1117938250784628736
1117929411637063680
1117922070648819712
1117920027800473601
1117913127167729664
1117913120695939072
1117912092785295360
1117910615123812352
1117906814455050240
1117894230397992960
1117885361915432960
1117877894586363905
1117871584465657856
1117869087432929281
1117866460892655616
1117866454295162881
1117865574460035072
1117863943274475521
1117858957031116800
1117855177971658752
1117850323677110272
1117850316291096577
1117847669685149696
1117847663532052481
1117846348194361349
1117843865686433792
1117843736359329792
1117836507094687744
1117833768071507969
1117828826489397250
1117827625618235393
1117827620433997824
1117825074638262272
1117823854477496321
1117821319838601216
1117818687245910017
1117818682112135170
1117816310195531777
1117816305669812225
1117814893682597888
1117814887873503232
1117812439905656842
1117809889689133056
1117808712192864257
1117808704919883782
1117806282889662467
1117805308926136320
1117803585146900483
1117801214761164801
1117799776995692550
1117798228215332865
1117796750595710976
1117792564042764288
1117792302716600320
1117790653759537152
1117787226765656065
1117787073291915265
1117785427757412353
1117785424028680197
1117781015810985984
1117779776419303426
1117777277876625409
1117773868821811201
1117761053583130625
1117758269051887618
1117753289674772480
1117738423341780992
1117733400289345536
1117731941577560064
1117731936955506689
1117726797083312128
1117721865492074497
1117721861666873344
1117715485754314752
1117696647889334272
1117696643384713216
1117658858518917120
1117651573553938432
1117624939274743808
1117624933063036928
1117616144511315968
1117608593153511424
1117585001787400192
1117580862344900608
1117570897890697218
1117551958825623558
1117543138296565762
1117527993772015616
1117519490143670274
1117516664403320832
1117516657201692679
1117512887373840385
1117489077908049920
1117487822611595264
1117486463992643584
1117478763019870208
1117457676190064641
1117433945447120896
1117428812034211843
1117426186156740609
1117418575684362241
1117416052307238914
1117412301219483650
1117403789504450562
1117402306591457281
1117401224674971648
1117398667697242114
1117353113911009281
1117353109938933760
1117353106663268353
1117353103643303942
1117353099256049665
1117184572331057157
1117176976140382210
1117174488565788674
1117146725179973635
1117143034800562177
1117136791574929410
1117136785090514954
1117117832406405125
1117113377216761857
1117105281660534784
1117099253795573761
1117092660374908928
1117085172506218497
1117067512259198976
1117066337350770689
1117051081731842048
1117044859204980742
1117036081495650305
1117036077318049793
1117020931967410176
1116997008169099264
1116997004037644288
1116996999591624705
1116996994290077696
1116996990200700928
1116996985159081984
1116961873977585665
1116961869233831936
1116961865920319490
1116887577418706944
1116856151663173633
1116823416982646785
1116821848367554565
1116810526456197120
1116806758377377792
1116805494340030465
1116805489961185282
1116804458997014529
1116802953166360577
1116796827582570502
1116791678835105797
1116786960872419329
1116786640377327621
1116786636287815680
1116785384778883074
1116776565948452871
1116775357565284353
1116774066768183297
1116772993382932480
1116772815124881410
1116772807915003905
1116770282121957377
1116766715726090240
1116765508974579717
1116764210313043968
1116764206160678912
1116761688760389632
1116761476310503424
1116755792395476992
1116753956246417409
1116752736752676866
1116749248522067968
1116743806207053825
1116740474465869827
1116737734821974016
1116737730824888320
1116736491756171264
1116735219690823680
1116735214578020355
1116734176680644608
1116731326487506946
1116730015742406656
1116726364445597697
1116726358837792770
1116726355050336256
1116723723946606592
1116720177440276480
1116720078739922944
1116720075044732928
1116720071097950209
1116716202976522241
1116714902922645504
1116713943865733122
1116713671110078466
1116713665431068673
1116703739660963840
1116702384745590789
1116701058812846080
1116698561960390656
1116698557027880965
1116696022523236352
1116693491084664832
1116691267222757380
1116691000993492992
1116689845697511424
1116683509492518912
