1329518913990737920
1329305014741860352
1329302570825760768
1329302510289371137
1329302392697802758
1329302311194087428
1329302197809528832
1329294321623859200
1328485864465338368
1328420886815248384
1328192553523367939
1328158089837637632
1328155959064027137
1327876310211854336
1327697288861425665
1327696935289909248
1327065918317334528
1326997458321166336
1326997350259126272
1326968719193464833
1326964847301410816
1326964775125835776
1326862772605313024
1326783907367444481
1326746552723886080
1326746397702410241
1326746318484566016
1326746201283129344
1326728251079680001
1326714789607845889
1326646271130492929
1326638738034761728
1326612591246929920
1326612535810781185
1326602786792906752
1326563577784803330
1326408484599033858
1326369417085661184
1326360676424540160
1326273165266309120
1326273048505249793
1326254488705929216
1326254472608149505
1326233202608934913
1326167154392133632
1326025653792092161
1325923423936110593
1325872509346934786
1325871325945106432
1325832738692235264
1325822218593447936
1325822013986893825
1325821746818158592
1325821608670363648
1325821529691574273
1325821422585868288
1325821358039728129
1325820794899853317
1325721646666182656
1325692226643525633
1325692146662346752
1325692009126875136
1325691782659624960
1325690991379034113
1325690961200992256
1325683335125872640
1325571158909968385
1325477261257027584
1325349864742346752
1325349585506627585
1325347421824585729
1325272038873817088
1325271910729486336
1325258951483535361
1325258849536733184
1325258751859810305
1325255506244464642
1325096315638878210
1325093951850737666
1325092905195692032
1324968293069774848
1324968156230606850
1324967818777956352
1324960700465229824
1324960661001003010
1324606617942286336
1324378932653682689
1324378213758296065
1324377974972379137
1324377954697183232
1324377491268534273
1324202785877848064
1324201916864192513
1324201843832967168
1324198951910690816
1324198425944944641
1324010621990445056
1324010552725626882
1324010420424769536
1324003096549208064
1324002994195582976
1324002774514757632
1324000740352827394
1323999663482023937
1323998380989640705
1323998157907263488
1323998047961935872
1323997981285048321
1323997801961848833
1323997491507863552
1323875582044643328
1323858487399514120
1323858216548143106
1323857981147025410
1323857908094787584
1323728258190340096
1323727105700450305
1323700575746224129
1323700539222224896
1323583125197213696
1323380375771516929
1323371908629327872
1323317426503602177
1323317386225709057
1323317234542940160
1323316536350703618
1323276593100324864
1323009972972646400
1322968820672204801
1322968285952974848
1322968080901791744
1322968018297630722
1322967911682641920
1322967741096030209
1322966619107123205
1322965862228242432
1322965726760611842
1322965668266823680
1322965341752811521
1322951558695301121
1322951392173019138
1322951258580267008
1322930062337794048
1322929916137021440
1322929817742794752
1322929418642235393
1322727449138876416
1322715819193757696
1322650492145606656
1322424907850940416
1322422308015730688
1322421990339211266
1322420778063794176
1322418315826851840
1322414365870419968
1322414321108832258
1322411487437099013
1322411415865470976
1322394400312287232
1322387527504850945
1322301904337072128
1322301556964823040
1322299703883493376
1322279442958311424
1322279428731203584
1322279367750246402
1322190648334643200
1322187604960313347
1322038863531892741
1321939993770614784
1321833384646111233
1321831135144374273
1321831078684884993
1321830991170691074
1321517402954162176
1321339927095697408
1321339719800639490
1321339047705370627
1321318662167425024
1321314287483265024
1321287345241493504
1321127136422326273
1321112836194512896
1321112782746497031
1321110298883805184
1320980769523707904
1320960529964228608
1320958344387907584
1320957992284557312
1320924542848544768
1320790260272410626
1320790094324793344
1320709012699009024
1320708897376620546
1320595008446107648
1320594958005383170
1320572615883288576
1320557633951051776
1320557592536469504
1320557462907285504
1320557114486476801
1320557009918332928
1320501804732280832
1320494595541618690
1320494456613662720
1320494199007895553
1320490384074493952
1320271853227683840
1320271822454046721
1320254209036488704
1320254149057892352
1320253879401893888
1320239288936640513
1320238651402448901
1320238627767504897
1320238377887617025
1320238112182681600
1320192181571760128
1320098545215496193
1320098394258296833
1320098367146356736
1320098343914070017
1320098304470913024
1320059957706801153
1320059843684675584
1320059695566966786
1320043902053666816
1320043722302578690
1320026329023066115
1320026249243193344
1320026087313690625
1320026015565893632
1320025964005347328
1320024535043768321
1320022203610533889
1320022027583909890
1319909722414182402
1319905364607811589
1319905331607072768
1319905257015525378
1319894299627057152
1319894270908624896
1319894169612029954
1319893216225685507
1319834793631047687
1319821220523642882
1319821026885128192
1319820796655665152
1319820648982536192
1319820474671480832
1319802637349343233
1319802247820161025
1319795942816530432
1319795769939881985
1319795425235197952
1319795248701165568
1319795219416530944
1319758632951558144
1319707987884138496
1319669362370830336
1319668873348612096
1319667228493541380
1319666998247190533
1319666938637737984
1319666865988268032
1319666553013497857
1319665874287038464
1319665461290676225
1319485580070195201
1319485317997416449
1319485126863065088
1319484394055168005
1319484324211609606
1319484300153139200
1319484059588804610
1319483870702493696
1319483671770927105
1319483502727888897
1319483273953722374
1319483231280885760
1319483046341427200
1319482839646130177
1319482782557454337
1319482552227262464
1319425580450787328
1319423434233794562
1319423045405061120
1319381960456695809
1319381915003092992
1319381690079326208
1319381657497997313
1319381608143597569
1319381519417233409
1319381499406290944
1319381470864048128
1319381082735693826
1319381036724154368
1319380767416315909
1319380697581191168
1319380656481185792
1319380516705951744
1319335815273574401
1319335547110715393
1319335479662178316
1319335362339041281
1319317485452079104
1319317420616552448
1319315165930606592
1319314999232196608
1319292281443078145
1319291967352651776
1319171021170114562
1319168110839001088
1319168031520559110
1319167734073061376
1319167682340507649
1319149491480477696
1319149293236752389
1319149176920236032
1319148950801137664
1319119060014034949
1319116165998809088
1319116017751109634
1319108377193058304
1319108081125519361
1319108032605794304
1319043360644943873
1319024199017529345
1319024107820773376
1318999173631414272
1318999160721342464
1318999152433324033
1318999142601875456
1318994873677041664
1318994844505681920
1318977854856572928
1318969949566636032
1318963743980617728
1318936777277648896
1318936142306144256
1318936049758818305
1318935751514415104
1318935669536772096
1318935509104644096
1318935452900945920
1318935381857820672
1318935346667638785
1318933679704477696
1318932442728656898
1318928856871436288
1318838628580163585
1318838590520979456
1318838560217202688
1318838473974009856
1318837688284295170
1318837648144789504
1318837234364162048
1318836352213897217
1318836113142804480
1318835225888133121
1318835156099059712
1318834800589824000
1318834165215752193
1318833768174530566
1318833628671922177
1318832500307718144
1318832175475666944
1318832108622598144
1318831968662925312
1318831268935577601
1318829732260048896
1318828809550925824
1318819176383868928
1318800578407903232
1318798440214654976
1318762246932025345
1318713555080728576
1318712942787919872
1318712438632558592
1318696450105044993
1318696216121671680
1318695857798012928
1318695812264718336
1318658076388458496
1318592325652639744
1318464841883951104
1318463920177258502
1318462057260306433
1318399882667831296
1318342403325972481
1318342332677148673
1318342117949779968
1318340497891487744
1318321653831458816
1318290197189029888
1318284428251066368
1318284095894376448
1318283960187678725
1318283647456194560
1318219622286454784
1318092772419629056
1318091646580346882
1318091203246579712
1318079291033145347
1318066370450370560
1318025314807599106
1317918322634096640
1317917411337596929
1317881045283344384
1317880752458014720
1317880484962082817
1317880388228796416
1317877784681672704
1317877713147842560
1317707343828635649
1317705938506117120
1317658485845233664
1317504243222212608
1317504129124630529
1317504050393329665
1317503793076916228
1317503755395366912
1317503424951316481
1317503378340024321
1317503317220577280
1317503107417305088
1317502998378000385
1317473198129127424
1317374250945114112
1317373986737512448
1317366233939914753
1317366105480912896
1317366029694029824
1317365949192761344
1317365878443319296
1317365689951285248
1317365179789709312
1317364799605334017
1317264682789396481
1317227013707452418
1317226497472540672
1317226431533871104
1317226303943249921
1317225328977223681
1317225263894179840
1317225183241924609
1317225106049961984
1317225072487133186
1317225000965869568
1317189604622049280
1317189499797925888
1317189364196102144
1317176930907508737
1317164322460626945
1317164114964197376
1317164022207184896
1317163953504485376
1317163925113249793
1317126880072396805
1317126622273699842
1317014453431328770
1317002431054577664
1317002326633164800
1317001650444226561
1316997831421427714
1316996836314423296
1316808618973360128
1316761173254000640
1316761113376092160
1316644095079505921
1316632141216669696
1316632035696336896
1316631940380860416
1316631909716291584
1316630898385670144
1316629163315396608
1316629073905348608
1316628564926578689
1316628289541214209
1316628199636267008
1316628147610087425
1316628040215011328
1316627947965476870
1316627846819835904
1316627777173381121
1316627671636271106
1316627597355147265
1316627504145199104
1316627413426597889
1316627328886210561
1316627223642697728
1316627184983797760
1316626901935427584
1316625430498078720
1316625266974683136
1316625077044080640
1316625013202583553
1316624955824508928
1316624832746852352
1316624753063460865
1316592406398029824
1316589866948259841
1316589834689937408
1316588342192951296
1316588212651868160
1316587778264629248
1316585681414574081
1316585640025157633
1316575114054397952
1316575060816089088
1316574942243123201
1316574914032222208
1316574848961794051
1316569572711960578
1316568064415068160
1316269324236058628
1316269269651390466
1316268637120950272
1316268585703022592
1316268076543827970
1316267997732847618
1316267813447720960
1316267764995092480
1316266863282720768
1316266793715941377
1316265986677374979
1316251988691046400
1316251876438937600
1316251835091480576
1316251402914557955
1316251286195453954
1316251258185940994
1316251223004045312
1316222536519094272
1316219123907522560
1315917952378519552
1315916990029000704
1315909421218689025
1313501167108845570
1313501137903906821
1313500965111095297
1313500847507087362
1313500824954257408
1313500772013760513
1313233907785981952
1313224494547259392
1313184318051635201
1313184267023740928
1313001993292574721
1313001476172574720
1313001418660298752
1312972639980273665
1312972322127507457
1312936176576196608
1312936009890361345
1312935972829503488
1312926305424302080
1312922726844096512
1312922294986047488
1312922269543325696
1312922247523303425
1312922171740569600
1312922118066036736
1312920920810422273
1312865052421046272
1312852047952146432
1312832541083136001
1312832441032171520
1312832368529469440
1312798093008486400
1312798063073714176
1312794548372873216
1312785313333305345
1312785258157228040
1312774918270976000
1312774845927550977
1312773552974692352
1312773343536271360
1312773303472287745
1312773238389272578
1312773141781868544
1312773046919290881
1312772943265501186
1312772903989993473
1312772602390175746
1312772454163439616
1312764171600109570
1312700699419930624
1312700082693664770
1312699855144275968
1312699814811844610
1312699690849198080
1312696895932833792
1312696405106987008
1312696336509149185
1312683518053425152
1312680701435678720
1312680544308588545
1312655310142668801
1312655259353767938
1312655041124167682
1312653751367290880
1312641102772461570
1312617489159708672
1312617461989044224
1312617337942503424
1312617280015015939
1312617226701217792
1312613982822305792
1312599750487666688
1312599617272344576
1312599548930347008
1312592519776010242
1312592489191145475
1312505587335266304
1312505420028682243
1312505258401132545
1312505173214781440
1312505080520667136
1312504966989312002
1312472803820462080
1312472761181241344
1312472560408305665
1312472542381137920
1312472445866000384
1312472420561821696
1312472398898184192
1312472345072726016
1312472315351891968
1312471957724635142
1312471888296251393
1312471028312883200
1312470992170577920
1312470946188423168
1312470925426663424
1312470392162840576
1312469710428991489
1312469164074778626
1312467775986659329
1312467570071539715
1312467506418708480
1312467460604325888
1312467287295754240
1312467246715789312
1312467184547885058
1312467050296561664
1312449415194447883
1312449360274182146
1312309952136929281
1312279519449890816
1312279335458361345
1312279305297129472
1312279257121468418
1312275382477807617
1312275322365079553
1312275035092971521
1312272853006385152
1312272787176714240
1312272747406389248
1312265615873171457
1312265470016319491
1312264626709520384
1312263699441172481
1312263579526078465
1312263180026933249
1312262780767014913
1312262751322996736
1312262512100798464
1312262449546948608
1312262254927126528
1312262162144878592
1312256367638441986
1312246531546701824
1312220729467834368
1312182154240028672
1312182114184437760
1312147446898728960
1312145916057448448
1312145868716339202
1312145744753614848
1312145591586168844
1312145419367981056
1312143248350040064
1312143218046197761
1312143168893120517
1312139443088760833
1312139426550542336
1312139388776636417
1312139303187668992
1312138710192803842
1312137447405305856
1312137285895245824
1312136787045707777
1312136686361440256
1312135965276811264
1312135577215483907
1312135355684978688
1312122372376334341
1312122341665587200
1312122155614654464
1312122127126982656
1312122109808705536
1312094088468996099
1312094040150614017
1312093985960194048
1312093963822592001
1312093890615234560
1312093722927001600
1312086032964149248
1312085965658222592
1312085840827277313
1312085794601922563
1312085677073338368
1312085651257401344
1312073388198825985
1312073355609010178
1312073333169479680
1312073273526554624
1312073235966558210
1312073180798832641
1312073114356871168
1312072685107597312
1312069815952007168
1312055769085296640
1312055743701344256
1312055687912906752
1312055667721560065
1312055646515200000
1312055602290466821
1312055577040674816
1311949517093175298
1311949427641262080
1311949392555900929
1311949300524486656
1311949280110813185
1311949228701220865
1311949175022481408
1311949086166142977
1311948987436474368
1311948917542580224
1311948819009945600
1311948604857225216
1311948400221274113
1311926204446900224
1311926140978700288
1311926010410012672
1311925127609634816
1311917958579462145
1311917840337756160
1311916958720245762
1311916922099781632
1311916822371864576
1311916425267699714
1311913489397547009
1311913196895129600
1311913150447378433
1311912803721072640
1311912766551154695
1311912466947796994
1311912280150343681
1311912220142387201
1311912193999294464
1311912141297860609
1311911613931298818
1311911372985233408
1311910134465978368
1311910034851340288
1311909977292828674
1311909911102513152
1311909724598620160
1311909693841784833
1311909615337041920
1311909590259253249
1311909542838505473
1311909433291595778
1311909375716458496
1311909103845875721
1311904304844824582
1311903544367173633
1311866456708050956
1311866327313727488
1311866274285154313
1311865440512090112
1311864906682048517
1311864804068388864
1311864464279441410
1311862288157044737
1311862228912492545
1311818641948594177
1311788480414932992
1311783430854643712
1311782963114205184
1311782318655246337
1311776430833889280
1311757461875957760
1311757418477449216
1311757395383574528
1311757339364454400
1311754378995396608
1311754254902730753
1311754055245393921
1311754008516849666
1311753925352067073
1311753852803190784
1311741271371726848
1311741237762768896
1311741201091977216
1311741156112252929
1311741114018299908
1311741078299500546
1311740983537590274
1311740908044349440
1311740782542385152
1311740729488621568
1311731398957436928
1311721926188965888
1311721656042188800
1311721202726039552
1311711435773206528
1311711386095898625
1311710634942189568
1311710301964836864
1311710220276494336
1311710159714959367
1311710135492861953
1311710074746728448
1311709987274514432
1311709891405344768
1311709806516813826
1311709774929514496
1311709661402284034
1311709612626771969
1311709581341454337
1311709536055488512
1311709483849019397
1311709440815448070
1311709314692784142
1311709216525049857
1311687634813513728
1311687599593988098
1311687172768972801
1311686979088596994
1311686805620547584
1311686744169803776
1311684585139302401
1311538250649989120
1311538164691951617
1311537245690580992
1311536670555086848
1311536608571658240
1311536571225567235
1311534642294484992
1311534584517980160
1311534546580455424
1311534482147606528
1311534323351252992
1311534289629052928
1311534270704312320
1311532125443641345
1311525754610438144
1311525690081071104
1311470414128771072
1311470330234445825
1311469987366760453
1311459024445927424
1311458703736893440
1311458688448651265
1311456691888693248
1311455927522881536
1311455792667615233
1311455715832127488
1311451066148384768
1311450821662392321
1311450690951106560
1311450561435201536
1311450497832816640
1311448403126050817
1311447989718675457
1311438666321993728
1311432965176455173
1311414635321409536
1311395955845943297
1311394701908402176
1311394566587559936
1311356323053760512
1311355021775126529
1311354202967351297
1311354127641763840
1311353880999899136
1311348399669616645
1311348374919024640
1311348328198627328
1311235809706520576
1311235740706037760
1311219703566618624
1311218517077708800
1311217221880872960
1311214634209165312
1311214066841477120
1311213919030054913
1311213827170549760
1311186290860126216
1311181121325944834
1311180698015862789
1311178757193916418
1311177851618471937
1311177269541396483
1311177232908316673
1311177143670378496
1311177112850558977
1311177068596477953
1311177046622519296
1311177012703236096
1311176969824788481
1311176920931823617
1311176781177602048
1311156373707583488
1311139524437635074
1311138012479201280
1311137851103354883
1311126221250420737
1311102228111843328
1311098667332325376
1311097191063150592
1311097160440492032
1311097121609662464
1311097092266315777
1311097076512559104
1311096976293859328
1311089487921856512
1311089357999071232
1311089054365052928
1311088735535001600
1311088708783714304
1311088677632634880
1311088635794485248
1311087544012947456
1311087412437680129
1311087362840035328
1311087324529213440
1311087226013401088
1311087168354353152
1311087133231206400
1311087054604742656
1311086746201808897
1311078753267671040
1311073658593402881
1311047105159426049
1311046856584040450
1311022940180197376
1311000443854622720
1310872844964777985
1310865124123500545
1310864418591236097
1310857759139586049
1310856321470615552
1310844028624142336
1310842277355372544
1310833205566554112
1310831475055443968
1310831176009965570
1310831126684954627
1310831104396464134
1310830993595531268
1310830882505199621
1310805922520813568
1310804444469055488
1310803960970665986
1310803801599668226
1310802816466694145
1310802746023358464
1310725902410547201
1310597263551377411
1310597173633937409
1310593606692950016
1310593496584130560
1310258458818613253
1310131639909978113
1309869565543739397
1309759855213772800
1309759365595893767
1309759234767163392
1309758967447351297
1309758829584740353
1309758721262645249
1309758678287876096
1309758350221959168
1309758329233633281
1309732774530568192
1309724878543548428
1309704079464042496
1309667175146254336
1309667129143164935
1309400727807119361
1309399543465738240
1309399358438166529
1309334800281468930
1308855929354489856
1308796136153477120
1308796040854659074
1308795991227727874
1308795722871922688
1308199762609405952
1307909252040646658
1307697626796572672
1307561342996373510
1307340314558955520
1307340177707155459
1307218866959867904
1307218810760384515
1307217033478561792
1307216834022658048
1307216497102651392
1307216391141900288
1307216347202347008
1307216132814766080
1307216071808618498
1306736005228052481
1306735686121172993
1306354969952415745
1305549442108411909
1305183231818440704
1305123935609004032
1304870978804043776
1304805457639350275
1304799757668237312
1304683116473196544
1304682852567539712
1304270816377479168
1304270512508620802
1304146165160583170
1304144775520555008
1304121106635210752
1304118852339429377
1304118214201229312
1304085335324766208
1303718983913279488
1303367261969723392
1303225441130442753
1303225045980864513
1303045989289226240
1302671484557488129
1302671465074974720
1302671417985515520
1302671322145644544
1302657763986698242
1302645097272455168
1302644825464868864
1302644068845940737
1302637331598385153
1302637248223961089
1302637177457713152
1302636178840059909
1302636137551282178
1302635949491331074
1302635414197395456
1302635281686831104
1302634624531615744
1302634519128805376
1302633087784726529
1302632941076402177
1302632879252332544
1302632828539080710
1302500109414887424
1302499710310125569
1302499281018875904
1302499116312702976
1302321420605612032
1302321184604745728
1302315801710452736
1302315679928909824
1302315609544245250
1302315546902364160
1302315291704135680
1302315059499081728
1302314965819224064
1302314942549303296
1302314893870166016
1302314717441007616
1302314635559727104
1302314568115351552
1302312413698519040
1302305385726881792
1302304795424743424
1302154119365324801
1302154024418856961
1302153735141879809
1302153669761093632
1302153514995478530
1302153299336937473
1302153264452968448
1302152926287151104
1302152689342582784
1302152407527223297
1301959230086197248
1301941407288942592
1301910024663437313
1301909779061776385
1301909721562058753
1301909672840982528
1301909457090179072
1301522674363977728
1301386356489240576
1301386333936480256
1301386079828717569
1301385934387122176
1301385870373658624
1301380159505719296
1301176097736859649
1300836273616117760
1300571121243156481
1300555751644000257
1300514997215219712
1300304263638204416
1300303690541101056
1300303476514156544
1300211988392370177
1300211957098672129
1300211852786298880
1300093011544567819
1300089217922416642
1300087534513397760
1300087408310939649
1300087217021317120
1300087151531405312
1300087107000516611
1300087049802792960
1300087018198675456
1299947492155432960
1299945774390734850
1299945701003030528
1299942269869371392
1299900156884652034
1299887973937291264
1299887883214442496
1299821666319478784
1299740259035480065
1299456092863213568
1299456043454312449
1299455693196468229
1299455583012048896
1299455291663081472
1299455200202166272
1299455093658365952
1299372752218939392
1299372647571046400
1299369771272515585
1299369626581651456
1299334962089324549
1299213486031949824
1299212556410613761
1299212508415156224
1299203468452741124
1299025952471564288
1299025604604395522
1299025572723531778
1299025307148537856
1299024742838489088
1299022121813725185
1299022083364515841
1299020589311524865
1299020532633833473
1298990052618338304
1298989728113418243
1298737718139052032
1298666998977593345
1298666935152816128
1298512840639172608
1298434701670006784
1298434652001071104
1298433358347657216
1298433157583138817
1298426011738988544
1298425171649294336
1298425059611013120
1298424687672692737
1298407892928749568
1298407387477340160
1298376657158299648
1298376633716416513
1298376480141881344
1298335915496976386
1298335365493743619
1298328369851805696
1298300023378030592
1297950638601416705
1297949575882272769
1297949473969016832
1297948935357521925
1297948686475960320
1297948519286808576
1297948459652141058
1297948398960533504
1297948335299469313
1297948323744079872
1297937005653848065
1297906796976148480
1297905429935083521
1297872951765696513
1297872854260752384
1297872691727228933
1297872612127682560
1297872337673494528
1297872261274198017
1297872196388319232
1297872056734736391
1297866348639318017
1297866257010589696
1297866111845769216
1297865910045138944
1297865861848371200
1297865672660115457
1297852511613722629
1297852209539895296
1297851964785483776
1297851279478099969
1297849479962324992
1297848756776218625
1297762702870188040
1297757695680712706
1297746043027652608
1297743103739060224
1297742964513337344
1297742882963480580
1297742223715360775
1297741744805515264
1297741365363712000
1297741302696615938
1297740904740974592
1297740639870709760
1297740568663977984
1297737999942184960
1297736943602552833
1297736500042330112
1297735994507063296
1297735960268963840
1297686760793595904
1297686711380533251
1297570130528858112
1297569853788676096
1297559438782377985
1297558813625602049
1297558517201608707
1297463910401024001
1297420573811728385
1297419047131181056
1297412365869133826
1297303066606096384
1297302827530821633
1296862624731131904
1296851225674014720
1296842390385254400
1296813356469248000
1296721134344261634
1296720917729484803
1296720872179261441
1296530370326695936
1296530328257884161
1296514513106120704
1296514408743460864
1296514189289115649
1296461710069555205
1296256616535187456
1296248796469276672
1296243838684520448
1296243762981552128
1296241587614150657
1296241561487867904
1296241503707176960
1296241429694439424
1296220428734574593
1296212967092965376
1296182398581796869
1296170833384153088
1296170553565306881
1296170432706408449
1296170332114411520
1296169839564738560
1296169826533040128
1296169748355362816
1296087405850537992
1295996898189303808
1295939470873649152
1295775822255513600
1295761175733342210
1295594971102187521
1295594922947444736
1295531700521328641
1295423088696279040
1295423044421263360
1295423028851912707
1295120606526992385
1295109626006913024
1294847921993560064
1294847685363503104
1294841216933101569
1294773367849906176
1294675516587302913
1294668048889085953
1294632786523897857
1294374631114121217
1294374187155349505
1294329231694995456
1294329189982593029
1294289207607738368
1294288544014319622
1294288223913431044
1294288202686058497
1294288160222928901
1294288135342325760
1294288085186785283
1294219002982486018
1294194516220551169
1294194476269760512
1294194404471709696
1294190437331156992
1294190252991553536
1294190154978979840
1294190066940567552
1294190003937882113
1294189962682724353
1294189782524780549
1294189700824014853
1294189384506306560
1294189146106257408
1294188995098771456
1294188807416250369
1294188320075870209
1294188113367953410
1294188068023316482
1294187352802246656
1294187312138432513
1294186865407356939
1294186827805425664
1294186489299918848
1294186337210208261
1294111538685472776
1294111465620742145
1294111143414308864
1294110323327213569
1294110258185420802
1293925621848932352
1293925584960020481
1293922104409092101
1293921958527037442
1293917101317484545
1293800351473086464
1293791047412117507
1293784637936812036
1293777361704345601
1293775740857507840
1293775650398957574
1293774469358485504
1293769265795854336
1293769216408002561
1293756167227809792
1293751458257440769
1293751206251098113
1293751129088565248
1293730395976945664
1293730350120624129
1293698523481772032
1293639949531492352
1293634571708162049
1293634453302992896
1293600657270665217
1293600454362853377
1293600349798899712
1293590881178591233
1293588494388846593
1293578550704889857
1293578454701490177
1293399419266555904
1293398995939676161
1293398599867330561
1293398554480762881
1293398508226019328
1293398457047117824
1293398362457137154
1293397964778430464
1293397780921163776
1293316379802660864
1293303520926433280
1293288882608324609
1293288601069826048
1293254349880061952
1293254294955646977
1293254265108983809
1293254238940798976
1293254190014185473
1293254153028870144
1293254062599581696
1293250545071747072
1293250425085259777
1293246139962032129
1293245904456056833
1293245881924218880
1293245746225934343
1293245716127653888
1293245601262395392
1293245562406334464
1293245448795217920
1293243589003055104
1293243495042359297
1293242953930952704
1293242715853873152
1293242468691976194
1293217328847392769
1293217231589892103
1293217101230903297
1293217050958036994
1293216974579757058
1293216544189628417
1293192863916777475
1293162863255642114
1293162797526745088
1293162754170216451
1293162514792898560
1293162450611650561
1293161651428974592
1293058512210161664
1293058276209209344
1293057625202950144
1293057252958466055
1293057041829785601
1293056980987203584
1293056935441252357
1293056793262751744
1293056716762841088
1293056560764051456
1293056442174300160
1292992073415548929
1292971877053292544
1292934606602137601
1292934479686725634
1292915997838458880
1292915885628248064
1292899971339976704
1292894233339129856
1292894140846333952
1292893590264221697
1292893361053941760
1292881327063093249
1292881200218923008
1292880317473148928
1292880267254755329
1292880252721479682
1292879891617050625
1292853500464869377
1292849116746092545
1292843770564628480
1292821356220801025
1292821066532786176
1292805592013107202
1292803045818998784
1292801626722324480
1292799799901556736
1292799174094647296
1292798517635817478
1292798343836340224
1292797680603684864
1292797555529539584
1292797414475145219
1292797275396177920
1292796996596559877
1292796488859267072
1292734248743362560
1292730732683591680
1292729117679345666
1292729017381027841
1292728254051172353
1292727961741737986
1292727257211891712
1292727004228288512
1292725266989498368
1292725099049582593
1292724952680919042
1292724816626110473
1292722100424159233
1292720564096733186
1292719414639357952
1292718080779358209
1292717714243428352
1292717651257516032
1292717305093267462
1292717150101102595
1292717124067004416
1292717093842907138
1292715392620589056
1292714118449737729
1292713979677044736
1292713838740045826
1292713759845175296
1292704013155147776
1292703739032162304
1292703639610388480
1292703604915068930
1292703549227319296
1292703181839818754
1292702971134791680
1292700311484641280
1292699258102005760
1292652807909081088
1292648087555420161
1292563942871465984
1292563888005767169
1292548686392594433
1292526971126071296
1292518645902450688
1292365671527940096
1292286903157288960
1292286624206708736
1292286420657123328
1292263578641211392
1292263336755642368
1292261587076571140
1292260331000012801
1292260118009176066
1292259996508360706
1292259869022498816
1292259826030874624
1292259653259128835
1292259593335136257
1292259478314729472
1292259435247620096
1292259160591970304
1292255823582748674
1292238072478744577
1292237881730203648
1292237765745053696
1292237374336798720
1292237198125756416
1292236421651030016
1292236396405522432
1292127458720747522
1292127400805842944
1292109011051876353
1292108900406145029
1291882129832284160
1291877212489056258
1291877106029228032
1291876210255867904
1291863057954570240
1291817511600533504
1291817493351129088
1291817206863392768
1291811291011530752
1291811256282648576
1291811222157893632
1291809800687218689
1291809365226217472
1291809258917392384
1291809207302250496
1291809114524246016
1291809069569724416
1291809049705500672
1291758527199842304
1291756515083264001
1291755380117127168
1291755257806983168
1291755222432247808
1291754561120567296
1291754414227693569
1291752204148211712
1291749784512892928
1291749297986211840
1291749197641691138
1291749114837835776
1291748554059341824
1291746292406738944
1291745973601935360
1291626426727165952
1291624623444877318
1291624059612979201
1291623692691075072
1291623626706362369
1291622852295155712
1291621668356407296
1291550558508072961
1291507196107186177
1291387891227090951
1291385167823609856
1291384733973192709
1291273910168645633
1291273056153812994
1291208766088650752
1291164360136687617
1291164288321822720
1291164249679695874
1291137854576320512
1291124027923210240
1291123977750867968
1291123881361588225
1291118748812730368
1291117826900516864
1291117778808606720
1291117668297142272
1291117573136773120
1291117529184624640
1291094220044791808
1291062903689236481
1291061831994204161
1291052828736106496
1291013202055053312
1290883670878773249
1290878223593553920
1290788269081280512
1290788268217217025
1290788265503518730
1290763992533671938
1290743395149729793
1290743355362521088
1290730999995760641
1290730811637944320
1290730705022906370
1290690738389258240
1290690511120904193
1290689757022785536
1290689524490620928
1290686945404702720
1290686943135592450
1290686549101707265
1290502441834708993
1290496916845813763
1290496465198972929
1290488259823378433
1290346823064760321
1290326249714233347
1290326084391600128
1290322214475059200
1290313460010512384
1290313364921446400
1290312913262010368
1290161621101187075
1290135775099510785
1290135462321954816
1290111932016365571
1289954532152053760
1289950164585594881
1289911812989698048
1289908387359031304
1289908210934009856
1289905739302019073
1289798525039992832
1289797975246385160
1289797736816992256
1289797613038915585
1289797420411281408
1289752231340683265
1289752134997557248
1289751973328072709
1289751799264448513
1289556189156524032
1289329936860291072
1289311005642612736
1289310867842953217
1289310844627558400
1289310722539679744
1289310666780598272
1289310582370209793
1289310550044762113
1289310492851204097
1289310438253985792
1289310196326514688
1289310058329694208
1289230534799851521
1289228741470609408
1289093268852989958
1288823926189993985
1288823765904711680
1288622712168972288
1288622506622857216
1288558338649649152
1288492474067898368
1288485571480838145
1288316003567276033
1288315964182769664
1288204958525820929
1288158386186407936
1288158233601798145
1288158176307580928
1288137528118149120
1288137514394370049
1287982682635300871
1287982514959613953
1287964061859065856
1287963428875726849
1287963294121119745
1287962967217070080
1287640864647294976
1287640228266536962
1287640048259612672
1287621195592953861
1287514349485953024
1287514083533545473
1287513917925625856
1287513882978787329
1287513822362648576
1287415973478195200
1287406705433706496
1287406223373950977
1287317164228132865
1287260297678352386
1287258406374354944
1287256640090038275
1287255543845773313
1287189822587564032
1287038737080172544
1287038611192348673
1287038582268375040
1287037770377109505
1286808541467041794
1286669914913124352
1286535965926809600
1286392065648021504
1286392015345737729
1286391874215788544
1286313589649756160
1286313505834991617
1286313384833474561
1286313330290733064
1286312739242090500
1286311892747554816
1286311788020080640
1286311715840200709
1286311698316451842
1286311602187202561
1286311555403886592
1286311535988469760
1286311358359732225
1286311126532108288
1286310917206994945
1286310871652737025
1286310567934754817
1286310499743744001
1286310214572978181
1286309998943854593
1286160234772180995
1286160167071965185
1286077714777042944
1286067592646467586
1285832229331951621
1285831934304636929
1285831789534040064
1285831629617807360
1285831573271527424
1285824552358916097
1285810476438261760
1285789727505788930
1285789639144402945
1285789428149964800
1285788795741171712
1285788729383153665
1285625540184080384
1285430716021395457
1285430609339248641
1285430167683268608
1285430089518211072
1285429923486642181
1285429712844537856
1285429681592741889
1285429388033458176
1285368735922917378
1285368018659229696
1285367766237626368
1285271632760602624
1285257504696352768
1285257492042141696
1285224326170505216
1285224293475864576
1285224197745065988
1285223873818947589
1285223217288802305
1285054389925801984
1285003233895702530
1285003095940820992
1284776475703435264
1284775709055934464
1284775651476508672
1284775030094585856
1284756105646600192
1284248369016131584
1284176349179985921
1284174174131347456
1284174109585235970
1284101323638497280
1283879205671825408
1283879136025432064
1283879103788007425
1283879025169928192
1283826158128119809
1283825956239495168
1283825893832445952
1283798113350676481
1283674769619972096
1283674201375686656
1283525548614938624
1283525521377116161
1283525514896961537
1283428189763538950
1283411493250162688
1283409425684762625
1283409415022886912
1283408399481233408
1283267734915051520
1283263747222429696
1283176866950438914
1283133770829230080
1283133750642012160
1282905392289202182
1282736474559922176
1282736307496611840
1282736221752406018
1282735913802412033
1282721710630776832
1282721641177288705
1282721622693036033
1282560618952679424
1282556829449351173
1282556768527085568
1282556672121032706
1282556454763806720
1282555937740357632
1282555912108994560
1282545785263886336
1282323974437826560
1282323891398967297
1282321050672365568
1282320187958517760
1282319992441069569
1282319548943753217
1282179196169510913
1282179144327938050
1282179049079533568
1282178985812615169
1282178880275542016
1282178399746682880
1282178177368854528
1282178056858132480
1282177928160145409
1282177607669170176
1282176383192461314
1282174055940907008
1282172772840427520
1282172546834550784
1282167978662887424
1282167868705001477
1282167535412994048
1282167426403037190
1282167347407544320
1282167176703520769
1282167090535755778
1282167074861637632
1282166961577684994
1282166945140273152
1282166194636591105
1282166101275627521
1282023216681152512
1282023090453573632
1282023054990692352
1282022434594414592
1282022263676518400
1282021981576036353
1282021925322031104
1282021617699155969
1282021483951173632
1282021462715428865
1282021372458266624
1282021336357855232
1282021104983269376
1282021059756060672
1282020915065139203
1282020891296018432
1282020850099609600
1282020840293281792
1282020651679641601
1282020379796443136
1282020285143674881
1282020216378019840
1282019429472014336
1282018948561506310
1282017821086507008
1282017806746189824
1282009071244029953
1281713922035208192
1281713811540414466
1281713780708143105
1281682244281630720
1281672772331040768
1281672312996065281
1281672289776361472
1281668157980069888
1281667628331757568
1281665686318665728
1281659619023044608
1281652813601181696
1281652753580744705
1281645862393769986
1281634139595132928
1281634025249968129
1281616436117438467
1281615981916205057
1281608630723153926
1281608566227361792
1281432867965304832
1281432851540398081
1281432219853021185
1281430615380783104
1281375461310750721
1281358751249752065
1281333232152113153
1281289207202189312
1281289163720077314
1281281915010510848
1281281891811745795
1281271373160042501
1281265383740063745
1281191587976896512
1281191391339528198
1281147075879514112
1281145312216637440
1281143205409337346
1281141125873496064
1281092939691638784
1281092487952523265
1281087814797373442
1281079917069783041
1281079467943718912
1281079072181727234
1281078344138682368
1281076300430471168
1281073468599963648
1281072585732579329
1281072502874071040
1281067130251669504
1281057625853976581
1281057624402702336
1281057623190548480
1281057621881925633
1281057620497821696
1281057619122110465
1281057617742159872
1281057616362270720
1281057615066234886
1281057613816332293
1281057612683857922
1281057610116943873
1281057599845093382
1280577031827148801
1280549641507844098
1279791395721457664
1279615577326145536
1279615451811639296
1279476962549850112
1279454103983120386
1279216884043247616
1279215256737157125
1279215236910706689
1279204017655054336
1279203742693199872
1279198945932013568
1279198840826937344
1279198448286224384
1279198245596454912
1279198227028275200
1279197956038516736
1279070394805346304
1279030206531907584
1279030139364405255
1279030075707453441
1279028917932716033
1279028467812581376
1279028442609016833
1278899274277769217
1278899239683149824
1278724779386650625
1278724707034914817
1278724466671935488
1278724377069019136
1278714689954832386
1278714480965214212
1278714437713588224
1278583508105965568
1278583000641368065
1278578082689908737
1278577909272244224
1278577532934123521
1278576429895086080
1278574405283536897
1278574340494090240
1278574045353533441
1278573964499972100
1278568612257648641
1278568548982337536
1278568054960427009
1278567729507651587
1278547001949343744
1278546968634028033
1278544000404746241
1278542691815440385
1278535251162062849
1278535123437150208
1278534012064030722
1278533947245248512
1278533815959351296
1278530681329467392
1278454529617530881
1278340387690577920
1278339964015501313
1277810475850317824
1277809478868426752
1277798889706278913
1277613755866570752
1277612527438802944
1277611522756247553
1277611251204423680
1277459992392552449
1276628978229338112
1276619489870614529
1276619045832278016
1276618972176068609
1276618953234608128
1276618889967702016
1276618765803765760
1276618713651798016
1276612419989602304
1276612371276955648
1276612178397683723
1276160545171931140
1276009300754718722
1276008055264604160
1276007336784441345
1276007190411673600
1276007131288760326
1275920741742018561
1275920674633027584
1275887862991347712
1275886775584481280
1274880752719548416
1274754732083474432
1274560208073719813
1274149183939678208
1274146139864850432
1274145982687506435
1274145886986092544
1274145838965485569
1274033059986169857
1274033003904135168
1274032926368251904
1274032391841968128
1274026328468058113
1274026306473091072
1274026280116076544
1274025688002031617
1274025592128561152
1274025339748937730
1274009250092601344
1274009209303003137
1274009173630447616
1274008973117501440
1274008817404010497
1274008770687860737
1273990855582298112
1273893920909307904
1273882127696752640
1273882116082692096
1273882076840747011
1273881727207739393
1273881677501042689
1273881542008295427
1273880805882785794
1273880675939020800
1273880589393776640
1273880433831276544
1273838004381966336
1273797718050136065
1273742812530356224
1273659378940309506
1273640476738912256
1273637277319585805
1273455742511493120
1273455690661552128
1273388496284086272
1273388376456982528
1273388225126477824
1273388066359537665
1273388004569014272
1273258113408184322
1273258078868144135
1273256691472011264
1273256556604190722
1273255310774288386
1273255233984970755
1273255036252942338
1273253029731434498
1272980373345984513
1272980281197129728
1272980155183460353
1272979904041062400
1272966738246643712
1272940630788853765
1272940573226233856
1272940514984116225
1272940487792422914
1272940444830380032
1272940412567646208
1272905459188543494
1272904682999078912
1272904630339502084
1272751363424833537
1272751153441210368
1272750512983601152
1272749899721740289
1272749731089772544
1272749590001758208
1272749332115030017
1272749287013625856
1272677382642520064
1272677277206110208
1272655625101561858
1272641172058431490
1272625435382177792
1272589242175074304
1272588991879999488
1272542295640793091
1272542268835020801
1272542166192025605
1272542142418653184
1272542127537270786
1272542072063442944
1272542053218390023
1272542037087121414
1272542016535007233
1272541972557774849
1272541940592959488
1272541923719315456
1272541884364161024
1272541848255397891
1272541816085082114
1272541795172249601
1272541686791417857
1272541456855515139
1272541408017043456
1272540972992192512
1272540909754712064
1272540863361462273
1272540803152265217
1272540590471704577
1272537809631375365
1272537653888471046
1272537159812055047
1272537117810278403
1272537027729223685
1272392070473236480
1272360812456230913
1272359365802995712
1272359337273331712
1272359275365462017
1272359254918197248
1272359236031242242
1272359174924406785
1272359147812515840
1272359067638312960
1272359045463072769
1272359015557677058
1272182054696792064
1272040611323867137
1271846179538481154
1271833428334239745
1271833413226356736
1271832935998472192
1271832800258220036
1271832692691099650
1271822067072028684
1271816454359244800
1271712562350927874
1271711953837121544
1271709760899837954
1271705303210356741
1271704761868279808
1271704212087291904
1271704027370123264
1271694692531335170
1271691669482508288
1271691588905824256
1271690639810326529
1271680046466363392
1271675084747321344
1271673289593614336
1271647442920857600
1271647366836154368
1271628210669641729
1271627172239691777
1271541460286894080
1271485298996740096
1271478438604320770
1271421308597760000
1271421075771977728
1271420227712999425
1271314059275583488
1271308336592416770
1271302945548537857
1271299748759138305
1271132883277602816
1271132827627618304
1271132801669029888
1271132760766177280
1271091448759250947
1271091383411990528
1271091330588880897
1271088125712859136
1271087930342117376
1271087902290665472
1271087836540723202
1271087761844342784
1271087698455826433
1271087652842831872
1271087585499033600
1271087343315718144
1271087293395169280
1271087117179879424
1271087037236391936
1271086810056146944
1271086698437304320
1271086526919700480
1270941059506294784
1270940661705871361
1270940177704214528
1270940096087207936
1270939821200928768
1270920908618600449
1270919945157636097
1270919925079486466
1270919555678736384
1270919178195570690
1270918765643837440
1270918670517067777
1270918500458979328
1270918398994575360
1270918122115960832
1270917773326053376
1270917550109417472
1270917048177029124
1270904554322706432
1270904242841112578
1270904182698946561
1270904092034924544
1270904012825432064
1270903914431311873
1270862829713682432
1270846079496359936
1270845703456059392
1270753330029977608
1270753189357182976
1270753158533222400
1270739034441019392
1270738623487303682
1270738283295723521
1270736959841857537
1270734426402480129
1270734171640459265
1270688568596299779
1270421180114104320
1270371172136316930
1270371053475295235
1270370228807954433
1270370116786479110
1270224264537333760
1270224191501918208
1270224162653499392
1270223930658177024
1270199544161034241
1270199452951666688
1270199410765398019
1270164164728590336
1270163713387933696
1270163417228144641
1270163342254981120
1270162993888653313
1270161491342184451
1270161310781599747
1270156094526992384
1270134065987870720
1269902411310612485
1269900370316148738
1269887790776369156
1269887723533332480
1269691379325693952
1269691127113777152
1269672151218483200
1269670535551758338
1269645955550203904
1269478186003255297
1269478125370404865
1269477046838636544
1269450927750017024
1269395500697939969
1269307020538077184
1269222121051283456
1269128689498730497
1269094123031547904
1269012182382985216
1269011946877009921
1269010562551185409
1268919260132204545
1268783511432867840
1268768648648261632
1268768516154331136
1268751015785803777
1268749036384743424
1268748859150176263
1268747886323326976
1268704850511974400
1268704809118359553
1268663508339572738
1268663439578165248
1268663151400120320
1268663004624588801
1268662833555795969
1268662625971236864
1268643447054807040
1268643376649261056
1268643187993612288
1268642930773774336
1268642828873129985
1268642779963383809
1268617699464101893
1268610576403456001
1268566092928086016
1268452831054331904
1268452560639156224
1268452322960527360
1268438887891742720
1268436211279949824
1268436160725962754
1268429932205494272
1268429387508051968
1268429272777023488
1268429233249849345
1268425955019591680
1268425743924527104
1268415267417149440
1268415187083640833
1268401720943538177
1268401578995642371
1268368556611141632
1268359261723082752
1268326587419602944
1268325930625150976
1268323082462130176
1268293043393708032
1268292936191455232
1268281942589370368
1268272710229975040
1268272280825520128
1268271227539345408
1268270527296110594
1268270473101574145
1268254689885216769
1268254527192305670
1268247041756430343
1268240072266010624
1268238916626210816
1268083832839761921
1268083758709633024
1268083217589866496
1268078050605817861
1268077825497559040
1268077726952337409
1268075298282561537
1268074580838461441
1268072677039697920
1268068852065173504
1268066061347254272
1268065832694771714
1268064051596193792
1268062565881352193
1268058318913691648
1268056232859824138
1268055258799804417
1268054766417936386
1268044364904685569
1268044198000783362
1268043882375163905
1268043773537218561
1268043741916348422
1268031305918214145
1268025236508733441
1268025191734497285
1268023831068684288
1268022471216656385
1268022447275565057
1268022321693904898
1268020761647673345
1268020366246469632
1268015267885404162
1268005437187616768
1267971419981246465
1267933083195465728
1267933023556603904
1267929647393632256
1267929500085481472
1267928875431899137
1267886463137374208
1267847685693816833
1267846733754589184
1267844519560503296
1267844417823469569
1267699662875582464
1267699561750913036
1267699525835055104
1267699441890287618
1267698669412704256
1267698594175258630
1267698412520042497
1267698312712343552
1267695949020708865
1267695387441152000
1267695280503181312
1267695014433284096
1267664259439190016
1267650863457136641
1267650432375025664
1267650286409023488
1267649981021814785
1267632583547908096
1267612526419701760
1267550452649914369
1267498350602883072
1267371278328946689
1267371122615410690
1267369536145068032
1267367802924490752
1267366205846720512
1267303547357458432
1267296331766222854
1267294125851729921
1267232665985355776
1267232573643603968
1267232529892831232
1267206186786385920
1267206055345283072
1267205998449618944
1267203779906039808
1267202919641673729
1267202476974829568
1267199358048452608
1267199167710892032
1267199023699513344
1267198980108083200
1267198951934943232
1267198915129958400
1267194598411038725
1267194181463597056
1267194153533767681
1267194111351611392
1267193994435420160
1267193733792948224
1267193422495899649
1267193406226198529
1267193385095327744
1267193347682131969
1267193334579163137
1267186278044299264
1267186232817115138
1267138050171170818
1267137759845609472
1267137728434458625
1267136083235467264
1267129338807242752
1267129026537123840
1267128647892123649
1267128287668498432
1267128130134700032
1267127997384896512
1267127847862153216
1267127645940019200
1267127382206377984
1267127258507907072
1267127213901533185
1267122453530021888
1267121797121470464
1267120822369435648
1266965321023279104
1266964310246346753
1266964151835824128
1266964068520259586
1266963071001481218
1266932951985451009
1266932211120390144
1266932024578727936
1266931886791602176
1266929577340760064
1266920243437264897
1266916605981634561
1266912612035395585
1266912597720223744
1266912407957336064
1266911553166536707
1266911392688267264
1266910490640314373
1266910194551799808
1266909968197758976
1266909908613476352
1266896627446321153
1266886941208752128
1266864499551694849
1266864474683617280
1266851199073935361
1266851174340153344
1266851039250051072
1266788974120468491
1266788826954870784
1266769765625810944
1266760059087761408
1266760039252914176
1266759799766581248
1266759489002156034
1266614739993419776
1266614539585327105
1266614460967350274
1266614279765028864
1266614222902853637
1266614143550775296
1266612483382370304
1266612275093241857
1266612003436548097
1266611962403680256
1266611807428292609
1266611771478949888
1266581486481707010
1266490745919115264
1266481010734010369
1266433942887907328
1266430590749831168
1266423996414701569
1266423887106961408
1266423547192209409
1266360707311783940
1266199577012531200
1266199279158341632
1266199216818237440
1266199137592066048
1266170555062861824
1266170453149671424
1266164543484379136
1266111878633156608
1266111465750028288
1266110725358903298
1266108524464988160
1266108206591340544
1266107670794125314
1266107549301960704
1266107251258822657
1266107231474315264
1266107068433358848
1266106710696972289
1266089466386497536
1266062977519644672
1266039572263133184
1265868305404813312
1265868257816272896
1265868158201520130
1265770061802827777
1265743957960491008
1265743863349559296
1265743733321916416
1265742733299183616
1265706704957657088
1265672842378530816
1265672793774977025
1265672375040786432
1265672039572156418
1265671951785185280
1265670484806402050
1265670442578132993
1265670294133305344
1265670169184972800
1265670047743135744
1265669941811793921
1265669860383584256
1265669802326020096
1265515716024971270
1265512508917534727
1265500110047371264
1265463842621931520
1265377813432950785
1265361753249951744
1265361572253192192
1265359723777286147
1265357185887825921
1265357041251389440
1265352237682847745
1265352176114626560
1265352116555538438
1265352079427559430
1265352050025443328
1265352015640580098
1265351983394811904
1265351923864989697
1265346892893786112
1265338258667393024
1265299608730611712
1265299558487126017
1265299165027827712
1265299002594955265
1265298824328736768
1265298761758068737
1265298683274260483
1265298625745219588
1265295906980589568
1265295851909312512
1265295784133591040
1265295479417352193
1265295303109783552
1265294593240625152
1265290956372185094
1265289597514182659
1265207333363179522
1265207250345357313
1265206829803429893
1265206555399426048
1265206192415993862
1265202862847520768
1265200415966031872
1265200269337362432
1265199690796068864
1265199298926374913
1265199185424314368
1265199026749628416
1265197772124241922
1265197005078294529
1265190547716632577
1265184770994008064
1265180956022812672
1265179147157909504
1265179075871600641
1265175915769638913
1265160870503436288
1265160818158526465
1265132775327186944
1265039280415453185
1265037641902247937
1265013694523535360
1265000172561391616
1264957860288458752
1264950466405793793
1264950451130077184
1264947634449440769
1264940502819803137
1264940256287092736
1264940204906827776
1264938616402276354
1264937300003221505
1264813419502288897
1264811509051359232
1264810921047687168
1264805982816710656
1264805374802030593
1264797849214054400
1264797394358550529
1264784762780049408
1264784737807167488
1264784724943269889
1264784686426943488
1264656876135788544
1264432954677182465
1264226771357937664
1264226692769316864
1264226347980750849
1264102767653605378
1264028882505695234
1263932798244581376
1263913428919279616
1263895116827127808
1263890826096029696
1263861440764469249
1263858920298168326
1263858400951070721
1263710679313207296
1263710568768253954
1263658545150439425
1263519764502044672
1263519720394723328
1263519252419497984
1263311705427210240
1263127867866529792
1263127823398526976
1263127675662553089
1262765975776059398
1262765875695771648
1262765679473643520
1262765594442530817
1262610628662882305
1262610431463415809
1262605781897101314
1262605575835115520
1262605506713018368
1262605033868111872
1262576238536749056
1262553219311366144
1262553025467437056
1262488425812291590
1262446165657653248
1262445898535034883
1262445767010050055
1262445658016866309
1262416120293625862
1262415847181578243
1262234332720033792
1262086566874210304
1262084111277178880
1262077867455770624
1262035657511153666
1262035596001726465
1262035486597451776
1262035349838000131
1262035294573871105
1262035215607709696
1262035043850915842
1262034995515756544
1262034949328080896
1262034889219510273
1262034861180588037
1262031877373693953
1262031560397647872
1262031387466403841
1262030410256510976
1262030334754881536
1262028771713941504
1262028725534642178
1262028681947447297
1262028021000593409
1261899918190370816
1261674610795270147
1261674556831326208
1261669962894065665
1261669945013710848
1261669802327736322
1261669791825137664
1261669730168926208
1261669710438920194
1261668533944979457
1261668374431453184
1261668325299376131
1261668036202819584
1261537742602698752
1261515172931268610
1261515112579383298
1261514915795222529
1261514532368728064
1261513837561311234
1261513712541687809
1261513390494633984
1261513332994891777
1261513210047328256
1261506550964736000
1261455387003195392
1261380737489530880
1261352394702548993
1261351993978654720
1261351683424051200
1261351559494946816
1261350912745803776
1261348537771544576
1261043174039908352
1261043061703860224
1260999000666198016
1260989615701254144
1260989525280436225
1260989348285046785
1260989021645230080
1260976981878820864
1260971438544044033
1260957154183245826
1260956932145201154
1260951934325813254
1260951883746652163
1260951337052672000
1260779481725165569
1260778918216208385
1260644310220804097
1260632099494608896
1260603584229433345
1260360628666920960
1260360276890619904
1260258135396061184
1260257647288188929
1260257470074646528
1260257276553650178
1260257226356228098
1260257183075188737
1260257121364357125
1260257096366358528
1260257076464377857
1260256506928218112
1260256281845067776
1260256161229500418
1260095364205383681
1260093994605768705
1260093620083757062
1260091768575410177
1260091180517191680
1260089087362396160
1259989000812498944
1259950249021288448
1259909712486658048
1259909414103838723
1259909359116537856
1259908981327163392
1259908912414777345
1259904194758062080
1259886066619711488
1259885690449362944
1259860882328354818
1259860692682838017
1259860674383093762
1259860654304956416
1259860491503046658
1259859546366971904
1259859082770558977
1259858887844511747
1259858720777003010
1259858613868339200
1259858420989132802
1259858356879097857
1259858278638653450
1259858251736375297
1259857940393144321
1259857648142495744
1259857592194646018
1259857451719053313
1259856829489741829
1259856025605332992
1259746365946466305
1259742310373314561
1259741784768274433
1259683793754943489
1259683381610024960
1259624202073563138
1259623828373729280
1259623529852485632
1259621755892588544
1259590345274228736
1259588021361360897
1259587789349195776
1259587687054336001
1259587337006182401
1259587302889668608
1259537556359622656
1259532195019931648
1259532026459254786
1259523897512218626
1259523738082480128
1259523633153634305
1259523165438357504
1259386211333898240
1259384041301655559
1259383891208441856
1259383818877689856
1259383539558039554
1259372965260488710
1259257448457633792
1259227868762009600
1259227195161014273
1259226990613131266
1259226300494954496
1259225853176606721
1259206760994238464
1259206583038304256
1259206542470995969
1259206514872479744
1259206302137331712
1259206109987930112
1259204423781253120
1259204369343320064
1259204232437104640
1259204096180883456
1259203890286784513
1259203479207211008
1259203061416787968
1259201222851956736
1259196319886766080
1259196152752168962
1259184639509360640
1259184548190892032
1259184421283827712
1259183193351045120
1259182923015585792
1259182845320294400
1259182753309839361
1259182696271450112
1259181112800055296
1259180593507524608
1259180437970116609
1259174444892737537
1259164524592001024
1259162441037959168
1259143180013801474
1258921938556051462
1258888948736126976
1258869569495527425
1258847714336321536
1258847527828250624
1258831016153608192
1258830905038082049
1258830635428220928
1258641124068954112
1258640717036961792
1258638876853153793
1258638818959167490
1258638174462435328
1258463558909652992
1258420260434112512
1258295753279107072
1258295734715088897
1258268478496112641
1258255867444465665
1258253511629787137
1258234928585719808
1258202236636651521
1258202185239629827
1258202173126524928
1258136140780990464
1258132149741346817
1258119721049657344
1258119567634661377
1258118104766222336
1257878852891668480
1257878552176758784
1257861995765755904
1257799565769506816
1257794572677083136
1257690002881798144
1257689924020527104
1257689689005285377
1257689480258961409
1257577067387871233
1257573062024720384
1257572228918415365
1257572037901484032
1257561069255397378
1257560878045491200
1257547210436120576
1257538275440386049
1257536103650701315
1257519419124637696
1257159010181976064
1257156197695623171
1257155909802835969
1257155261854146560
1257126342081966080
1257125520833040384
1257121954516983808
1256950657254174721
1256950635942932486
1256803265603231745
1256615434507268097
1256455551094935553
1256455013087379456
1256454845361356802
1256301641277403137
1256096650960859137
1255896028311465985
1255737054995943426
1255019625462460417
1255018524310822912
1254988868585062400
1254988553546690560
1254832540549971970
1254832132976832513
1254832116522610689
1254830155291222017
1254672316354588672
1254672249640022017
1254672138239275008
1254671814854275079
1254671790892187648
1254499190744313857
1254499162323775488
1254498858115010560
1254312256390586369
1254312052358672384
1254311549230964737
1254311352245481473
1254311235954196481
1254311129028780034
1254090001895190528
1254088611433050112
1254088511096905729
1254085036799692800
1253960809874460672
1253960744699219968
1253958441023893506
1253953645793533954
1253949845385039872
1253942238041628674
1253941925322715136
1253941335985238018
1253940175450718208
1253905117155168256
1253868004380557312
1253860332314869762
1253860247254384642
1253464866028838912
1253464745136381952
1253464692292333568
1253452464214302721
1253452328029392897
1253452102388441090
1253188914463965184
1253188318000381954
1253188176862081024
1253187816311291904
1253137721368829952
1253137541542232064
1253134828825788416
1253118936851156992
1253074990410260480
1253074259791843328
1253057959736688640
1253025992160886785
1253002640495046659
1252823608860147712
1252823581999771648
1252823484331261954
1252823381717614597
1252823330559717378
1252823234837221376
1252823210283773953
1252822954397691906
1252822721668374535
1252822691758796802
1252821985068904449
1252621030402650112
1252620757739266051
1252443124355325952
1252340523710312449
1252339667535446016
1252293691206627333
1252293581215117313
1252293402227388417
1252073098402123779
1251967871162277888
1251967729487286277
1251693508101992450
1251661881833435136
1251661798295523328
1251653095810936832
1251652001777082368
1251651981967454208
1251626044118855680
1251622945241194497
1251622792841195521
1251622747563683840
1251622671642587136
1251534249582190592
1251533227430309893
1251409394333413376
1251297037909295104
1251232860532469760
1251217683342782464
1250980512111292417
1250778237552087040
1250648274060505089
1250647935391379456
1250647756533690368
1250647675013197824
1250647650438795265
1250647496436539392
1250647002234290177
1250646783769759744
1250645510634917888
1250598002827251712
1250448759118413824
1250448715325648896
1250448695071354881
1250448661516922881
1250448367517175808
1250448204664950787
1250448056991879168
1250447610369806338
1250447283805540356
1250446926656356353
1250285236060950530
1250181873302556673
1250181706646089728
1250092285108162560
1250088634490867712
1250088522804891650
1250088401082044417
1249936478945198080
1249936355519389696
1249935567271256064
1249935092304101377
1249924743215509505
1249922710714515456
1249920758131732480
1249909454499266560
1249887650980311040
1249582505985847299
1249582012748279809
1249581932326748160
1249581265432395776
1249580796119150592
1249579994017222656
1249579100605255681
1249578902692884480
1249393420117757953
1249362567224385537
1249362322746826752
1249192070369206273
1249177794988462080
1249177763732492288
1249177720954765312
1249177620463472641
1248836715004850176
1248392549590396939
1248064795011461120
1248041530968834048
1247972894279254016
1247972497871396864
1247972289867583488
1247970573784760320
1247957287114657794
1247955733640970241
1247955658315423746
1247955548059750400
1247953909164814337
1247953847793750018
1247953713097920512
1247949155462336512
1247933689368961024
1247929758211440640
1247929411657031680
1247793177458663424
1247785025350721536
1247781262724460545
1247776798064050177
1247775590888771585
1247706008060923907
1247705848215994368
1247705530727936000
1247703194119045122
1247637583342874624
1247637052511760385
1247636801889554432
1247627884417544194
1247627536260980737
1247608010467233792
1247607870943707136
1247607628403892224
1247607036629540864
1247605342059413509
1247604519917109250
1247541911017017344
1247541538097258497
1247392011646169089
1247383039727947777
1247382541855625217
1247381610418204673
1247378668982165505
1247378337757941760
1247377844155514887
1247371712074674177
1247370342969913345
1247360758297444352
1247360714366275584
1247360649698643968
1247360601531142145
1247342542560956417
1247342321596678144
1247332089084567552
1247283056395747329
1247222750625714177
1247217295484542976
1247217187770662912
1247182300430757888
1247015929998749696
1247015912596623361
1247015795458105344
1247015688918597632
1247001127318482946
1246984009663385601
1246954214934241281
1246953319878123520
1246864967216689152
1246864793396371456
1246864781631320064
1246852080372871168
1246852062312194048
1246812708588023810
1246699330079096832
1246697046771240960
1246661985887895555
1246661868778733568
1246660307176456193
1246658239774601218
1246648208337424384
1246643387823828992
1246643380370558977
