1330249583297957889
1330216592517509121
1330216144947597316
1330213918321635331
1330213847232368640
1330213618613432320
1330213373422735364
1330213314962583552
1330211673131667462
1330209842653507593
1330209738810925056
1330207494413705222
1329176356807081984
1329176316122259456
1329176176657530880
1329176000953913344
1329174776288399360
1329173570912587778
1329172989955375104
1329172879112474626
1328784229635801088
1328783602759266305
1328782238708731904
1328782172816248833
1328781769240313858
1328758416668459008
1328751892881575936
1328750334257205252
1328748283942952961
1328748123213029376
1328495308381163521
1328495003123892224
1328493350220046338
1328489635920527362
1328489078669492225
1328488138931539968
1328488055980769280
1328488022598242304
1328487998585925632
1328487878247157760
1328487793673203712
1328487750039793664
1328452239619362816
1328451214984441856
1328442217547984896
1328437935289425920
1328402819217428480
1328400337917526016
1328399699288625152
1328399054196207617
1328384785564061696
1328380655156117504
1328380545454067714
1328379414816518146
1328379391466868736
1328378880994861059
1328114367494164480
1328108104228114432
1328104586536644608
1328103992262443008
1328102636965425152
1328099456953159681
1328099143487635458
1328099078685687808
1328098886628491265
1328098756563136514
1328094358550114304
1328094314975485952
1328094267785416705
1328094124688326657
1328092513559724032
1328092385373417472
1328059514638135297
1328059366923137024
1328059097841762304
1328058682660114432
1328057774073253888
1328057673242144768
1327724905236893696
1327724451677409280
1327723541538643970
1327719322492387328
1327719215260856321
1327718987463938048
1327717507940052993
1327717382299611136
1327717306655338497
1327713485350862850
1327713306916790272
1327710519050993664
1327705925285646336
1327697811714916352
1327691233867620352
1327290361794813953
1327290222711697408
1327290028247064576
1327289914052866050
1327289699036143616
1327289448900423681
1327289341387829249
1327289270843756547
1326947026047660032
1326921095807594496
1326919446557044744
1326800622058921984
1326800555071533056
1326778320449626113
1326778157102403584
1326768579849711616
1326748413656924160
1326748125512392704
1326441011770396672
1326440873471533056
1326440820027793408
1326440774104305664
1326439504404652033
1326284007663783937
1326224554834817024
1326224484047577090
1326224431581065217
1326224257924231168
1326220194868461568
1326211696893992961
1326211605768495104
1326211511740637184
1326209737059299329
1326208888476143617
1326208486422638593
1326208095291232258
1326207701987151872
1326207415243567104
1326206706972467201
1326205370495201280
1326199275504558081
1326024122065825792
1326023672788783104
1326006944214122497
1325914299529748480
1325914190997938176
1325914048643227648
1325914030003793920
1325914010319953920
1325913913922211840
1325913185505800193
1325912857163128832
1325912807028580352
1325912706713448448
1325912614463918080
1325912207272468480
1325912178600275968
1325910003417427968
1325909671194980352
1325909657412513792
1325901385162895361
1325901225569611776
1325901098360582144
1325900484834549760
1325900418216390657
1325899978040991744
1325899876698267648
1325898950662971392
1325898792390991873
1325898619916988416
1325898362873278464
1325896504662355970
1325896478125010944
1325896290098585600
1325895272577212417
1325895154906009600
1325895035972317184
1325894889217773568
1325894616143458304
1325894453479972864
1325893125588410368
1325892869115187200
1325892738928111616
1325891658131501056
1325891398302801920
1325876518166257664
1325875415710224386
1325873218108813312
1325873175092064256
1325871107845414913
1325869086857818112
1325866982437122048
1325864460431470592
1325863603749072898
1325863165691785216
1325862250171674627
1325862007602507776
1325861931203194885
1325861598733295618
1325861539639824385
1325857272422035456
1325856974022479872
1325854940875550720
1325849125074563072
1325846514955034625
1325845867484467200
1325844726474440704
1325844227150893057
1325840542953996289
1325840421302403073
1325840364444422146
1325662520015663104
1325662038866026497
1325658096673255424
1325652932851740678
1325571239142805504
1325571181806678016
1325569399730786304
1325569347335512067
1325568111160958977
1325567420778516480
1325567203597381632
1325565923864899584
1325544173580165123
1325520745695383552
1325519681126498305
1325519564583567360
1325519289563062272
1325519241341136896
1325518927439519746
1325518898930704384
1325518770673049601
1325518722702864384
1325517843526344705
1325517773586325504
1325517734373806081
1325517690891431936
1325517638651453440
1325517593956900865
1325517539233853441
1325517448733368321
1325517395125960704
1325517358773891073
1325517298162036736
1325517015398797312
1325516952496820226
1325516885232816128
1325516859978833920
1325516830018973696
1325516479752622080
1325516455035592704
1325507698738176000
1325486216502935554
1325485030794125312
1325476650914516994
1325476356944113664
1325467117970337792
1325466245928427520
1325465849151451136
1325465478559510528
1325465455461478400
1325312320831062017
1325311387795480576
1325311342819987456
1325293412765954048
1325292562811297792
1325291803075989504
1325291772730208256
1325290433849614338
1325237059708047362
1325236446899269632
1325236223464464384
1325235815392243712
1325234228154441728
1325234091139059712
1325230764313604097
1325230710957903873
1325230651281338369
1325230564526321664
1325215589627957251
1325214804991070210
1325214335799492609
1325214090369748992
1325212708392771584
1325204393768071168
1325202988625915904
1325200574954942465
1325200523268509696
1325199585388630019
1325199513984774144
1325199422024609792
1325194680795951105
1325194340453425153
1325194284853702656
1325192988734099458
1325192933457367040
1325192898824925184
1325192845938941954
1325192742104829952
1325192266659450880
1325173213802889216
1325173182005825537
1324870170016272385
1324731740150095878
1324731668461092866
1324731255305351169
1324652016124133376
1324607226401599489
1324606816429383680
1324606380154613761
1324435361569779712
1324435216929230849
1324434980273991680
1324434967309381632
1324434663553691648
1324433662918553600
1324066816725938176
1324066761352773632
1324066538433835008
1324066508582969344
1324065639175106560
1324064360231104512
1324054660475355139
1324054634999152640
1323905711219245058
1323905661088849920
1323905616625037318
1323905499113246720
1323905440766332929
1323904959851634688
1323904163210694656
1323904028032475136
1323903886441115648
1323834910939885573
1323834349326757888
1323833984434925568
1323833886053261314
1323833661951680512
1323833533018730496
1323833417310429184
1323833236347187201
1323833114964025344
1323832993304121344
1323767958422790144
1323767895063633920
1323699089859465216
1323688344937590784
1323686531509309440
1323685994181242880
1323685816405667840
1323676893191680000
1323676308614729730
1323674330299985925
1323673821300191232
1323474402042802181
1323343567788503040
1323341018381520898
1323169560929841152
1323169189511622658
1323167535622074369
1323167487861563397
1323166965733584896
1322998366742085632
1322997987820204032
1322997878713769984
1322997806823477254
1322780947469660160
1322780889382817793
1322780835590725633
1322780820017352712
1322780791244423174
1322779856447287297
1322591913531174913
1322590693005565954
1322589261170831360
1322230116735352832
1322228547516162048
1322217741714026496
1322217331951546368
1322217100287488000
1322217051151167489
1322216974592606209
1322216852664184832
1322041934144131072
1322012258587742208
1321938476082683905
1321938015376220160
1321935439138226177
1321734114903433216
1321722791461183489
1321721827262017538
1321655311309025280
1321655144342147073
1321652156018012161
1321298157100322816
1321298114196754433
1320964349431746560
1320962993723600896
1320962249637281800
1320526777232416768
1320526192957558785
1320524362135470080
1320524208523231232
1320524067561107457
1320524021146865665
1320523990612340736
1320523854280716288
1320048042750341121
1320045665334931462
1320045315685113856
1320042861144883201
1320039046203072513
1320038943237132289
1320037330934116352
1319709859982393344
1319709050049712129
1319708557495865344
1319708293313433602
1319707077619507200
1319696866699694081
1319696615829991424
1319696576978186241
1319696490525175808
1319696390990090240
1319696309729701888
1319696096805859328
1319691153596317696
1319293506578313218
1319293336608362502
1319066498346840065
1319035400023728129
1319035319451201536
1319035210214690817
1319035139309989889
1319034173600886784
1318992147723345921
1318988510154563584
1318988254520094720
1318988194528980992
1318987944548397056
1318981868931354624
1318980394956435456
1318980289176072192
1318980027413745664
1318979890343940096
1318978899406065664
1318968405299359744
1318966731537223680
1318950575677923328
1318948988914003969
1318948605718274048
1318794429885345792
1318789797863804929
1318789745451749377
1318396253185568769
1318390231033212928
1318390220400676864
1318374185685590019
1318374031226146816
1318373315090608129
1318363477623230465
1318357807163342849
1318356707517452288
1318356214762274816
1318354656427266048
1318354480165842944
1318354173415411712
1318353642559164417
1318352243301654528
1318348438522667008
1318340553499570176
1318340492636028928
1318340371512913920
1318340321625866240
1318286299472654336
1318286260763385856
1318285753152012288
1318272553060687872
1318272493111504897
1318272459984941056
1318271408724537344
1318271349245145088
1318252895012151297
1318252845917822977
1318252391762862080
1318252107623845888
1318251352510787584
1318250773868802049
1317853540644057089
1317853153505603584
1317853096022745089
1317853015550746624
1317678538695139328
1317678471951183872
1317678294108549120
1317678239393873921
1317678204954398720
1317678173652275200
1317678145932128257
1317677960036413442
1317677909297950720
1317652860679507968
1317652693658185728
1317628746925445120
1317628561562365952
1317584000702062593
1317519356163547137
1317517451521765376
1317516989305212928
1317516947093819393
1317516922125103105
1317516827908395009
1317516755397341185
1317516735499493378
1317516546533588992
1317514302182412290
1317510932390555649
1317510547168874497
1317509277137788929
1317509025156624384
1317508833317584896
1317508189999362048
1317503165143502849
1317502310784774144
1317500337276686337
1317494270744358912
1317483624229261312
1317334032326086656
1317333513637486595
1317333464144752640
1317328916252536832
1317328686857678848
1317309949001650181
1317309819292848128
1317309668780167169
1317294157640028161
1317294125054521345
1317293606089019392
1317291731507838978
1317277213637537795
1317215750046642176
1317214543483785216
1317213870281302016
1317213755302846465
1317213730946514944
1317213628873928704
1317213527824683008
1317213506945437697
1317213294701072384
1317213136953356288
1317212809352994816
1317212567790497792
1317208189671108608
1317206492429258752
1317198479836393472
1317197955170881536
1317189452997931008
1317176644302303232
1317176278844239872
1317174469346029570
1317160623365451776
1317157129967464448
1317156956293918720
1317155847517003776
1317155380510695424
1317154399865634818
1317154218373885952
1317146648808550401
1317142246769057793
1317141838206128129
1317141629602394112
1317141510853283841
1317141281869422592
1317140305548775426
1317136045398319104
1317135604925173760
1317134128123314177
1317134009835474944
1314602677439848448
1314602627997421570
1314602210500595713
1313941839058096129
1313941632174219268
1313937357674999808
1313937245750009856
1313930898652372993
1313912184846442497
1313912165414313984
1313912159579983872
1313912073206730752
1313911738027237376
1313910693452677120
1313910368125685760
1313902187433476098
1313899937281630208
1313899078971846662
1313898800646217728
1313894484854226944
1313894240460500992
1313894225667260417
1313894130720751616
1313892198946013185
1312462918659661825
1312459173569810432
1312084159880294409
1312084106180657154
1312083543619592193
1312083507745681412
1312083459414745090
1312082926989795333
1312082802804834304
1312082476295094272
1312082374000218112
1312082100875522048
1312082012438626304
1312081058158899200
1312079945678508032
1311596812663287808
1311359122596483072
1311357645459079173
1311356245169766400
1311356181147869184
1311354766430150656
1311354720422830080
1311354535265226756
1311354427081539585
1311354304322707456
1311352440134885377
1311352387542499328
1311352282374520833
1311352180205527040
1311350314318966785
1311349258075865088
1311349218963984384
1311341052058456066
1311340905224310784
1311340445469794305
1311338457235558402
1311338212145549312
1311334015710846983
1311331411769479168
1311330635349286914
1311330542760022016
1311178246826778624
1311178181416685568
1311177761860456449
1311177641781686273
1311176873263595522
1311176828996866050
1311176378755080193
1311176292641812486
1311175286096932864
1311174716548239361
1311174667164553216
1311174614442106880
1311174603885039621
1311174553737912321
1311174415091073025
1311174309281280002
1311174220366229506
1311174191106801664
1311174172664410112
1311174095120154624
1311174022634196993
1311173964329172994
1311173935770206208
1311173909874573312
1311173847689822208
1311173813074190336
1311173773748367360
1311173745969512448
1311173697407913984
1311173364203962368
1311173296067547137
1311173169890250754
1311173112554086402
1311173012536930304
1311172993331073025
1311172944031174656
1311172875609538566
1311172846031314945
1311172818634076160
1311172771989188608
1311172722999717889
1311172665038708737
1311169141135437827
1311169044167290881
1309405241570328584
1309404510305968128
1309404384258715648
1309402980186087424
1309401368826839041
1309355246049570816
1309354459663753216
1309354323952824322
1309353431497236481
1309353386572091392
1309352941753569280
1309196330460348417
1309195934106972161
1309194228434575361
1309193828536971269
1309193535556521984
1309192676504297473
1309192387453882369
1309191933361676291
1309191883860533248
1309191661990281216
1309191578808770560
1309176178180325388
1309172133746995200
1309172095469969415
1309172041246035976
1309171885423374337
1309170938097745920
1309170574237798406
1309170536807886852
1308879542010949632
1308879473631207425
1308879080876642310
1308878997854605314
1308878611756314630
1308865558427963396
1308864622502514689
1308864294335983622
1308863175371247618
1308863141825126403
1308859688189128707
1308855398124998656
1308854049865900034
1308853128859713543
1308852746641178625
1308850191580176391
1308849561318969350
1308847666198188037
1308847570224123905
1308847467866324993
1308847340686643203
1308846989019406337
1308846257448906752
1308839630918295553
1308839234695049217
1308838753406943233
1308833616416342022
1308833536317820930
1308833520605974528
1308833460287569920
1308833431736987653
1308832508012900357
1308832369651126272
1308822285520789504
1308821718606123009
1308821398085754880
1308821306922598400
1308821270759313409
1308820841283477504
1308820723306168320
1308820640313389061
1308819262069379074
1308683046531420164
1308671369324851202
1308669763384532993
1308669526351912961
1308669440372817920
1308623099768655872
1308622781739720704
1308622697979551744
1308451145572970502
1308450925686657027
1308448092937572354
1308298789057257473
1308292690144944129
1308292675490070530
1308292637531672579
1308292624629993472
1308292600135258113
1308292582162665472
1308292558993276928
1308292520955113472
1308292493193015296
1308292299995017219
1308292231623708673
1308292209125371905
1308292177928224768
1308267061840211968
1308266932437544964
1308266875986391042
1308266866813497344
1308266845300912128
1308266831564554240
1308266758948581376
1308266689297965057
1308266622335897600
1308100800648896512
1308098309765038082
1308098165325742080
1307969653126230017
1307969154939367424
1307969136547385344
1307969012660203521
1307968752210735105
1307968576494526464
1307968509188567040
1307968150042865664
1307968111497240576
1307968044782612482
1307968006811602944
1307967914578866176
1307967901995941888
1307967841606316032
1307967537003417604
1307966683827417089
1307960151131840513
1307844557363585024
1307831649283915777
1307830753355378689
1307829864792076288
1307820334901374976
1307818601143959552
1307808279070818304
1307808270619344901
1307808169498824704
1307808115983704067
1307808077656145920
1307808003333054465
1307805384300781569
1307805208777375744
1307801692461625344
1307790053595164672
1307787224533012481
1307785403412348928
1307783083668590592
1307783002911461377
1307782383400173568
1307781613674086400
1307780338521759744
1307779947847544832
1307779940171956224
1307779892646346752
1307779647157936128
1307779295314493440
1307456276972990464
1307455177717198848
1307455151410565120
1307454920505786368
1307182346202877953
1307181963216711681
1307181948071075840
1307181505207103488
1307181420230574080
1307181405764382721
1307181378715303936
1307181359681564672
1307181344615661569
1307181329579085825
1307181320729055232
1307181304639713281
1307181290836226048
1307181278123319296
1307181254773583872
1307181241570009089
1307178887672078336
1307178672575578112
1307096214685601793
1307096141343928320
1307096029045628933
1307096005779877888
1307095958921121792
1307095769644781571
1307095563930923009
1307015635394727936
1307015598518407173
1307015461880516608
1307014607697932288
1307008635571036160
1307008585545572352
1307007942072266752
1307007855237558272
1307007679122923521
1307007008109768704
1307006679322488833
1307006453660614656
1307005678335090689
1307005622659895297
1307005482419142656
1307003593732452358
1307003564246495235
1307003551785205760
1307003502711857155
1307003402455375875
1307003205570584581
1306998046647967744
1306997284278693888
1306997191492268032
1306996953603960832
1306996915754602497
1306996838470361088
1306996215356076032
1306995693978963969
1306995101537726464
1306995016754102274
1306881183263977473
1306874638111309825
1306873543452274688
1306666056623091713
1306665599477506048
1306665554950803458
1306665473744879616
1306665431839592449
1306665368451076097
1306664637614579714
1306661024024592384
1306644516967870465
1306643925713600512
1306642496793927680
1306642428280020992
1306637354333921280
1306445907328557056
1306443450192072704
1306443416981577730
1306441489480728576
1306439526592606209
1306439488172748800
1306039428222128129
1306029592365285376
1306029527231991808
1305989925720924161
1305971789978243072
1305971607152680960
1305971594125164545
1305971312947392512
1305971058546110470
1305970002856570880
1305966820910706688
1305965994741870592
1305948715430027264
1305945042192752642
1305936664104034304
1305936590204628992
1305934745717497856
1305931294363140096
1305931024694521856
1305926913689489408
1305925007214669825
1305924912729653249
1305924863761117185
1305923065553891328
1305922017145757698
1305921696306663424
1305921367255035904
1305921319578431488
1305921203165491200
1305921179241213953
1305920105209978880
1305919715164921858
1305918025376309248
1305917994501984259
1305917972624494593
1305917886670622721
1305909615222120448
1305667442203529216
1305604451609186305
1305604275679027200
1305604186189385728
1305603997026320384
1304931621167009795
1304927593976590337
1304927100168597504
1304926991523561473
1304926896916893696
1304926785260273666
1304926766956335104
1304926742927171585
1304926384356114432
1304926052595064834
1304884939666542593
1304876926071316481
1304874924893302784
1304874360579043328
1304871607194628102
1304871551813074944
1304871448452890626
1303819809415544832
1303818982424600576
1303818273117495297
1303814837667946496
1303814782584147968
1303814647779188736
1303814411119808512
1303814353964081152
1303813971703599104
1303812305574977538
1303772572312506368
1303772550317527040
1303759555134812160
1303757747700158465
1303744778698252289
1303744368147218432
1303743771167735808
1303743330124062721
1303743136829550598
1303742055865176064
1303473116253831169
1303462064527081473
1303462007371214848
1303461622996852736
1303460774904504322
1303460636051996672
1303459252992843776
1303442446261448704
1303442415072808963
1303440832981131264
1303440644745039872
1303440613019275264
1303435828253700101
1303435630433632256
1303426750756642821
1303426693047042050
1303426449345454080
1303426389849174016
1303426309561884673
1303426215303290880
1303418928434040832
1303373100508045318
1303372663847448576
1303369096826814464
1303369054296535045
1303369003067342848
1303368016558612480
1302880787914616833
1302875470594101248
1302874906397351938
1302874719050330112
1302869189196087296
1302866703194271745
1302865900094193664
1302863747938095104
1302863329736552448
1302863001351938049
1302862956414169088
1302862882741219330
1302684642034642944
1302684280418492416
1302327318237519872
1302298126951133185
1302293954369482752
1302293936946311169
1302293730573967360
1302293674152226816
1302293524885381120
1302293283117228032
1302293153756491776
1302292867965095937
1302292417433882625
1302292260206252032
1302292249514975233
1302292176068440064
1302292099048464384
1302291862422650880
1302278290342731781
1302277539491061760
1302277476849082369
1302277464786305024
1302277441721835520
1302277393571176449
1302277368757673984
1302277214776356865
1302267110593187840
1302266942024110081
1302265753324806145
1302265019774582796
1302264679482273792
1302264318793101316
1302264272991395841
1302263291083808774
1302262950707691520
1302262796281806848
1302257766296215553
1302257618350530560
1302257541011841024
1302257499077095430
1302257393045176320
1302256322348331008
1302256288361971713
1302039814263382016
1302039277954457600
1302039171523989504
1302038851938996224
1302038782565183493
1302037549095870464
1302037347370819584
1302037043288047617
1302036756506664961
1302036215839956993
1302036156423516162
1302036026471276545
1302035402828570624
1302035051048132608
1302033764034330624
1302033609323290624
1302023867011981312
1302023740621033474
1302023657221287936
1302023489684004864
1302022938284101633
1302022910438064128
1302022681659801600
1302017886358175744
1302017470950043649
1302010409747132419
1302006764544589825
1302003475002392576
1302002913783492608
1302002089753817088
1302001055287390210
1302000952845774849
1302000506659835905
1302000491069612032
1302000481309519874
1302000469024419841
1302000448862380034
1302000433813217281
1301996427430764544
1301993524628303872
1301990804634836992
1301969558920523777
1301966695418875904
1301962045743484928
1301953424871759872
1301952947379609600
1301939081652305920
1301938999775227909
1301680442681090048
1301680281133314048
1301679059861028864
1301678598185562113
1301677071274397696
1301672557372829696
1301670194771759104
1301585832936177664
1301585582024355842
1301583613188661249
1301583592175198214
1301583339602587650
1301583338101026816
1301580538529021952
1301564973986930693
1301564499053309952
1301556646146002946
1301390137696243714
1301390008993984512
1301276107711238145
1301274931770978304
1301274640396898304
1301274487493541888
1301274450202034176
1301274412843319296
1301274367133769728
1301274274682908672
1301273694430351361
1301273362551857152
1301273082192044032
1301271438997901312
1301268743331307520
1301208212490903565
1301208201489047552
1301207872919842816
1301207709434351616
1301207614349430785
1301085879323168768
1301085481233387526
1301083637585076224
1301083545314582530
1301082519421333504
1301081696901541888
1301080953528279042
1301078580592402432
1301065459874197504
1301065452768997376
1301065359961681920
1301055728946278401
1300178245359345664
1300174977233108992
1300174784198709248
1300158418531934208
1300158380833554432
1300158003056766976
1300157926909202432
1300157901525327872
1300157738043863040
1300157638387220480
1300157074563674112
1300150423580368896
1299038367024218112
1299038170877575168
1299038008084111361
1299036793883394048
1299036751990648833
1299036628623613952
1299035781114114048
1299035736209895425
1299017855350915077
1299017776254685184
1299017558054465538
1298694009028632576
1298692134992670720
1298691050605707264
1298690468767621120
1298689391360004099
1298689147608031232
1298688001623506944
1298687107452424193
1298686163931127808
1298685638057721856
1298684598734397441
1298680762380636160
1298677821410119680
1298677545928294400
1298677510725464064
1298319716386136065
1298319622559502336
1298313203550547968
1298292281405931520
1298292125142925312
1298145007229009921
1298137040672890881
1298136863979397121
1298136768345063425
1298136390610239488
1298136323702681606
1298135874627018753
1298134474752811008
1297795893127557120
1297790137711988736
1297419184708571137
1297415922085294082
1297415771291652097
1297409907172323328
1297407462908149760
1297351404747542528
1297350620056190976
1297237586948132864
1297237541054111744
1297237456165756928
1297237323705286656
1297236947526549504
1297217675332968448
1297217039849807874
1297217002440802305
1297216366802374656
1297211556514603013
1297211415334285312
1297211247289483265
1296884474513223680
1296884460495937538
1296883016938041344
1296882780505161728
1296835635307667456
1296563078926970880
1296559703502159872
1296556662791127040
1296556533661069313
1296526811891814401
1296525269381996544
1296525112003371009
1296522602878365696
1296520221038002176
1296520124761923584
1296520047351853058
1296518042893996035
1296517587837177856
1296506296674344960
1296506021330837505
1296504869700829184
1296504093595168769
1296503663289151488
1296497078366019585
1296490340099280897
1296489767962542080
1296489619274465282
1296489198363521025
1296488984420515843
1296488839259852800
1296488802387730432
1296488422601822215
1296480509401411584
1296480240139730949
1296480205737992197
1295835451677274112
1295834629962792960
1295834603916165120
1295834144119779328
1295819771460464640
1295765215879917568
1295570181335351299
1295570064154869760
1295570038880006144
1295569733127790593
1295567754691403776
1295567618439487488
1295567582884290561
1295566246444900353
1295566050315005952
1295565548382609415
1295565481814892545
1295555130066997248
1295549918359085056
1295549852068089856
1295549753644560384
1295535394977529856
1295467024559177728
1295466381501009920
1295461798972280832
1295457344575303680
1295445260701556738
1295432650090373120
1295428708660985856
1295428390988607488
1295428303679938561
1295427125193764865
1295425972049608704
1295425935332610048
1295424476704698368
1295424386158088192
1295424365706657792
1295424187901730816
1295424142523523072
1295424064656273408
1295423878215241728
1295423221563416576
1295423199371390977
1295422908727140352
1295422418354282496
1295410992956887041
1295410922312183808
1295402331735900161
1295402014260654080
1295391745371324416
1295391653126053889
1295257440879960065
1295257270381469697
1295256072819625984
1295215325948964866
1295212124734541827
1295212064852459522
1295211151161139200
1295209890907004930
1295208079949090817
1295176815581908993
1295173873487319045
1295173701076279296
1295173658743250944
1295173615973838848
1294856987566473217
1294855843335139329
1294684439650250752
1294684315368820736
1294683623208017920
1294683331322212354
1294683081345921024
1294682271719370753
1294682195253055488
1294679122921177090
1294678221137485824
1294675518545997827
1294674599989280769
1294674409483956226
1294674327321755661
1294674226712989696
1294674148006887424
1294669337433747456
1294668197900230656
1294667988348465153
1294667867632279552
1294667816595939328
1294667722203136001
1294667671028379654
1294667624974921728
1294552712973922304
1294552278590873601
1294552173485817858
1294402874189860864
1294400406467084291
1294397978669588480
1294396920325013504
1294396381235302401
1294368506352295936
1294357291513217025
1294354459502317568
1294354100692250624
1294337317784567808
1294325894094323713
1294325441382117376
1294324694649167872
1294324655528882176
1294323497502613504
1294323447061811200
1294323421547909120
1294323356007714817
1294323187761602561
1294322931011444736
1294322683061051392
1294313077937041411
1294313046194548738
1294310782608408576
1294310464143282181
1294310058063405062
1294309142132228096
1294284564072865793
1294015354365030400
1294001303526334464
1293998201205227520
1293984220910456833
1293983975011045376
1293982855404466176
1293973444866891776
1293972760138457088
1293970364746227713
1293630490155421699
1293630375487344640
1293619602220445696
1293619462843674624
1293619430056853504
1293619081631772673
1293618922231443456
1293617677903126529
1293612708269441031
1293612468497833985
1293611946705444864
1293611041150996480
1293610925551886336
1293610732454465536
1293610413800620032
1293608146322067458
1293604848043057153
1293604596254781441
1293273642004930560
1293260087734095873
1293260031677276160
1293259759513083907
1293259694136365056
1293259629846130690
1293259308323414017
1293259272864710657
1293259125766275072
1293086315475423232
1292872621810307072
1292872231240925184
1292870395511443456
1292867438787231744
1292867260957093888
1292865203126714370
1292853014739349506
1292544669994254336
1292542902577426434
1292541965280583680
1292541383798972416
1292541205687857153
1292536215741243392
1292534330166661120
1292534054005256193
1292531842327801856
1292531694260510721
1292531631236894721
1292531609497812992
1292531499573506049
1292531107955486721
1292530972685029376
1292530666970607617
1292393290856202241
1292393093954592769
1292393007392542723
1292392935615414272
1292392904732811264
1292392879487201280
1292392857953681408
1292391259974193153
1292391196065558528
1292386565537193985
1292332139455758338
1292331921695862784
1291939027914915840
1291877637657223170
1291873538576539648
1291866011004620800
1291865994718150657
1291865977018175489
1291865916485984256
1291799438583685121
1291791850378899456
1291791656530788353
1291790478002630656
1291780585300430848
1291775318248656896
1291775275202523137
1291775220349431808
1291775088690266112
1291775045275127811
1291772223439609856
1291768898665107456
1291641433418428417
1291633624987697152
1291633361677504512
1291438385991577600
1291437366884802560
1291433525107859457
1291433413384081408
1291433401677881344
1291433239500845056
1291432868577546241
1291427881650814977
1291427538388967424
1291421995972755456
1291421698927947776
1291420600792096768
1291416207384485888
1291415743351857153
1291412638887362560
1291412272250724357
1291409684016951296
1291408270255513600
1291407493852102658
1291403148246958080
1291402924803780608
1291402109246554112
1291255462445199360
1291140670908846084
1291139730583691271
1291137684652449792
1291137289125376000
1291121932033593345
1291119952317919232
1291118485112623104
1291115511502102529
1291084291229626371
1291084244626706434
1291083775946788865
1291080957148065792
1291080517564035073
1291078552398356480
1291078542885699585
1291078417790562305
1291075555706642432
1291075509904789504
1291075477277270016
1291075447120265216
1291075407412781056
1291075298390228992
1291074557692899328
1291064674776043521
1291053697338716166
1291053615772123137
1291053576425320454
1291050056091439104
1291049967751032833
1291046465859489792
1291046441960390659
1291046379238723587
1291046208887074816
1291046038585761793
1291045831106232323
1291044340395962368
1291043968948400128
1291041756310462464
1291041121330593795
1291040934184906752
1291039902574862336
1291039747972849664
1291039713239764992
1291038939730464769
1291038323310379008
1291035492008386560
1291034772844625920
1291034606913744899
1291034379884482561
1291033556022464513
1291032297957818368
1291028506256609280
1291027487577661440
1291027071771140096
1291026316213415936
1291026301839532032
1291026197392973833
1291023978685841409
1291022465250992128
1291019629662367751
1291019258781028358
1291019131165188098
1290754385157345281
1290741702513143808
1290741670594502656
1290741015842709504
1290738964635123712
1290738222624944128
1290738174293991424
1290735447186923520
1290711515297755142
1290709998163509253
1290709209361727488
1290696911075196929
1290696585710465025
1290695880140496898
1290695253968564225
1290695164302827520
1290584516507996160
1290583620118224898
1290583562681331712
1290579602943823873
1290579545498644480
1290579476607193088
1290579442708799488
1290541924001038336
1290426285492035584
1290386250835177473
1290384478532022272
1290384425901912064
1290384292263030786
1290384091485835264
1290383964536856576
1290354530689748992
1290354327568048133
1290345384863129602
1290345348980867072
1290337056296591360
1290336766243647488
1290336736313331713
1290336662808010752
1290336626715930624
1290335370861613058
1290335363513192448
1290079600056229888
1290078071488315392
1290075084745367562
1290070942983450625
1290070902915231744
1290070891246678017
1290070556893577216
1290070536735711232
1290054228640112642
1290027691530309632
1290027626749292544
1290027194958229505
1289780881427591168
1289780839857811456
1289780804667596801
1289707878417219584
1289706534696448000
1289705689292496896
1289705585097621504
1289703761951129601
1289703489241669632
1289703363454439424
1289701686156513280
1289697942912155648
1289697912667230208
1289697015757066240
1289689663691608066
1289689260962885632
1289687779601874944
1289687304609513473
1289666573548916736
1289666236498903040
1289666165967425537
1289628358691569665
1289626965465419776
1289624696145641472
1289458426284609536
1289455645465260034
1289455572404731906
1289276445643087872
1289263242955522048
1289245793249923072
1289245355767238656
1289245331738173446
1289244607524438021
1289241776448913411
1289241341222821889
1289241220372258816
1289240300070658048
1289235524914262019
1289235432199213057
1289235138174279680
1289234866110754818
1289234534689419265
1289234289746305025
1289234254954549248
1289234216778002434
1289234195215130625
1289234095214440449
1289234029091229696
1289234014805532673
1289233938393661441
1289233558175805442
1289233352248025088
1289231324390154240
1288616818928582656
1288616340966633473
1288615917031526400
1288612624712650753
1288612557020778496
1288584788362682368
1288584686516596736
1288581689174712321
1288536272319873024
1288535888457129984
1288535624119513088
1288535139413237760
1288534927038767104
1288534512356298752
1288534448330309632
1288534228263530496
1288533274730455040
1288532965157347328
1288532911893831682
1288532820437037056
1288532633140387841
1288519172939374593
1288511554300739585
1288511533958303744
1288511303074508800
1288511178994356225
1288511149999140865
1288510966229950464
1288510928766382080
1288510894599634947
1288510852266483712
1288510777687605248
1288510690722897920
1288322876731297792
1288322765167030274
1288322692895010816
1288322650410905600
1288322573705424902
1288322532634845184
1288322334651068416
1288322252421775361
1288322158934896645
1288321709544628224
1288321527356653569
1288320761665482753
1288320590290382849
1288318200577286144
1288317731364716544
1288317102235901952
1288317026683899904
1288316784290836482
1288316643035119616
1288313391623237633
1288232051565461504
1288231289523286017
1288227200932564992
1288222404511055872
1288222278371512320
1288222162797514752
1287939599138828288
1287939410789507073
1287939189917458434
1287938598705049600
1287936587200778241
1287934567869853696
1287916354738118657
1287860568703918081
1287860463682777088
1287824589662298112
1287824499690188800
1287824313404424192
1287824284484685824
1287823941583507456
1287797094233673728
1287796883256033280
1287796834711277568
1287796625356668928
1287655790786928641
1287655512880721920
1287655250900299781
1287647125816262656
1287646916377886720
1287514116513345536
1287514045273092096
1287510153651081217
1287509166815240193
1287509096992628736
1287509024808689664
1287509000104194050
1287508878708494336
1287506712019099649
1287505511961616385
1287505472786817025
1287505417627525120
1287505342763540480
1287505091029696512
1287500157970345986
1287482585929547781
1287482551104180224
1287482523438612480
1287482451787255808
1287064191052857344
1287064016922144769
1287063893727092737
1287063280469458944
1287061679285526528
1287061302725107712
1287060501273354241
1287060098813050885
1286878587027484673
1286851894799785984
1286851647746920449
1286851537780658176
1286851492800892928
1286851344289038336
1286851263586381825
1286851079116713985
1286709650876846080
1286706760204472320
1286706542058680320
1286702948114825216
1286702878376116227
1286702841952780289
1286702444999618560
1286702432634863616
1286702416696467456
1286702407716466688
1286702392793161729
1286702171493289984
1286701313745543168
1286700929291440128
1286700888568901632
1286698334233612288
1286697606412824576
1286479587111665665
1286449296196304897
1286416168299802624
1286416125438259200
1286329856154726400
1286329513186430976
1286327227651522560
1286327067735289857
1286326057323307008
1286325904440844290
1286049900862398465
1286001604575952897
1285991915360415744
1285989332239544321
1285986038515593218
1285802415652929536
1285801972377849856
1285800794948689920
1285789213326077952
1285781436276961284
1285781093736562688
1285700824371474435
1285687331832373250
1285687013145018378
1285686045816782856
1285684816659329024
1285663310139076610
1285662130948145161
1285654254993190912
1285654027414515714
1285653175748435968
1285652632753844225
1285651715803566080
1285651529916186626
1285651043284668421
1285650958287020032
1285650525090975745
1285623925330923523
1285622948708192258
1285622699486851076
1285620592121647105
1285620408230776838
1285608753669210114
1285608708052058113
1285606444226805761
1285606139930062848
1285604319790878721
1285603710039658496
1285597105478873089
1285597000466038785
1285595881010601984
1285517011540307968
1285512247716929537
1285510569986912256
1285510372728823809
1285510272648572934
1285510182886236160
1285505424393793536
1285504813015248896
1285504739208126465
1285504602356342787
1285504078915661825
1285503907767021568
1285302339822161920
1285302112964849664
1285300190514081792
1285299803790782470
1285299709599289345
1285295397418659840
1285293851402309632
1285292511536152576
1285292403486715905
1285292312189300736
1285291707785818112
1285154927279353858
1285154912293105664
1285152611969036288
1285152301418639375
1285151497215373321
1285151129920081920
1285150932691345409
1285150618185633792
1285132490290548736
1285132384816345088
1285132142951858177
1285131745277296640
1285131720786710528
1285131688847130624
1285131647491301379
1285131056908079104
1285131040550383617
1285130915346149382
1284563137430122496
1284561452255178752
1284561315172777984
1284560485514272768
1284557819455270914
1284555053991227392
1284553603634458624
1284553080625750016
1284551815095177217
1284539053816201216
1284537869336326144
1284536571266363392
1284535990497931265
1284535900655849474
1284535857450377216
1284534161722601473
1284534113714626560
1284175481319747585
1284175446804885504
1284175425841721344
1284175376747425792
1284174089872044032
1284171582261190658
1284167418072281088
1284167096490811392
1284167093970067457
1284167084558086144
1284167079667486720
1284166947077120000
1284166347467878405
1284166088779956224
1284166069905571847
1284150058737217537
1284149937370873858
1284149695200161793
1284149134442684416
1284148904921952256
1284148872697180161
1284148824659750915
1284148682439327745
1284148503178997760
1284038808871202816
1284038736972402688
1284038598581383173
1284038553073115136
1284038503685222400
1284038012137992193
1284037087180648453
1284035727731261440
1284035251702886401
1283669810623086592
1283665771156041729
1283662707661520896
1283661781513105408
1283279890813337601
1283174246986903552
1283173614246719489
1283168040369000448
1283167992042319878
1283166845940293632
1283166407795060739
1283161307848380422
1283160619680559104
1283159685126713345
1283085629656465409
1283084393343365121
1283084046185070592
1283081046204887044
1283080165942128645
1283077936053014528
1283068997773058050
1283068687004561408
1283066619883745280
1282727771060367362
1282721991607193601
1282721627050926080
1282721186493820928
1281644098177208320
1281644030254669825
1281643484991025152
1281643448114638848
1281642139651149826
1281641942577672193
1281641533876256769
1281641426044911616
1281641371573448704
1281641176362151938
1281637282198417409
1281637151554154511
1281637085221249024
1281637016724094983
1281636970578337794
1281636872607813634
1281636447208890370
1281635196698124288
1281633093367955456
1281632052081594368
1281631722983927809
1281631256749330432
1281631072430612481
1281628602052689920
1281623758441033729
1281623585212129280
1281623076581433346
1281622515706544128
1281622200546516992
1281622157869510657
1281622084863397888
1281616623980306438
1281616478278610945
1281616067836514311
1281615886760042497
1281615523122274310
1281615342247133185
1281614581249400832
1281614407655583745
1281613119941251073
1281612723382480896
1281612689471467521
1281612342720172032
1281612265553195010
1281612243549868035
1281612193205633031
1281445062732181504
1281444314141175808
1280620831253516288
1280620446040289280
1280620374711914497
1280611724954005504
1280611688429940736
1280609229561139200
1280607930027397120
1280547942063955975
1280547857150271491
1280547735272165376
1280547198862647301
1280543171567472642
1280542880390475776
1280541962437668864
1280541827418877953
1280183877638606849
1280173147535228929
1280169905979928577
1279836330248163328
1279834601112756226
1279832677701439488
1279831983233699842
1279831936807006208
1279830924931170304
1279830845365207041
1279830778168307714
1279830509103669249
1279814956741885952
1279286413146517504
1278726168594669569
1278725239799607297
1278724658548756480
1278724645965848576
1278724559722536960
1278724478885744640
1278565397256499202
1278400760951128064
1278384825963933697
1278384520375357446
1278366815102492672
1278365533025431552
1278364603718594560
1278360365609259011
1278358797950435328
1278358715503001600
1278358644174630912
1278358578999386112
1278358549060448257
1278358538725675010
1278357535632678913
1278357522068340741
1278357450068881409
1278357269009190912
1278243199283159040
1278195919976951808
1278169284447924225
1278168576285802496
1278167016516419584
1278162172133040128
1278158110557786112
1278157697003618305
1278154549954404354
1278154212484890624
1278154158718070784
1278153619733245953
1278153488174702597
1278116684138573824
1278038989438500864
1278038818273193984
1278038547354669056
1277735540335341570
1277735340535476224
1277734131820933121
1277732418305224705
1277732063383183361
1277722230256881664
1277721085677428736
1277696351648669696
1277696179044675584
1277696040477396992
1277695894641500160
1277695725233532928
1277694993767870464
1277693417158410240
1277689846333501440
1277682528803909632
1277682495652106240
1277682456460550145
1277682161127092226
1277682130005266432
1277682024992526336
1277681846424227840
1277681491040862208
1277680412408479744
1277679410565406720
1277672313979236354
1277672118843396096
1277671247913144321
1277670733150216192
1277670079552008194
1277669964493647872
1277669773967409152
1277666803515191296
1277666645150859264
1277665351048687616
1277665251165564929
1277664420559110146
1277661373997084672
1277657486497951744
1277657013246259200
1277655599002423296
1277655316625145856
1277655216716836865
1277654985266753536
1277654953994018816
1277652552897540096
1277652545184260096
1277652539446489089
1277652534279069696
1277652387268706304
1277652049304252418
1277652035018428417
1277652005524172800
1277651963123863552
1277651828188971009
1277516965750267905
1277516773219160065
1277493912697860096
1277493728232366081
1277493645642362885
1277493613765640192
1277493559705300992
1277493427970555905
1277493358051463169
1277493347175690240
1277493330465615872
1277493224949420032
1277493073702871040
1277489934375325697
1277489761339404289
1277015577152774144
1277014055207579649
1277013872130449409
1277005614686760962
1276997537971331072
1276996370172239873
1276994893496242176
1276991874322984960
1276990403758026752
1276979811500474368
1276979732328800256
1276979461104087040
1276979437070741504
1276979061554679810
1276972434596302849
1276972351914078208
1276972329935884289
1276972294917681154
1276945205430587392
1276944727527452673
1276944544961970176
1276942835699179522
1276940658763128832
1276936627378511872
1276936145171968000
1276904971322048513
1276904962786615298
1276904241781596161
1276903479563321346
1276903406477557761
1276903142848778241
1276903066101362688
1276903007301451776
1276902946723082247
1276902888875290624
1276902817823776768
1276902740325613568
1276902638831845377
1276902574419927040
1276902460146122757
1276902421294272512
1276902402638008320
1276901877993500674
1276567694309912576
1276567659916582912
1276566739191398400
1276566673277911040
1276566621964759042
1276565792708952065
1276564176555487232
1276563444418789379
1276563410927280130
1276563009607892993
1276562294558781440
1276559157949157377
1276555715134414853
1276285138368729088
1276285075210944512
1276284621202665472
1276284545998807040
1276283615983198210
1274052528947073024
1274052514988449793
1274051934136045568
1274046990293151744
1274034873729048577
1274034442328174598
1274027313823285248
1274027303178133505
1274027142636961793
1274027023225122816
1274026500036030465
1274026397011292160
1274026324068143104
1274024708904648705
1274024559319019520
1274024490209382401
1274024306092064768
1274021156656263169
1274018784315990016
1273714838045200384
1273714662278750209
1273714574030602240
1273714252499410945
1273714226314403840
1273714190637600768
1273714098434265088
1273712319831453696
1273712234091274240
1273711219816292353
1273710794769756160
1273710642965307392
1273709209046020096
1273708877876310016
1273708254594400257
1273707969226567681
1273707709510987779
1273707169922248704
1273707081736941568
1273699608795901952
1273699517288726528
1273698506167836672
1273692925617033216
1273692134739066880
1273692005126664192
1273691016973783040
1273689765909430272
1273683449446977536
1273683412562309121
1273683327052992512
1273683248866975744
1273683048236584961
1273682449239699458
1273682398635372545
1273679918870609920
1273679751111012352
1273679349443526661
1273677635780931584
1273671594171183104
1273671433470631938
1273671010277928960
1273670948147752960
1273658787656654854
1273658760171413505
1273658556630196224
1273656889595670528
1273641493475938304
1273641405437493248
1273641353923055616
1273364386489360384
1273066423594610688
1273065954340040705
1273063398775779329
1273062221812137985
1273061976751521797
1273061328635088896
1272976295756890113
1272976222901817345
1272967986878410754
1272966427230695424
1272966149953556480
1272965939386920960
1272965867060580353
1272965753424105472
1272965713527857152
1272965325416361984
1272965194893807616
1272960942679052290
1272918812707352576
1272918649846693889
1272918490886713344
1272918360750059522
1272637331795668992
1272636319391350785
1272635632431427584
1272634187867058176
1272633948607143936
1272633363266863106
1272632835040358400
1272632765561729025
1272632240288063488
1272632185531494400
1272631982078357506
1272631871533232128
1272095506693451777
1272095327252697089
1272095083001548809
1272095042321051658
1272095009425158146
1272094678934937601
1271590121779818496
1271589934525108224
1271589895325151233
1271589865885327360
1271558086839300097
1271555753661181952
1271555615228215296
1271555408709074944
1271487108583002112
1271486990416965632
1271486555991863296
1271486278723178496
1271485816569618433
1271468914975715329
1271468721979002882
1271468409058807808
1271467948398411776
1271467599834963968
1271467443391565824
1271394696116334592
1271344675157184513
1271337741691662337
1271310703270326273
1271308964068614144
1271290302209224704
1271286613134336000
1271286607685926912
1271286550605688832
1271286314000777217
1271285782590795776
1271179479470075904
1271170960041754624
1271170782652100608
1271151770975129600
1271151475293470720
1271151456205238273
1271151123936587776
1271151098288472064
1271151052205645824
1271150888292216832
1271149002050813957
1271147663912603650
1271147069156163584
1271146846597943298
1271146671674585090
1271146605463269376
1271146596290322433
1271146586769244161
1271146548957597696
1271146503021539333
1271146494624772096
1271146242165239809
1271140175284809728
1271140156242685952
1271139803564699649
1271139454967672832
1271115983722176512
1271115819435520006
1271108850834259968
1271107375592648704
1271101610131812353
1271101278890848257
1271099777665519616
1271099594978390018
1271099564288733184
1271099477269442561
1270986294164742149
1270979677138546689
1270979638953521153
1270979522947506176
1270979416399597573
1270979198312579074
1270979116955664384
1270978951561703424
1270978892384268288
1270977427326398464
1270977368937521153
1270894953896394752
1270894884996567040
1270894823642296321
1270894662492909569
1270894415859421185
1270892987380142081
1270890224495636481
1270889926041591808
1270889823125991424
1270889247419977728
1270886414511509504
1270886315148492805
1270880310045970432
1270862161661751296
1270861693254418432
1270861624270663683
1270861329658556416
1270860052979609602
1270859947002097665
1270828948427956230
1270828754428809218
1270828389008437248
1270827549380104193
1270826728533852161
1270820740351160320
1270820036190429185
1270820013868331008
1270819917516795904
1270819820913618944
1270819793436733440
1270819746582130688
1270819682337972231
1270819605041180672
1270818738267230208
1270786226669248512
1270784487094317057
1270783028285984768
1270782927081582592
1270779968763555840
1270778947555352577
1270778880807194624
1270778852390744064
1270778823504654336
1270777673728446464
1270777628144762880
1270777596867829760
1270776263632809984
1270774402511106050
1270730515599863810
1270727437794504704
1270726497565675526
1270726460630683650
1270613025221836800
1270612063660863488
1270604222208176128
1270604012656574469
1270603987666927617
1270603821236940800
1270603719168585730
1270603670762090496
1270603623777439744
1270603563232686080
1270603537538408449
1270467323309113344
1270466934849470464
1270464433907625984
1270464283529277440
1270462077006577664
1270462006663864320
1270461747262939136
1270460033231253504
1270459975601541120
1270459214394060800
1270458863280459776
1270458616978370560
1270456832423690241
1270456328612270080
1270437933175070720
1270437860106104832
1270437495512031232
1270437254565990400
1270437069228175360
1270436917557907456
1270436727044272129
1270436591304011776
1270436522160865280
1270436028147314688
1270434987620237313
1270434871299567616
1270434767637319680
1270434628457750528
1270434513168953344
1270434460069060608
1270434243491971074
1270434081180770304
1270433957218115585
1270433746873798656
1270433508746395649
1270433021422784512
1270432588658667520
1270432052576350209
1270431909215002624
1270431733029105665
1270431577932042240
1270431403847499776
1270431256803635200
1270430136299470848
1270429460987170817
1270427621763899392
1270427049891512320
1270426622106062850
1270426170979307521
1270415432340537344
1270413761568899072
1270413716471701505
1270413676852338688
1270255629551058945
1270254108587421701
1270135441908396032
1270135329626849280
1270134685578915841
1270134533472444417
1270134456955756544
1270134418435260418
1270134088020553728
1270133992465920000
1270133915760484353
1270133872076845056
1270133038995759104
1270132023168864257
1270131527385354243
1270131129262039041
1270130991269437440
1270127091636264961
1270126833250340865
1270126226280075265
1270125963284582400
1270110165132439552
1270110155300986880
1270109849246814208
1269764988912058368
1269764644899438594
1269764552947720194
1269764353336602625
1269764312156893185
1269764252920774656
1269763826246758401
1269763784878387200
1269763286657953792
1269763240092819456
1269759501290180608
1269759212747280384
1269759133126848513
1269758834139992064
1269758769040244736
1269758353359507456
1269754878051545088
1269754559796088832
1269697719439814658
1269697362319994880
1269690444079722496
1269690219688685568
1269690174306349057
1269690063153033216
1269690014566199298
1269689960224813056
1269689886480592897
1269516086136803328
1269515829974044672
1269515807240810497
1269515597106130945
1269481419484459008
1269481270070788098
1269481243214622720
1269481180929437696
1269481132476657664
1269481083877199872
1269481068052144129
1269370128728158208
1269369323199447040
1269369054545842176
1269368989097971712
1269368891005784065
1269349282173206528
1269347364977799168
1269346989071716352
1269346629968003072
1269346559604355072
1269344390956249088
1269343921106120704
1269327153729961984
1269326962008264704
1269326932497186816
1269325693214572544
1269325666035486720
1269325629415059456
1269324741929623553
1269321149231460353
1269317387913814016
1269317369538568194
1269315421255000064
1269315348823605250
1269314237379174407
1269313843173289985
1269313816988278786
1269313724436766720
1269313556308062208
1269313490621104130
1269313186999590914
1269313025237905410
1269312816973885440
1269312653869985792
1269312598396174337
1269312480875954176
1269312275472617473
1269311707593060353
1269305731775225857
1269304826694823936
1269304635786854400
1269303749295534082
1269303602671017984
1269299021316644864
1269298975598710784
1269296167206043649
1269295789764833281
1269295413003038720
1269295082504511488
1269194103033495554
1269193567617998848
1269193420108488706
1269189867474305024
1269138371126804480
1269135321821638656
1269022980467646464
1269022805653217280
1269022672815456257
1269022456796205057
1269021367627743232
1269021339618172928
1269021135393316864
1269021103696957440
1269020942887313409
1269020826818371585
1269020778403512320
1269020770677604354
1269014916003794944
1269013104039358464
1268960703538360321
1268960654368452608
1268960536110092288
1268960185160105986
1268960153241436160
1268960119825395715
1268960046819377152
1268959531473661952
1268959401982869504
1268959298849144833
1268959056238047233
1268958883604619264
1268957969619640320
1268956929612591104
1268956739325456385
1268954256381374466
1268954157580353536
1268954145299460096
1268952217538621440
1268952198743912448
1268590070421839872
1268590031033167872
1268590005175218178
1268589874505846786
1268589803496304640
1268589762211753984
1268589711422976004
1268589082608676866
1268588826445746177
1268588466390003714
1268587427544756226
1268587174418460672
1268587150464831488
1268587112225312768
1268587035234717696
1268586992968757249
1268586938128150528
1268586914900148226
1268585932157972481
1268585655648391168
1268585507111358464
1268585064998137857
1268583590419300352
1268582255590436865
1268582085951815681
1268581423121719296
1268579777742426112
1268578671683497984
1268578144279134209
1268577736752132096
1268575161407598592
1268371277422579712
1268371095922503687
1268338384851726337
1268337898618642433
1268337874081943552
1268337852602937346
1268337085850595328
1268337076518260736
1268336953637744643
1268336781675515905
1268336727837442049
1268336709843873794
1268336691518959616
1268336413084282881
1268336099874664449
1268334536691077120
1268331774074998784
1268331733948043265
1268331695876395011
1268331684270768128
1268312414111453186
1268312130828136450
1268311971058708480
1268311660399190016
1268311591637794816
1268310532764758017
1268308526343942147
1268293930509979648
1268293730324250625
1268292130247544832
1268291194955558918
1268289664969871360
1268259523791163393
1268244015511597058
1268243464224780291
1268242957489983488
1268242701192843264
1268242457755410432
1268241168178921472
1268240747372793856
1268240660345131008
1268240507676708864
1268239941307215873
1268239757508612096
1268239207211790336
1268230218688294912
1268229937573449728
1268229685348950016
1268229636636336128
1268228568015753216
1268227129163968513
1268227031663165443
1268225068955361280
1268225020431486976
1268224884292767745
1268224389121601536
1268224368934449154
1268224335577137152
1268224059189280769
1268223795199791106
1268221609799634945
1268221401753763840
1268221356501434368
1268221294987735040
1268205337108115456
1268204535664656384
1268204140242460672
1268204098517516288
1268204034860568576
1268203910889484293
1268203894582079489
1268054674868809730
1268054479330369536
1268054032670527490
1268047913051013121
1268047366327697409
1268047174668976130
1268047071325458433
1268047036093304832
1268045790540251137
1268035270923784192
1268033768956129281
1268023640890564608
1268023360379707393
1268019425963196417
1267943569337139200
1267926269540229120
1267925713316753408
1267920435036991489
1267919057753223169
1267918183173812230
1267917178654711810
1267899740298993666
1267894433342566401
1267893837042577408
1267893744663068672
1267892208868327424
1267892174500200449
1267889389809496065
1267889188541657088
1267888908362108928
1267888700660174848
1267888647639977989
1267888406622658560
1267887289176211456
1267887260067741701
1267886774304423937
1267886028540407808
1267885872629772289
1267879308858503168
1267879250498998272
1267879132756508672
1267876789956689921
1267876758675615745
1267876745039896577
1267876658813431813
1267876454651453441
1267873749828698112
1267872371538444289
1267872266227838976
1267871138098499584
1267851979545473024
1267851850427936768
1267851792160747521
1267850588382846977
1267728519242473473
1267728026818637824
1267697872851464193
1267696621648666625
1267696352890195970
1267696201417121792
1267695419502419969
1267695154934083584
1267694739165376512
1267693139025784832
1267691799302160385
1267688524129566720
1267685973359378432
1267685731637448704
1267684366206988288
1267644801542836224
1267644645359538176
1267644472457748481
1267644394976342016
1267643840569077760
1267643368894427136
1267642633620316163
1267642622589321217
1267642314991665154
1267642200256417798
1267642122179506176
1267631806955745283
1267631374627823616
1267631307107864576
1267629826694733824
1267629696616824832
1267625554821275650
1267624750521528320
1267624636134518785
1267624574398525440
1267581374539558917
1267560466701643776
1267551980869701632
1267551900049698816
1267546402374275073
1267546316642516993
1267545912424849408
1267520216939982849
1267511422436573184
1267510569709432832
1267510361378283520
1267509771088740355
1267509128919789568
1267509033662988297
1267508409185648649
1267508240478167040
1267506102347763712
1267505024977911816
1267504356082892814
1267503476411518976
1267501613234569227
1267501176821395458
1267497090122301447
1267496496439496704
1267496181208236039
1267496128020242433
1267492657720246273
1267491022067490820
1267490980996935680
1267490723500183552
1267490561314844672
1267486066530856960
1267485863065161730
1267482628594085890
1267481664801759237
1267481644883079170
1267481588612251649
1267481522992320512
1267481397809168384
1267178904042659841
1267177863767187458
1267174640754933761
1267172608849571840
1267172554046705664
1267172116803186689
1267171928202072065
1267122561088815105
1267122335724605441
1267120253361774598
1267117795059183623
1267117524610506754
1267116703822917632
1267116023972458497
1267110042232225793
1267036294502215684
1267036187056680960
1267035824291409925
1267027753510989824
1266965686087110656
1266965049693749248
1266964987689332738
1266950881020227584
1266949581595480064
1266949464545046528
1266946416984772609
1266946158120726528
1266945506657202176
1266945444854128642
1266945031341879297
1266944730224443393
1266943929284362241
1266943844295168000
1266943453318901762
1266939499700862976
1266939471439659008
1266939309761851393
1266938901471453184
1266938732164247553
1266938431386480640
1266936063781597184
1266932144313470976
1266932107802079232
1266932040798097413
1266931557459087361
1266930318390341632
1266929948448526336
1266929565374570501
1266927326605926400
1266898517273935872
1266895618192048130
1266881116524261376
1266881057124564994
1266880705130229760
1266880679125479424
1266879636446707712
1266871528890630144
1266871201420374016
1266871133158031362
1266871010407505921
1266870980065898496
1266870766122893313
1266797013003153409
1266796780827508736
1266795553586679808
1266795532829093888
1266795503812919297
1266794869881597952
1266794143604338688
1266792335737679872
1266792030501400576
1266791945721876480
1266791029874688000
1266789991666991105
1266788452239958019
1266787221991911424
1266787097093894144
1266786479004545029
1266784207344300034
1266780418625298437
1266780287343583232
1266778541334491136
1266777125773697029
1266776889865105409
1266776735674060800
1266776694515363841
1266776678937681920
1266776542186594304
1266776504588886017
1266776247696121856
1266776022696906753
1266775887170560000
1266775843587502080
1266775342334611456
1266774806256443395
1266773774646407170
1266772033842499584
