1330438394552442881
1330329066755461122
1330307389401272320
1330307045518700559
1330305711167959052
1330291988772642816
1330273794993377281
1330273260412563456
1330229642591133713
1330229554653392906
1330228910248910853
1330226350951714824
1330222144316448768
1330221801960591369
1330221601825185795
1330178981874819078
1330178382567444487
1330178057924210688
1330177633036984323
1330177453331984387
1330177233235873801
1330177186855329795
1330176806062788613
1330030829435834370
1330030308184494081
1330029865790214147
1330027150821515265
1330026830724820993
1330026498829463553
1330018595259248642
1330018351461126144
1330016578310709248
1330014450355757061
1330013566896836609
1330011889921822720
1330010582913871880
1330010364726145025
1330009861384531968
1330007806456565760
1330007272760741889
1330006776666853376
1330006618520625157
1330004880468094976
1330003517319372802
1330002608958877699
1330001627911233536
1330001540866666496
1330001268677414912
1330000996878184451
1330000858248044544
1329999840873484288
1329960155639910401
1329856425774997504
1329704058291183616
1329703519956430848
1329703177541865472
1329703019810873349
1329700996914745345
1329686808909770752
1329676345971003394
1329671273610403841
1329645913598464003
1329645394083667969
1329627488616636419
1329627223939297288
1329626581459984386
1329625010172997632
1329623667173711875
1329623087168561153
1329622537882497026
1329622250606252037
1329614938718007299
1329614805322387456
1329614668491612164
1329613978939641856
1329613895414190080
1329602908392984580
1329602852352794624
1329602814587400193
1329602493899268101
1329602315842621440
1329538928576180235
1329537920236195840
1329458267760816130
1329420133681524736
1329419963258597379
1329419840902356992
1329419030499909633
1329362927279857665
1329258750226685959
1329256124151984128
1329255409807396864
1329178666866266113
1328952202421997569
1328949483179290624
1328933652055601153
1328933628269760515
1328867142201188358
1328866976756871168
1328674558430359553
1328674430428569600
1328674290837884929
1328674095031066625
1328673967398408192
1328673147911106560
1328672911759171586
1328672699422535680
1328672362867339272
1328672076723523584
1328671870573555714
1328671571297394688
1328671279134765056
1328670945008103424
1328670615553908736
1328670371969716229
1328670073721131010
1328669918917758976
1328669737216315394
1328669311775502337
1328668949622493184
1328668804839337984
1328668596025880576
1328668392065261568
1328667992599781376
1328667764962320386
1328667613329825799
1328667484975665158
1328666811995484160
1328666565340958720
1328666365226602503
1328666151749038080
1328665431020892160
1328643440704450560
1328621762012205056
1328610685492801537
1328610395087638528
1328610189654810624
1328609906778378240
1328608959389970434
1328606857875902469
1328170427521388544
1328169429167992832
1328115440611168258
1328114538592563201
1328114523098800131
1328114378693021697
1328114030112862208
1328080408114814982
1328080219211755527
1328080115427926022
1328079746228506626
1328079723851866113
1328078872630398978
1328078580555935750
1328077198893457418
1328076969955774469
1328076908932829184
1328076683195408384
1328075407342579714
1328074426588536840
1328074166189355011
1328074113500536837
1328073586775613441
1328073301118361600
1328072285165588480
1328072094593257481
1328070697575456769
1328070334277447680
1328066389089849349
1328022693506142209
1328022425188052993
1328022147109969920
1328021300879691777
1328021205706813440
1328021153684869120
1328020908213219333
1328020858623946752
1327960791669202951
1327960289749381125
1327947852069396480
1327895255098814464
1327888932353298433
1327876747736571908
1327874593856614400
1327874079303593984
1327873930393235456
1327873257647779840
1327872903107534848
1327872684424900608
1327872520511496192
1327872255410511872
1327871811967733760
1327871352427175936
1327871065029271552
1327870705996886016
1327870443160809473
1327870223605780480
1327870093301313536
1327869959670788096
1327869922861408256
1327869774496403457
1327869726220050432
1327869662462423040
1327869611920994306
1327869550348537857
1327869155505287168
1327868929998458880
1327868711374610432
1327868595276275712
1327868406675214336
1327866847472070658
1327866349738209281
1327865935101906945
1327865463649480706
1327864839365124097
1327864278221795330
1327863821130747904
1327862366088941568
1327861704886202368
1327861587881955328
1327860724840996864
1327860615927525376
1327858326072397824
1327855667189780483
1327855047061934080
1327854667972440066
1327852916263301120
1327850452197675009
1327850378839330818
1327850280910721024
1327850129454485504
1327849978111422466
1327849649680621569
1327848928465854464
1327848647497801729
1327848456111730688
1327848255703683072
1327847443564785665
1327847135119863808
1327846733053911040
1327846133515874304
1327845816275496965
1327845425458647041
1327845103097044993
1327844540930289664
1327844339863662592
1327843963802431488
1327842289146847233
1327754712163241984
1327752739703697409
1327752510539444229
1327751909747400704
1327751513184342016
1327750828128677888
1327750355019571201
1327750112064507904
1327749503999504385
1327749111920078850
1327747861023494146
1327747820871413763
1327747441286914049
1327746694100946950
1327746233453211649
1327746040531972097
1327745843118608387
1327745610758418443
1327745410044145664
1327745315424886785
1327744947592826881
1327744883050901504
1327744782576312325
1327744478539550722
1327744422386290688
1327744378228584448
1327744101085835264
1327743732381327361
1327743477321510914
1327743033660608512
1327742248201629696
1327741920861446144
1327741239576440833
1327740712524410884
1327739559375998982
1327739352324198400
1327739240768266244
1327739194261860352
1327736287453908995
1327735882594578432
1327735497402232834
1327733952170352640
1327709616814379009
1327707363411955716
1327707179659522048
1327706958112174082
1327706688988844034
1327706628288880642
1327706362055454720
1327705271574073344
1327704235769810945
1327703893103554560
1327701222200107017
1327699844065075202
1327699640767180811
1327699041556295680
1327698498947518464
1327697155239383041
1327696802083168263
1327695646925746178
1327694817367904258
1327694481978765313
1327694313816526850
1327693370987335683
1327692832333836288
1327692694026657795
1327692044186345477
1327691842457120768
1327691519323729920
1327691001151021061
1327684273445478402
1327683812302729218
1327682679588925440
1327682255800643585
1327680618445074438
1327509550451331072
1327509421317033987
1327502823488167937
1327340101278572544
1327308257917104129
1327308064328994817
1327307435942551555
1327306870135140354
1327284137934336002
1327283734060609536
1327283670898663426
1327283650434650113
1327283393432875008
1327283325191458816
1327283186351542272
1327283107926597634
1327172586913017857
1327172403617738752
1327171987039457284
1327171672382828544
1327170400174956544
1327170047710785536
1327169948746211328
1327169804789297152
1327169652456304641
1327168355061682176
1327167559943266305
1327166768939470849
1327166339379830786
1327165830401056768
1327164427238592512
1327164377729032192
1327163168838266880
1327162813073281024
1327095720634146817
1327094947066093568
1327094493619884032
1327076407315492864
1327075729612398592
1327075603510669313
1327074532826419200
1327073881073586176
1327073570086850561
1327072761064329218
1327072637139476481
1327071831254294530
1327068986777985024
1327068429594058755
1327067329084219394
1327067167653834755
1327066017038733315
1327065939939123200
1327065663488335873
1327064984266960899
1327064725692231680
1327062142810460164
1327062025671946240
1327061832654344194
1327061776312229889
1327058491400478720
1326958781704630274
1326958720773988353
1326958659964989445
1326957669752692737
1326957243305234432
1326956958931439623
1326931161390731267
1326928834889965571
1326928554752405504
1326928403472191488
1326928219799506949
1326926800040185857
1326799029158768640
1326798980542500865
1326795980495351814
1326794737551106048
1326794430397943812
1326793027306876929
1326792575924178946
1326790130988953602
1326788575158034434
1326785066723323906
1326785005624971267
1326784707292442630
1326784201149046784
1326749203276697600
1326740052983115776
1326739960368607232
1326739478837391360
1326738445407051781
1326738032658165760
1326737079942991873
1326736663498854400
1326736424419418112
1326735870620209152
1326735584686125062
1326735479295913984
1326735063762006016
1326734876234686464
1326723449180594176
1326722391930712064
1326721891973869569
1326721809283227648
1326721311926865920
1326712620162965505
1326712496699428865
1326706456427700225
1326705667940487168
1326705478357946373
1326705342290522115
1326704807600644097
1326704566218452993
1326703626635632640
1326703193137541120
1326702851251384324
1326702324442656774
1326702094926147584
1326701160502325260
1326700895611056130
1326672906584285184
1326672720084525056
1326667984056823810
1326666518218805249
1326665589994217476
1326665496360464384
1326660288347779075
1326635985329922053
1326635500606791680
1326635288089735170
1326635168803774466
1326634529537265665
1326634180474793986
1326632427117277186
1326622915224285185
1326622825088753668
1326613029430173696
1326610078640779265
1326495602310586369
1326495394981965825
1326490322071920640
1326469457343078400
1326466186335440896
1326465888867016704
1326465433466179585
1326463895595257858
1326463071070679040
1326421152047247365
1326420362960248835
1326419801636544512
1326417616869711874
1326416859315515392
1326416341180551170
1326414727510183942
1326409935253626881
1326404812947279872
1326403343539970051
1326402452686573569
1326401785200775168
1326400123455365121
1326396688421023745
1326396004090990592
1326395723940827136
1326394874703310849
1326393965483085824
1326393880930119682
1326392470758940678
1326388165926670336
1326387799835217925
1326387694914727936
1326386241357697026
1326385687113895936
1326385133465821184
1326380682671763458
1326380051210907650
1326364258305761280
1326363560734240768
1326358815223271425
1326353621152358401
1326342271705477120
1326341229282516992
1326340965766991872
1326340801786474496
1326340600061419521
1326340394364366848
1326340162293534720
1326337850015625216
1326337342383284225
1326334930805268480
1326333712984924160
1326331656152682497
1326314984947724289
1326314450136293377
1326301514369994756
1326293413734600704
1326292820030861319
1326291726135332865
1326291356084559872
1326291069089292291
1326290664124977154
1326289920042934272
1326289069857517569
1326288829511249927
1326288756761038848
1326288412064837640
1326287536361189378
1326196692123848712
1326196262501306373
1326194981325983746
1326193835274330112
1326186949674209282
1326182873964163073
1326182709375463428
1326182162580844545
1326181645884514305
1326180841601462272
1326180494829039621
1326152174225793024
1326151902128721925
1326149625208770565
1326148579698860034
1326052125881851904
1326051148281876481
1326050629698154496
1326048957651365891
1326046049631412229
1326044978813005825
1326044234076594177
1326042091189886977
1326029544931946496
1326029436328808448
1326028754284638208
1326028476961480704
1326028180608733184
1326027286680907776
1326026892273737729
1326025165734600704
1326024325980368896
1326007165354708992
1326006942997884928
1326004393012056064
1326003508596928512
1326003316090953728
1326002553813938176
1326002356635439104
1326002274930462726
1326002169712095232
1325999909049393152
1325999181325078528
1325997182818902016
1325997039734452224
1325994780178911232
1325992371822190593
1325991886167879683
1325991545322037248
1325990192197607425
1325989173883441154
1325988772190842882
1325981490954592258
1325981178684436485
1325975353031073795
1325974903162593282
1325973314062475265
1325973138362994688
1325971168852107265
1325970739174940672
1325963634665791488
1325925123472449536
1325924351045210114
1325918605079359488
1325916624587722752
1325916403682185222
1325916123641114626
1325916034948329474
1325915964903403522
1325915915142262789
1325915576842276866
1325912228051169280
1325911084134522880
1325910913396903936
1325909748085116928
1325908469724176386
1325908371896225798
1325908154702553089
1325908067054194689
1325907941606756353
1325907826359873537
1325907653927841793
1325907468275290113
1325901914773577728
1325806688084037632
1325806376703184897
1325804994000465920
1325803780638695424
1325803662132670466
1325803590791802885
1325803516540178438
1325803430321983490
1325803157168009222
1325803079447490561
1325803010870693888
1325802919002841093
1325802718527692800
1325802550965231617
1325802469482504192
1325802211616681985
1325802131367088128
1325802016602550272
1325801928866078722
1325801440984649728
1325801328946319367
1325801237858689025
1325801146380849153
1325801058820558854
1325702877369741312
1325700674651369472
1325698863844519936
1325686849311043585
1325686382644310016
1325686078548955136
1325685977185181696
1325685870398205954
1325685741687615488
1325683361424269312
1325683196604854272
1325682998306623488
1325682379919400968
1325681939878191104
1325681789231394817
1325681669194584064
1325681357809455106
1325681288196591616
1325669793131802624
1325669645198757888
1325668759785402368
1325668399473696770
1325668243416248320
1325665988361261056
1325665897223254016
1325665856387420160
1325665736149307393
1325663142060363776
1325662955434860544
1325662809712111616
1325662704300929026
1325662604388421632
1325662462184722433
1325662377581268993
1325662282471387136
1325662201261281282
1325662101361266688
1325661978375950337
1325661901901193216
1325661800348659713
1325661713887277057
1325661613639217152
1325661370470330368
1325661201511178245
1325660995352715264
1325660965657047040
1325660943565672448
1325660924900990976
1325660900452421632
1325654361813495808
1325643808810426370
1325643247964860417
1325638715130179590
1325638336980062209
1325638249667317760
1325638235649957889
1325638170407481344
1325637756945649665
1325637553945513985
1325637394285154304
1325637027124158464
1325637013991813121
1325636992433074181
1325577903120281600
1325577648274345985
1325577366199013377
1325577192382869514
1325576905270177792
1325576653142159361
1325576562520039424
1325570210485706754
1325570170354544641
1325569216980930561
1325568616645922816
1325568482390454272
1325565293628895233
1325564702466904070
1325564316117069830
1325563259144056832
1325563189002690561
1325561928681463809
1325512555259899904
1325512417753886722
1325510366340722688
1325509483892781061
1325507759446614029
1325507033802661893
1325505723250450433
1325505435911278595
1325505211109154816
1325504923396616194
1325493197951410180
1325493157203677186
1325492116643061761
1325488924068810752
1325482257172353028
1325479013637386241
1325478308121882627
1325478205185265665
1325476725967511552
1325476045043208192
1325475806467002374
1325475555286921216
1325475237497069569
1325475165128495104
1325475149366390785
1325474820935606276
1325474355531423747
1325466798737780736
1325466184729374722
1325371827946987521
1325371312135671809
1325370976947892224
1325370328927916043
1325370044482805760
1325368617182126080
1325368446775914497
1325368081032630272
1325367566672551937
1325367177126567937
1325366653786451975
1325364796204650496
1325364418985799685
1325363871595573248
1325357988442419201
1325318439859318786
1325314195496243200
1325313882156576768
1325313629898608645
1325310974639923200
1325310606371590145
1325310077327319047
1325309413171875840
1325309210318557185
1325308559157039105
1325307966812286976
1325305844288860160
1325305591305211904
1325304787697618945
1325303896135307266
1325302143197306880
1325286694879449088
1325284431565905926
1325283906111856640
1325283572694069248
1325283272822317059
1325282354462601221
1325281881038999553
1325281533381447680
1325281024935403520
1325280572370018310
1325280430359252994
1325280230643208193
1325279769626365954
1325272916167184384
1325262129621065728
1325261923361886208
1325249756743032832
1325247795545182209
1325244452529704961
1325244381591429121
1325244257402228737
1325244050002374656
1325243860772134912
1325243829381902336
1325243397976813571
1325243143076384769
1325242118428889089
1325241911565840384
1325241536846716928
1325241097946361858
1325237701583507458
1325237117061042183
1325236874991034368
1325235665727086593
1325235559107792898
1325235374067736577
1325235305700601856
1325234953928531969
1325234752828346372
1325234149419065345
1325234022394499075
1325233994754093056
1325233589953458176
1325232871305515009
1325232523635351552
1325232285994651648
1325232202846789632
1325232132596375553
1325207108476932097
1325174055822008321
1325173726690750464
1325173544611934208
1325173473547784193
1325173435564085248
1325173093787201541
1325172223540334593
1325172000256561152
1325171267805261824
1325170370484215808
1325165927122391045
1325165344915398656
1325165203315568641
1325137914829791233
1325123807623835652
1325122968880521218
1325122510153785344
1325122237385601024
1325121840046485507
1325119411569745920
1325119193109426177
1325119140789620738
1325119011714199554
1325118231443599361
1325118111394254851
1325118063440760835
1325117235845881858
1325116702934388736
1325115795572224002
1325115358089515010
1325115214392684551
1324992926632513537
1324992465397485568
1324992399542775808
1324991930581700608
1324991582639173639
1324991443736403969
1324990184904142848
1324989724801576960
1324987801386045441
1324987545344765952
1324975259506929666
1324975195782860801
1324972978396942337
1324964877283241985
1324964592762691585
1324964047620628482
1324962460990894080
1324962277880180737
1324961466810830849
1324951653062209537
1324950682055663616
1324950352043630592
1324949831140454405
1324946997720338432
1324944090144890885
1324943189502005248
1324942865244545026
1324942656468881408
1324942482103218178
1324941461100630016
1324890691550523393
1324829997085921280
1324829634513588225
1324829475180261377
1324829357513334784
1324829014926757889
1324805387984506885
1324804877965529089
1324804725737508866
1324764943938428928
1324764781874716673
1324764583937146880
1324764054896943107
1324763946612609026
1324763679691280385
1324763428939010048
1324763220066914306
1324762362012979200
1324762300797063168
1324761841248227328
1324761337986273281
1324760916395806720
1324760180702281728
1324759542291419137
1324733384745197574
1324733150946316289
1324732428741677057
1324731944362512386
1324731719791054848
1324729492070453258
1324729260075003906
1324729052800888832
1324728787934846976
1324727514024022016
1324726571115139072
1324725989180661760
1324723734515720192
1324723546409586690
1324722951921553409
1324722829393301504
1324721140535873536
1324720433795575808
1324720361376780288
1324720075249750017
1324719507684888576
1324540288275238914
1324540090425769984
1324539815531057152
1324538980063432705
1324538729579556864
1324538201646735360
1324537882107924481
1324494575893946370
1324494439109328896
1324494156316758021
1324492456608583681
1324491788506333191
1324491553558200320
1324490898424668160
1324489956488843272
1324489538983571457
1324486609014792192
1324486401728139264
1324485982729736196
1324485784448237568
1324484874124840964
1324484431625752580
1324483760096710657
1324483271556739072
1324482784191258625
1324482425540497410
1324481733094449152
1324481542866034688
1324481353333776386
1324481206562467844
1324480949963423744
1324480650854961155
1324479943263354881
1324479363027447809
1324478889268269062
1324478605108383748
1324478376187469831
1324471726361759747
1324470693820588035
1324469329841266688
1324468948964909057
1324468485876043776
1324468182116020224
1324442016776900613
1324441878109036544
1324440158322778113
1324439173533700099
1324438734146838531
1324438176774168576
1324438068577882113
1324437809571258370
1324324540713996288
1324323938390986755
1324323875774222342
1324323763756949504
1324323128496054275
1324323026268205064
1324323016352956418
1324322654355161091
1324322252201091074
1324308046470914049
1324307729255702532
1324292300617502721
1324292035273175040
1324290767695847424
1324290598229204999
1324290330758434816
1324290006895251457
1324289891480592384
1324289388751294465
1324289364210421761
1324289309801852929
1324289077403963393
1324289012107005955
1324288735962406912
1324288664390770688
1324288249901289474
1324287513297620995
1324261887702376448
1324261488614400000
1324236609554964480
1324235883877437440
1324235445954379782
1324217926245822464
1324217703826075648
1324217303362342914
1324214806237323264
1324214439269310466
1324214397645062145
1324211932212154369
1324211453344305152
1324211158518239232
1324210466114121728
1324210135573667842
1324209974864728064
1324209184687181825
1324208979136884737
1324208804322549760
1324208512029904896
1324207868317413383
1324207750432333826
1324207692668456961
1324202810121064448
1324198002152689664
1324197874285088768
1324197716000464898
1324197663978459137
1324197515604971521
1324197098963705857
1324196907112157188
1324196669190295554
1324193591632318470
1324192242442055680
1324191380680462336
1324190578528190465
1324190169168334848
1324188766479724544
1324188520471318528
1324187586278076417
1324183806950154243
1324183284163710976
1324182152511184898
1324164316485066758
1324160979664592896
1324160822386610178
1324160306403311617
1324160261725540353
1324159658144288768
1324159451524403201
1324159093091799042
1324158742699610112
1324158459760250882
1324156074975502336
1324154163723460608
1324153109371854850
1324152546177486848
1324152347082280963
1324152183659614211
1324151777978187776
1324151666418003968
1324151279950712836
1324150841067163650
1324150599236132864
1324150572623290368
1324150377114161152
1324145471317749761
1324144911139131394
1324144701855965184
1324144628631822338
1324144559362813953
1324144297705439233
1324143859840987136
1324143349134204935
1324143157106429952
1324142953611382786
1324142629567815687
1324142152268599296
1324142008743723012
1324141456089620481
1324141354117701632
1324141198420942857
1324140571829698561
1324139963559104513
1324139868486799360
1324139237025996800
1324139039944040451
1324138546450571265
1324138283505491969
1324135882719461376
1324131787979792391
1324131724146757634
1324131124348702720
1324130958816280578
1324130243314094082
1324129857433964544
1324129352578146304
1324129130791817217
1324128986235084800
1324128466590179330
1324127259633111040
1324118826833874944
1324118153169981442
1324117837070376963
1324117688378163201
1324117623785902085
1324116871931678721
1324116208585789443
1324115989777309697
1324113185717260288
1324112094023868417
1324111635326390275
1324111410641702918
1324111133901574145
1324111072643698690
1324091453631537153
1324086590726131715
1324082889915572227
1324082303480565765
1324081976572289024
1324081955189698560
1324081855268823042
1324081601534447618
1324081366993195008
1324081203641724929
1324080989140852738
1324080947436945409
1324080866788888576
1324080544452366336
1324080171683557376
1324079881857150980
1324079819559194624
1324017042148777984
1324016319679893507
1324013874916589569
1324012476732760067
1324012374425296896
1324012341667729411
1324012268833701889
1324012169529331713
1324010744954966016
1324010443682230273
1324009379277033473
1324009369323872257
1324008887708766210
1323919131813531648
1323910395325747201
1323909860270944264
1323909520255574016
1323909199827505154
1323908820209442816
1323908104749277184
1323907942056398848
1323907402790555648
1323906982487728128
1323906302544805888
1323905364916604934
1323903418327584768
1323903129390403595
1323903047161028609
1323902267137941504
1323901816397070337
1323901649279242248
1323901050093510658
1323900122699321344
1323899450180423680
1323895382745796608
1323895167070445568
1323894987063468033
1323894630669291520
1323894505897140226
1323894425379082240
1323894090757451777
1323794007781216262
1323793825022791688
1323793637017325568
1323793584068460550
1323793519820054532
1323793400546676736
1323785725280768001
1323756178942427136
1323756091247857670
1323755394703962112
1323755065727979520
1323754814631780357
1323753841771352064
1323751901968670729
1323657190469783552
1323630514083942400
1323622893276876800
1323621971616272384
1323612336880537600
1323612154398969856
1323611854887919616
1323611484891566080
1323611121778151425
1323611063259189252
1323591946200322049
1323591481022709764
1323591076012314624
1323558170539790337
1323557546158923776
1323556469317476352
1323556001124093952
1323555520213602305
1323555172522622976
1323555045145796608
1323554845350125568
1323554784322949120
1323553989305184256
1323552812828164100
1323552049951367168
1323551541278769153
1323546371794886656
1323510266567471106
1323491123164336130
1323490625304580099
1323484323006349312
1323484102713106432
1323477518465323008
1323460207410847749
1323459626692730880
1323458502178820096
1323457847645097984
1323455510482427905
1323455302197456897
1323454993492512769
1323453875236622339
1323453018487087104
1323452655109345280
1323451786548727811
1323451296033243136
1323450855958466560
1323449528683581443
1323449127498297345
1323399558957834242
1323399251569844224
1323398587817013250
1323398445734989826
1323398185751117824
1323398099029630976
1323397448333709314
1323397384441876482
1323395928372502529
1323395794523820039
1323395289911300096
1323394959555338242
1323393860589002753
1323393363157143553
1323358567588659200
1323357791818493954
1323357499882409984
1323073121398759427
1323031128358457346
1323013438206058501
1323013207976529922
1323011974368841734
1323011910984413187
1323010824479383552
1323010647853027328
1323009939892297729
1323009312852201472
1323009098745524225
1323009047738671105
1323008933850734598
1322937403687010309
1322937170781495297
1322922632388509702
1322917879000539136
1322729864399446019
1322729327675531264
1322728706834661383
1322727472417415168
1322726881561595905
1322726490987991043
1322726418233630721
1322558365919268867
1322424875101859841
1322422686115680257
1322421460191817728
1322420039845335041
1322419713398505477
1322418907223887873
1322272253002874881
1322255862744928258
1322253697343201287
1322251977292742656
1322198969347440642
1322198450998550529
1322198000622571521
1322197962362134530
1322197823677468673
1322163170123882497
1322162411571478529
1322162267111251968
1322153218126848000
1321979214657069056
1321979166636544000
1321877644359704579
1321877430664089600
1321578084412383232
1321341451763175425
1321336380333633536
1321335631159676929
1321330819416395776
1321329632180948994
1321301830475894784
1321301636577452034
1321301504721063937
1321301267390619650
1321301249816469506
1321301177393467399
1321123279734792196
1320875345743171590
1320874126299537408
1320873442883866624
1320781118816292864
1320780055480541187
1320779911519502337
1320249719646523394
1320233092372664327
1320232414669660160
1320232118119694337
1320232077040734208
1320231954915229696
1320231538039099392
1320231317154516992
1320230982625202176
1320230742765506562
1320230405434429440
1320230148134883328
1320229913467752448
1320229648962289664
1320229461879590912
1320229150817456129
1320228900287533056
1320228744976629760
1320154494647357441
1319456399462641670
1319131392991703041
1319128038311866368
1319127332368601088
1319126968126873601
1319126594531753984
1318756620080467971
1318048857784242176
1318046636698968065
1318046430381150208
1318043924301254656
1317864612470181897
1317620498260463618
1317619090144530433
1317329452293099520
1317258368084488198
1317232703100669952
1317215477538717696
1317214438278205448
1317213468412477441
1317213206134345729
1317211201538019328
1317176235580153859
1317087201738502144
1317086942018850816
1317086644198166529
1317086504712372225
1316979557312974849
1316973178313445379
1316969493344694272
1316969354299408384
1316808303838715904
1316808146120257539
1316783405191892993
1316783172844236800
1316459147676663809
1316459051438411777
1316401444791169024
1316398760877064192
1316398037669904386
1316233159982428160
1316118722919178245
1316117472114814976
1316111961055207425
1316092906948767746
1315736288222478336
1315709713179463680
1315709645776879617
1315706671491166212
1314942228339531783
1314933421903413249
1314930271972720641
1314928625494495233
1314639117280522240
1314635295925702658
1314207674402136064
1314172623564218372
1314172207917129730
1314070654237446144
1314005410899202052
1313964052784254987
1313821819439321088
1313810274156269568
1313769553185382400
1313567961483968514
1313349657695866882
1313349288991297536
1313341945469636608
1313238584456085505
1313217796004818945
1313217660197502977
1313102547561918469
1313096342860976129
1313095621746864131
1313095114311557120
1313094912313905153
1313093951323279360
1313092640611672069
1313092384922767360
1313089108940648448
1313088371535773696
1313037299022786560
1313034605843316737
1313033269512941569
1313033150981984257
1313032761842839553
1313032626542981121
1313032589045833729
1313032561153712128
1313032341850394626
1312936123690299392
1312935499615686657
1312823250393718790
1312451344565825536
1312449276832706560
1312447417065762820
1312431575854768131
1312387284847800320
1312386887370313728
1312382440732848130
1312380563903459328
1312380302464081922
1312379289015386118
1312378738613645315
1312378708146163712
1312378688852418561
1312378676823162880
1312275289444098048
1311971951372574722
1311971770723901440
1311971738020872195
1311971191641567232
1311970895267868672
1311969670585618432
1311969182406369281
1311578804255678465
1311443069364035584
1311431289506082819
1311430953017933824
1311340430705917952
1311339751346245633
1311251333828284416
1311251015790985216
1310952476829519876
1310951321911074816
1310931009437827073
1310928472831787008
1310927478492401666
1310926293790269443
1310924435705208832
1310923597171617793
1310921446911291399
1310914352107708416
1310913959600549891
1310913163144179712
1310842524194480128
1310841610771496961
1310840878693523456
1310840471028199424
1310840346050428929
1310838856640540673
1310838645914558465
1310838438464290817
1310837467566813187
1310835901560483840
1310835706772815872
1310832206135336962
1310831742526390272
1310831345124487169
1310830863039582208
1310830211303383041
1310828090025746443
1310827768775663616
1310827008432181248
1310824629745979392
1310704702091415557
1310702268921131010
1310700949304901635
1310647955569991686
1310593621566029824
1310587516685357057
1310586659495346176
1310340910866149377
1310340325450436614
1310178428575010818
1310021034880520194
1309803298929758209
1309802993232105473
1309795329756336129
1309673386679902208
1309660858478473218
1309660528160239616
1309659610630979584
1309658310354837505
1309658239190077440
1309655887783645193
1309654728553496578
1309654384641531906
1309499101688598531
1309499018406440964
1309498452213141505
1309498376627597312
1309480059011506177
1309479170670559233
1309109534464577539
1309098441558159364
1309097249687965698
1309025458097459200
1308737111470862338
1308732996753727489
1308732269889290240
1308731413299167232
1308729959561736193
1308728779825721350
1308727791928700929
1308726611588636674
1308618673406574594
1308593720095318017
1308280413664628737
1308276800955580421
1308275136559222785
1308274710342438912
1308274412643397632
1308271786761486336
1308269714980900868
1308265511055171584
1308264771372961794
1308008557409902592
1308007598839549952
1308007307075346434
1308007066834014208
1307948127035502593
1307942282197430272
1307874686240423936
1307389835448061953
1307389791558828037
1307223219968114691
1307213558544039938
1307179335913213952
1307168904788221958
1307100622764871681
1306876745874800640
1306831802968006658
1306785068979953664
1306397974868754434
1306377240503095296
1306258613040799744
1306241333477158912
1306085079081537536
1305953634560225280
1305841355088973824
1305840808571084801
1305840261713584129
1305791686656880641
1305786592766943234
1305747026718552064
1305746804361707520
1305733301584486400
1305733220571451392
1305731511195496448
1305730619884867585
1305721804913356800
1305645388578258944
1305644700951511041
1305442190873812993
1305406075680821249
1305405049120718849
1305369350522712064
1305367013972418560
1305366017493938177
1305311958057582592
1305308950628388867
1304874884611346432
1304369776391847936
1304237767766007808
1303814595820294145
1303814185126592514
1303813368793497600
1303813312195555341
1303812691283390464
1303788830307254273
1303601392515452928
1303531363132493824
1303466637274816519
1303465574568263680
1303464870877294593
1303464418035064832
1303463969995329536
1303134208651677696
1303134056436117505
1303132930206728197
1303130610857316353
1303128456658669568
1303127571501023233
1303106188289212417
1302726666637266945
1302726508625170433
1302722152546926593
1302482967923773441
1302445127542038528
1302440334417424384
1302439483187527681
1302437965520666627
1302437875271774209
1302066463604342784
1302034687867654149
1302031959590346752
1302018090931310593
1302013296351031296
1301987972930306049
1301987371215474689
1301927815085002754
1301927157489373184
1301926938580320257
1301808014370971648
1301807454116884480
1301780368899661826
1301746449206644739
1301719490372173824
1301717141083893762
1301691396173320192
1301690431072358400
1301689967685578752
1301689925558042625
1301689807857475585
1301688666927095811
1301687921960005633
1301686085202907142
1301675565242515457
1301647755077656576
1301624852202348544
1301623487082246147
1301623157338574849
1301611723166756865
1301610702524870659
1301610551534063616
1301610298516869124
1301609856936402945
1301350226838593541
1301349033705906176
1301342656673480704
1301342120217923587
1301235887821524992
1301235611072974849
1301234921286045697
1301139846640152580
1301139682055589888
1301139641974829057
1301139537981251584
1301139141271465988
1301139077740326915
1301042551223463941
1300975069594882049
1300870723850960896
1300856454254125063
1300709133906313216
1300704823705305089
1300597345197924352
1300596603498176513
1300596287092535296
1300595847009316865
1300595314424983553
1300526380963127299
1300468475731816449
1300211948437594113
1300209555696164864
1300208854794407936
1300207029299154945
1300202742192001024
1300202433960980480
1300201952152883205
1300201577513472000
1300200888569606145
1300200693450579968
1300199362094563334
1300198923647307776
1300112618699591685
1300111817268703232
1300111608623116288
1300111446777442304
1300110255263809536
1300108932996837384
1300108692457771011
1300108348738727937
1300108209810800642
1300108030072238080
1300107509676548103
1299885884549009412
1299885523822161920
1299859997925531650
1299859708057202696
1299851918500671495
1299851615982280704
1299851438106050562
1299850364548771840
1299850167420678147
1299849743691112449
1299849484189544448
1299849175941746688
1299848770851569669
1299848034633895936
1299847798565855238
1299847627354374149
1299846451040849922
1299846378462629901
1299843623752790017
1299541800856756224
1299537505881149444
1299536281437954048
1299535534046556167
1299531483535867909
1299424873412993029
1299388944212283393
1299387871820996609
1299385959071592451
1299380674676350983
1299380613833723905
1299216123406286848
1299215857810276352
1299213685756432385
1299213153306324993
1299212577466134529
1299211065507614720
1299209892390109184
1299209387400101888
1299209266675539971
1299208663719182336
1299207711003901952
1299206837531815939
1299206013808259074
1299019734487314432
1298978658510606336
1298978015255429120
1298976806045995008
1298976497957470208
1298972607568588800
1298779079332761600
1298520491578265600
1298520033656741889
1298398782628016128
1298398478041845761
1298398190857867264
1298397272481370112
1298395188453429248
1298395170531049473
1298302082206711808
1298298747718336516
1298297947147374597
1298114100308910080
1298113624360312832
1298113041662382081
1298112317243228160
1298111389672906754
1298108770812407810
1298107385412820992
1298105804579573760
1298105752608014336
1298105606893641728
1298104280780541955
1298103308528373761
1298102926179794944
1298102586411814912
1298102022680584195
1298031005203402755
1298030836147793920
1298029728096559104
1298029521736736769
1298025446416830465
1297961779356741632
1297953723386343425
1297953580889051136
1297952081874227205
1297941388022210560
1297940210609795072
1297939545544183809
1297938150166339585
1297937152857313280
1297936648924286977
1297936306035740673
1297935435361071104
1297933817957818373
1297933577515151360
1297933491116679169
1297933195384631297
1297932974852382722
1297931730486272000
1297930305958019073
1297930156233895938
1297929644570804224
1297916702123065345
1297913818715238408
1297612163285233665
1297593543041724417
1297593060789026817
1297592697079898115
1297592391109619717
1297591824203370496
1297589596335886338
1297589240184872960
1297588838450237442
1297588584736792576
1297588105336291328
1297496868335869959
1297496033241554944
1297495009579630592
1297494519508803585
1297493946134921217
1297493330020962307
1297492857150898177
1297488500665835520
1297487610840002565
1297398233665277953
1297379107815251968
1297378840722001920
1297339150685872128
1297318461211910145
1297317431392731137
1297317271459831808
1297317049102995457
1297313985558130689
1297308240557092864
1297306540861513728
1297305819307016195
1297305007851819013
1297303850160992258
1297303218146480130
1297302713110335495
1297191562083016714
1296961560523440134
1296959067055849472
1296957988100608000
1296957273521164289
1296956300266541056
1296952728036544512
1296948668679979015
1296947868637499393
1296947745438261250
1296947328016945152
1296946654952787968
1296945716393385985
1296945085385453569
1296944809656057862
1296944508907802627
1296944249464856576
1296944006719516672
1296943899555123201
1296934266530562049
1296892178036412416
1296891450894974976
1296890073774948353
1296886541285982213
1296885598872010757
1296883636805959684
1296882717339066368
1296881525208883207
1296881427099856896
1296881358636290048
1296879248393809921
1296870795009032194
1296869673036808192
1296869438852136961
1296868920004157440
1296868592462581767
1296868132737486852
1296868089364086790
1296803098107805696
1296802939730886656
1296802257292406791
1296801921425199104
1296594206778171398
1296593842519580675
1296593458463944707
1296592720522338304
1296591954386591745
1296591615734231041
1296591513913368576
1296591369977229312
1296591042263818240
1296589269616726022
1296585609943879680
1296583653032710144
1296583478977466371
1296582885617684480
1296572507517067264
1296568951577677825
1296567266004406280
1296566010510802951
1296562370421166081
1296561125748809728
1296560468505616395
1296558967225831424
1296557039993466880
1296556875907989505
1296556487863611392
1296555872739524608
1296555407020830720
1296554280388878336
1296554232124813312
1296553663801036800
1296551325405253634
1296339862308757504
1296311066868289538
1296283863723970571
1296281053892673536
1296280612052107265
1296279479095103488
1296279345296805890
1296279078610313218
1296278489700720644
1296259482150993920
1296255254066061312
1296176837505277955
1296175533861023744
1296174749148741632
1296172871979601925
1296169834368110592
1296167327864696837
1296163798261411840
1296160627958992896
1296159990626111489
1296159687134633987
1296132765306560517
1296132324925612032
1296132254599610374
1296131146305150977
1296130204096778243
1296129184247554052
1296128653244469249
1296128273374744577
1296125635455311873
1296124352317005824
1296123027768455169
1296122217386979330
1296093048217260035
1296092835419172864
1296089435990302728
1296083944899780613
1296083606318780418
1296082025636605952
1296081715719479297
1296081351930765312
1296079997665452033
1296079201502666758
1296078821855297536
1296077567619997696
1296077490268536840
1296076670055702528
1296075626185723905
1296075298153406465
1296072046523437058
1296071703257182209
1296070627154186240
1296070073661128704
1296069645003378689
1296068543759474688
1296067041049358337
1296062972922560519
1296061435093684224
1296060960717897733
1295857956068655109
1295857362318905344
1295855470369013763
1295855371198902273
1295854858910740480
1295853890756280320
1295853236130385920
1295852861868384257
1295851024834584577
1295850078138241024
1295848996896935938
1295848085080477699
1295847261805727745
1295846530453245959
1295845569462767617
1295845316093267969
1295845251647709187
1295845006331305985
1295844535914856449
1295842967178170371
1295799309435383808
1295780767369433088
1295780605918162952
1295779797910654979
1295761032183525376
1295760853120229379
1295760620621635592
1295727136540635148
1295726433646583813
1295725196112990214
1295724818042585089
1295723044292485122
1295722321504800770
1295721599899926535
1295721317363310593
1295720427512356867
1295719277627138048
1295719059355570181
1295718540583067648
1295718251578691586
1295717021779464200
1295716269895942144
1295712385496489994
1295557006997233664
1295527079010852864
1295523279718043648
1295522418132492294
1295522210287947776
1295521940673880064
1295521539681591296
1295476472384229378
1295476241332678656
1295475903171112960
1295444831909695497
1295442941134221314
1295424106205241357
1295423711114407938
1295391118260043783
1295384833133338626
1295384499728023554
1295384235637968896
1295383065481674754
1295382891271258113
1295381467971936259
1295378483871449089
1295374221422530570
1295369146050510859
1295365349542699013
1295364986672472064
1295364007910674432
1295363807213244416
1295362068842000385
1295361625071943682
1295360250590253056
1295359757570789376
1295359480838971394
1295358969486159875
1295358719509790721
1295358184761294857
1295343007500308481
1295342534315651072
1295342149056241670
1295341901227450368
1295341269355581441
1295339928356880389
1295339914897371136
1295339413350866944
1295339094424408065
1295099365695127553
1295096557558267904
1295088219676082179
1295050160599441413
1295049980806410240
1295045121193512962
1295042776934031360
1295031208963985411
1295030820252639234
1295029944553287682
1295029175770910722
1295028958065504262
1295027622196412416
1295026219482853376
1295025734923296769
1295025629587546114
1295025045232930817
1295024087660728321
1295023077374468096
1295021695749718018
1295019444725522433
1294836062137856001
1294827153239015425
1294751713107288064
1294748119343730690
1294711540873080832
1294667737323667456
1294664340696686592
1294635876140687360
1294633392374505473
1294632735177412608
1294632331358216192
1294630627401228292
1294629195390365697
1294628736118034436
1294625672107892738
1294624069426524160
1294623489685704704
1294618855231361024
1294618596719628290
1294616757794156545
1294615886863761408
1294611072104701952
1294610892542423040
1294607027101106176
1294563533225697285
1294563101308747776
1294562230713946112
1294561377047252992
1294560310167314437
1294478669507973120
1294478190421975040
1294477621275705344
1294476926866857984
1294476449592868864
1294476376045760513
1294476245191794688
1294475608584413184
1294475454133436416
1294381414776025091
1294357647848857608
1294357173326229504
1294339681807675394
1294333670317228038
1294332587952005120
1294332040859590656
1294331876866437124
1294331637615013896
1294329262774857730
1294328535730003969
1294327070433202176
1294326654152650754
1294300301978226689
1294298107346407426
1294242209622110214
1294208380056281088
1294206944253751299
1294206191510454272
1294205658984779777
1294203244722429953
1294191873536528385
1294191244747378688
1294051525262749696
1294041281702907906
1294040295793922048
1294014351813283842
1293989104649109508
1293956032755113985
1293955535272910849
1293954044462075905
1293953897351065603
1293953741268426752
1293953392142954499
1293953217890603011
1293952939065778182
1293952890009268224
1293947691869835265
1293945266350043143
1293884228371910658
1293849389329457152
1293848245794471936
1293612912809062401
1293540931552055303
1293540830364524544
1293540148534272000
1293520867448823809
1293474564589092864
1293474116482342912
1293474080012763136
1293471846508244993
1293471552441389062
1293471466667769858
1293471129571647489
1293470960318898177
1293470562690441216
1293466031424524289
1293465874729504770
1293465483119931392
1293465270523232257
1293464714719244288
1293464280638148613
1293452499945492481
1293451501453676546
1293447230985297920
1293314638852116482
1293313481798819841
1293312910190616579
1293312730334670853
1293310166797103106
1293266501282275328
1293266244783738880
1293266012763312128
1293261245219516416
1293260209280954368
1293257145996189698
1293229492241084416
1293224847376556033
1293224343619674112
1293223364421705729
1293219828195565569
1293215928348442624
1293212824475402245
1293212666798931968
1293204460525715457
1293193361298530305
1293162111238103040
1293161999451459584
1293160792561455105
1293160695543009280
1293160339329122305
1293160013775732736
1293158240826675201
1293158050577240064
1293156931155177473
1293156552376033281
1293155072235524101
1293154337032675330
1293153954289848320
1293153626400215040
1293152841775947779
1293152588934807553
1293152468478701568
1293151953296531456
1293150618618671105
1293150464754802689
1293150216493858817
1293150056258973697
1293149893033435137
1293149848615686146
1293149768756191232
1293146203044143104
1293145212848689152
1293144087323971585
1293142078583693312
1293140596199174147
1293140418968920065
1293140106380038144
1293139124661227520
1293138460488998913
1293136974740586496
1293135874503462912
1293135357161218048
1293134999328301062
1293134555537342465
1293134045224861696
1293133575034896385
1293133280926150656
1293133152517595136
1293133022141853697
1293132521828483073
1293132230655709184
1293130582290059267
1293127373014077440
1293036330910461952
1293036298475798528
1293035973929046017
1293035924608159744
1292970516744212482
1292969916375629826
1292960261176012800
1292959920858574849
1292959446843490305
1292959289800359937
1292945185568153600
1292944779043643396
1292944471957688322
1292944235407319051
1292944154201395201
1292943666307379203
1292943060612067329
1292942620126306304
1292942133171826690
1292941604286857216
1292940886641385473
1292940079502168068
1292938556265107468
1292931584711184385
1292927144746778628
1292926872989454338
1292916735818031111
1292916638778621953
1292911944379305984
1292911736308334594
1292903391170101249
1292903049409769472
1292897145838870529
1292890813677043712
1292889704430542849
1292888852386979840
1292886648578027521
1292886162898653184
1292886137783103489
1292884294915039233
1292884176258174977
1292883221391310851
1292882015939973126
1292876068978864138
1292875660772495362
1292872733777428480
1292870610213908481
1292870035325759490
1292869328682049536
1292868715474833412
1292868478173577218
1292865608409899008
1292865390784262144
1292864553718448129
1292864369307656197
1292863409164292096
1292863002341969925
1292862332566155265
1292862163997073408
1292861537439416324
1292860991890489349
1292860902316945410
1292860662163607552
1292860020120604672
1292859849630523394
1292859542854864900
1292859382733119488
1292859328765075464
1292858770641608704
1292858002127691777
1292857792370561026
1292857675643052033
1292857410772709377
1292857097361784843
1292856828980801537
1292856325366579200
1292856041982570496
1292854760673083399
1292854579193942018
1292854395802136577
1292853269983891458
1292852693124485123
1292852392837500930
1292851884877897728
1292851682414661633
1292851016870899717
1292850102055444480
1292849794495451136
1292849282534514689
1292849082243981313
1292848904879448065
1292848648120938497
1292847388437164037
1292847134409203713
1292846797119987712
1292846485076410371
1292843564955770883
1292842838489812992
1292842753114726400
1292842575485861888
1292842464815046656
1292842285227548672
1292842000526565378
1292841153981816832
1292840393009135616
1292840177233285122
1292839516374523904
1292838943168307201
1292838478280044544
1292838432910315521
1292837551938711555
1292836781319225344
1292836116463259649
1292835398658461699
1292834920331644929
1292834146356789256
1292833573830103046
1292832247775735808
1292830666376335367
1292829725270966273
1292829683092987907
1292828992937107458
1292828573905178624
1292828010039644160
1292827985167474688
1292827751527993345
1292821367356784641
1292816437363474434
1292814360503619584
1292813390377885701
1292813158479024128
1292806890888593409
1292802606209826817
1292802379092561925
1292801734344151040
1292801149255524355
1292800763366969344
1292800644022247426
1292799900518944769
1292792011137986560
1292790080395005953
1292781722082385920
1292776153208565761
1292774106329427973
1292773005802823680
1292772809652015110
1292772803763154944
1292772046884265984
1292771724279283712
1292770424095375361
1292748524346540033
1292747990621396993
1292747592493826048
1292746551648034822
1292745103426105344
1292743382020829185
1292742520900919296
1292741857156435974
1292741474954739713
1292741080342044672
1292739567003500544
1292738964315660294
1292738708324724736
1292738541508853760
1292737817043439625
1292737431968657408
1292735021762174976
1292734238324854785
1292730959331241985
1292730506870743041
1292730480396304384
1292552004884213760
1292548586002100225
1292544964245823488
1292544657730285568
1292543838918250500
1292543654154952709
1292541979763630082
1292541547066662926
1292541476078063617
1292541408079941637
1292541269047234562
1292541220703666184
1292540278650351616
1292540008478515200
1292539751661264899
1292539135425687561
1292539099765669889
1292538839920189441
1292538784857366529
1292538647040987137
1292538357092880385
1292538150372376586
1292537860617383938
1292537720498159618
1292537618245341184
1292537517594611718
1292537212219858944
1292535299805937665
1292534506071699458
1292534395769888771
1292534050264100868
1292534008933421062
1292533855661023233
1292533766997630977
1292533474600124420
1292533438138982406
1292533307138355200
1292533082717933575
1292532904527122432
1292532822582976512
1292532733294587904
1292532666714271744
1292532282956423169
1292531941691068417
1292531275803299848
1292530705000542208
1292530412607213569
1292530158352715776
1292529354011009024
1292528337995341827
1292528217174220800
1292525269668986881
1292521155157463040
1292521000752553984
1292520720237506561
1292520507712176129
1292520368134148103
1292520264522244104
1292519914629144580
1292519347987132424
1292519218810884097
1292519112883802112
1292518966750044163
1292518874475376641
1292518695714029568
1292518471532785675
1292518025372012551
1292517487993671680
1292517347706785797
1292517227871248386
1292516496556666887
1292515993999351808
1292515341646651395
1292514934681632768
1292514691806375936
1292514648277880832
1292514613808881664
1292514507831508992
1292513605678780418
1292513546631368704
1292513400623452161
1292513131965669376
1292511635563741184
1292511389488156676
1292508136163758087
1292507701155684354
1292505400244305924
1292504559257092097
1292504494736134149
1292504066879176705
1292503981890195457
1292503070656598016
1292502998292336646
1292502050513858561
1292501431610744833
1292501255110131712
1292500767388176385
1292499989755822080
1292499767780614144
1292499620837367809
1292499504395165698
1292499482366619648
1292498317205807105
1292498139413454855
1292497502328029184
1292496086603575297
1292495607991541762
1292495399920467969
1292494556630573057
1292494007017365504
1292457225584353280
1292456575513305088
1292456074721853442
1292455268765200384
1292454624084070402
1292454179169095681
1292453681850462208
1292452718913757184
1292452604220518401
1292451771126820872
1292451443564306434
1292451287133491202
1292450157007708161
1292445044192968705
1292431545689690112
1292427220301029379
1292426547845111808
1292426388130103296
1292426077122506752
1292424032621600775
1292420291885436929
1292419553989984256
1292419438315278337
1292417584621670400
1292416953383084032
1292416860458307590
1292415324462157825
1292414024223793152
1292413081570680833
1292408736351387655
1292407925256880128
1292407115642998784
1292403801765416961
1292403008521809920
1292385619507851268
1292379997446066176
1292379861579964416
1292379454128427008
1292312072261455876
1292310435966914561
1292309134310866946
1292301762267930624
1292301395228532737
1292299159547125761
1292298631496847362
1292298278638362624
1292297696062197760
1292297106292649984
1292296687516409857
1292295699669934080
1292209340540215297
1292205111964557315
1292190278896451592
1292189228105900032
1292188789880889346
1292187961522626561
1292186757203668992
1292186618024144898
1292182644969660423
1292181025053868037
1292180523130015747
1292179976750497799
1292174457327550465
1292173609037955075
1292157377588994048
1292152353878048773
1292147826806468608
1292146643266084867
1292144253607579654
1292142309698605062
1292142035294658560
1292142020627181568
1292141172543062017
1292137899920699398
1292133988430225408
1292133576935448577
1292133303823278081
1292133195828387841
1292132710903939073
1292132001521205250
1292131674386567168
1292131307703734274
1292105679872950272
1292102271766061057
1292101558918877185
1292100854212956161
1292100014370693122
1292098764690292737
1292098603767521282
1292098323093102592
1292098132705267714
1292097311632392193
1292097098234630145
1292096992290787337
1292095871270748160
1292095713439080451
1292095501706432512
1292094228638597120
1292019174659764224
1292010369376976896
1292005814178394114
1292005574624903168
1292005281006854144
1292005079340457985
1292003387047903233
1292000856850694145
1291999698014932992
1291998378335907841
1291998135221456897
1291997618705399809
1291997141800488960
1291996659526795270
1291995011324805126
1291994780386328578
1291992744114651136
1291988944020819969
1291988352749707265
1291981492286095365
1291980713890402304
1291980064884760578
1291979353715281921
1291978196934635520
1291977377741000705
1291976851204734976
1291930948557312007
1291894870798475266
1291893611173490688
1291891515778912257
1291891379979915264
1291831254854377472
1291811755128238081
1291811041299574786
1291810679129767937
1291810294038253571
1291807533716340741
1291777319409942528
1291767535126421505
1291767412715642880
1291762065229701120
1291754300348260356
1291751809795723265
1291733115006844928
1291732169426116609
1291730916273016834
1291685487938342912
1291684592022421505
1291684417321291781
1291683814511726592
1291680038451126272
1291674581443411968
1291668286774693888
1291668075377549313
1291666634160115713
1291662033746898944
1291655507678298118
1291655005670461440
1291654654569467904
1291654433277968384
1291653663883173888
1291649164020002816
1291642737020882945
1291641989008699392
1291640755954614272
1291640536475095041
1291634443933949952
1291634140446691333
1291633961530269697
1291629013384007680
1291628053806952448
1291627660922298368
1291626480716447744
1291626208757678080
1291624973971460096
1291624727690334209
1291624594479230976
1291624007406583808
1291622359057813504
1291621618633052160
1291621191887851520
1291618766850347009
1291614841896042496
1291614580318273537
1291614086061535232
1291611955883638785
1291611194445508608
1291610701719535620
1291610334155939841
1291609941069963264
1291483595375345664
1291482409222000648
1291477857785524225
1291477693867929600
1291477521125474305
1291475829227229185
1291474771050467330
1291474481094045701
1291473715486765059
1291473255065362435
1291473186983477248
1291473023858544641
1291472982943113217
1291472676637347840
1291472507216769026
1291472054462697473
1291471586122436613
1291471244982915099
1291471001998495762
1291470896436260864
1291470566755569664
1291470303844012065
1291469868622057473
1291469654062505985
1291467807000010753
1291461010159796227
1291459821619879937
1291459302566305793
1291450366727467014
1291448351788072961
1291447048026370049
1291433751927562240
1291433639717359617
1291433193002893312
1291389772645244933
1291385229270298627
1291384826575179776
1291383818931380226
1291383445256646661
1291383016519073799
1291381927677698049
1291381269016780800
1291380891135115264
1291380292679340034
1291379671939067905
1291378444350169089
1291375879696920576
1291361364188028929
1291339788080025600
1291336843502518272
1291336653081018368
1291336371492225024
1291336221260750854
1291332738566574082
1291332030685470723
1291331361366835201
1291330604039053320
1291326299638816769
1291322332082995200
1291321342927798273
1291307193027919873
1291306902614409217
1291285530970329093
1291283914401681408
1291283404902862848
1291282967042629633
1291282372193931264
1291279648719024128
1291276815043104768
1291275620434010114
1291274525838106624
1291261436639969280
1291259925184876545
1291258625407832064
1291255804935507968
1291204994201419777
1291204375914962944
1291204037464006662
1291167334577639425
1291166301831008256
1291158768416436229
1291157582128783360
1291157151038287876
1291156961145376772
1291148365049278464
1291145703583092736
1291143037138198529
1291140324996386823
1291140204372406272
1291140180016009219
1291139058048081920
1291029838803996672
1291028672363859970
1291027593781817345
1291024282949165056
1291023928656310275
1291023313712615424
1291020978701717505
1291019870495178753
1291018633901215746
1291015032604696576
1291013034484420609
1291012724357505025
1291009359468691456
1291003989832740875
1291000496539553792
1290998441947144193
1290997867855982595
1290996680721158145
1290996393570471938
1290994093372387329
1290992996226347009
1290992454016077824
1290990599185862658
1290988462460604416
1290988085560385537
1290987788679159808
1290971847568351235
1290966699920031750
1290964203315122177
1290961670504951809
1290959171379224576
1290958999043612672
1290956488798801921
1290956476169752576
1290956460927660032
1290955572376993792
1290954767838195712
1290954090231603203
1290953217124249606
1290952580433170434
1290952497364963329
1290951227489095680
1290948688207130624
1290948294684942336
1290948127869083648
1290948072420397056
1290947845189754882
1290947336185745408
1290947334810095617
1290947333690216448
1290947332578717702
1290947331412697089
1290947330099810304
1290947328040488960
1290939093132681216
1290936083878940673
1290935246335160321
1290935002025398272
1290934634554036225
1290931713858772993
1290926266334486528
1290924875847270400
1290924544757202944
1290923821722144769
1290923741225025536
1290923605350592512
1290923199048359937
1290922661376294912
1290921529920937985
1290921357526671361
1290894028251291648
1290889217527222272
1290889196589273089
1290888818615345152
1290871873660747777
1290867092359720961
1290864173879001090
1290863869993385984
1290855083304005632
1290730514677141504
1290705814282543117
1290696796122091521
1290692822291578885
1290691054115717121
1290609777878487043
1290609186104053761
1290605481501831168
1290585987454771200
1290585017387810818
1290584724709216257
1290583300080377858
1290582380638539782
1290581347199787008
1290578976222720001
1290578451674681344
1290577127180513280
1290576727551496194
1290576314815127552
1290574641313067008
1290574313263964160
1290573555973881859
1290571255431802881
1290570169652305920
1290570098017742848
1290564213572853760
1290563036391014400
1290517092475777024
1290515998689419264
1290510263142305792
1290510031318913024
1290508090585079809
1290506905685721088
1290375971124781056
1290374645242368001
1290372209890992128
1290366841110573056
1290355415746830337
1290355043246407686
1290354818398203911
1290352864666189824
1290349139973341184
1290348876839424001
1290346557775151104
1290346279566966786
1290344084381618177
1290341432826499072
1290329680931893248
1290328977937227777
1290328783896158210
1290326010584539140
1290325985758453760
1290325890833043457
1290307497895399430
1290307484742164482
1290307475107979270
1290294647231623171
1290293703551193089
1290291620877701120
1290286083922464768
1290284194988359682
1290284038301691904
1290284015904157697
1290283963575971840
1290283943418384384
1290283919292551168
1290275837867102208
1290269396074561536
1290218388686544896
1290218004869857282
1290215165502226433
1290214794520272896
1290213938643181569
1290213748221804544
1290211528856281088
1290210662107328512
1290210477570535424
1290190710633889795
1290182306867687424
1290181574797848577
1290181048249094144
1290178139155382274
1290178046935220225
1290177680436953090
1290176080217743360
1290175934482399234
1290174588861775873
1290171553070473216
1290170023680516096
1290169890326814723
1290169355582357504
1290168946952372225
1290168186944487424
1290168112612904960
1290163470114025472
1290162919485747200
1290162766737629184
1290162248833359872
1290160647515320320
1290160355990220800
1290158677157191680
1290157856046460928
1290155197096845314
1290154688004923392
1290153258846244864
1290149054983229440
1290148949416787969
1290147355509981185
1290143915903864834
1290117703705845761
1290116929311477761
1290112217614966784
1290108584705921024
1290108493622517760
1290106214093926410
1290105945784295424
1290105783359639552
1290105402957340672
1290105138422484993
1289979514995367936
1289970957428256771
1289969514482814976
1289969177692762112
1289969077159682048
1289968552259158017
1289967736102121472
1289967434326142976
1289967354806276096
1289966909199286277
1289966094233419776
1289965823797460992
1289965434968645638
1289965280752332800
1289964997716500480
1289964498682486785
1289964301503959040
1289964072675373056
1289963687676182529
1289963584131391488
1289963300269113345
1289962903827865606
1289962729675976705
1289962588281999362
1289962309515845634
1289962244185264128
1289962162946019329
1289961733704970240
1289961528796409856
1289961258763026432
1289898368001433600
1289898113499426816
1289897974051434496
1289894646479556610
1289894134237585409
1289893983552864258
1289889433316134913
1289889225043611648
1289883934151438339
1289883689921511425
1289883523805896707
1289883225096036355
1289882770148188160
1289882085998485505
1289881525895327745
1289881316788322305
1289881111569420298
1289880877023899648
1289880601181351938
1289880275665616902
1289877020768374784
1289876980523909120
1289876771089735681
1289876313973485570
1289874799058137090
1289859363843108865
1289859299741589511
1289858821846757377
1289858623968083976
1289858430081982464
1289857847275053056
1289857663795204096
1289855580484464642
1289855156931170304
1289854744232632320
1289854200189317121
1289853849742618625
1289851561720418304
1289843028362813441
1289842732563705856
1289840356553641984
1289838348211650560
1289837826473746432
1289837563935481858
1289837355356979200
1289837175618576384
1289825355461582848
1289813437921374210
1289810859552673792
1289810617281388544
1289808653235769344
1289808505575051265
1289804813417377792
1289796662446166021
1289796120718106630
1289795885937778695
1289795109374922752
1289794000019509249
1289793266519441408
1289792770886889474
1289792546055438336
1289791580572852226
1289790997925249025
1289790410613760000
1289787623939006464
1289787101001605120
1289786437374586880
1289784072055611392
1289776566348603393
1289775774917165056
1289775537800372226
1289775130881568769
1289775023599677445
1289774856657985536
1289774467640709121
1289773989645021186
1289773473993232387
1289770816347836416
1289769671084789761
1289769221753200640
1289768434935373824
1289768278802534400
1289767905584754688
1289767455938588673
1289763560076136449
1289762248324390913
1289761498785439745
1289761172200337408
1289760452734521344
1289759921605509120
