1329901164612120576
1329814445778878464
1329814131038294016
1329811599314456576
1329811143909490695
1329808901965897735
1329808509454585862
1329807694471917569
1329807265382035458
1329800821744103424
1329455232401756161
1329446891810136066
1329446601597857799
1329204726458589185
1328796989484539904
1328793910638911488
1328716709591543808
1328716041828978688
1328056097022771200
1328054557977427968
1327765860996431873
1327745656585216000
1327744210821279745
1327741883582275585
1327734729227943936
1327728242120298497
1326968818174857217
1325916687435116544
1325622574039011328
1325490455513948160
1325489963127828482
1324460211508113408
1322652239295508500
1322342677866635264
1321901209284874240
1321901175759757312
1321894609119686656
1321864149253582848
1321862681779789824
1321861172518285312
1321859715953958912
1321859027932909568
1321858318621577216
1321857560345862145
1321854519001505792
1321569315984867328
1321535031542566912
1321195040660582400
1321194603777650688
1320823664648974336
1320802444859772928
1320802392963608576
1320792620457603073
1320792399161876480
1320790966270259200
1320538171889782786
1320431566410010624
1320431257075892224
1320158449372594176
1320158280769912832
1320140292863868928
1320139124527919104
1320138558921793536
1320136132474982400
1320131993057701888
1320128540101074944
1320121130024275968
1319455909580398592
1319452406447439872
1319452126959915008
1319450951854346241
1319352531823124480
1319352456942288897
1319349941089628160
1318606905040752640
1317907105471365120
1316211791676936192
1315424632598454273
1315424603762692097
1315422288762691584
1315417777851621376
1315411017694801920
1315409499583377408
1315396238385115136
1315395977893666816
1315395738700902400
1315326787627311105
1315326569129287682
1315326247388344321
1315322780280262656
1315322400389513216
1315094957217116162
1315094676941094913
1315087873662566400
1315087468979351552
1314791068064313344
1314790986757750784
1314402391538581505
1314223784321142784
1314218163202977792
1314217792174878725
1314209055376728075
1313523652642521088
1313523567384907778
1313349946184097792
1313195017394036736
1312860210109661186
1312860185581428736
1312784010947424262
1312782112546648064
1312779848595566592
1312608572321144832
1312568811573317632
1312558972285534210
1312524363720089601
1312519175282151429
1312511636473737216
1312491130584350720
1312475637660053504
1312474605748019200
1312473211058102272
1312471116275875840
1312470360109969409
1312469782994669568
1312438114070097920
1312417078805057536
1312402776027144192
1312402689007841281
1312386439208861696
1312385648037261312
1312179620754591745
1311829408303312896
1311809774741123072
1311325937942720513
1310782445067747329
1310772895174414337
1310745375058219010
1310745215691440129
1310745190689169408
1310726254933340161
1310725984627253249
1310725861734191105
1310716702640857088
1310650485196513280
1310650338823688192
1310388983830949888
1309880729761849345
1309699891552165889
1309623453050220544
1309581087958392832
1309580404697870336
1309560871635435525
1309552206698307584
1309172838289399808
1308575974951280640
1308544420304707584
1308440444011868160
1308437804519550978
1308132246549741568
1308132011823869952
1308049766492766215
1308043789315964928
1308043669627265024
1307905605156237313
1307837662980485120
1307837513575268353
1307837378602565632
1307837263875776513
1307837191939190789
1307836889123053568
1307836647669604352
1307701403616382976
1307701168353624065
1307676342549245952
1307528670060269568
1307513655831883776
1307497543748653060
1307475352365666304
1307092345385619457
1307063579917647878
1307034599093088256
1307034564116860934
1306995089525280770
1306814036122640384
1306648847146340352
1306631670515163137
1306459949099180034
1306459863111745536
1306413329896751105
1306399077383380992
1306388512682381312
1306353166485565442
1306350369644003328
1306350231273967617
1306350017477660672
1306349922812272640
1306282430752419840
1306274747932577794
1306274045680259072
1306273925014331393
1306273844571721729
1306273700061216768
1306273615759859712
1306266119712325632
1306265993388240896
1306265794964156416
1306265678437969920
1306265565426720768
1306239768326320128
1306239712718278657
1306233670173245441
1306233352937037824
1306045969667039232
1305907969163366400
1305903746874916868
1305902855883087872
1305902516094136320
1305901455824441349
1305589247835996160
1305589003438047232
1305588484971704320
1305571046762844160
1305557649618956288
1305557147216801792
1305556457010548737
1305554777254834182
1305333282830254080
1305332789118730240
1305330939053080576
1305329597542785025
1305311118752186368
1305267581930975232
1305265862295744513
1305264693032792064
1305263531667775488
1304944118443814913
1304898969831526401
1304873802703056896
1304872204450971649
1304871308543496192
1304870551609987072
1304797264234201096
1304515071817576448
1304493626236440581
1304493363610042368
1304114888046911488
1304091053239148544
1303808146759012352
1303738503470088194
1303358313623552001
1303357943409115136
1303091926086889472
1303091470711185408
1302739547143380993
1302300486016458752
1302299543795458048
1302278375688425472
1302058537166622720
1302054369144135680
1302053832738762752
1302053301920309249
1302041601934462976
1302024364863361024
1301681615513427968
1301307040111837184
1301217255599017985
1301215132387889153
1301214121229193224
1301212104071020544
1301175371174260737
1301173710301229057
1301011412043538438
1301010334149304320
1300985022061580288
1300936307196063744
1300936218377478144
1300866460001026049
1300855969388273664
1300855782313877505
1300853517343576064
1300839230088732674
1300821150566502400
1300820067949490178
1300819832368054273
1300576952600813571
1300560970083758080
1300161182167252993
1299936607936471040
1299930890273828867
1299930320939094016
1299916656127258628
1299914964661010432
1299912679281192965
1299912484678066176
1299895374350491653
1299846949978267648
1299842609163067393
1299768111587946496
1299767284928360453
1299573571891593216
1299557082530607104
1299556492324921344
1299554608184881152
1299553838026776579
1299495316199075841
1299088293816971265
1299018379257245697
1299009481905332224
1299009260060205056
1299009244360892417
1299008890563002374
1299008694760271872
1298819738538139648
1298653534867484679
1298650424858144768
1298336405525954560
1298277026046988289
1298276696278278151
1298275762202529794
1298097433948217344
1298059432010473474
1298058652113231873
1297999032757837825
1297993978063724544
1297942462556585984
1297938376830513152
1297937346403287046
1297936763801841672
1297936444455923730
1297934601009025026
1297934323971063808
1297905911197913088
1297904858968625155
1297903039076921344
1297891258321391618
1297891007170666497
1297748300745994241
1297717796093087744
1297707633818759168
1297686080926318592
1297323395705483264
1297290839891181568
1297212933261258753
1297208793428762625
1296926387660419072
1296916797061394432
1296892362686308352
1296892002760499205
1296891404111630337
1296890683337240576
1296484239236628487
1296229051477049346
1296213446715817984
1296207057167687680
1296206806750859264
1295873271506771968
1295872754655219712
1295784209189986304
1295783956663504896
1294768812789653504
1294679455365869573
1294679427465408512
1294661847908405248
1294052109835358209
1293998083970236418
1293984624801021952
1293983155427266560
1293954574772891648
1293929517753409536
1293288064060547072
1293215858420924417
1293213936137809922
1293213671871533056
1293213490551783426
1292988528150712322
1292969260378025984
1292968007229030400
1292959665957957633
1292932973205966849
1292906992659337216
1292885692758941704
1292885567999418369
1292862863422312449
1292862829498753027
1292852108073373697
1292850570122780675
1292591655200018433
1292569294719447040
1292529214113996800
1292528675687215104
1292526044004548610
1292479867955449860
1292282126792921089
1292280308226613248
1292123749496401921
1292123530641813504
1292123386768842753
1292122542694531072
1292118829493923841
1292118271500591104
1292090953327509504
1292088075896553472
1292087821277175808
1292086797959196673
1292086521370042368
1292084661288460290
1292084247906234373
1292082338646523911
1291840324059295745
1291492017617244160
1291431404195086337
1291006756919771142
1290712700679368704
1290693941373722625
1290426156592672768
1290365591534964736
1290343703454728195
1290311027637198852
1290308541861859328
1290307893300887553
1290122633036484610
1290107720121516032
1290072713352998912
1289964545646030848
1289960883439824896
1289948903681318912
1289948881178865665
1289948855128096768
1289948835989426177
1289948820080451590
1289948792112873474
1289948757048532993
1289948712219766786
1289948684835201026
1289948661795811328
1289948641864507392
1289948606758182912
1289948347285921793
1289948321298055168
1289768997236269056
1289701747833806848
1289701536478576640
1289698180192301056
1289682682188685313
1289682552945442818
1289664187359100928
1289662289163952131
1289649293838573568
1289649123268759553
1289648067025629184
1289646401454870529
1289637983822348289
1289636811132739586
1289635451435851777
1289635220510007296
1289635133662756864
1289633743234162688
1289631838068019202
1289628254777700353
1289609577483235329
1289609337048973312
1289609136271798274
1289608957598736384
1289595014444531712
1289594534440001537
1289593871542829059
1289593074755067904
1289592258031886338
1289587293980786690
1289586861149569025
1289585166390710276
1289584184147578883
1289330173704196096
1289307218274205696
1288912510662270976
1288656840662769664
1288648981606588422
1288636084478337026
1288565107631431680
1288560546791317507
1288560344328073216
1288559776440279040
1288530678628225024
1288525264301912064
1288522040882761728
1288521873630797825
1288303686939115525
1288301830296858624
1288209726413520896
1288130512070959105
1288095807296516096
1287764178615189504
1287756799962050563
1287570123990040576
1287563147193147393
1287407682379345920
1287388332054347777
1287220931723554817
1287205376681578497
1287131162784067584
1287073296886796288
1287067993667547136
1287067343479177217
1287066090472792064
1287065203452964864
1287061767156191237
1287061481243045888
1287061138614546432
1287056976849956864
1287056753385861121
1287054435911217152
1287054074676822017
1287051347515158529
1287049592492552193
1287048123076866049
1287045831850225665
1287045221985865728
1287043745444007936
1287042400574005249
1287041636422176769
1286882441458626560
1286881856692969472
1286881411455057921
1286881040695345154
1286880537915736064
1286880023274651648
1286879493198475270
1286879118219284481
1286878687678218241
1286869875978153984
1286867425531633664
1286866177340317697
1286864804729090048
1286862893342810112
1286860906006081536
1286860541193940994
1286855077961949184
1286852992717611008
1286849185086496768
1286847447361232896
1286841477314646017
1286835767973617664
1286030219443187713
1285738648453828608
1285699594534486019
1285697857090183170
1285268726451802112
1285244974309621761
1285229847619330050
1284993859554906112
1284491416110944266
1284167402163326982
1283917503047954432
1283783906886512645
1283153173604036608
1282384896040656896
1282300338641362945
1282069160009375744
1282066661520990214
1282065853207330817
1282065419503669248
1282063630972760064
1282063010119380993
1282062619621220352
1282058710903226368
1282057195354353664
1279779881081946113
1279398652377587713
1278536519997784064
1278404212318105601
1278317579367399424
1277617594376175616
1276320472905338880
1274573836843769860
1274481741277696001
1274036996596350976
1273971410877087745
1272997724476985344
1272996661841674240
1271896432241307648
1271622459284836353
1271493134627700737
1271482521557950464
1271191640905003017
1271191583845580801
1271191466690244608
1271175683926966272
1271175390338281473
1271124329535684608
1270919064429322240
1270851256207077376
1270845981823623169
1270834330864979968
1270833596085923840
1270820651784232960
1270815515238260737
1270489462821158913
1270489303227854848
1270489275973304321
1270466624567435264
1270460594420736001
1270450486890557440
1270442678589648896
1270440652048789504
1270158375855067136
1270134449976401920
1270125778923958272
1269984080155697153
1269760687544299522
1269760632800178176
1269756350516441088
1269364905372561408
1269267889627860992
1269266985554046976
1269266575653081088
1269265769432363008
1269265472085610496
1269264545337360384
1268973472631250944
1268972955020619776
1268583509548924932
1268583462937583616
1268291694652305410
1268273263328653312
1268200007586332677
1268033497148489728
1268033469579288576
1267909319980224518
1267909253366341632
1267908944795598848
1267908874054459392
1267908767913406464
1267857350251016192
1267857159611539458
1267854484446666752
1267813849513652230
1267812260027588617
1267665969217855488
1267665867615031296
1267571740881809408
1267571701111377920
1267479541280206848
1267447577139503105
1267249491305889797
1267190068784947200
1267189049476780032
1267172192057319424
1267160266929651712
1267152168986882048
1267151252778934272
1267151125465063425
1266862247676002306
1266564221694705664
1266444720860880896
1266377729923903489
1266375831795798016
1266080198048362496
1265993568956473345
1265989356566614017
1265822907076243457
1265800535791120384
1265773097732337664
1265730144137654272
1265729894912155648
1265671002849079298
1265399707867570176
1265337197697232896
1265337135751557120
1265327168143278080
1265306004704509954
1265305642534760448
1265105511575252993
1265086970180497408
1265086874281848834
1264966405482352650
1264946128102895616
1264742935788060672
1264649596258549760
1264649538532282373
1264622134011150337
1264040583137357824
1263961912850526208
1263961787264724992
1263953072839000064
1263667646001627136
1263667625478860800
1263667609825759233
1263667583166803968
1263667564665647105
1263530008695324673
1263320015844990976
1263154210285056000
1263134056876634112
1263105428809854976
1262957001262264320
1262899124594184198
1262875357201326081
1262797746555109376
1262797131338838017
1262796605985443840
1262737184030773249
1262532654588588032
1262532460291649536
1262464153173671936
1262464129727475714
1262463717679099904
1262442048168144897
1262441821721878528
1262441668764000256
1262441525406924801
1262405110816096257
1262405082789711873
1262404689674465286
1262403242069123080
1262401834984992770
1262401750587207682
1262400341531693056
1262399176958042115
1262391593241362439
1262182123143704576
1262073009830936577
1261860407641174016
1261859232392990726
1261303332578029568
1261153351971954689
1261038674315079680
1260708921888526336
1260602476077576194
1260601770792767489
1260405582650994689
1260303435590598658
1260020655497478144
1259580697603215361
1259485914482393088
1259485697171312644
1259312427692199936
1259188095083143168
1259168709416849408
1258986062854029314
1258985934869032960
1258900590148501504
1258900185331101696
1258769320802308096
1258737289296920576
1258737177581678592
1258580690896969728
1258243363855142912
1257755232001392640
1257494191740878848
1257001746817142785
1256996994083504130
1256996836264435712
1256958678537695233
1256958264773771265
1256958212126806017
1256936302873767937
1256651970313502720
1256629482762334209
1256629064858611712
1256386429199904768
1256385209429143553
1256385094945632256
1256279268662935552
1256244202138038272
1256039748105191424
1255648708072366081
1255648504564736001
1255545874857394176
1255518391579955204
1255260147410251779
1255232093816262657
1255215855652257800
1255211821482405888
1255211190004768768
1255191125909843968
1255190840835584000
1254962587831111680
1254419569847832582
1254418939922116608
1254156846367006722
1254081470475284482
1254080924049739776
1253746785798897666
1253516423499923460
1253515502934081536
1253515483329916928
1253515407152967680
1253515225858371585
1253097788688105472
1253092512039702529
1253092288676237312
1253079336036388864
1253078618080571392
1252594304175890433
1252374068839329792
1252373939768053761
1251569114180542466
1251520929194098689
1250805581033566208
1247619453535150081
1247320274963288064
1247320221297197056
1239268432496848896
1237804577358893056
1237804457464750081
1237794574568804352
1237740269715378178
1237739292593500160
1237736732574896130
1237185211231698945
1237020894079250432
1236872102130511877
1236690094506958849
1236667283742720002
1236460197121388545
1236396278247874560
1236395670711324673
1235686707128725505
1234515267608203267
1233527674670370818
1233136497022267392
1233136050068840449
1231726562841464832
1231353972633423873
1230694487795494921
1230656109976834048
1230623178201788417
1230311584393678853
1229422945304334337
1229422920054632448
1228885558245478400
1227804553438883843
1227680818773970944
1226883635770318849
1225932602168623106
1225597105126834176
1225597085426208768
1225589836544790529
1225415371361927169
1225171046032003072
1225144667672432641
1225144619433775104
1225078824041246720
1225078264781164544
1224793345391677445
1224793306850197504
1224770563861704704
1224734102642941952
1224732932465659904
1224540711011282944
1224178354506649601
1224075568511176708
1223368830979727360
1220399850329493505
1220067432288546816
1220013064105250816
1219457747768360960
1219421830483595264
1219090007173939200
1219089973795639297
1217296247888863232
1217294947998527488
1217294869116227585
1216883361332879362
1216870719453138944
1216011353464430592
1215616259401773057
1215308443407380480
1215305022344331264
1215304700544737280
1214948044946362368
1214598920145227778
1214414551124344832
1214316785316458496
1214283258726211585
1214262019278430211
1214260371059437568
1214260081300103169
1213518957019185152
1213507828280741888
1212941661069697024
1212938032950599680
1212400061646196736
1212185667880402944
1211799694608760832
1210694998934425605
1210636096742154240
1210630524504403969
1210589331770863616
1207343746213236736
1207343438124838913
1206752414235164673
1206251011217608705
1204806106951798784
1202797715307945984
1199076233369145344
1196548605089206272
1196541595195072512
1194115851160444928
1193268751325634562
1193268344469803009
1193172753383329793
1192180040974393344
1190382207745040384
1189219304581021699
1186643636739543041
1186333316418592768
1186332870287249409
1185182330723409925
1184603108866973696
1184602700736094208
1184602625200852993
1184464676362608641
1184464642392891397
1184168001584730112
1184167692623929346
1179059496842403840
1178709279714533378
1178709251239350277
1177697149661921282
1177697125750235136
1177426991756304384
1177265274170552320
1176866090263220224
1176587626683490304
1176587170448064512
1176211944442945544
1176175343880867840
1174716360603119616
1174716152859234304
1174333524830228480
1174169251814551552
1174163173374681088
1174163139354648579
1174067490089000967
1174066952555417606
1173623560155385859
1173616461757198336
1173616162808246272
1173365825731989504
1173353088570331142
1171876186332549120
1171734458254397440
1171733221345808384
1169971092812906496
1166040867142025216
1165348956148293632
1164264854087176192
1164264790925172741
1163462318900076545
1163260672072998912
1163225531686559744
1163136112577122306
1163135934768046080
1163132058761420802
1162722455745703937
1161341043507376129
1161324919306764288
1161324761030569986
1161016717738500096
1160956364363042817
1160782812666105856
1160371517282299904
1160370945946783745
1159449216730783744
1153661912569303046
1148758632248610817
1148718103871840258
1146771737180278784
1145826279461216257
1145825126795161600
1145126978225418240
1145034750844964865
1145033976308031490
1144269044251594754
1144265368090886144
1143962278582280192
1143961471602307072
1143612972201402368
1143271340968800256
1141075493443244032
1141075468906651659
1141075022741721088
1141074428022931465
1140657047895183360
1140466922062041089
1140050969063043074
1139717787209949184
1139685700498907136
1139185009213001728
1138922517358424066
1138889487273136128
1138888994165538819
1138886799558922240
1138855208115683329
1138854609303285760
1137865100503728128
1136840905879502848
1135628328008867841
1135553455253274624
1135552795225022465
1134435168071163904
1134208756261298177
1134164899326808065
1134164047090323464
1134117659166072833
1134116840760893442
1134106057603788800
1134097885660946432
1133828385908645888
1133802504116948994
1133782057761562626
1133774035798691841
1133577070557188096
1133456099548565504
1133033711807676416
1132131491499134976
1132131374306123777
1132130515417522176
1132036261177372672
1130863965624520704
1129370728011317249
1129362261431246849
1129240404652711936
1129230144797908993
1128692809320620032
1128529882395369473
1127354993009410048
1127319578562977793
1126827107508682753
1126607833976512513
1126607724647735296
1126529774560657408
1126529659385131008
1126143158105051137
1126143129315360773
1125843743276457986
1125781675718397952
1125770020456472576
1125769753983950850
1123289332972961792
1123279709402476544
1123274362591809536
1123271966369173505
1123255730247819264
1122904058430406659
1122516779866251264
1122516598831632385
1122271906701430784
1121980591140941825
1119312246755270656
1119312040345198592
1119285564761616384
1119285483316633600
1119284561291173889
1119284465245794304
1118363798077890562
1117893559984590848
1117893487943282688
1117829319693426688
1115986101720821760
1115978085571158016
1115971624895954946
1114665066413154305
1113813618762686464
1113299940460191744
1113299273087582209
1111108527211405312
1110931949072379904
1110931325945556993
1110931064174850048
1110585603517833216
1109237221603885061
1109217095290621952
1109216788066328583
1106210593252495360
1102583350689173504
1102571079099449344
1102167463805009920
1102073597349294080
1101616842915876864
1100960839350276097
1100410432399921156
1100409315226087424
1100409122170630146
1100387271587565569
1100231036305199105
1099792512707895296
1099684038665748481
1099679944777572357
1099679433814917120
1099509588515323904
1099509134137937921
1099022021202272258
1098997608603963393
1098955634693865472
1096149062292770827
1096106836099514368
1095812600225583105
1095812188340670470
1090457355077279744
1087817423175192576
1087817262868955136
1087178161341767681
1087009799089389573
1087009709884882944
1086848315541635072
1086815764160622598
1086814317855547392
1086814159826759681
1086791573801709569
1085548596794195968
1085263772892217347
1085263400169586690
1085263032052260865
1085222363577356289
1085177198074580992
1085176730862665729
1084827323457769472
1083572577648476160
1083485242659352576
1083463656548061184
1083122611268341760
1083115288554541063
1083115201048858630
1083108681645023232
1082670760261492736
1082669960651067392
1082044016022179840
1080245050838339584
1076588618393837568
1074682751163514882
1074681603882975232
1071996912323067905
1058532679715409920
1057723656930054146
1056555851060666369
1056555580616138752
1056181424594636800
1055799208031207424
1055588909646671872
1055588695976271873
1054935525457563649
1054935461989441536
1054777316490960896
1054493058719346689
1054492442781638656
1054420255882174465
1054402599032483842
1054401704597192704
1054401596824596480
1054034269293600768
1054033610947256325
1053764666952798208
1053764567510085632
1053762806263083008
1053644172878442497
1053644104284889088
1053643804132040704
1052934744101421056
1052934546063155202
1052748739671220224
1052748705600860160
1052651178935218177
1052261215848677376
1052208509184565249
1052208442482409472
1051915251422179328
1051883559596617728
1051489675716657157
1051252271256809472
1051098033373372417
1051096932754513920
1049350651665428480
1049295609008742400
1049295424681648128
1049154064087470080
1049113790472708097
1048583949843292160
1048583245086916608
1048572248825589761
1047527288818941954
1047139426021720066
1047139032105246720
1047138962706296833
1046754673825275910
1046754510373187584
1046203351313068033
1046155889416134656
1046155872559226880
1046031353576284160
1046031023849365504
1046030805871423488
1045801006175444992
1045785176276496385
1045784731235704833
1045784087879774208
1045671662337777664
1045660170456510465
1045369235080265728
1041703616636059648
1041417610070351872
1040827009885069314
1040327376184401920
1038418516389457920
1038056317066207232
1037704821510266880
1037704748101586950
1037353710693666816
1037342593741254657
1036753033470783490
1036701730661052418
1036701216468754432
1036256009755316224
1035998613955010560
1035978654252056576
1035947483740786688
1035947418238345216
1035886213666754560
1035885902042521606
1035704982123597825
1035704961319858176
1035684502998212608
1035683632139001857
1035556375059824641
1035556264707670017
1035555303662604288
1035276905652531200
1035174196798582784
1035173913771167744
1035173012985659392
1034647333751803904
1034488218106781697
1034124531579797505
1034080331995836416
1032651589834567681
1032651309210451968
1032649816671539200
1031898072060551168
1031897374480711680
1031586445914329090
1031583068396507136
1031582659313455117
1031240347311955968
1031239992520015873
1030853772107370497
1030822720756273153
1030821870130450432
1030458834236502016
1030127159140995072
1030126827258359808
1029716696490291200
1029347542574743552
1029346253073735681
1028982304129998848
1028639864651042816
1028639175258472448
1028259442150666240
1028259277545267200
1028258761981317120
1027911620075216896
1027910438141353985
1027534992203603969
1027389162855383040
1027320098707582976
1027173060548354049
1027172763864260608
1025723048417275908
1025722981555818497
1025722020787572736
1025359041478807553
1024999098678538241
1024998733463711744
1024637604568825856
1024637136459296768
1024289360114417664
1024271827386814464
1023915527121457152
1023564219713605632
1023563912325689344
1023563510029070339
1023205220195561472
1023204617390190594
1022828935438946304
1022827718486847493
1022482948484784128
1022247692393566208
1022247362134036481
1022102691453927426
1021383325917667329
1018128155150700544
1018127993904889859
1018123501851402240
1017761534427033603
1017759927035543553
1017399873987960833
1017398563347656704
1017397975813742592
1017036691524108288
1016673980676112389
1016673133439344640
1016497233389187073
1016311253445120001
1016310711725654016
1016029847976464386
1015964413747064833
1015964079263924224
1015600812913856513
1015600578645262336
1015258200277377024
1014879671257739264
1014532524087783425
1014532271318097921
1014141097910530049
1013829518736232448
1013793948320464896
1013793288157986817
1013416297864941574
1013055609086676994
1013055093346689024
1013054647278317569
1013054279098068999
1012691833153974272
1012691110055968768
1012367696279638016
1012337769895493633
1012337209343504384
1012336620551335937
1012336457443205121
1011976560277053440
1011975856795742208
1011606747650224129
1011606469010063360
1011307800113266689
1011256279291998209
1010895888481259520
1010895281699708931
1010540834909908992
1010526326162219008
1010526014072426497
1010188736016015365
1010188512052707328
1010187868013121537
1010187641738760192
1010187198728003586
1010007936930738178
1009831676980035584
1009831312885145601
1009469369649229824
1009468758857953280
1009122131081170944
1009121878382862336
1009121674992627712
1008762537377054721
1008761122797715456
1008721581365911552
1008342027476455424
1008341362603724800
1008340775778676736
1008004123646558209
1007997140050722816
1007996775494397952
1007622705795850240
1007621608112992256
1007265606180036608
1007265459991744518
1007265204105703424
1006997805850742785
1006909925677625349
1006908895778836480
1006619407550853120
1006619199936974848
1006199802965573633
1006197395498024960
1005811341360226304
1005453535016652800
1005447575426686978
1005447358140706817
1005447030200651777
1005446771386937344
1005444622913421319
1005090112567271426
1005082080814874625
1004721843503153153
1004387816741036032
1004370650323042304
1004370416956133377
1004023361888899073
1004021652546469888
1004021373709107200
1004020700405854208
1003672292868517888
1003671721138839552
1003670807095046144
1003309114917654533
1003308574380978176
1003308270805606400
1002935402053791744
1002934612908052482
1002929627449339904
1002928959275745281
1002598644690718720
1002194515816464385
1001946674544115712
1001834392367464448
1001833914497839104
1001833586218090501
1001475214947975168
1001474455644721152
1001136557280051200
1001134991131082752
1001097216080068613
1000744342657486850
1000743510469894144
1000743175101628416
1000500326531710976
1000372865294712833
1000372783325462528
1000371655611334657
1000006138039955457
1000005928144392192
999691686165934082
999650709573255168
999648746198650885
999303257582256129
999285862876643330
999284015109623809
999282291028312064
999282203660988416
998928857817231363
998927455405527040
998559151373496320
998556148591509504
998190594810789888
997855881277550593
997855526674288640
997853182519787520
997503191410327552
997502930319110145
997126388267204608
997125636480122881
996769868031541248
996411295275466752
996071463441518592
996039755400806400
995664006881792005
995496039925731329
995482423503671296
995298242597347330
994971377437364224
994971081311117312
994970777790246918
994618827672453120
994618449442684928
994226281565704192
994225561173049345
993903754184351745
993903643190411264
993903339506024449
993490614397239297
993359195255717889
993138006180548608
993135353232961539
993135053017305094
992759289964974081
992382164229541889
992061929303650304
992059997478576131
991808421988110336
991790317941805057
991701849567735808
991701839144890368
991701738573905920
991359572978819072
991317764366258176
991317075879579655
991168200850128896
990998508353171456
990969515830738944
990967630424035329
990586972082094080
990586629189320705
990225304076500993
990225170391490560
990224973359792128
990219945538502659
989885235763396609
989884955168665601
989530783923691520
989349800897200129
989139898501292037
988793642981642240
988447630693838848
988413776050323457
988070797594935296
988070262598860800
987687384895471616
987687220864692224
987686900260458496
987402613913075712
987402435931996160
986981448023355392
986975691039162369
986456050428596224
986260164285222912
986258775945371649
985909508168806401
985882097398132736
985881741649854465
985514976386269184
984452682361393152
984092232876568577
983707082221219846
983706283181142021
983390198498119680
983355056572411904
983354867308625930
983352513934929920
983350094429749255
983349830385786882
982994427533705218
982993843724271622
982627731115458561
982627205019721728
982292537300795398
982266889765208064
982262171181596672
981912912129245184
981912462051061761
981543883296276481
981176093796286465
981175034768064512
980856955391524864
980817207360765952
980458621875077121
980457476112900098
980457127499059201
980095774846459905
980095241947553792
980094646935146498
980093753766457345
980093240685703168
979736263283556353
979735952489787392
979322355125075968
979321145177485312
979023175806722048
979023075357241349
979022435293868034
978687790153056256
978686757506973696
978652972564410374
978651887917400064
978318118467481600
978294263501930496
978293756725141504
977915678517731330
977588548210589696
977569129342185474
977567852822605824
977243441322078208
977222015118491648
977220895428128768
976894867786817536
976894695488958464
976564080952557568
976563850051969024
976485164950863872
976484592612855809
976319982450589696
976124873146642434
976124656770957317
976122929351028736
976121462368092160
975753811275821056
975752428564881409
975751161864056833
975392919195545600
975384410026491905
975020020534190082
974632798756614144
974632035531743232
974298444536823809
974297946446430208
973948796869664768
973948014514421765
973947827444264960
973947298324480000
973947224198492160
973592992761053184
973591360451170304
973241833919672321
973213789377064960
972931571136176128
972849465613721600
972849183777464320
972492338197966848
972491877961224192
972221923236110336
972145311199014912
972114155590205440
972113744254906368
971782656273801216
971510423542312961
971410882252034049
971407154761498624
971039221325729795
971039149842157569
971038143842529283
970872851908587520
970693089579868160
970692756506001408
970319890111328256
969992979929690112
969669989362941952
969582656995213313
969582211811782658
969580483192307712
969217975482904576
968965527690342400
968926351892758529
968912473930661888
968912136826077184
968877479258595329
968877186047356929
968541394825502720
968300106360406016
968186050836234241
968162285502971905
968138875787870209
967780776690442240
967769787655794688
967460905486139392
967460338676285440
967459670750199808
967069589858263041
967069100571635712
967068093364150272
967067872634679297
966348204705923073
966344657511661568
966163831121625090
965960364704784384
965602413200592896
965601167395848192
965282973909106688
965234116802134017
965234062121091072
965233247939567616
965232293450203137
964867510045614080
964867445348474880
964867299718053889
964866979948412928
964506661955059716
964141737416433665
963809969177939968
963418347751727104
963418021564792832
963119441016905729
963069137479020544
963068407745724417
962855727537647616
962835696837853190
962721294641905664
962721043096875008
962719965651456001
962361993557495809
962339939529637888
962339735011188736
962327172521254912
961963436937637888
961962175987249152
961960779774701568
961600932717903872
961600774617800704
961600304641814528
961599746237349888
961269611734839296
961269167797166080
960976354375213056
960901541925306368
960901249204813824
960629461044535296
960535945660411905
960534519894884352
959823928729395200
959823649237708800
959638799205543936
959119125896298496
959105660385296384
959093023626878977
959092525049905152
959082544925876225
958829631993294848
958716950900649985
958716589641101312
958366591342661632
957999149965692929
957997021419339776
957389591631155200
956917353127686144
956916575583453185
956698456680144896
956698073295540224
956559637758713857
956558822427906049
956558599177646080
956557945998753792
956551951365230592
956188143547424768
956187008044380160
955852681641213952
955833242162049024
955831709454356480
955831337734189056
955830581761159169
955501946248380416
955469348457537536
955468530861748224
955466993355825152
955466858563436544
955100987634548737
955100252612083712
955098099344490496
955096997723176960
954860749704151040
954857896575041536
954823968501874688
954548259971723264
954025966484930560
954025537948667904
954023258159902720
953661842873753600
953660834701438977
953291010309697536
953290398868283392
953288463511560192
952973163406610432
952942101385236480
952941808002113536
952689821239074816
952586560326615040
952585412580540417
952573647356551170
952240802721275904
952240401364107264
952239999893749761
952239762286391296
952239536725086208
952210913913745408
952210518961414144
951829123877421056
951486273750843394
951485521884200960
951217196608270336
951116292995497984
951115245090627584
951114783197085702
950438806439673856
950433645738602496
950059441986027520
950047812959391744
950047736308498433
950033003266244608
950030658302193664
950029880569167873
949717170669346816
949717123277795328
949666186861559808
949665584047824897
949478794598932481
949398749788348416
949397665330024448
949396844714405888
949137944379408386
948949933167538178
948948848600170497
948938898851356672
948938056966455296
948933745486131200
948677485159313409
948674989028401152
948640635455619072
948639777330421760
948568601660817408
948225742650748929
948224131408871424
947900160155066368
947899049591443456
947884308764663808
947848098713288704
947845061332557825
947844039625207808
947687907229278209
947576496280891392
947576174745489408
947128726214422528
947128173417742336
947127839865823232
946783382700093440
946782808013291520
946782638395629569
946781872096362496
946780995528691712
946400450353311745
946400144479490049
946399717503594499
946175921056124928
946072191824572416
946044345253113858
946043266603954176
945858440735350784
944967406182473728
944954013572767744
944953685792059392
944952100726784000
944659946750144512
944653116615548928
944595249241788416
944594976993771520
944594207645118464
944593533758988288
944230433469865985
944031829685714944
943704119235158016
943598957912932353
943592727953817600
943557353105891328
943555600687841282
943489577955627011
943488415915315200
943488379487797248
943253933270605824
943148891318267904
943143127363215360
943142952464932864
943142211612426240
943139069692846082
942963035370426368
942962798736285697
942819142268207104
942815978496262144
942815705468039168
942567930566361089
942543250371387392
942496749284818945
942445724557438976
942444042939486208
941695832050380800
941695365048279041
941317822340141056
941316504108146689
941316091967500289
940975434342137856
940975212429901824
940960770547789824
940960387712696320
940960220506763266
940711470261661696
940605713302241280
940601339691679744
940599136021131269
940597505653334016
940291161167511552
940277308119584769
940066587519868928
940001049007480832
939874361988624385
939871024149020672
939870769969893377
939870520165543936
939478482886696960
939478344508194816
939148128090963969
939130429138808832
939129732074844162
938844249671450624
938807134522769408
938794853088968704
938794131135983616
938792780867911680
938791927461306368
938522062854922240
938521959347888128
938513359212646400
938455291619819520
938455060513677312
938442139507101698
938442064001298432
938435780686462976
938434465814032384
938434380812361728
938155049305366528
938070966956986368
938070249307488256
937737293183442946
937715650025349121
937714486177230848
937714243901693953
937700147122749446
937530638931869696
937529513998614528
937345659610447872
937345216998121472
937344978564497408
937343711293292545
937343502383431680
937339045415235584
937174496061956096
937168388111065088
937081850916306944
936944613146861571
936943832549154816
936943123074183168
936942355629850624
936939914268000256
936939772630614017
936611793580863490
936597077986983937
936596512607412225
936299721525641216
936299679037374464
936298783222067200
936298408289083392
936298156962091008
935932128293818368
935931881647874049
935931608795717632
935931152551985152
935547066834591745
935346185929351168
935185441799643136
935184597255467008
934886148693942272
934885321153458176
934418895368175616
934418445839429633
934060267721310208
933703993657716737
933388832342343680
933388770161786880
933388703430410240
933388311632134144
933386515790438401
933385391851180032
933385211919810560
933384948374945796
933050464437805056
933049989751644160
933049924077330432
932988867044458497
932988414848151552
932659541400940544
932628565090230274
932628326203584512
932627591940337665
932348178996740096
932347581677498369
932347296208977920
932002210023485440
931866776203227137
931866277802422272
931736407868977152
931712882152054784
931712561271119872
931271217373257728
931178880240533504
931177224694304768
931176406326710272
931008345934147590
930864604644700160
930864117291745280
930863852123648000
930862295332175872
930488184361717760
930213347269603328
930212568110546947
930175665986420736
930175285974114304
930171659213877248
929764327493529600
929763441383837697
929762469756616704
929730688101707776
929455796185833472
929455618766680064
929455357335707648
929012480847646720
928806449337077761
928680091952939008
928679408507826176
928317620482228224
928317311743696896
928112791810134017
927945385670148098
927903944327675904
927609068876791808
927579622375485440
927258876226953216
926507511716257793
926507077798785025
926160289355067392
926160184405139456
926160111902474240
926159967911948288
926122688443068416
926122533681635330
926121803222618113
925769330851065856
925768754193080321
925767093210955776
925385154809413632
925384677233270785
925221298627678210
925016210571386881
925006423397822465
925005947302322176
924680178088820737
924099118720368641
924099059832340480
923618300273221632
923560531327295489
923210527093932033
923209840293376002
923043301908815872
922828441916862464
922828274903822336
922827718374211584
922827613835374592
922543079063617536
922493532237004800
922492646139969536
921375791316733952
921035013570805762
921034890056908801
921034752647315457
921034078580703232
920365013658886144
919969981139316736
919964607300562944
919935816243167233
919931334402834432
918916218291044352
918488388977639424
918487407816687616
918485558791307266
918135181805940737
918134675524091904
917761051675914240
917760656220184577
917760277692563457
917512639839846400
917450916244070400
917449969962852352
917449436539658240
917017147015958528
917015974775218176
916441381719089152
916441210465665025
916314372665884674
916313920020684801
915956632101691392
915956083222446080
915955832533131265
915955209259540481
915629004928909313
915602504930418688
915593668223844352
915593366020042753
915246822855122944
915238028267864065
915237231949778945
915237159191187456
914890144699736064
914889784564244480
914882735788969984
914859966250590210
914857825771315200
914856902885912577
914559746270564352
914495768001687553
914495197538508801
914114735351644161
914113625949822981
913990272945594369
913769890984554496
913769116808339458
913404330069258241
913403868012150784
913403209619619840
913065470630100992
913063939004497921
913059045308751872
913057953816616960
913057835289686016
912901805276835840
912733592744214528
912683117218897920
912375442014855168
912332070592012291
912330561431126016
912330260791701505
912327950069940224
912062170296283136
911950346334887937
911949966716764160
911571204833607681
911570703186501633
911569078233337857
911567695941853184
911216583128657920
910917225510342656
910900040134037504
910899996018405376
910899784487100417
910899078795366400
910527439310282752
910523402787495939
910218397392105472
910156368534937600
910156169460686849
910155750202163200
910149432477229056
910148832939327489
910142881448394752
910142831259303937
909823160689688576
909821894571868161
909797789466423296
909796975154888704
909426457046167552
909424419822432261
909423324383428609
909421622058115072
909185289003732993
909035062141739009
909034370807115778
909034013548875776
908687096482689025
908686744349925377
908389639135813632
908370322360901632
908370266203422721
908369768121483265
908369624294506496
908369316675854336
908369036496404480
908367250742067200
908193120491147264
908191675985440768
907966711617413121
907966088373137408
907964382084075520
907964177372688384
907640451418566656
907467594214424576
907287741133549568
907258097839648768
907257708423737348
907257243162132481
907254357380366336
906930000946905088
906929888761856000
906501828157759488
906501592689422336
906499981367840768
906320219110436864
906174710555189248
906173567548534784
906173273712369665
906012835037065217
905811732588662784
905809558102089729
905441129843146752
905440777462964224
905439623685349376
905438209512923136
905073529388859392
905072102235004929
904819683198517248
904701943469170690
904700915399004160
904347893384962048
904347750073905152
904346989566894082
904012806403514369
904012292282388480
904010564791279617
904010507111153665
903624945728491520
903621948130787328
903620481156186115
903323796790157313
903323725818339328
903281391512600576
903280269716684800
902943067409326080
902899032510480385
902898198741622785
902896618248126464
902529771409596417
902528701920718848
902525254769139712
902525164436336640
902196025854615552
902195202349076480
902193298017738753
901868710620565504
901862151417085952
901834787714826244
901572542594400256
901572402735333377
901423217637601280
901423002339889153
901089001536274434
901088455316328448
901087207309492224
901086959686172672
901086143587864576
901084678240690176
900718296269414402
900717672018583552
900454334701346816
900377283684294656
900376584149913600
900376171816165376
899996391874764800
899995727719350273
899633714652631043
899633051285700613
899632551991455745
899630737124503553
899630633739104256
899249819763462144
899248382178344961
898903570241552384
898903067415924737
898884624557850624
898882365753147392
898881677992144896
898588885093015553
898546043247144961
898544116409147395
898543995646754816
898543539478347780
898542745546964993
898389557476904961
898166289784492033
898165581211328513
898161630168535040
897946280302788608
897800668714369024
897799138842103809
897797678892892160
897452006498893824
897436176809811968
897077470314209281
897076642723446785
896467111907688448
896466638618238976
896465676457590784
896392783321120769
895998285898330112
895986861679591424
895762232050462720
895625902532382720
895623598261522432
895622618610520064
895262725860761601
895260684362985472
895260032975085569
895259216687939584
894900899641831424
894900588630036480
894899615996051457
894633812461666305
894585282871271425
894580008689180674
894578205473910785
894577641839222784
894216605172760578
894215535801507841
894093138758742017
894035293707223041
893890401936982016
893890185460457472
893450722892591104
893449907092115456
893448459969101824
893108399805681664
893105654918819840
893088174699761664
892726013007876097
892723994528407552
892364422227808258
892363786610327553
892242244702306305
891999709295923200
891998758543675392
891995739156434944
891704975243436034
891694269131399168
891693560998764545
891305758976913408
891305073803800576
891304499502956544
891303944789540865
890914189857783808
890913644720119808
890557507097079810
890556955156070401
890188461012992000
890185444805099521
889822258679603204
889821666116644865
889820834079965184
889641500761497600
889462268642992128
889121660476858369
889120688614776832
888772041662316544
888747784064483328
888746137292726272
888745262620975104
888549669671804928
888376702140792832
888375965092528128
888011758169866240
888010553397977088
887879830531842048
887652174712328193
887290026827984897
887288862845804545
886924323444760576
886923667313000448
886572835971497985
886572267022548992
886219611078787072
886218961846771712
885122753665277953
885111643927072768
884894345786150912
884894149790408705
884894052981669888
884752030358622208
884751651059281921
884392700543238146
884392433076682752
884391318901870592
884389902879563780
884096294121230336
884096212449677312
884083161948340224
884082220209553408
883690635240370176
883690150877843456
883688919857942528
883687788238954496
883342104742699009
883340989921873920
883199483634368512
882975476544708608
882973337235767296
882803895168192512
882794428431179776
882604722569437184
882603868860727296
882303211167662080
882302893063262208
882244570024525824
882243278258688002
881996158456840196
881900102297591808
881899264305016833
881556007951908865
881555555776512000
881175263165390848
881153881425682432
881153691604013057
880984884914696192
880929502741659648
880882950513897472
880806354465693698
880805986478342145
880805474999746560
880804971578404868
880493741127090176
880489687290232832
880466555787632640
880074389705728000
880073280513650688
880070770310889476
879707865451118592
879707617454546944
879374516077477888
879369584968572930
879356320356253696
879355922530713602
878982424658444288
878964776595881984
878963974598832128
878961003999903745
878960538537009152
878604043920199680
878602597564727296
878255964054470656
877903905874526208
877892816306753537
877892427142397952
877543977896992768
877530924249776129
877530645747998721
877211239218204673
877203980467683329
877203927199956993
877188997277024256
876808255732719619
876807460069056512
876488984419028992
876454438809894912
876453860377673730
876453436383875072
876447733376208896
876070370779971586
876066009144115200
875752765275885568
875752411284951040
875574095437377537
875471407043325953
875387555511914496
875358828308463616
875358087112138752
875030226182447104
875029620709400576
875027648338042880
875027403982032896
875027173928689665
874747477986910208
874634815605047296
874632951719272448
874632195796647936
874630945134878720
874323977392357376
874283072295886848
874279866589265921
874278671648829440
874278091664707584
874009830813450240
874009747162255360
873943246833045504
873942893458628609
873657146205851648
873533766316072960
873532942101790720
873311728972382208
873194460498116608
873177315194281986
873176518297403393
873175914208567296
872918037120204800
872863996772089856
872846362085216256
872844356318658569
872836940625698816
872836618540822529
872835917626527744
872469377219665923
872468870346317825
872323265284452352
872322653037752326
872107657955614722
872106654854238209
872104926876512256
872104664166088706
871735482639503360
871731905040977920
871731563867901952
871464773354790912
871391128234237952
871390585604550656
871390385272045569
871380896376471552
870638356790558720
870346545949925376
870346360544940032
870312105592766465
870311597570351104
869939651552751616
869938856782475264
869937757963014144
869937183045541888
869937016053485568
869936274626314240
869559787209375744
869557499325698048
869206207155675136
869203934698586113
869202654337028096
868860423612710914
868860344524914689
868860304146309120
868860246164357120
868844227945406465
868843464447754240
868452075809587200
868451797098143749
868137856253820928
868137087827984385
867748995740737537
867748074701049856
867742971369738240
867741720384913408
867408829473972228
867408374693904384
867390291476496385
867389682543247360
867050269208530945
866689458447372288
866677911507488772
866671233147871232
866421162024116226
866298747935834112
865917313249288193
865916850403557377
865556119627874308
865555436249817090
865379648967811072
865343879284903936
865241529350103041
865234930661416960
865199502503755776
865199125020594176
864853969545207808
864852121719414784
864851669321895937
864848796584296448
864483144560394241
864481932825944065
864481065292881920
864476791116673026
864205307492261888
864114794244096004
864111779021860865
864110839095189505
864110585834754050
863773955965894656
863771672884596737
863771437990989827
863770668634001410
863770442422562816
863382652241326082
863382262980542465
863035132197781505
863033254856740864
862656741984555009
862654206552842242
862652817047076864
862652351034740737
862312121584861185
862307151275991040
862020987398742017
861972316237975552
861921426764308481
861577881641639936
861576671429763073
861574052384657409
861572771792404482
861569617268940801
861245882003464192
861245832040857600
861235310864117760
861234515863158784
860833584398999555
860833404161376258
860535587358388224
860535384358371328
860534650359304192
860532912969535488
860177052615430144
860128464136921090
859825567981424640
859779181499957249
859778649469231105
859778006671282177
859777084150865920
859434584533905408
859433587065487360
859432476237717505
859431327472377856
859430473923141632
859258825051742208
859090668026609664
859069697060356096
859068570810044416
858918370699132928
858697325740310528
858673283880828929
858672177771536384
858671999664570368
858670807047733248
858291544993878017
858290895245922304
858068877984518144
857976282914488321
857965495986692096
857965299995336704
857964111820341252
857802745205596162
857584688168263681
857576652280184832
857575761544331269
857253677983125505
857236014640779264
857233987973955584
857219685825232896
857219120290422786
856881236891095040
856880443655770112
856880072736755712
856878686166949889
856875062703538177
856544041638346752
856519681246601216
856519642566742016
856516675499315200
856515710666719232
856514917251203072
856163426342584321
856158429961834497
856158127602802690
855759812419702785
855759179373395968
855425498171572224
855422669537198080
855417967894380546
855117987056984064
855082331815591936
855082243428982785
855071978243334147
855071090984361985
855070820044914688
854720706499575808
854720370829533184
854719750131154945
854719645403693056
854701195335614464
854698241266294784
854697265339940864
854696522457374722
854465547785850880
854465102585544704
854464849937448960
854464307509157888
854339215277961216
854327458606088193
854326717560700930
854326406486016003
853958887518609408
853956659856551939
853650944050855936
853634771200622593
853632641366609921
853242607979290625
853242366211137537
852534769925488640
852534307176407040
852215232210419712
852176395446910977
852172901130350596
851849392571142144
851849218264244225
851820825476976640
851820138772840450
851448224170745863
851447564540837888
851445822537388033
851445376334741504
851093699631095810
851084232147427329
851083886197063680
850696340312948737
850695511162068992
850339062665719809
850337342724349952
850045231068200960
850044425661071362
849980199340879873
849979197694988294
849617821428363264
849616913755811840
849613550465110016
849373950597623808
849277979205156868
849276241546956800
848890798175248386
848888952417165312
848888475390574592
848887381528674304
848555244212502528
848538860841615361
848156431798878209
848155920492224512
847875948309397504
847875677814628352
847823198112456704
847822256621232133
847820846034894848
847560029737594880
847462460189663232
847461941559803904
847459504555835392
847162782143299584
847100959276773376
847100600126877698
847099577685598208
847099298395308033
846758558083366912
846735222200713216
846734064627281920
846733491995750400
846399950120337408
846371730369101824
846370570534977536
846364671850401794
846033722663059456
846032995454611456
846026487509614592
845630334569869312
845312513281421313
845309507022446593
845309089957654528
844943049524326405
844942820737658881
844757519104798721
844757086290423810
844588992234307584
844585920334475266
844583890173870080
844581267484004355
844217198650384384
844216908811456512
843922562891497472
843883873851199488
843882243533676544
843881545416888320
843452079322664960
843093562858209281
842751394004135937
842750197058818048
842395934864494592
842394587868024833
842393903277867010
842060995228983296
842048348248977408
842047120794308609
841766732477808640
841698813739917313
841698577114005504
841696239943008256
841691645129113600
841691552065900544
841689813828816896
841688531370033152
841687653254742016
841686559048912900
841328628881219584
841297956045123584
841296922463752192
841295680496779264
841295292150378497
840936766362202114
840936137296293888
840934897686474755
840932798953218053
840549701992689665
840549472815857664
840548744126910464
840205656330190848
840204640650059776
839843593036558336
839841384093761536
839532784469233664
839531990323888128
839524882337583105
839521408321384448
839140297837694976
839140237502644225
839137930694160384
839136996811419648
838780733304922113
838761809481875456
838761286204719105
838759292643618816
838475333498122240
838442946949062656
838442512066846720
838018430900940800
838017767915712512
837698117608734721
837680633866420224
837332795282227200
837332729561665538
837325122142756865
837324092306927618
837323523630641155
836964444924076032
836963184892227584
836661726107975680
836615653125570560
836615289080983557
836614138986020865
836233555625689088
836233195972546560
836029707099353088
836029441910292480
835922614149210112
835878199544303616
835876097724030976
835480595085979648
835129781981044737
835129075748331522
835129001655951360
834974615898185728
834798210409385985
834797462971834369
834796440228548610
834796054805504000
834795547693244422
834535499020722176
834407681729323008
834406605147906052
834406063298355203
834405567087071233
834404678196551683
834158203264856065
834126312298000386
834120111208357888
834119776062500864
834117762297401344
834105351494512640
834102522465841152
834102329334853632
834071594116845570
834070762717745152
833831786106871808
833705861432250368
833704127175675904
833380299371261952
833356684126851072
833353344047407104
833014528581308417
832605592862679043
832603982375718913
832243313419825156
832242021280604163
831989874353803264
831972170632802304
831870253151817728
831869750988861440
831613859840471040
831573810470023168
831573623261368320
831552487320481792
831260688483954688
831181901398355968
831175743983931392
831171655976095744
831164510333345793
830975535475945472
830876095629058048
830807129921511424
830806229056253953
830404722985095170
830404198961340416
830403409060655104
830026533892870144
830023879305240578
830023696932671489
829724134619828229
829724017372205057
829718634444394497
829717876063952897
829348256446492672
829347391648133121
829346123282124800
829345353182826496
829343173314961408
828982776800038912
828981123942277123
828980807209361408
828620070146314244
828618665448792066
828282260495282183
828264107354710016
827874704597803008
827726990207639554
827726921035190272
827647017144901632
827540928835383296
827539234676355073
827199365693399042
827188148912300032
827187872558034944
827187326769991680
827186274096214017
827185237037715457
827183626118770689
827182629623521280
826886017806249990
826836998241411072
826836514499817477
826462040654958593
826456762878349314
826157750484824066
826155818198331397
826154087183896576
826080494345347074
826078185506770947
825755779806351361
825702587332562945
825702188135510020
825542692306247681
825462678705410048
825461851051810817
825460601434435585
825329048796565504
825175730845724672
825049323746390016
825049182515761152
825007354672353280
825006207702167554
825005771700137984
824679184932876288
824647587282120704
824646780255997952
824643230960488449
824641844067782656
824293592067809280
824289900178481152
824288379546181632
824000457274032129
823951639857930240
823922302303600640
823922058073513985
823921761620066304
823921132730335232
823572671426244608
823547774813675520
823545606119374848
823324760201232384
823212380028928000
823211984602599424
823209633145765888
822796943831109632
822790588894302208
822575529329127426
822498307574403073
822496710144364548
822494016184799232
822493415409491969
822211150796374016
822117800822964224
822116757133348864
822114749651390466
822113829744033792
821747714396332033
821747434539794433
821745529264582657
821744858964471808
821415757602926592
821414101347758080
821412109082705920
821398906277793792
821397909899882497
821396430828883968
821395222160515072
821205987759562752
821043242376445952
821022849326403584
821021741824651268
821018553604157440
820755486630768643
820681550798864385
820681084551577600
820461625891139586
820405460725481473
820252714332352513
820102357409140738
819943698171465729
819938110028926976
819754285739032576
819594608434810880
819578969376755713
819578561103171584
819573068351737856
819266594568159232
819217921440264192
819217037075431424
818909197710434304
818852221173436417
818851972870569984
818476559216447489
818474815845605376
818474710883188736
818152533575155713
818152145056694272
817723146627227650
817481931776344064
817444563526651904
817413769265442816
817412485900705792
817411629570617344
817086939534794752
817064009459347457
817063431303892993
816860212267094016
816859749983481856
816689931984650240
816689872907796480
816689279455805441
816687207276691457
816686690374848512
816387810487697408
816331460646817794
816318811930398720
816149584414003201
816097415686041600
816096931982155776
816086584541884416
816059979534770177
816059852887732224
816029610114576387
815988981355548672
815988223285465088
815601109288919040
815600483758768128
815599629853069312
815581739955286016
815412810746212353
815231215405928449
815230575791345664
815230074056101889
814904375545982977
814683097086062592
814616795067711488
814557120309776384
814543159178842112
814543032359886848
814516396239376384
814515770411532288
814154560126128129
814153865125855233
814152942588555264
814151439907897345
814150166726881280
813978187243761664
813791638438805504
813424913889398784
813069639286566912
813068527540125696
813068141924233216
812758005053726721
812688269930434560
812686917187682305
812404628012736512
812353526147883008
812178956572995587
811796479358574593
811702131849760768
811648284590645249
811636151857483776
811612614321016832
811610443248648192
811608361313546242
811322623778902023
811321838345199616
811321417442553856
811321029846933504
811300463433908224
811290915071467520
811241677612548096
811241157577625608
811238217471160320
811237235743985664
810733178684141572
810728266805997569
810542491854393345
810541892303749120
810305705823662081
810305401392664577
810275419308040193
810274699343228929
810272143032352768
810271771366715393
810270863887106048
809942506880335872
809496397192040449
809455360800980992
809254361385738241
809084611137372160
809067392181538817
808885624191094784
808751226263203840
808721838897446912
808685401615413248
808434842194964480
808427031738232832
808426369776398336
808361581511774208
808359608112644097
808358631234093056
808356908042067968
808172830546227201
807999019926466562
807801152859357184
807800912831885312
807583588220706816
807564069376929792
807563469079744512
807562711840100352
807432563883003904
807342982365999104
807329342875312128
807273558292369408
807272576527413248
807272497909374976
806914908851843072
806914143039070210
806711102348242944
806613707052630016
806527516206714882
806197136014524418
806184761416781824
806157218424832002
805996321857368064
805890157530361856
805889365603823616
805563947839434753
805446553141846016
805445660656824320
805445034870870016
804866862194360320
804866085497569280
804775917398552576
804739311367168000
804716452037074944
804377202347286529
804375218047197185
804000958753554433
803995192034373632
803993714427211777
803626206587326465
803337150053789696
803255859589459969
802926959491547136
802671167211327488
801998006287355904
801880823800549376
801832191961362432
801831757637001216
801831373560348672
801830337286242304
801508653228404736
801468342481453056
801157178581098496
801111606255960064
801108649628160000
800915688005079041
800822813917466625
800792788463853568
800785687683338243
800751181135900673
800378418869080064
800377658437607424
800374339308634112
800368516826177536
800094443852341248
800094053396148225
800093460959105024
799797072954204160
799722146683494400
799721724673552384
799693331756261376
799665007944314880
799664946342600704
799663857794850817
799662561289379844
799372470792790016
799349816417341440
799349596849770496
799349190899867649
799348165065338881
799347757517402112
799339600191713280
799294251238469632
798931654915944448
798926352468426752
798925692670865412
798925287677231105
798924839713009664
798924676244176896
798625985381875712
798567834867548160
798566994412900352
798232548782444546
798201880472010752
798197702639124480
798007363156348928
797909463227199489
797880811026411521
797880166546448385
797879815684509696
797878275422896128
797877835171926016
797876558761316352
797874534544089088
797186145524203521
797107822353711108
797107463388479488
797107303333801984
796930072670146561
796737062389084160
796580546512089088
796482826908483584
796456409357434880
796420862282895360
796211418626342912
