1254668233505996800
1248908375724875778
1248183731569020928
1213371682313900033
1199581541149622272
1199580831469232128
1199580505924079618
1199579256864555009
1199576602302177281
1199224628075515904
1199224521682759680
1199224373921681408
1199224146728771585
1191242137838477312
1191240650903244800
1191240215068844032
1169660917296128000
1169187973545517056
1169187886270472192
1166410390034616320
1166407469607849984
1163829161577865216
1158861499017965568
1158793467197349888
1157201490047569920
1149947670137593857
1149947616513449984
1149947085120139264
1149946689425498112
1149945753932091392
1149945587380494336
1149206379170795521
1142683184477421573
1130352164487028736
1130352087253037056
1125286910295986176
1121309570721288192
1118081366846054401
1117671448519200768
1115512816029569024
1115512300289634304
1115512017090170881
1107967197593460736
1107967076357021701
1102130594127990795
1102130045634658304
1102129300298518528
1096300321217880064
1096300243895894016
1096298320253931520
1096297541514203137
1096297536376238081
1095571062144815105
1094846856276910080
1091447880592883718
1089543722759536642
1088689900889751553
1088688814808358912
1088688644402176000
1088687833395724288
1088687517640085504
1087811095270707200
1078941315855978497
1078929772477104128
1073944040322813953
1067736349292150784
1051533020044427264
1051527470833430529
1051459036690960385
1051433013161144321
1051429730392641539
1051426340929449984
1051426302245384192
1051426237183381504
1051426065623724032
1051425016418627584
1051424814966149120
1051422320974286848
1051422154640769024
1051419389352906754
1051411060639584256
1051408879073026050
1051408623291777025
1051401454496419840
1051394728980336642
1051393217353187328
1051393061715144704
1051391966406201344
1051376689467584512
1050684117245992960
1050667585698594818
1050657028102737920
1050656371211788295
1034694234782216192
1034694192860147712
1031154646491045888
1031154450025664512
1030708633028501504
1030708299690373121
1030708079925633024
1027212388184076288
1027191354219290624
1027191035523424257
1026453784434810882
1026447854712352770
1026424083251191809
1026418499227451392
1017033763744829440
1016059704886333440
1008602839894102016
1008602569168576513
1003517959019618304
960991007654457344
954635268451119104
954634987168464896
954634933426941952
954506973940240384
948833097239400449
948829262878007296
948828750485082112
948828489347629056
948828168420552704
939407396669095936
939071317638336512
939070423391711232
936849274985357312
934177477714501632
931167296713830400
931165353224359937
931163369347997696
926352263592992769
908187578712707072
907183417640603648
897567902286712832
897567808896331776
897565941248274432
897565776911241216
894178288645623808
885763723327139841
884744871101247488
884526546639257601
884512578327719938
884495101749329920
884405403244802053
884405391555166212
868923227699113984
868916497028173824
867687399605841920
863645620011192320
861503756936126464
857364805996470272
857360646643568644
857360568784756736
857333247608541187
857332801544241152
857331340420755457
857331135944241153
857330917559369728
857328928075251712
857328462767558656
857328119484755968
857327796959490049
857326660462489600
857326040443740163
857325800953180162
857325402150367232
857324692495118336
857324110116003840
857323593021214720
857322898289250306
857320681553481730
857320428922175490
857320111253979136
857319224292855808
857315828324343809
857315511385894912
857315097907269632
857314401543741440
857314202628870150
857313844393385985
857313616063856642
857175892354883584
857171233212948480
857171198823804928
857168443199684609
857168405438369793
857168343790473217
857168300337508353
857168280682934274
857168265054998528
857168246281297920
857168224781250560
857168200089423873
857168180342599681
857168161564708866
857168136373710849
857168118057242624
857168101464473600
857168069956956160
857168036553510912
857167991577948160
850728180067520515
850728155522494465
850727493694873600
850725988673695744
850725494475685889
850724660799000576
850720966355415045
850719357466533889
850719332963414018
850714947722129408
850708157194285057
850706218154954752
850698093662228481
850652467654217728
850652443008540672
850651668530286593
850651634422222850
850651456319492096
850650131183620096
850649664630251521
850648100150665217
850339524618178562
850032380039622662
849547455389716480
849547412205162496
849547376608112640
849547261256376321
849537577665351681
849537311687749632
849537294218481664
849537272928235521
849537224827969537
842488326179426304
842419634171179008
842300822620901376
839950645826310144
839950580193902593
833314318854799361
833287336427450369
833280228592144385
832913987000029184
831113461165854721
831111341301694464
822545944260575233
822545920021696512
822501686019235842
819181985432268800
808224769191583744
804963919630581761
799878048610914305
799741723207417857
799741714873233408
799738270997282816
794821592593338368
794821293707235329
785376517241143296
780436647074816000
779235027611779072
778887834241527808
778887797860134912
778887230710489088
778345186946678785
778337242553126912
774202104411983872
768060762480844800
763429797682941952
762275414446309376
761545061385601024
761544947841568768
761211944053379072
761211653350367232
761126787615260673
760248902662623233
758889874778787840
755771816837255168
755646413011378176
755630532688510977
755120257078001665
755052288159412230
755052167829020672
755052124908683264
754949245464113152
754914665348628480
754914515406422016
754673965768044544
754332801672019968
754330999572627456
754255904099401728
751728739877285888
751728609967079424
751728177442062336
751725024436948992
746216228490862594
739001309613985792
728086762635976704
723064098120818688
683229488306622464
683229455016439808
664923273558405120
664922922771943424
664921036190797825
664921010077081602
664920932314664960
664920780061466628
658714075929706497
627824246371299329
597336419711975425
574175734773710848
569406908576239616
544818645944508417
544817685948035072
544817424290557953
544817371006124032
544817058656305152
540482234877501442
540206467287384064
540206306054123521
540206280141701120
540206212097527810
540206136914620416
540206120007368704
540206094824787968
536809102987771904
535033468225585153
533904745896116224
533904709921550336
533904624739434496
533186246450094080
533184540068831232
533184049234604032
527384836525543424
506488587744215040
506488549898989568
445555337874407424
445516708334559232
442404892813303808
442218785442131968
434964396201095168
434963235477803008
430225979248631809
421676007322427392
421675444925390848
421675106814164992
421270007532625921
419994170359816192
419112120924778496
405303804608135169
405302672086941696
403592758403031041
403481298619994112
403481044252233729
399504052846735360
388650045685637120
388646913383223296
388645198252998656
388644942287220736
387708132086263808
386865529622777856
386861374309036032
386860291390058497
385711349432451072
385350881777946624
383221515623223296
383220575298002944
383177724686118912
383176099514953728
383175680042627072
382089554255048704
382088896185520130
381358319468027904
381308097043906560
381287810835415040
378776181878714368
377050702037942273
377050214257152000
369443541635698689
369443436396421120
366838062849863680
366592021391081472
366590336581111808
365102344075096064
365102141871898626
365012958029426689
365012787480625152
365012440951435265
365012314212151298
365012181969928192
361128431267741698
360064007236878336
360058253297721344
359970309849358336
359969978734219264
359692810716323841
359614487550099457
359609423594926080
359608958132039680
358130527036899328
357759824806686721
357756099660750849
357459037874438144
349062458650030080
348320634910162944
347104561623883776
347103653691265024
347102756441571329
347102670395416576
347102415910223873
342806686060408832
342801586990510083
339094542567493632
333180614666760192
333180474983845888
331468997965012993
331032500539371522
329857184588505088
329856739946151936
312601765478535168
310066972811485184
305010811007553537
305009961837154305
304836591854182400
304685358791139328
303454996102537216
302884197318656000
302882038330044416
302721844518211585
302718623745728512
302665910198628353
302431111462649856
302430371130249218
302426513125564416
302424781695885313
302423098588807170
302422533066616832
302422207416639490
302402440794370048
302081868336087041
302077565336698880
302076435047276545
302068853452722177
302067873013190656
302067312058572802
302066759404494849
302064928678887424
302064531419590656
302064158751457280
302062834085416961
302062376436498433
302054784586903552
302052983133335552
301721305017884674
301719820750180352
301719408869519360
301718383429287937
300068649652326402
299760786845351936
299463755031527424
299462982134550528
299460656938229760
296578316205428736
294837675695939585
294837533035077632
294541599709474816
276612547292057602
273911271949217792
273907678575730688
273902568453861379
273902127926108160
273901898883551233
268793348930822145
268335045650046977
268334386942992384
268334111758901249
266447487248760832
266445286635872256
266444739669278720
263891152846069760
263890493572788224
262088452366032896
257931392007159808
257476662277595136
255769438748561408
255768969179443200
255768591432052736
255768043060355072
255767238454415360
255057831596814336
253950402683351040
247437037685325824
219769073918148609
186435853084655617
184726194569232384
182599101853081600
182201797635612672
179699051363708929
177657088678440960
177264459675484160
175305790423433216
174369654683348992
174082259152941057
173666211450732545
173660966297419776
173657818489036800
173655813553004544
173650216799580160
173318673266769920
173296801984684032
171637469282975744
168619179300233216
168618453891170304
168227348083257344
168226741779828736
167015650508804097
166715682950615040
166410284783771648
166397454831460352
165853486968340480
165851129396207616
