1330071724784803844
1329759084866768901
1329578429818175489
1329540197495627776
1329255647477592066
1329219968219561984
1329219709435211778
1329217250847461383
1329217179292639238
1329216030690791425
1329214511039954944
1329204779570974721
1329202545407913984
1329201770225037312
1329198825546760196
1329197822827130881
1329196999741038595
1329196592616722434
1329195897750646784
1329195064598228992
1329194458768834560
1329194000201379840
1329192880712208384
1329172475582713857
1329153166936444928
1329019235163508736
1328634211603890177
1328633910436065280
1328291699081154561
1328255978052100097
1328255274973491200
1328136789555519488
1328098473908920320
1328087673500680193
1328086343587532800
1327151374283452417
1327123633186230278
1326735820053651459
1326291804136730625
1325550626407763969
1325003456566886400
1325001802496925696
1324916181241794561
1324141784063123456
1324119927695966208
1323856110315401216
1323769181888634881
1323768832830263296
1323762549112778752
1323217707186089985
1323198535324499968
1323133729452158976
1322495423068610560
1321983660183023618
1321892227069534208
1321709419353178112
1321419124166197248
1321243903912079360
1321044563415371776
1321040360441704449
1321034043589230592
1321033923598508033
1321033846142349312
1320952118765760512
1320952032887406592
1320936559588175872
1320840518549422081
1320816754336038912
1320669865062002689
1320669685940015106
1320654824770134022
1320604592552333312
1320604114745606144
1320603808607580161
1320559771464810496
1320539751292653569
1320539405820411905
1320320233614143488
1320319653567107072
1320265627240591361
1320250792259899393
1320250459811049473
1320250392018518016
1320172553382498304
1320090919425617920
1320089848426889216
1319885579203457028
1319529050818277376
1319528424981946368
1319234773257121794
1318855256919265280
1318634564864991232
1318349526759927810
1318312581069561857
1318311766720278528
1318293845176582144
1318293233076555776
1318283925844676608
1318079869041831937
1318079175035551746
1317969932907261952
1317969721921163264
1317763511653552129
1317639115702034433
1317574488976863232
1317437980861100032
1317421472604770305
1317382062509232128
1317379954502291456
1317290004113076225
1317268313983000576
1317266079673053184
1317029922695598080
1317029902298673152
1316474791432347649
1316474453761519617
1316473827660951552
1316328649818218498
1316286121299460096
1316285583388340224
1316235838322176000
1316233482536849409
1316178593416765441
1315916078686511105
1315775758078414849
1315607336765976577
1315591964142624768
1315591314595954697
1315591291896360960
1315590888584736769
1315590786512158722
1315481357435375616
1315457559952719874
1315125430945415168
1315125045149065216
1314753846917251074
1314753421711343616
1314752862094716929
1314752517457104902
1314751824830717953
1314751694039707648
1314351425976057857
1314315313094119427
1314142696571760640
1314142330694234113
1314141776488230913
1314141625610727424
1313931597536620544
1313671492790411264
1313637293521924096
1312197566902091781
1312194196363636737
1312194079573241856
1311844336506601472
1311843863603027968
1311843761626857472
1311446382939578368
1311035719092023297
1310814962810462208
1310745705955254273
1310731038587453441
1310555710711717888
1310555689744437249
1310440550500163584
1310440544691126272
1310440478362402816
1310439947698974720
1310439813573521408
1310439774457528321
1310392542509187072
1310366181627371525
1310333918877425665
1310322229524062208
1310321819040149504
1310169217971269632
1310169182621691904
1310168517770002432
1310168219341058048
1309682482816512003
1309680463556931584
1309325301491490817
1309303339272687618
1309303168346415106
1309302491968712704
1308962488361254912
1308629268809695232
1308525429112729600
1308524791788257280
1308227956288888833
1308227715883888640
1308205237811863552
1308191110469046272
1307641430173646854
1307551425459757056
1306720640959827968
1306558469374320640
1306519083207196673
1306505230222196736
1306132763729301504
1306132681705402369
1305695391376052224
1305695285901836288
1305452109794426880
1305452065401913344
1305401572650676227
1305401405327302656
1305111722173161472
1303950898377310208
1303950695360376837
1303431081455017984
1303252559897833472
1302750131775705088
1302426371872890880
1301305599880126464
1301004659608363008
1300600471543975936
1300581370561835008
1300576295802171392
1300576243302055939
1300576202462097408
1300575312736993280
1300569317247868928
1300568165785640960
1300567742391545856
1300260739735629824
1299692900163305473
1299691227764326400
1299690756362235908
1299690680164311040
1299628921294471168
1299514624245522432
1299514249669087233
1299514153166462976
1299513838258147329
1299459217376518144
1299207722966024194
1299169408036732928
1299168824915230721
1299129559560810496
1299129510034432000
1299129166344806400
1299126774027046913
1299107123779915776
1299106027644706816
1299106015003045889
1298893153244557312
1298876935922053120
1298803962783531009
1298470669991067648
1298450644886384640
1298053863329603584
1297732301846020096
1297677534104915969
1297466109428260865
1297402207231340546
1297402158808043521
1297078707325026304
1297023996018360321
1297023871237980160
1297001897732136967
1297000272577798144
1296936000870952961
1296918438464520192
1296776850899791873
1296776718116515840
1296762717575843841
1296762243573399553
1296761898273083394
1296327256495624193
1296261472067055616
1296261372850757634
1296058505644761090
1296056185284526080
1295951922680086529
1295858610803585025
1295662429473398785
1295662409911132167
1295662115768786945
1295661637962104833
1295496521987657729
1295492540620185601
1295470374503636992
1295470052871831552
1295469766656704512
1294950795209711617
1294947794696822785
1294828098676957184
1294759127772610561
1294752391107981312
1294751220955922432
1294532827187306497
1294532653060825089
1294466850311397377
1294444105280311297
1294433456999370752
1294432760132587521
1294432301208633345
1294432275694673920
1294402585160380416
1294212231882657792
1294211925702631424
1294210088450760704
1294093075019571201
1294091770322591744
1293716309033680896
1293716269762371590
1293668935380811776
1293467822320828416
1293382448760238080
1293382019641090048
1293308432112443392
1293307633437249536
1293140013148827648
1293125986779684867
1293073878592323584
1293016830806650880
1293013177060343808
1292953352087642114
1292675154418364418
1292410500223922177
1292405673347518465
1292405455709323270
1292285341261389825
1292280295522054144
1292278274811285504
1292224389434441729
1292038096091901952
1292034477535854593
1292001516610416640
1292000080195514368
1291838517429932032
1291837900867305472
1291678905892388864
1291514697632497664
1291510857059295232
1291316350984450048
1291301818484453377
1291301392674512897
1291301292204122112
1291230129255931904
1291190364942999552
1291188357981065216
1291187775669022720
1291187626024636418
1291187594915528704
1290955313785368576
1290955056028635136
1290786983107690498
1290748001825087489
1290747766419775488
1290747286822064128
1290588024510664706
1290518247142330376
1290518109862862850
1290517565354029058
1290517557145776128
1290517545741557761
1290517307450511362
1290514519328845824
1290514089228156930
1290513869010374656
1290513771224371200
1290249208688123904
1289904317932040192
1289893564852219905
1289871725119725569
1289803729974120449
1289802258943680512
1289769346613444611
1289759420239319040
1289759085366190081
1289734114157817858
1289733429626408960
1289553382080880641
1289551375475462145
1289551083103117319
1289057298648723457
1289029692964528129
1289029591915405312
1289029468548341761
1289029338134794240
1288802094686728192
1288801850758590465
1288801812506488832
1288398004890656769
1288396063078903809
1288358367581237249
1288321726166663168
1288321670919331843
1288295318392467456
1288235377329762305
1288234102089424896
1288229634862010369
1288060222422974465
1288059970794053632
1288048618260148224
1288048407609655297
1287940206520201216
1287907247343845378
1287906570529996800
1287693964896739329
1287693929081528320
1287619080363503617
1287520005014171648
1287148776285593600
1287146329941008384
1287145754407051264
1287145740456747008
1287145359131598850
1287145122413416448
1287144725892358144
1287144553439322112
1286986947139788800
1286853671007842304
1286853281717686272
1286853190680371200
1286853137505034241
1286852832453263360
1286843667836047360
1286843627335892993
1286843600517517312
1286670640469045249
1286670575214030850
1286670262067372032
1286669631877287936
1286488309141626882
1286488288442761221
1286488142992666625
1286485096627712002
1286203692945817600
1286203639002853376
1286146781894438912
1286145587746807809
1285908763690455040
1285908421754023938
1285841659318558720
1285833785796210689
1285833751411343360
1285833734780944390
1285800048488353792
1285799582333456385
1285798941133377538
1285798570939969541
1285773977667821571
1285705209495400448
1285699029763076109
1285682992854204416
1285682589668454402
1285549620483854337
1285539986477993985
1285539705035952128
1285539306036015106
1285481838786383874
1285481783669092353
1285481750773133312
1285480934121156609
1285480901783126016
1285480211610361856
1285479419411222528
1285479131140907008
1285351832248705029
1285351754444333057
1285351712224538625
1285349830861062144
1285347419287203840
1285327719136296960
1285159103006797826
1285158216444207108
1285157087543083008
1285157062310125568
1285156870756241408
1285068349861330944
1285061775151382528
1285028706788864000
1284969806869876736
1284965865067175936
1284963923230261248
1284727574459895808
1284727523218034689
1284702723393204225
1284702520741249024
1284701706375147520
1284689714553843712
1284689079691472896
1284668430780522496
1284667988184973312
1284667427129704449
1284667083901423617
1284666841260945408
1284602977018212352
1284602945594552320
1284602571227754496
1284602331678388224
1284345936634712065
1284345686650056705
1284085131574013953
1284085097390456839
1284082815399686145
1283984627871264769
1283984568211521537
1283926342732374016
1283926123215073280
1283926093972398080
1283925282148114434
1283924983169708033
1283682440586776578
1283606205672247303
1283605975832788993
1283537459435810816
1283519292718247938
1283519020986019840
1283518924122775552
1283518405631332352
1283299897802813441
1283233057214828544
1283233009802424320
1283232986767323136
1283221245081735169
1283219797442834433
1283219181500956672
1283216302291644416
1283186930092392448
1283186809665581057
1283008210345922562
1283007896054140929
1283007604264861696
1282882966750781440
1282882787733716992
1282882689821839360
1282813539674030080
1282805561822572547
1282789928472961024
1282789321062313985
1282789098185342977
1282611156113190912
1282607727131254786
1282607413372153856
1282605540602834950
1282547047007043584
1282531505298763776
1282530801301610497
1282530495507517440
1282519147142881281
1282518962517897217
1282503340329275393
1282500696152010753
1282443575045656576
1282441691035664384
1282233330612592641
1282233258055356418
1282195898638819328
1282137388425199617
1281881341110317061
1281880264029769728
1281879158612615168
1281879143877971969
1281878923983253510
1281878407366598656
1281446360756043778
1281443813974671360
1281443765387845633
1281399337809874944
1281330847363166216
1281329686442684416
1281199132527390722
1281198963207450626
1281088639733075968
1281088212182552576
1281088197787652097
1281088185712271361
1281088175432019968
1281088164317196288
1281088157417476096
1281088090623234050
1281087703543508992
1281087516846653441
1281086377698852869
1281086219770683395
1280745652020862976
1280712220045832193
1280424089056800771
1280365036108537862
1280355313112059905
1280353422802182145
1280353086880407552
1280352190872215554
1280352079144312835
1280297172861255681
1280296807923240960
1279946082286399489
1279330579595456512
1278853869766733824
1278156428813860865
1278112692570476544
1277418438315540480
1276990726895661056
1276786780587429888
1276786732852064259
1276270342525222912
1275979645712650241
1275620268656832512
1275616677116260353
1275589535070478336
1275577056172990465
1275022380256030720
1275020651032539138
1274857873923731457
1274618578503733250
1273917089879752704
1273006959906615296
1272857317659176960
1272855930195959809
1272029622234869760
1271779671605035008
1270474585251569665
1270277613404090369
1270099959837122560
1270099808259170304
1269841705487921152
1269754597788094464
1269745963553263616
1269482517041537024
1269424941163675649
1269424395254022144
1269424080630870016
1269423115559243776
1269192194948128768
1269188336112943104
1269064161935278081
1268756894534864897
1268719700759859201
1268718754814296064
1268496759933644800
1267035416152043520
1266993438152482816
1266993036505919488
1266992823049416707
1266992171728568323
1266858624954986496
1266638547085193217
1266636856369704965
1266636555919056896
1266636391514927104
1266192928071802881
1265929888302686208
1265266045838753792
1265126004143427587
1264477492280057856
1263766269683064832
1263766126237937665
1263766029756329987
1263632874055426048
1263632126139748353
1263446149815431170
1263444799773765632
1263335766941294593
1263335555959386112
1262871703333376000
1262155989643481089
1260680381193314306
1260512705212899328
1260342726467280896
1258688327076593664
1258124298914430976
1257092681118781440
1256875919186120705
1256687060007542784
1256685324861763584
1256685293295382528
1255774168743723009
1255625814432858112
1255080146479878151
1254918693240229888
1254745211198038017
1254691329721823232
1254685871544037387
1254513140659744768
1254219972085051392
1253541739291275265
1253508166697930752
1253420631867047939
1253177945025204231
1253063705417277440
1252861445936566273
1252821233831301120
1252727294386335744
1252704029806714880
1252170937199292419
1252163476652355584
1251342117957300224
1250927166855905280
1250595542628884480
1250277321174421505
1249976289957515266
1249479324396208129
1249478315053727744
1248821409087774722
1248564856401219585
1248564221496836098
1248562830187458561
1248371677542486017
1248132661312229376
1247643982596681728
1247465968927825921
1247456072085827585
1247279214258077697
1247135992340869120
1247135833573847040
1246898943142662145
1246898554548801538
1246746088251355137
1246740663791538177
1246739937031929856
1246737143638011904
1246298733094076416
1246279433465376768
1246270250498187264
1246200513965645824
1246196884315627521
1246196871019651077
1246185667937234944
1246185162871693316
1245991271736307712
1245583299348578305
1245490140044091392
1245465409727287296
1245450996731400193
1245443057572442112
1245256042935545856
1245255992045998081
1245081925884100608
1245081401541529600
1245081084611592192
1245080227518107648
1244925407834431490
1244914227241840642
1244914141044674561
1244914109495164928
1244838712845852673
1244818226724229121
1244764597275389952
1244754198643630080
1244570602565816320
1244560226184880129
1244559903873585152
1244558742814769155
1244516566021992449
1244390181735559170
1244390029473894401
1244389821579026432
1244389542229991424
1244146361643106304
1244145679494074374
1244144894785908737
1244144710630834176
1244144571610615814
1244058649732898816
1244055068690669568
1243802742750994433
1243802712916905984
1243795390874267650
1243795175777775617
1243790875857014784
1243676672911495168
1243675859879211009
1243103285822681088
1243021018156818433
1243020509572464645
1243008751369510915
1242765106036891648
1242764481999978503
1242763985159503872
1242763851763814400
1242763093270130689
1242742956265635840
1242742758328025088
1242741719482781697
1242642460326559745
1242642245611687938
1242641946931126272
1242641546882600966
1242209936433528832
1242209769223376896
1242209753217945600
1241824996730621952
1241824712210046976
1241621962494857218
1241621746031026178
1240567407644520448
1240566803874504704
1240566494389350401
1240208406901743616
1240208156753420289
1240023747907604481
1239756062984564737
1239294847715913728
1239294327055998976
1239124504682496000
1239084454468915202
1239077497884438528
1239077011470946304
1238718951321817089
1238553205090349056
1238046779691560960
1237976875990802433
1237865170325528578
1237848004289122305
1237847604555177985
1237319044786581504
1237124231906770944
1237124181554114560
1237123575607259136
1236864475514327040
1236820748829851648
1236767703773245441
1236767580741758981
1236604451424632833
1236601478996877318
1236601459447173120
1236155938706345986
1236018379065978880
1235750986204864512
1235654391580856320
1235445289898528770
1235445245908672512
1235071240483655680
1234997372976914432
1234964731657457665
1234958264141373440
1234340823837204481
1234226059714805760
1234223688892813313
1233166621599879168
1232881163347189760
1232880915719655424
1232817424744894466
1232806045665247232
1232530498007650304
1231900630400192512
1231898997662437376
1231898518589067264
1231808795933724672
1231692819514843137
1231692466580901888
1231336808815841281
1230976944532905984
1230975422487126016
1230268488855351296
1230002435696914432
1230002275793260545
1229876379224702976
1229873223380062208
1229857945103392768
1229695240014950400
1229686151121780736
1229617038445830144
1229532090628132864
1229525008671657984
1229350163476443136
1229349695455031296
1229285187655098368
1229220744015400960
1229173411777114112
1228963305185611776
1228962920408551429
1228876357532172290
1228875483787300864
1228453424154365952
1228452014620692481
1228451744700436480
1228283132891107330
1228140964822142976
1228126169268023296
1228093333953601536
1227765471010643968
1227736133317971969
1227735056757608448
1227700910182346755
1227556685511716864
1227556649021276160
1227464298970087424
1227316507761369098
1227316198574039040
1227058097291554816
1227057797197467651
1226824625088151552
1226797771421696001
1226797406206877699
1226797333225984001
1226797282093191168
1226742455912894464
1226683214581755907
1226659488465162240
1226616635533885441
1226616588796710912
1226616515123826688
1226597532354039810
1226597153486729216
1226445850559139843
1226275567894327299
1226267614462107648
1226102833763631104
1226054751168544770
1226054681132011520
1225999119363129344
1225999062790356992
1225909769497497600
1225908740328570880
1225607455855411201
1225548645275250691
1225527771579002881
1225524546129756160
1225259266228940801
1225253987869327360
1225251865379557376
1225240403877646337
1224795521971212288
1224578129018023936
1224288870046429185
1224283476708319234
1224267512075833344
1224265260569264128
1224265203455414272
1224265096303505409
1224132243162976257
1224132184488833024
1224131774130749440
1224055491266920448
1223897912997900288
1223897818273763328
1223897526157234181
1223820174802866177
1223820040283119617
1223800908632358912
1223727726592266240
1223483102120435712
1223450241975738372
1223448620302663680
1223306063954362368
1223305348716482561
1223303787818807296
1222599097120481281
1222343033766572032
1222277801862021120
1222037049563238400
1222036401018982400
1222017729659453441
1222017693701722112
1222017684696489986
1221980338794070016
1221959107772420101
1221880547036651520
1221656077294456833
1221654986175606784
1221654719971545088
1221654529256460288
1221654287672958976
1221653670439243776
1221653092887752704
1221249046494400515
1221244976748613635
1221244883756814337
1221244844913250305
1221243535560626176
1221241938688372736
1221238092494852096
1221237173065641989
1221236960955518976
1221236641114677248
1221236328852910080
1221235698117693440
1221235617763188736
1221232938290827264
1220604174087229441
1220603460673916929
1220603386564726784
1220575324099862528
1220574239129886720
1220452710702637067
1220452260402159629
1220451168968675328
1220450240555376650
1220445318489178112
1220221643944943617
1220221008189128704
1220213236756205570
1220093941648748544
1220093906416619520
1220072835252506625
1220072799668031489
1220065058190852096
1220064831706824705
1219831957288144897
1219798776094720002
1219798628828504064
1219798142096248832
1219757614323523584
1219505876920225792
1219505159052546053
1219450619838099457
1219382173372796928
1219381172234379264
1219227146142408706
1219225832192765952
1219189626734178305
1219189154136776704
1219187768372252672
1219187346286886913
1219128770809876480
1219128463103160321
1219127942682300417
1219009508657135621
1219009451912417280
1218998971646918657
1218074921370181632
1217970282142453761
1217911688323686400
1217910487616114688
1217761584539295745
1217721520484536320
1217718256187756545
1217641811138600961
1217610340654927872
1217610228654432257
1217525078465773568
1217311509056851969
1217303842435416065
1217303816913088513
1217234759127945216
1217234562863915009
1217234115646197760
1217220449815236609
1217217591933956097
1217183381160525825
1217182483545903104
1217180360506609665
1217180331649859584
1217179981840732161
1217038536089587712
1216992309994119168
1216966750438248449
1216965700914315264
1216965660175003649
1216965576720965632
1216903615446544385
1216893877396758528
1216862734043598850
1216656608551297024
1216459844632231936
1216458870664519680
1216455898459017216
1216222748130676736
1216222357649383429
1216222154171142144
1216222054917132293
1216221936084062210
1216221910767263744
1215946230947172352
1215946080195502085
1215870502826196992
1215869971181367296
1215794497180749824
1215771534939176960
1215771149889466368
1215771077315444736
1215770668203012096
1215770200718528513
1215770019365179393
1215768682225209344
1215741301527728129
1215739493665296384
1215737707088924672
1215737626990219264
1215737347083390977
1215737197178916865
1215737175808999425
1215378752923811840
1215378527127625728
1215378175061975040
1215377783192354816
1215117432328572929
1215116923442061314
1215116876579131392
1215116726720847872
1215081117021130753
1215071776801050625
1215071303067000832
1215065708247171072
1215065689687330816
1215050458777018368
1215047975962963968
1215047926793175040
1215047882056724480
1215017651770023936
1215016577327714305
1215007690885234690
1215006692133335040
1215006304835489792
1215006039675793408
1215005910617051136
1214804304025935872
1214801307187331072
1214800966865702912
1214800691585114113
1214785026887282688
1214782333577912320
1214780009509871616
1214779511583039488
1214775960660103168
1214775403845279745
1214752537149988864
1214728032570593281
1214727875934355456
1214727628692676608
1214727555485319169
1214726487766552576
1214709070080266241
1214708794371928064
1214656039234097152
1214655748010999810
1214655100750196737
1214654701582422016
1214654597341409280
1214653950885908481
1214422899592851456
1214422855720427521
1214422809268539395
1214421671567740928
1214421563392458752
1214421537794580480
1214421299331600384
1214421004757295104
1214420687152005120
1214420663315730432
1214367249965830144
1214367065127043073
1214366816266383361
1214366746775187456
1214366716773294081
1214361386496585728
1214346444850622465
1214344796992462848
1214286907191914496
1214126684380680193
1214126269039644673
1214126087707344897
1214125923051532292
1214125076099977216
1214124919451054080
1214124811804266502
1214102771508502529
1214100953579712515
1214067314028494848
1214066591815454720
1214066490317529089
1214066206249869317
1214065554593476608
1214064965788819456
1214064463793410048
1214060709346021376
1214056430266802184
1214048569168035841
1214040164625866753
1214039165802708992
1213997196820959234
1213996037997617153
1213995715904491521
1213994657555701761
1213920572557520897
1213919971614420992
1213919851338588160
1213919095667617793
1213918857481469953
1213918524365631488
1213918361022652416
1213917717830324224
1213905192107704320
1213905092715302912
1213899727432900608
1213899513540169728
1213899397982908416
1213899334460162049
1213899047062294528
1213898124206362624
1213897956459515905
1213897811936206848
1213897491168428032
1213897223106224128
1213897164419563520
1213896931442741248
1213761527926288385
1213760940430127104
1213760874311110658
1213760723949518854
1213692057736237056
1213692009237495809
1213691864743739393
1213691633423642624
1213691577874309120
1213691520873717760
1213655706387107840
1213655433790939136
1213655240559357953
1213655106186428418
1213654762291265536
1213653966501765120
1213427730240245761
1213427667233427456
1213427316052807680
1213360416320978946
1213360353293156355
1213360314143539200
1213314741214441472
1213254584354787328
1213254537554714629
1213254496412823552
1213254290258591744
1213254259887656960
1213254149988446209
1213254033432928258
1213253310817325056
1213252007089205248
1213250309440471040
1213246464157089792
1213246092243943424
1213245959058022401
1213245559097548800
1213245509084663808
1213245402670977024
1213244940743921666
1213244909219483659
1213228800747524096
1213228621973708800
1213210702480936960
1213209986941116417
1213083228182941697
1213082937907798016
1213082672676753408
1213082555588628482
1213081661803356161
1213081459755372544
1213081447130488832
1213080965238546437
1213056595472437248
1213056462307479553
1213056446255919104
1213056403062939648
1213044782353637378
1213044571283677184
1213044370888282112
1213044165065359360
1213043770301632513
1213042943264641029
1213042744974688256
1213042513939853312
1213025527587430400
1213020567856484353
1213020116255793153
1213019918787997697
1213000367216058368
1212999654293377027
1212999081703792640
1212998244566855680
1212991672126099456
1212991375983005696
1212991213319516162
1212991028539478016
1212990397053460480
1212990144564752384
1212988812927721473
1212988721319927809
1212895405148532736
1212854207276937216
1212853710809755648
1212853392915042304
1212851069807521793
1212850749362688001
1212850656052015104
1212850583918399488
1212850361074999297
1212849933683834880
1212849527616442368
1212849339602595840
1212848881521684481
1212707993910796288
1212707923719114753
1212707817028612097
1212707787689476098
1212707586870403072
1212706872953671681
1212706660541591552
1212706616673325056
1212706406031228928
1212706111234535424
1212705885316730880
1212705823094276096
1212705624569475075
1212705595834425345
1212705447141994496
1212705378439352321
1212655934104686593
1212655912432701443
1212649445168300032
1212649420149284864
1212649287206572033
1212649261755555840
1212648838252548096
1212648719176175617
1212648579506098176
1212648446240247808
1212648416020328448
1212648318217515008
1212648126135189505
1212648009244147712
1212647671623602176
1212610181701324800
1212610143797465088
1212586147295064064
1212586122007601152
1212585662735536128
1212584969261862912
1212584944922312704
1212576778192965633
1212576397949992960
1212576160359436290
1212575896189599745
1212575832343887872
1212562581618954241
1212562341331529728
1212559481558597633
1212557767803691008
1212557524752224256
1212556666111062016
1212546671285981184
1212544467229478913
1212544409813708801
1212540906332553216
1212540055589285889
1212539996017577985
1212539909283598336
1212539168573685761
1212539011807375361
1212538859235364865
1212538634005430272
1212538400055496704
1212538368837292032
1212538192739500032
1212501362476347392
1212499982449700865
1212499114346156033
1212499054216675328
1212498817490116608
1212498665845059584
1212498531249836033
1212497336556908544
1212496421003202560
1212496139770949632
1212496068652306432
1212495894668439552
1212495842084438017
1212495466740371457
1212495220698337281
1212494735782207488
1212494616382992384
1212494555355856896
1212494355140726784
1212494032040890368
1212293078330986496
1212274428869873664
1212274344816070656
1212274123344240640
1212261983262662656
1212164591314075648
1212164539875119105
1212164521432772608
1212164433700511746
1212164409998495744
1212164331850199041
1212164280902045696
1212164040820060160
1212163868199247873
1212010984815988736
1212010610474418180
1212010547547262976
1212010367095730177
1211964739359666182
1211964692387598336
1211964672762499072
1211964641829474304
1211964518080770049
1211959056740446208
1211958614383972352
1211938665670164480
1211938313851949057
1211938153927303173
1211938004631085056
1211937963233267712
1211937946145701888
1211937923651821568
1211937521447231489
1211937500303785984
1211937473225355265
1211937083683528704
1211936920638390272
1211936874035437568
1211936689725169665
1211936475404623872
1211934129417097216
1211928400559931392
1211922475950301184
1211922424612052992
1211922351043956738
1211922312653459457
1211921626859589634
1211921562225401861
1211755020065968129
1211754829183193088
1211625735267344384
1211625251768979456
1211625149109194752
1211625085771010049
1211624906003111937
1211623054519885826
1211622809375428610
1211622741356400640
1211605531107811328
1211402719908388864
1211402581622132736
1211402275752529920
1211357291552731136
1211355788658102273
1211207145137397760
1211206767884918784
1211206681335459841
1211148685922275328
1211147836009508864
1210669096372588544
1210654546667528192
1210529091851448321
1210325814396383232
1210325680795209728
1210319946837741569
1210317235111088128
1210316391393329152
1210315162348998656
1209968525823139846
1209783932931043332
1209783684771074048
1209694519580512257
1209694339955191808
1209351524129730566
1209299378940153858
1209298683637850113
1209223439665352705
1209222906485469184
1209217908909363200
1209217740591878144
1209217446961270784
1209029458084028421
1209021107417702403
1209020995274625025
1208907885498920961
1208626277621460992
1208626167684579330
1208625494788231168
1208505947917705218
1208505849506758656
1208505521973542912
1207887292519596032
1207871593562554369
1207871343816888320
1207623499843395584
1207410403430453248
1206767111080562688
1206681306551275522
1206675829020930055
1206675416280379392
1206390547331440640
1206366438027493377
1206329926049120256
1206318943951962112
1206318847113871360
1206312359410561024
1206311132907982848
1206309591580958720
1206044836505112576
1205961532586127360
1205954730775564288
1205324255136583680
1205324222643359744
1205234954273087488
1205082784659722240
1205082224250408962
1205074973737402368
1205073311287234560
1204864587734011904
1204853893693206528
1204853755344146432
1204727126286454784
1204725321196421120
1204668079046713344
1204667540674269184
1204667208867053568
1204667088956096512
1204667024980361217
1204663095160791040
1204662645762093056
1204658923690573824
1204581787990511617
1204496657343139841
1204339712795664384
1204299795373813760
1204298662848811008
1204266470135386113
1204256589063938048
1204255524344102912
1204244357055803392
1204243517863686145
1204239866642362369
1204239507714760706
1204209273556758528
1204201781405732864
1204164536531505152
1204164503014760448
1204124419699789824
1204122910337617920
1202812022301188096
1202802556377784321
1202800947002363904
1202701915219349505
1202447210270449664
1202197147111718912
1202196695666151424
1202116496391983104
1202116228510187520
1202116161384501248
1202026312279429121
1201747712279924736
1201746594216808448
1201746434766147584
1200893703931363329
1200537467280977920
1200212988814188544
1200212591814955008
1200212240143568896
1200183102871490560
1200177158036942848
1200177121718460416
1199931587665620992
1199432032792612864
1199427727536738310
1199426997748826113
1199426693099749376
1199286969416597504
1199181719372328961
1199147249487368193
1199146487424241665
1199141446189604865
1199085357960056833
1199083913169080320
1198924620427976705
1198838718951374848
1198838339241009154
1198837969886445570
1198837676939497473
1198728598321946624
1198728039850364928
1198727739324301312
1198727679370874880
1198685788340289537
1198516090520797188
1197667872908070914
1197667420430712832
1197665155884040192
1197664567058264066
1197664265928208384
1197663979092398080
1197658507891200000
1197657307259162624
1197656743137824773
1197653836854202368
1197653627717877760
1197472784919588864
1197472446166601728
1197471859740012544
1197332871041519618
1196998756035510272
1196998424765165569
1196901231681101824
1196576493817565184
1196250173795524609
1196191142548631552
1196191038190174209
1195925698491211778
1195925530027016192
1195627455114952705
1195481125939892224
1195440900601548800
1194939132834746368
1194738936955858945
1194738113345552386
1194737920915079169
1194571517520039936
1194526811771637762
1194486331528765441
1193970039751184384
1193969765187907584
1193659985386860544
1192910264108060672
1192910156717150208
1192701685442863105
1192701511639289857
1192563243044098048
1192548398055821312
1191574988312043520
1190488218044518406
1190131635338936322
1190093124728578049
1190071086160855040
1190066219300220928
1190021463329427458
1189862496808554496
1189861947115618304
1189706997005869056
1189672183385055237
1189134536799477760
1188695776504864768
1188695358248865792
1188628951578677253
1188397264185593856
1188174453064126464
1188173681635123200
1188173169745526784
1188173119342563333
1188172622665666560
1188172329764810752
1188172038218739712
1188020258822451200
1188019953762369537
1188019872845840385
1187944294377652224
1187944079209877504
1187942760222883845
1187911875779911680
1187911049493696512
1187910926730592257
1187910692642250752
1187910502942248961
1187910382314086400
1187910295831756800
1187485532542005249
1187485509460754432
1187485489600684033
1187265477195644930
1187241953735266304
1187181314706829313
1187180883230330880
1187180545186205697
1187117478016536577
1187117470726811648
1186756613597646848
1186602500691918849
1186167733383131137
1186071851258146816
1186071140961095680
1186070925084483584
1186070786710204416
1186067395837714432
1186067327214768128
1186066973156753408
1186066808173785088
1186066759599546368
1186066658764288000
1186064150167867392
1185830836760825857
1185657762669187072
1185443591990067202
1185434252986347521
1185430187569106945
1185048017377775616
1185047945726398464
1185047765413285888
1185046149360521216
1185046036936478720
1184934200937308161
1184601662645620737
1184601478301749249
1184601292041158657
1184601151221534720
1184601130321334272
1184017260626636800
1183651090404757504
1183495458326343680
1181531947262074881
1181157692192083968
1181149972055523329
1181147269812248576
1180819605981290496
1180078465975898112
1180077721285582848
1180077348911075328
1179963257659854850
1179930876576067584
1179727822631260161
1179244661757612035
1179227849712132098
1179227460354920448
1178553724773392385
1178553696818384896
1178416643598213120
1177454648224931841
1177103049631813632
1177048335632306176
1176986197689683968
1176983359878127616
1176982068883931136
1176981640368705536
1176762693962752002
1176729705535262723
1176729609951305731
1176610665860960256
1176385998629900288
1176298396795068416
1176259822171217920
1176258563561254913
1176257848948355072
1176241201701277696
1176241070994100224
1176094578950062080
1176087365372137474
1176087169728831488
1176018810966437893
1175892709497720832
1175604780875411457
1175382911438032896
1175382585666461697
1174808514226614272
1174808407422844928
1174779221886951424
1174778940918943744
1174482090965889024
1174072922681405440
1174072306131320832
1173879744011489285
1173826911409037312
1173713172764622848
1173570798449115142
1173568816074219520
1171908771242631168
1171518674315821057
1171207542061404162
1171190724269756416
1171188654510788608
1171186300604440576
1170856422990442496
1170843289055973376
1170825050003406848
1170824372531032064
1170447111147491328
1170446490667372544
1170176248233873408
1170107629454028800
1169591455939092480
1169104408862347264
1169080944533180417
1168982692597288964
1168834225014898693
1168770691564355585
1168726966750474240
1168422525350494210
1168380859985973248
1168378896804245504
1168289304897974272
1168282969628274688
1167201839743475713
1166867570030305280
1166844097643991041
1166707054976753664
1166689169210408962
1166538330143522821
1166477517697380360
1166466025686065152
1166209767406092289
1165419882197897217
1165391998850748416
1164683064137531392
1164357131358724097
1164356647684202496
1164317452953477121
1164315867301023744
1164117126543577088
1164114761270693889
1161844134132383745
1161391665879273472
1161028008066445312
1161027074166910976
1161026184206938112
1160687338592362497
1160054779386576896
1159728500481282049
1159672458716123137
1159667548117331969
1159667300087169026
1159666761785962496
1159666122355953665
1159665782680256518
1159664858310172672
1159664621042618369
1159664452670636033
1159664215071662080
1159664042929094656
1159663447685992448
1159662985993830400
1159662755944648711
1159659600628592640
1159658695627661317
1159658438827233280
1159656110506164224
1159655374753955840
1159652448992055296
1159298184847298560
1159247409945305094
1159221777739857920
1159207453172461568
1158993012719939585
1158974706621435904
1158917117233659904
1158904706942427136
1158903808556032000
1158903162226393088
1158664150425337857
1158663591161024513
1158497912868859904
1158169167561814016
1158168838443163648
1158131817037225984
1157907937076973568
1157192421198848000
1157051120075673600
1157050959073181696
1156838340546555904
1156692749015347200
1156692500121174021
1156548319046324225
1156379992462204928
1156379940822011904
1156378398047948800
1156378279764344832
1156377345671827456
1156374066569236480
1156324521269293056
1156181693939666944
1156181503350468611
1156180902944231424
1156180126750539776
1155956785397653511
1155956644246781960
1155787005977956352
1155725965407842305
1155725706019520514
1155721971440558080
1155656297645142016
1155656175314096128
1155655525972889601
1155264256826208257
1155263516330188800
1155262546951020544
1155262106947612673
1155019054668607488
1154677736717180929
1154675581381828609
1154674656294477824
1154672412467707905
1154637584649183232
1154626151307853824
1154623582753812480
1154594098134704128
1154503312193908736
1154308794614026240
1154308232405372928
1154224753114091520
1154207301684740096
1154207185192116225
1154177254034771968
1154176449793818624
1154176365073059840
1154149257382731777
1154149255939940352
1154137274285563905
1154012852354576384
1153567232267472897
1153567017737154560
1153566843732316160
1153566446061944833
1153566137780584449
1153565915943849985
1153565120452124672
1153564887072702464
1153564186066087938
1153408377239695360
1153408043675090944
1153407822735876096
1153230541107240961
1153220218996445184
1153062093140054016
1152083322429771777
1152073463504310273
1152073213146304513
1152009342272458752
1152008867057815554
1152007371775856640
1151096295416668162
1151040931564544001
1150530616389070848
1150198422047117312
1149914525103091715
1149420892616716288
1148859898374971392
1148845002807640064
1148844026956677120
1148737921945489408
1148499995567390720
1148499150066999296
1148456397639540736
1148456395945074689
1148456391872372736
1148456381713772544
1148456372352106496
1148456363086897152
1148456355679727616
1148456354006220800
1148456351699369985
1148456345810563073
1148456344220946433
1148456339900751873
1148450895543189504
1148431189876731904
1148431186106044416
1148431176123576320
1148431166443180034
1148431154816540674
1148431143005372418
1148431130707677184
1148431120372920320
1148423709222264832
1148423705103462400
1148423697180446720
1148423695758553089
1148423691451023360
1148423683507023872
1148423676905152512
1148423670076809216
1148423666352287750
1148354593333473280
1148354535561187328
1148354101614243841
1148181390841634816
1148176740436439040
1148176159043047424
1148172601354625024
1148168359562772482
1148167997065838594
1148167221388038144
1148165363944718336
1148163196651368448
1148063091684327424
1148063065394409472
1148028621413470208
1148007877925171200
1147041726873210880
1146990639227101184
1146574809293185027
1146573783278374912
1146252219886399488
1146176722745868288
1146032414403096578
1145889831987212289
1145814335748542468
1145805247824064512
1145804593558740992
1145804126913257472
1145597700198432768
1145597062727122945
1145527445937721344
1145470034006822912
1145451948146954241
1144439847815282690
1143783309924696065
1143058930748157953
1143058893376933889
1143058568708366336
1143058182895329280
1141637872342016006
1141511982735958016
1141511877928747009
1140842059479187456
1140841491482337280
1140840905806450688
1140840274542776322
1140839574677024768
1140832976915197952
1140832755908935680
1140832442195959810
1140831894906425345
1140831836471382016
1140831092900974592
1140812871820951553
1140807986517958656
1140807209304989696
1140807118372532224
1140807054463909888
1140806777342058496
1140804465982730241
1140804405844779008
1140803834299576320
1140801141283938304
1140800910798413824
1140800499991453697
1140800004392509441
1140799781758881793
1140799370079531008
1140798295981166592
1140784111906246656
1140783485893767168
1140782809784770560
1140782542531883008
1140782092889948160
1140781787058061312
1140781702924521473
1140778485784334338
1140776466776330241
1140775933470658560
1140775548525764608
1140775293503733760
1140774665087963136
1140774520116019200
1140774238585946112
1140774039012564992
1140773931608969216
1140773563143602176
1140773476858359808
1140773421518749696
1140773358721613824
1140769963369627650
1140769473785237504
1140769111468736512
1140768965712498688
1140768581400973314
1140768166001307648
1140767822911381504
1140765060819591168
1140764902660853760
1140762038869716992
1140761392430997504
1140759723970482176
1140757296865169408
1140740907161047041
1140486087384559618
1140378517013749762
1139999954078818304
1139999507301580800
1139367102358282241
1139366853157908482
1139291353408528393
1139016959436025857
1139016731089727488
1139015667959517184
1139012032403914752
1138779111025811456
1138567319792177152
1138567175751360513
1138425323572195328
1138262772792225792
1138217871882874880
1138217083290890240
1136901505452109825
1136830535370588160
1136819153799602177
1136616671844548608
1136616550536847360
1136544980531437568
1136516198009454592
1136515626439102466
1136510155695124480
1136497634259099651
1136497090182336512
1136485866296172546
1136485636095922176
1136468216652296192
1135733519387226113
1135733389846228992
1135728436180217856
1135677854740406272
1135675291836096512
1135667476950265856
1135450518409474048
1135430752575746048
1135415084979638272
1135410699490848768
1135408682139672576
1135308155594760194
1135308011738619904
1135297714407608320
1135297704077144064
1134263946687369216
1134257896588320769
1134223419719933952
1134219842968477696
1134219499295535104
1134219168130093057
1134214288040636416
1133514520750518274
1133514302000812032
1133513350569025536
1133513161720512512
1132857974110560256
1132766785827102720
1132766728709001216
1132511457541627904
1132499461391900672
1132499261302685696
1132185461437243392
1132184275845992449
1132182752961294336
1132182569431076864
1132071889503834112
1132071854565236737
1132071743395323905
1131788805004939264
1131788159161790464
1131787739987230720
1131787382150184960
1131682657572491264
1131456981934280704
1131456929627234304
1131456736366174209
1131431288089432064
1131029418179084288
1131027931940024321
1130743678908035072
1130743400385265664
1130642555933118464
1130642523280437250
1130642265301430272
1130366816646180864
1129870544004759552
1129870326064504833
1129870255772164096
1129869986996994048
1129869918466220032
1128559919752368129
1128559464943013888
1128559281840590848
1128557043541954561
1128557015800766464
1128129981865811968
1127691745892847616
1126837757018398722
1126746645306019841
1126746206703505408
1126745977551855618
1126745914159259649
1126745893447749632
1126394803137024000
1126394701446242304
1126258339904495616
1126257053180186624
1126255708138233857
1126246365552496640
1126246347575717888
1125874452217061376
1125516164493336577
1125156420855316480
1124922672792518656
1124879470886772737
1124828569857712129
1124418335171465216
1124416922966040576
1124209784473784322
1124201781158744065
1124087809839644673
1124079477330513926
1124079077701320706
1123911428996513793
1123911061135081472
1123846196282445825
1123846135213363200
1123846057971073025
1123845616998789120
1123780537557114880
1123121239332016129
1122980851082350593
1122389233547665408
1121937367978270727
1121531019855663104
1121518717534261248
1121393563529433091
1121393054638673920
1121221840456699904
1121204217815822336
1121204142402183168
1121202879266578432
1121197623984021504
1121197485513265152
1120945619550396416
1120945572620292097
1120937000431800320
1120936827366461441
1120861627950096384
1120861336760512513
1120655590492004355
1120614194666098688
1120571730425044992
1120548875620835328
1120548785850126337
1120548700680597505
1120518126335156224
1120517979484110855
1120517741608407041
1120516711290109957
1120516340111093760
1120367914559795201
1120244588462034944
1120226883755339776
1120138435103080452
1120113455619461120
1120112911551123456
1119891117544075264
1119844900411805696
1119844810729254912
1119839767284178944
1119830697219244032
1119830655863365632
1119799087203639297
1119762956672069632
1119762878595129345
1119762513522855937
1119762439027847168
1119526957647949824
1119526614251921408
1119519611102216193
1119494690141683712
1119454350118506502
1119453548117233665
1119447742953091073
1119405534480781312
1119361762300551169
1119128462197833729
1118782368460836864
1118704953357242369
1118415644217602049
1118415157548335112
1118415025385852928
1118371495540084736
1118370910057181190
1118369924500590597
1118102414920261632
1117968882919063552
1117968657059966976
1117968600613048320
1117940983637794817
1117940834849234945
1117940710248894465
1116683585971376129
1116618233946054656
1116598678196637696
1116590627582439425
1116542669516206080
1116512056721588225
1116508571183640577
1116507383407112192
1116507342978174976
1116506113313083397
1116504722632892416
1116504373440368640
1116492845580345345
1116467062275133441
1116466945266556929
1116439135407857664
1116155198118850560
1116153606455955457
1116141654472138753
1116118315896721408
1116111829980209152
1115883661746896896
1115870684583026688
1115814288772485121
1115812218870747137
1115809644104912897
1115780404974219265
1115739435868409856
1115737963067887616
1115448287811649536
1115155470182785024
1115155251017814016
1115112982655057923
1114121470756577281
1114119929320448001
1113705266673905664
1113690551281258498
1113612366749429760
1113546422018666496
1113546167768440832
1113546102072995840
1113291511288852480
1113291429869084672
1113191390169640960
1113183212384088064
1113044969080610816
1113011631095603201
1112874046411091968
1112873840097390593
1112823707263627264
1112466576232452096
1112466413824831488
1112315251913940993
1111742131163422721
1111724364334944256
1111723294959386624
1111722537879105536
1111497597242359808
1111481448102391808
1111478863840731137
1111472572426706944
1111472382428897280
1111464540317712384
1111228494539685888
1111226959118241793
1111127630705647616
1111069809981026305
1111069533584801793
1111069373270093824
1111056411478224896
1110779212229558272
1110655117642981376
1109248311402233856
1108905407211134976
1108900982652432384
1108605370950250501
1108210387487322112
1107759081442283520
1107587177355960320
1107568337519665152
1103867211083472896
1103759358289047552
1101054087699738624
1100997094116978689
1100965853208633344
1100964815915311105
1100918450170429440
1100885996386758657
1100869868109258752
1100303215302664193
1100301911121526790
1100223056700530694
1099932291059507200
1099835055738839040
1099516760661737472
1099185978500014081
1098939286836064256
1098939234101080065
1098938877018923010
1098819839609556992
1098819049453019136
1098817292576509952
1098704567368204293
1098519044481638400
1098389446481797120
1098129717000003586
1098096007575793666
1098089113188618241
1098069134896558080
1097928060211318784
1097926936460836864
1097732842312818689
1097616867047366656
1097615940475187200
1097614496523112448
1097604756518785024
1097603848053522432
1097323924163985408
1097323164676177921
1097242877703254016
1097242262545694720
1097242243474219008
1097062263733645313
1097049575045525504
1096973025205833728
1096734939247128576
1096734848901734401
1096540047317188608
1096530515077689345
1096530217609220096
1096240372030685184
1096157443413860352
1096156714053787648
1095911817300201473
1095801468911640577
1095801310782283776
1095800178731171840
1095793513143316480
1095793501990580224
1095793488602386432
1095792690115932160
1095443294446772225
1095432775690203136
1095431832399577088
1095427332406267905
1095105960270417920
1095065363908194304
1095063818424639488
1095062826995965952
1094864270204928000
1094848939268890624
1094760599278374912
1094748777003462656
1094741291282264065
1094735218584375296
1094718547429707776
1094714592414973952
1094682430370267136
1094454062840332288
1094431509883248640
1094394184700588032
1094382125158096897
1094379541399662592
1094351343777501184
1094234851224375296
1093957958449299457
1093955121032003585
1093788579967295488
1093788496865554432
1093734221846171648
1093725350280912897
1093719768715018240
1093451923355623424
1093412436667904001
1093101061718433792
1093100992386625536
1093100964398022656
1093099329689071616
1092935134183968768
1092747957714116608
1092726814655430656
1092697577655492608
1092693908159488001
1092693806959357952
1092693459704602624
1092693097652248576
1092693033164845058
1092525572381499392
1092525451732381696
1092278663976910848
1092177243009249280
1091993664446857217
1091807971359617024
1091491286261977088
1091458856780161024
1091172103993225217
1091172001480204288
1091117025374556160
1090878186475335680
1090807075645485056
1090772959084474370
1090548196013535233
1090475706511835137
1090475024027344896
1090473173018165249
1090472455783600128
1090469477240627201
1090468742453112832
1090468603273437184
1090468287119421440
1090468064884224000
1090467722960416769
1090467612524302336
1090467374959026176
1090467231543091200
1090466523645325313
1090466033750573056
1090463030570246144
1090462967374606336
1090462907626807296
1090462845441982465
1090462781181112320
1090462667679051776
1090462607524343808
1090462538829946880
1090462469540073475
1090462409129521152
1090462341450199040
1090462258772099072
1090462160046575616
1090462063116181505
1090452347468169217
1090444274884239360
1090353895409414145
1090120207689895937
1090111434120298498
1090066405356036097
1090017599172227072
1090017549020884992
1090017527155965952
1090017375955574785
1090017353775996928
1090017240693432320
1090016984731766784
1089993984942850048
1089753983919386624
1089683852237332480
1089683806905233408
1089482030121799680
1089418318753128449
1089368828356644864
1089332996816039936
1089330564547588098
1089069533967437826
1089068730997325824
1089068536364822528
1089067257085321216
1089066675322839041
1089017356725014529
1088959627830542336
1088950168165044224
1088943456880230401
1088942576952983553
1088942020964405249
1088915627950002176
1088912011075846145
1088911791940284416
1088740972031168512
1088734157528649728
1088733769874337794
1088266847697268736
1088223025487523840
1088180455189270529
1087978829577105412
1087899149742161920
1087878646725992448
1087875860319723520
1087832345992785925
1087827211451691010
1087825196537368576
1087813205362040832
1087813032351154176
1087812712757751809
1087812680398733312
1087812325845811200
1087589292904312832
1087589256283926529
1087589213216755713
1087589166982938624
1087589114738663424
1087583880373125121
1087542642118819840
1087510886695133184
1087474945636978689
1087234411303583745
1086808019118174208
1086797301991989248
1086390268805304322
1086018608835158017
1086016861207031808
1086016222360027136
1086015744737853440
1086013703856640000
1085757026586656768
1085740588517928960
1085659515645681664
1085655774477467648
1085651006870802432
1085640761410908165
1085355995251990534
1085120621099405313
1085005050445885443
1084945367488057344
1084922155035385856
1084922030711959552
1084920146035015680
1084917931744456704
1084856827345436672
1084697211672264704
1084672703754252289
1084672078916202502
1084244732706906113
1084237653413785606
1083678350772596736
1083675739847716864
1083648472916475904
1083647711650304005
1083598700063031298
1082422461709266944
1082422399729950720
1082211805596774400
1082211674881384448
1082091397400821760
1082065854794063873
1082039903662223360
1082036348750487552
1081883128774311936
1081793521089110018
1081478429638193152
1081449915073519616
1081449619702206465
1080938873251745792
1080620825353441280
1079293474355142656
1079255779771801600
1078987937734262785
1078986871399563264
1078923522938818565
1078848695397842944
1078840290473959424
1078530198050488320
1078509341068603392
1078491290638082048
1078445408735485955
1078013274560458752
1077399104173486081
1077399087098388480
1076310642288517120
1076299304237596672
1076258728528101376
1076089224816865281
1075885416652230656
1075875070193545216
1075638788628504582
1075570458861260800
1075220858619146241
1075191475716014080
1075190214346174464
1075130060607184896
1075129500227166208
1075128942711820288
1075128355005943808
1075127282639896576
1074973870736568321
1074817429660872704
1074795377675522048
1074795003786842116
1074447292772413440
1074428686491803649
1074424818487808001
1074410084560711681
1074260332535660544
1073677997234839552
1073405423867187200
1073405102889680896
1073395139421171712
1073328482266955777
1073068119717961729
1073050050270392322
1073047000575143936
1073006897366585344
1072655901650227200
1072627936023461889
1072620073297293314
1072342595072864256
1072317796409737216
1071972213954211840
1071878618291220480
1070418399824568320
1070416374990692352
1070232880641495040
1070219346138386432
1070148137027698690
1070083529315209216
1070074019049664513
1070073964624375809
1070073849578872833
1070073753231491073
1069695531364962304
1069695190841978880
1069693885482336256
1069427564127514625
1069427534041776129
1069412882251636737
1069412476947587072
1069399698199339010
1069399698190921728
1069156880834908160
1069156045308669952
1068986701261893632
1068970874148016128
1068470213400645632
1068469622704287744
1068460143438782464
1068456743737294848
1068456558256828416
1067440460946300928
1066893872972754945
1065831968963608578
1065831839275732992
1065161222939529221
1065059771282161664
1065002973703528448
1064991567419588610
1064692321743073280
1064633405348831232
1064632712332369920
1064631152743333888
1064630005286658048
1064629395535491072
1064626912536850434
1064624342250582017
1064622629682733056
1064621036937785344
1064412931687739392
1064412608160100352
1064360801463545856
1064265740792999936
1064260913690103809
1064255762636013568
1064077714775142401
1064009569804976130
1064009419711832064
1064009081357135873
1064008983810166784
1063971823610560513
1063701415720177664
1063599460347981824
1063551963906768898
1063543843713310720
1063366487799291905
1062801231830167552
1062515178825117696
1062483259303415809
1062483155385409538
1062470472602857472
1062147977903403008
1062142820906000384
1062110254467473408
1062107399446650880
1061805183284391936
1061573400492048385
1061572617348370432
1061572407356350464
1061523707904937986
1061027897526312960
1060748062023278592
1060622951425310720
1060413618431320071
1060086810183782400
1060002883989458944
1059898394733232128
1059769321176543232
1059769047338803202
1059768226253484037
1059766686453194755
1059294778100113408
1059294408338681856
1059277119774027776
1059206526865264640
1059205934872842241
1058644308193042433
1058131981114851329
1058131567921381377
1057938663949033472
1057882083211730944
1057834035714547712
1057778145334505472
1057759745388404736
1057510152318918656
1057510089911885824
1057388376590974977
1057226184772149250
1056815460694409217
1056679541714767873
1056463074473865216
1056271568647553024
1055971146879750144
1055970636688850944
1055970466307821568
1055645719871123457
1055645698132070400
1055586664561561600
1055319583383478272
1055277035130564608
1055276888434728960
1055275298709659653
1055262669396041728
1055202269031882753
1054900282872741888
1054870810907688960
1054848310110937089
1054672429023293441
1054619784292126721
1054619646924484608
1054559326604419075
1054558358282285056
1054477495402094592
1054468501807685632
1054260068084895745
1054257526789726209
1054183652479791106
1054175504939565056
1054154670107615232
1054149622619197440
1054147740496683010
1054141269113372672
1054141181150416897
1054138369062535171
1054093445168455680
1053937483514146816
1053879252418932737
1053879151982047232
1053583719066468352
1053101173769592832
1053088339862192128
1053084559682625536
1053050144843649024
1053041587746353152
1053035491627479041
1052898062794801152
1052865834136133632
1052851080822837248
1052756175819657216
1052754414258143232
1052747407585206272
1052725957658726401
1052700024314839041
1052686170776170496
1052685928970383360
1052679525543202816
1052525710928052225
1052378322624081920
1051800836362268678
1051701657115942912
1051701206052028417
1051421989573804032
1051390575537082368
1050535424836268032
1050195789056638976
1049954989429288961
1049600377639718912
1049599616193196032
1049599521259307009
1049592922021089281
1049592573466005504
1049270555050835968
1049262756665294848
1049262558836740096
1049262486585716736
1049262454633422848
1049262067364970497
1049172239365562369
1049172174408306688
1049171992979460096
1049171930870206464
1049171894698618880
1049171750288678912
1049171721796743170
1049171688804343809
1049171649583411200
1048778582690918400
1048778330168745984
1048778254256025600
1048777739803680768
1048777695742517249
1048777281542311937
1048777259815862273
1048777245999779846
1048777198625120262
1048320028284608512
1047005636473630721
1046166877947330560
1045810276346474496
1045508320881065984
1045507891665326080
1045231840284401664
1045180903763337216
1045180703275511808
1045180671809839105
1045180522651996160
1045180429664284672
1045079556963500032
1045075711193534464
1045075520231096320
1044924601040400385
1044680766469206016
1044680532133441536
1044539742400929792
1044083543012306944
1044080270662557698
1044079753198678016
1044052997074968577
1044049925300862976
1043987217557803008
1043410358080221184
1043397657668988929
1043366112891531265
1042993997763887104
1042988231485079553
1042954047198613504
1042679414604017664
1042679223968718848
1042677198753193985
1042640126474518528
1042640052633784321
1042588605120569344
1042587142667395072
1042586835329794051
1042540450953871360
1042522616903290880
1042518120693346304
1042302140310413312
1042287677888856065
1042287494492938241
1042278794210361344
1042273286153887746
1042263587597631488
1042217942501416961
1042198620320104449
1041930660154200064
1041929287958331393
1041927789618769921
1041515173255700481
1041514928740347905
1041513756692340737
1041486149204684801
1040379365710655488
1040114043715911682
1040102868496216065
1040091975905464320
1040089163540848644
1040081747189231617
1040067753124671489
1040066521999925248
1040061560654245888
1040054616757555202
1040049235528318976
1040036831423651840
1040035389233229824
1040034479438319616
1040034403269767168
1040029963699638273
1040026978433155072
1040025068342980608
1040024154928336896
1040023347625512960
1040014176272314368
1040002182559326208
1040001777284743168
1039997934878642179
1039673550800449536
1039643328822763521
1039643069916663810
1039640766232981504
1039293158809513984
1038758271383789568
1037950276466962432
1037647670049796097
1037633238527664128
1037633065374240768
1037322223273631744
1037229545210834944
1037229515687129089
1037229481121832960
1037228885752963072
1037220718898020357
1037099203296546817
1037096635619147776
1036731494184566785
1036730810399776768
1036481421546684416
1036467314110029825
1036459491271667712
1036459331078639618
1036398659816935425
1036398602401140737
1036199652201132032
1035342647538343937
1035342570228862977
1035342346055892997
1035339265570267136
1035339033616891904
1035302099691524097
1035296196070322176
1035295927144079360
1035294567417884673
1035292521193062400
1035292364330258432
1035291770639151104
1035289368255033344
1035287140282728449
1035286876897337345
1035060049184342017
1034969886030626816
1034959050415341568
1034916714817802240
1034916588393127936
1034916208389156865
1034731339621183488
1034672268624818176
1034671197613580288
1034671066088493056
1034670547773190144
1034669941566230528
1034624563546443776
1034624526082924544
1034594142238605312
1034563170390564864
1034383397739589632
1034263153331253248
1033924789805568000
1033923027422011392
1033877961978466304
1033296111195185152
1033295791765352449
1032862789088423937
1032862537421733888
1032862493058584576
1032862373571227654
1032862248333504512
1032862217379565568
1032862126635921408
1032861800994238464
1032861723974238215
1032861686749782016
1032861575416172545
1032861233567780864
1032852489467387904
1032852454805712897
1032816068450967552
1032753382916743168
1032753165047750656
1032753027978027008
1032596640882802688
1032481293425041408
1032480453020672000
1032442563263787008
1032440454552346624
1031663264994754561
1031662165604937729
1031360169928609792
1031305925775118336
1031302806475395073
1030349187265617920
1030308902544363522
1030252358591119360
1029509258361036801
1029485863120527360
1029153975013015553
1028954970333175809
1028884815414616064
1028884530503925760
1028881094622380033
1028869159776542725
1028861902904913921
1028851402930454529
1028765897203142657
1028757558855528448
1028492985829187584
1028417291732406272
1028156876918153217
1028156569953787904
1028156139588837377
1027819636690014209
1027747221016522753
1027744535965650944
1027685218793091072
1027449829461348353
1027409359855214593
1027321054325338113
1027313508248051712
1027124944419704832
1027052068769431552
1027051445923639296
1026951115827376128
1026937939845046273
1026756966805168128
1026756695458906113
1026755358847467520
1026725837876260864
1026598901933961216
1026226343896276993
1025881975880540161
1025879007810580481
1025621521484509185
1025221968612581377
1025221250308702208
1025197121689935872
1025185587563646976
1025139177946591232
1024791486208962561
1024791319154122753
1024776790160498690
1024525577653379074
1024498031859707904
1024222623251587072
1024186303716327424
1024185787779149824
1024052015721136128
1023689625846669312
1023326144731394048
1022712668036071424
1022669089070702593
1022308835690573829
1022030859401084929
1022007910535188481
1021923992469364736
1021920475474157568
1021550202539233280
1021518961895075840
1021202876712939520
1020814883305095168
1020252359555932161
1020125838568665088
1020125142062575617
1020124663853199360
1019943226403303425
1019710909344710659
1019703362164441088
1019548173310701568
1019542077653176320
1019357236810772480
1019329587442999296
1019163536478486528
1018616196764241921
1018453300427931648
1017915814828101633
1017628021430185984
1017619901752619008
1017536581169762309
1017529034069045248
1017242140030615553
1016649586151002113
1014766080290537472
1014728718424522752
1014723816138764289
1014719856707420160
1014691877314965505
1014666686987788289
1014666139555659777
1014653625056935936
1014653251625447424
1014648173338300416
1014639006275887110
1014427484861837312
1014425823686770688
1014424095495110656
1014398977695887361
1014371145150226433
1014326511145537537
1014293850020384768
1014097725002928129
1013932680969244672
1013903500491698176
1013546904007741441
1013546120293650432
1013545116475281408
1013210789669363712
1013191401603919872
1012593304423133184
1012592772962910208
1012591517037236224
1012589858529767424
1012493247560671232
1012256030179422208
1012098808052776960
1012095733367910401
1011858717548003329
1011472397172523008
1011209199030636544
1011121391062560768
1011033291623825409
1011031795666599937
1010039475978756098
1010022567418085377
1010009108123013121
1010008111854149632
1009981224847175680
1009975333741780992
1009960948155670533
1009953549197799425
1009944121056772096
1009644189355728896
1009626230545530881
1009625600548454400
1009616592714416128
1009575328937754624
1009334945922158592
