1330348110388858884
1330249599316090883
1330225922621009925
1330062555633610762
1330021045592473600
1329965395017535491
1329906818533900288
1329906095641399297
1329894564723789826
1329891677142618112
1329871735848534016
1329838615573065728
1329677177655226370
1329664726847029250
1329612425260253193
1329602098544087040
1329598002579705857
1329580398314045444
1329536104664502273
1329533083800936448
1329524034430636032
1329523302314905601
1329518011657515008
1329335513635962880
1329305586249424897
1329304363899129856
1329303994544451584
1329285122235895810
1329271316923379715
1329218365697654785
1329194733810270210
1328927662757212160
1328926880720818176
1328920905028812802
1328920675248074754
1328879642661457921
1328830301976489985
1328796222287593473
1328785753912971269
1328784651498917888
1328546541611622401
1328515027469385731
1328514636254089216
1328514366262579200
1328513961327685636
1328502927388905472
1328499123822026752
1328498736826261506
1328498608690274305
1328473742595350528
1328459380237295618
1328438578838343680
1328437340725866496
1328431980216676352
1328427908260528130
1328424094392414208
1328420217966321664
1328244073606516737
1328226302738927616
1328186088469319681
1328185778770309120
1328132673370529792
1328108062209581056
1328107766318211072
1328106266057527296
1328105914394505216
1328067212788187136
1328066495952240642
1328059176199757824
1328053055368032262
1327870861601165313
1327869713637019649
1327841200255029248
1327828366859194369
1327823789174923265
1327762954792493056
1327493379257556992
1327484394009837570
1327484207170371584
1327482909951885313
1327462602251718656
1327444456241385472
1327392212456378369
1327342566359011329
1327340809239236608
1327336609319043072
1327336528972980224
1327327739993473024
1327296770695602177
1327118239541981186
1327098992107274241
1327098888310820864
1327080158784720897
1327072783705128960
1327071542652465152
1327067102633574400
1327050199584317440
1327039999078875136
1327034138306592768
1327025112760025088
1327023163520163840
1326993482624290816
1326969971033837568
1326959067445694466
1326946760535625729
1326730518524698624
1326604540880117761
1326597431979466752
1326594372981305344
1326371318414024704
1326342704960172033
1326314358918447105
1326307778466492416
1326251375286603776
1326250023353344000
1326075980037779457
1325984616692379650
1325983156697133056
1325902965295607809
1325705297290092544
1325704548732735488
1325703880605233152
1325703735033516032
1325703598550904835
1325672085234937871
1325643972119732224
1325643770591805440
1325628393338007552
1325576270906753024
1325569073548177409
1325568730756079616
1325568513331720192
1325563706810327040
1325550372484644864
1325328053505908741
1325327750257807360
1325290958922022912
1325289836572418048
1325190868383404038
1325166277384564736
1325164274801541120
1325155163028353024
1325003186927591427
1324957330425876480
1324926471840833541
1324926185361428480
1324903460173590528
1324903080240979968
1324902828406579201
1324892964603060226
1324892256109645824
1324891277574332418
1324879044307869697
1324874752146595840
1324850315351351296
1324849999792930816
1324841155700301824
1324840032163618816
1324838796223946752
1324837629171441665
1324834183458353152
1324834043247042560
1324832916027842560
1324831290848260096
1324829936746557440
1324826152838393856
1324825240342441984
1324824044898668544
1324823989894537217
1324823897531838464
1324818198869336065
1324789522446495744
1324758042555023361
1324601193218232321
1324600830591315969
1324600077365637121
1324599811979370496
1324598253594140672
1324598028200603649
1324597895383773185
1324588960576753671
1324555845418459136
1324555314843144192
1324543020834856960
1324538323193376769
1324535806791278592
1324491405612363779
1324489956706807809
1324486747858763776
1324485909274718209
1324481122957316096
1324465650668957696
1324457538700496899
1324453599141793792
1324449073869463552
1324445135543832577
1324444858413510657
1324426007131037696
1324414583231016965
1324288906175524864
1324288047974764545
1324175464559075329
1324174307069554689
1324162357921116160
1324145140768727041
1324139828364025856
1324135990177329153
1324119824021164032
1324118347026370560
1324104940168511488
1324101527208747009
1324098645679988736
1324096608712024064
1324087403426951170
1324071551394668544
1324071157805412353
1324061261546450944
1324057233458515973
1324053755013165056
1324047256517922816
1323855053753442304
1323853978073919489
1323848795507945474
1323848458583777281
1323833543445762050
1323833414626144257
1323833340013604864
1323348607811006464
1323347194460565504
1323152967826989056
1322991696636833792
1322976478930198528
1322791532546592768
1322632421519446016
1322611731902861314
1322466090811731969
1322422982917062656
1322323523897974785
1322321736000401408
1322316866262462464
1322301516032610304
1322301357160714240
1322301139174346754
1322300813528629249
1322299809420570624
1322298745250226178
1322294193197178880
1322267800564461568
1322217847884447745
1322027355867553793
1321647501502373890
1321646814429212673
1321634624812969984
1321629678864490496
1321597691659317248
1321579617484898304
1321579336198103040
1321577526762725376
1321575835195777024
1321507880348971008
1321505441843589120
1321493354643738624
1321492479049261056
1321310170740383748
1321310019313410049
1321302360623382530
1321177650547707905
1321174441255026689
1320821592776003585
1320807150684270592
1320547737801125889
1320119422829219841
1320062500960751617
1319922392660021248
1319866491093700608
1319861684077379584
1319859751656681478
1319859631494103040
1319859248164040706
1319836406043193344
1319836221971951617
1319777392609538048
1319776991961255938
1319513619239858182
1319484371280171009
1319466944387403777
1319466798056521735
1319466648898732033
1319466420472668162
1319466386951786497
1319466360334761986
1319466080541179905
1319465757281976320
1319465630215487488
1319446227944001536
1319416732902027266
1319414237446504449
1319414197801807873
1319405042600865792
1319384875808403457
1319370571084304385
1319366629709410304
1319366159905419264
1319324832517951488
1319323730690985984
1319323180192788481
1319149535088627713
1319127612908736513
1319109707831758849
1319108737764716544
1319108459678199808
1319108249094819840
1319107310438903808
1319107200699101185
1319106765326225409
1319088453967966208
1319044363796639749
1319042180267175938
1319041738703470592
1319041294174310401
1319036639230873600
1319034927787065345
1319034709364539393
1319034434738270213
1319034402744139777
1319030403315847168
1318989442690936832
1318982260494790656
1318980048989286400
1318979719740583936
1318978054383828992
1318954305777410048
1318931396446932992
1318803251962105862
1318748100429664256
1318747963682816001
1318745226047991808
1318742892056170496
1318695794296332289
1318669274832015360
1318653902829412352
1318641097627693056
1318494885633159168
1318438859663843328
1318403368830734338
1318371561380827138
1318371509325488129
1318370493422989318
1318370078329499648
1318272785089613824
1318081224007585792
1317907645517373440
1317897893374652416
1317743673749037058
1317673467152453632
1317649848221396992
1317568515205812224
1317545302933426176
1317544431285723136
1317543829151494144
1317226769099886592
1317226640032768000
1317224766495891456
1317217674804428800
1317214009200799744
1317209715886100480
1317202167011274752
1317201871962923008
1317200462228058112
1317200203179384833
1317199794306101248
1317197873126146048
1317183245688086528
1317182459511910400
1317172210063192069
1317164721464778752
1317164451070574597
1316929354719514624
1316929153657147392
1316928730384732162
1316928411307225090
1316928220726517762
1316927861484359682
1316927496592437248
1316927308201152513
1316915232757997573
1316914946429640704
1316914700031041536
1316914653667229699
1316851722761826304
1316851144291831808
1316848042507563008
1316831700882579463
1316655489413865472
1316650960085688320
1316648318898851841
1316592341050814465
1316549825429602304
1316548729130774528
1316538030543368192
1316537750036779008
1316475817837301760
1316451518564892673
1316432417020837890
1316426024410738688
1316425656583024642
1316113816648777728
1316099498146361344
1315916354361335808
1315522001449099266
1315471231949266945
1314862291939020800
1314774644470079488
1314774270719848449
1314774006654935041
1314760429202096129
1314752808982253574
1314657275743674368
1314655984162205696
1314653910343118849
1314653865548021762
1314653829300854785
1314648038040690689
1314644449075503104
1314628298635272192
1314626004501979136
1314625931873456130
1314601711240060930
1314597782812979201
1314378059554807808
1314376890644262912
1314340817989894144
1314338927042461696
1314332442480635906
1314331943601758210
1314318472856313856
1314311629098479616
1314305973935173632
1314304803753783296
1314304229306101760
1314294698794651648
1314287427603767301
1314284117698072576
1314252145911234560
1314055340644679680
1314054167363641344
1314037444279324672
1314032924358926340
1314032440130691073
1314031942820528133
1314027346572111872
1314008331845992448
1314008035480666113
1314007781364563968
1314007733541064705
1314007487067037696
1314007407807229952
1314007025097924608
1313998943257198592
1313900062137708545
1313899999093112832
1313893018542370816
1313891606441857029
1313695297894182912
1313685819039735808
1313670839405998080
1313661792560717824
1313554228137213952
1313376396215894016
1313349623486935045
1313293173687414784
1313204964643102721
1313177290411405313
1313175216227414021
1313001361013764096
1312940786699264001
1312880504086032384
1312853721110339586
1312831851203981312
1312816949819138048
1312577882233823233
1312521101491146752
1312518031357009923
1312516991010304002
1312515427486973955
1312515206027771905
1312480800546283520
1312466231119601664
1312462736106815490
1312454373444734976
1312453572915687425
1312235759856836608
1312227418325753857
1312222813944643584
1312211500296105985
1312179248656859137
1312176854678134785
1312173811421200385
1312168698786922496
1312106015534448641
1311940903771070465
1311927938128900096
1311895720400572416
1311857659335766016
1311856886405193729
1311842975966609414
1311841762202116098
1311810858708688896
1311796098072145920
1311790302278025217
1311787030779633665
1311779835480473601
1311779586833707009
1311778194794577920
1311777230033317888
1311764754180968448
1311761864385204224
1311702029929070592
1311578800006651905
1311490662802485248
1311490466072862720
1311484882397229057
1311477217503834112
1311476213051920384
1311441722216333313
1311433116263702528
1311372110283943936
1311368616923652097
1311346381542498304
1311180653208113154
1311172285877813260
1311171715116929024
1311061252827877376
1311022993686945792
1310859701572177922
1310763972346474496
1310752982422622208
1310743673554874368
1310743091456798720
1310645768747757570
1310644561207652352
1310642143677968384
1310493784682033152
1310477477622366209
1310401488938659840
1310401224961712128
1310400452173864960
1310400160405446657
1310399980578902016
1310335298094559232
1310311590437072896
1310303891532079104
1310067915496931330
1310065948255162370
1310065588656431109
1310054094740926464
1309985196377362432
1309971541967298561
1309748833908224002
1309713017563570177
1309711960754151424
1309679092598366208
1309536967017725954
1309532710247956482
1309409232454737920
1309309935121920001
1309308990099136514
1309291615274426369
1309181757934059520
1308834721653305348
1308830403881578508
1308561183679553536
1308537109305724928
1308482746143010817
1308304354131103744
1308271753131515915
1308227352594321408
1308184205814235136
1308113898654978048
1308113594471444480
1307908166382809090
1307905027994865664
1307894692042874881
1307825456545107969
1307801598198870016
1307480582285176832
1307441340196687873
1307440094425481216
1307407340765761538
1307402067267346433
1307209079715033088
1307187358073200641
1307180528068489216
1307161465229463554
1307159412742656001
1307087771446763521
1307064191967203330
1307056646481489925
1307049775578177538
1307038583551713280
1307022538241785856
1306830873786945537
1306780446265610241
1306762573266579456
1306738770209718272
1306696733552857088
1306677416148959232
1306646988784459777
1306482504258347008
1306403339106619392
1306402968179097600
1306399889073397760
1306334528319885312
1306334470266527744
1306305350040084481
1306305189398245376
1306304297227792387
1306117863523012609
1305649510689898496
1305615492904747008
1305433483796389889
1305295177745985536
1305231660942671872
1305228895709351936
1305218089328488456
1305215564676120577
1305215375588511744
1304965314862436352
1304868790954385408
1304652485395492864
1304651974076297217
1304516487705759746
1304481135515246592
1304341897863770112
1304168267741880328
1304143200643235840
1303917717930389506
1303882711052947460
1303803242799742979
1303569693152669698
1303551010720198658
1303447915575345152
1303169118447624196
1303116454791770112
1302435252455890944
1302349712868012034
1302343402856407040
1302341876763090944
1302332059403182081
1302330500179132416
1302321794171375619
1301705756182343680
1301613251709394944
1301292834146770946
1301255033934065664
1301225641602244613
1301224961189666816
1301223225859293186
1301220048594370560
1300944162880020481
1300486933890478081
1299851518510678018
1299535483639271424
1299185074974330880
1299161079973441536
1299158998948560897
1299158682366668803
1299158387054137345
1299158013413007360
1299157964486451200
1299157837357092864
1299157107552313344
1299156971203907585
1299156825686728705
1298781996022288384
1298781346043576320
1298683419019243520
1298432663154339840
1297997517594927104
1297966328620318721
1297965852755554304
1297694207176396800
1297675589864710144
1297636741159895040
1297624217345593344
1297611600946319361
1297379761447038976
1297333618537197568
1297297345164394498
1297019713088704512
1296907756054515712
1296895744465448962
1296894094849974272
1296858617572806661
1296643159838007296
1296642742735364098
1296642413537013761
1296642267155853312
1296641881170784256
1296641748655935490
1296637245449891841
1296623166014418945
1296621287473741824
1296617830415122432
1296605906591838209
1296589289753436160
1296584427129036800
1296580767523278848
1296546376210251776
1296541715570888704
1296514325033529344
1296260682116026368
1296259979746226178
1296259402656149504
1296259157436162048
1296251823381045249
1296251499517861888
1296251133027966976
1296250866240901120
1296250683516059648
1296223748572377089
1296140931591106560
1296140836309069824
1295919901731770369
1295780032468512769
1295570461401571330
1295437308888379392
1294882093835538432
1294882060260130822
1294844538503143425
1294771372430770177
1294770094682193920
1294766262849925120
1294753370314432512
1294574123801165825
1294477286138249217
1294466942133141505
1294394046417231873
1294393473013960704
1294393341916790785
1294301512470892545
1294155355585253377
1294155018744995840
1294100042647666697
1294097918748631040
1294097370683019264
1294096107375489025
1294095849438371840
1294095181180833794
1294091752807120896
1294071014104547328
1294055392553525248
1294054748069351424
1294054633548079105
1294052934745878529
1294049830088478721
1293998855466303488
1293997887093760000
1293982317333975040
1293760156916801536
1293753790156349442
1293737017558237184
1293736769230270464
1293736401003900931
1293735303354519552
1293719295831072769
1293718857945817088
1293708623395217408
1293653420092481536
1293634037236379648
1293381622025183234
1293227571300036608
1293010826505236480
1292691887799721990
1292690622617251840
1292690439447830528
1292690274733309952
1292672565828186112
1292670371628371970
1292670070729199616
1292669954328678400
1292612309257302016
1292576379058262016
1292568223796228098
1292254065296982016
1292244413444272128
1291907887887863809
1291907544986742784
1291583889568276481
1291415828844302336
1291247722561859584
1291247487445897216
1291218263276318722
1291215290177482752
1291208934624120832
1291208317226737664
1291208274495209472
1291198524420325376
1291198326633717762
1291197367807483905
1291188913076228096
1291188500415406082
1291188442349494272
1291188284081627137
1291188100782202882
1291140261121146880
1291034542942253057
1290889258786410496
1290889152850878465
1290783578171666432
1290781551932784640
1290772037716205568
1290415162348851200
1290174261827473408
1290107310723878913
1289770287534190594
1289681288220172289
1289655741943439360
1289492307973046272
1289425541653606400
1289392759934038017
1289362214516715521
1289358638251835392
1289355763719102464
1289354147158831104
1289354146634588160
1289081028552736769
1289079373245501446
1289079207725690880
1289066218301689861
1289064986954743809
1289064756859400193
1289051424253284353
1289045028380094464
1289044409594470402
1289044332712873984
1289029255116939264
1289027439541157888
1288996994669637633
1288931111700017152
1288928427064475648
1288910444300656640
1288743201734447105
1288652867289485312
1288598729541316609
1288589377099030528
1288540234620080128
1288317518201810947
1288004291043549184
1287977741522857984
1287911646145347584
1287500136118018048
1287150894199369728
1286867344409505793
1286866131806875649
1286865932460032000
1286865040654532609
1286864979535081473
1286853727920328704
1286784841988546560
1286741940059291648
1286719847544451072
1286702513731670016
1286546810450796544
1286545621629857797
1286494543873941504
1286482264155545600
1286449048027664386
1286391615498510336
1286381339034259456
1286166969834586114
1286119336734728192
1286070719839735808
1286070209749479424
1286059287270141952
1285827025895211008
1285817930530213889
1285814878855258112
1285801702919008257
1285748236926345216
1285710236142231553
1285707099096387587
1285706721852362753
1285703398008991750
1285650513569218561
1285475151799148544
1285452707315068930
1285452143504367622
1285429823255408640
1285429392219312128
1285394206643478530
1285379122407944193
1285366982347386881
1285354200726036481
1285351023221993472
1285350652269359104
1285350250773770240
1285349459061207041
1285349316106674176
1285299769439481856
1285125853597192192
1285121912524247040
1285103436711616512
1285103158734143489
1285102116864811008
1285043704311328768
1285042532104040448
1285042027730620416
1285029323229949954
1285027210986786817
1285006372317196288
1284943319315800064
1284931066721996800
1284774342358777857
1284737740362276864
1284648073524723712
1284647454323781632
1284636300583157760
1284636160006868992
1284617781980225537
1284582410621861888
1284563535515680768
1284405225793531906
1284403263903682565
1284379398221606913
1284371294331351041
1284370815027253250
1284368682899042304
1284366226370654209
1284317257552654336
1284312723644248064
1284284976561676288
1284251557895131136
1284248534431105024
1284243793051615244
1284237120408653824
1284236348434427904
1284228100738314240
1284227683967098880
1284221647159824384
1284178845013127168
1284033953284800512
1283958816376143873
1283958520157630466
1283958305237291008
1283958013976383488
1283957789212020736
1283893040214503425
1283860591371669504
1283856012433227776
1283842586822623232
1283841725153206273
1283841312819605504
1283840126133481472
1283812876155711489
1283631613956390912
1283592166598602752
1283588802770952192
1283579405156012032
1283578567167635456
1283560211316273152
1283554123153936384
1283496089321005056
1283481372632289280
1283470260465618944
1283262464788795392
1283105400494014465
1282963977438285825
1282889734046408704
1282889580891435010
1282889485894578176
1282869702448918528
1282862734481080320
1282859438148182016
1282852438626627590
1282756492081299456
1282755226420707329
1282753336450543617
1282581479076200450
1282552123339636737
1282527624040902656
1282486637813829632
1282484709201604608
1282478088756981760
1282452839160090624
1282452583387295745
1282451821064155136
1282425504654454784
1282415212469997568
1282414442894946304
1282384375355568129
1282161118589272066
1282159954401476608
1282116168350760960
1281911801559408640
1281910806888636416
1281909251783315456
1281888818803564545
1281887397941149697
1281884100312264709
1281883935509635072
1281883213003059201
1281882953849552903
1281882637481635840
1281852369966297088
1281851509307617286
1281851034948624397
1281850273351086083
1281841297007890432
1281792323282538496
1281791546111582208
1281751004661166081
1281750616910397441
1281750296939520000
1281749909561999361
1281749805866168320
1281749119795486720
1281733768311500800
1281664379180572672
1281663799393546240
1281479888717766656
1281453334512070656
1281452172773736451
1281451837829246978
1281403522366332928
1281402453330550787
1281389400778104832
1281117422708158464
1281104821181808640
1281103582847066112
1281101853820768256
1281101473384763394
1281093638039060480
1281080138893934592
1280998945049571330
1280974387399688193
1280966005359931392
1280917810261053440
1280760461533704192
1280723632746946562
1280713817152843776
1280682894881505280
1280620136085377024
1280385636101312513
1280368616408379392
1280359720562208769
1280333376071757824
1280332075040600066
1280331226776088576
1280310485024296960
1280280841193549824
1280265214617780225
1280246725316194304
1280246215116914688
1280245985197711360
1280221619701428224
1280189607988977669
1280027579760570368
1280002820305903617
1279991319218147329
1279990568785809408
1279958600702554112
1279957669801947136
1279957364561424384
1279956380690952192
1279842426807451649
1279684486104375296
1279656341506633730
1279654867452100608
1279627563703267329
1279627139101290496
1279502523041116160
1279501065017110528
1279371460713177088
1279367286738923522
1279325960261603329
1279314163748073473
1279288549557170176
1279288142210555904
1278947514473836545
1278943625640984577
1278925201548275712
1278917036773535744
1278867053437267970
1278864461286174720
1278860252658544640
1278859585177006080
1278849745885134848
1278849528410460160
1278846854914953216
1278845935519322112
1278837484915273728
1278813188629262336
1278807750202372096
1278757869177864193
1278725664447836160
1278602879696158721
1278598843160920065
1278561996237967361
1278561736551886848
1278559219076132865
1278557859328831489
1278556026610933760
1278555059421241345
1278551034978156544
1278550186139115521
1278540521305071616
1278529167856828416
1278512235258589188
1278511673863593986
1278511045716267009
1278506340697006080
1278489773921849344
1278436877662593024
1278428190168485888
1278426817599352839
1278420993287966720
1278395305877069825
1278363710877097984
1278218286358880256
1278216963668336643
1278216263127293952
1278201349310517249
1278200451716898818
1278199839902203904
1278192177164636160
1278147450067247104
1278063668094095362
1278026340365565953
1277827887463186432
1277827282912997376
1277814490113822720
1277800662135234561
1277798071829557250
1277797799006842880
1277797608346402817
1277786463023726592
1277773779913990145
1277747799828738048
1277739138754637824
1277721220885037057
1277703594750275584
1277703593378738176
1277688326212870145
1277671429148794881
1277669675019546626
1277669444374810624
1277406638857547776
1277176903888076801
1277172932410658816
1277122508697698310
1277122271694340096
1277121893019947008
1277106635102552064
1277086943692460039
1277075553703440384
1277050018352922624
1277045929833410560
1277044571856203781
1277043721788223489
1277040342789849088
1276987713191739393
1276987459314741251
1276983952301907969
1276978297679704064
1276977772099854336
1276773064722661378
1276733405598674945
1276706559712612353
1276705427212787717
1276690999071305728
1276689700921606145
1276635257463136256
1276576561110691841
1276566590733967362
1276556902298554369
1276395418327240704
1276393882050154496
1276046386899775488
1276012989548621824
1275922260914663426
1275912286868090880
1275908230321852422
1275905228991107073
1275863638746619904
1275838876351737857
1275836502459572227
1275675003326017536
1275664791252631556
1275622727940837377
1275599420726276096
1275257572094701568
1275248304620662784
1275246802254487552
1275246638051680259
1275245270830178304
1275244892252327938
1275244193732952064
1275232204415578114
1275214271157157890
1275182838468374528
1275135232706928641
1274965450992963585
1274937511781871617
1274842029873233922
1274841524275036160
1274809249508388864
1274581696357134336
1274561063342596096
1274555991007170561
1274549459557343232
1274549205680287744
1274433897363763202
1274248516676677632
1274247686196039681
1274192788293210112
1274191644263243777
1274189970488483841
1274189543390842880
1274189124841304065
1274188179063463937
1274187884996644864
1274185601244225539
1274184624831213568
1274184408350654464
1274184407612559361
1274183443618820096
1274177694851203072
1274164384558755840
1274155898412261376
1274155640231833600
1274155466256314368
1274153085342855168
1274144009363980288
1274140184452329472
1274134255484846081
1274105766614466562
1274092954588549120
1274086802706448385
1273888452061233152
1273787651129139200
1273780246383222784
1273777375637934080
1273775836919812101
1273775239449554949
1273775091017367552
1273771987484065792
1273697411295096832
1273694892749844480
1273527674770583552
1273512672873472001
1273439036359577600
1273438585471954944
1273438142687657984
1273437689858015232
1273437564960006145
1273424605647011840
1273380564695781376
1273339119976869888
1273335083169005570
1273316535839322114
1273311673181278208
1273301464803241985
1273013265031815168
1273012851116916736
1272745740742168577
1272712784719908864
1272712563680149504
1272712342896209920
1272400048198807553
1272385742455496705
1272384649868636160
1272365226147500032
1271966639286702080
1271543731498303488
1271500677613645824
1271326765739159558
1271326108005228546
1271307848572522497
1271260216114343936
1271257783027896320
1271255340558901248
1271252787611852802
1271241445223960576
1271241039274143744
1270972125273133056
1270846150841524225
1270825792339996675
1270517734032302081
1270508377789968384
1270442089088610304
1270216668199841792
1270215981558710277
1270215418817343489
1270214517796950018
1270186687256129537
1270186217963806720
1270182751795163138
1270162342169292801
1269714583972790272
1269499598801784832
1269497903459864577
1269497817996775424
1269497509455360001
1269356777826430976
1269151846989357056
1269151294893076481
1269100610034401280
1269099322215264256
1269088984178651138
1269065434893975554
1269064396271005698
1268745505196003328
1268745093671825409
1268707889616613376
1268707273750151173
1268649626762002433
1268441704702504960
1268440787517181952
1268440521942286337
1268371669816492034
1268330429934743552
1268291085115125760
1268291028366184449
1268284475059744768
1268052412507414528
1268047883078561792
1267677813303177216
1267629079227858944
1267625759910191104
1267625322075152384
1267623680437178368
1267310028718931969
1267279980922167296
1267176969386332170
1266932467623063552
1266924112519106566
1266923647890911232
1266923195564584961
1266922987128643584
1266922881524445186
1266905544628920321
1266633670418264065
1266601650271076352
1266595975251914754
1266578417987641344
1266518475083640832
1266510086219821056
1266509550443573249
1266509474518294529
1266502794908823552
1266490491031285760
1266470304466874368
1266458176557182976
1266430716864126977
1266227486028730368
1266223546688143360
1266203846788788227
1266202816239955968
1266178082290851840
1266176908963672064
1266176742936309760
1266174567598317569
1266174410680963072
1266154392530505728
1266144647643979777
1266138819864088576
1266132741302542336
1266121335568125952
1266080130692034560
1265901081957040128
1265900106047320065
1265900045972336640
1265856701414006784
1265856541644558338
1265809871070351360
1265788454559838208
1265756991600775168
1265687803540541441
1265512259935244288
1265371491270443008
1265354286189260800
1265129694707331072
1265127886425427968
1265103506152648704
1265103237813661697
1265087280940634112
1265084006061576192
1265021665907372032
1265020744607514624
1264804132453400576
1264802789449850882
1264764252063035392
1264748415512018944
1264747142830153733
1264678174660521984
1264678042821029888
1264441564111073282
1264425532185182208
1264422692725207040
1264412107505758210
1264410603528970243
1264392634530803712
1264392221832306688
1264367064292024320
1264366866895482881
1264366786037772291
1264311749366276096
1264023414529912832
1264020808835272706
1263977120281190401
1263913179475636224
1263735085875867648
1263704429896728576
1263639057872990208
1263636604188372992
1263635919719952385
1263631701504176129
1263597864673894401
1263583431352389640
1263583332987596802
1263582078924279808
1263564399349862400
1263502708553560064
1263287384457621505
1263257802794917888
1263207162114793472
1262937707044417536
1262937058156220416
1262921890957422592
1262917947091234816
1262909080882085888
1262908616421462016
1262886591728480257
1262813624386482176
1262778185692798976
1262776412458545157
1262602030025043969
1262572466183917568
1262570861485150208
1262555343982178304
1262554187591593984
1262468506257207298
1262450047951593485
1262260829174431748
1262260423912374273
1262247968071008257
1262246477935468544
1262242276085952514
1262241593714606081
1262239700795809794
1262210137596375041
1262209684955516928
1262179600785739776
1261931591216951298
1261930998553403399
1261926982016569345
1261873023734345728
1261858480152915968
1261854658433146881
1261854253636714496
1261801761896988673
1261801247436189699
1261528972837269506
1261527023039594496
1261470374291623938
1261468228301152256
1261455256518447109
1261454934068744197
1261444756833366018
1261440036626558976
1261428287730941952
1261426868797894656
1261425285301276672
1261423362514903040
1261352571454713857
1261283901261004800
1261283570322042880
1261161477605449728
1261160579391041536
1261158074804367361
1261151155100385280
1261150799683411968
1261133168603611137
1261113442695434240
1261112140405944320
1261052805537689600
1261050211067027457
1261048448624672770
1261047457573531648
1261041180495630337
1261040410819878912
1261000912207675394
1261000372681752578
1261000128367742976
1260829013578149889
1260828088880885760
1260813706012680192
1260813494422650880
1260753667595988992
1260733450396393472
1260730822887235584
1260722136068485120
1260694747133313025
1260691731718135809
1260675187764129792
1260452013688721410
1260451664693202951
1260422160167825413
1260352394417729537
1260329301624291328
1260274059989798912
1260273435902541824
1260273156238893056
1260074793455378433
1260073809823952897
1260073568215293953
1260062334862503937
1260058286092509184
1259992639157399554
1259970904546635776
1259955216566214656
1259942474211979264
1259733289352359936
1259731335184179203
1259729113259995137
1259728030215204864
1259724811414073345
1259704308456546304
1259673789492690946
1259645634115559424
1259645252643643393
1259596999814377472
1259596273604112388
1259379590100705280
1259379204069580800
1259378452836184064
1259349640266149888
1259289793302691843
1259272383652749313
1259260517358596096
1259196658929131520
1259003902634033153
1259000630963613697
1258978711967154177
1258977637130629120
1258977608579969025
1258977054541795329
1258953352865431554
1258948959860473856
1258948736102760453
1258932985023180801
1258927189753573376
1258925860112887809
1258922209092923394
1258921514348343298
1258866407376162816
1258864926103199745
1258841401942396928
1258832010111418373
1258830539215101952
1258771648607481862
1258643689380868096
1258631043835285505
1258575753135837186
1258574994864398338
1258574361507663873
1258574148734836737
1258498107291000832
1258496089025425408
1258481472886894592
1258480728414683137
1258265229235859456
1258264448042627074
1258262456880648193
1258225091814420481
1258194441581428737
1258190781971460098
1258144601208000512
1258092927416274944
1258082795471028224
1258076924078731264
1258074092382478337
1257930423788695553
1257848300490784769
1257692346881208321
1257688353723437058
1257554011802136577
1257553092951674888
1257553001285222402
1257551737461719042
1257505026907320320
1257477793350213633
1257427086790270978
1257426705637085185
1257426401105457154
1257407722992963584
1257407503261790208
1257406671308984320
1257405369036320768
1257388941994536967
1257319583762935809
1257129931638595584
1257128337018810369
1257112288361713665
1257054373722509312
1257053961745358848
1256819151114366977
1256818307568558087
1256759542332878849
1256731431365050369
1256730738147262464
1256686818822549504
1256518875329388545
1256514350388375554
1256505643097153536
1256505267446886400
1256458422725169152
1256457053620416514
1256454893159673857
1256453914947235840
1256453056985575424
1256452507070423040
1256452111363002368
1256450501589078016
1256444226012733441
1256444120865751044
1256413661582643201
1256334761032773633
1256334218075860992
1256292829766144000
1256274017746423808
1256268469886050306
1256109996799963137
1256098743423647745
1256092843099090944
1256037765642203137
1256036893260517378
1256036556768284672
1256036065858580480
1256033215833206785
1256009211193946112
1255956024730632192
1255955848892825600
1255954672482803712
1255932646888095744
1255928931133222918
1255711238799028226
1255710292220080130
1255673105395007489
1255653305520254977
1255644790554648576
1255644152487804928
1255639497233973248
1255634169587089408
1255633450150752257
1255607617570787328
1255606530675638272
1255376013284032514
1255374543880892416
1255324629662564353
1255315217451552770
1255308042779922434
1255307444378644481
1255293565149872128
1255280816667742209
1255204385589571584
1255200383770624001
1255200118904504322
1255199845083566080
1255199482435604481
1255199102192594945
1255198084335669254
1255030685997268992
1255030634277298176
1254960542789152769
1254943732392026113
1254892124358602752
1254867206778703872
1254698254098300928
1254643519626440704
1254601057084207105
1254562570519736326
1254316809534058497
1254316723953496065
1254315804192956416
1254298906566905856
1254220992836038656
1254138465182048256
1253989745215995914
1253967081994772480
1253965986018914306
1253964951368024065
1253938301259509762
1253937979652898822
1253903064441876481
1253902379801444352
1253901490994855937
1253881668089217024
1253881476426248193
1253856400423305218
1253855283421474817
1253827665896681472
1253827582350352384
1253791211799769088
1253790089303343104
1253601322454052865
1253600224917876736
1253550708575502336
1253491173747879936
1253434421765484552
1253416674339876864
1253400954017181696
1253400583123263488
1253238184588177408
1253207778950184960
1253174361013358592
1253124365006168065
1253067420010307585
1253066196238262273
1253059083734618113
1253056782613659648
1253056777601466368
1253053549736366080
1253052643225661441
1253052318079049728
1253051791781969920
1253046943359528960
1253045791695855617
1253041383499157505
1253022684817944577
1252874446802542593
1252873842663407617
1252873210715987968
1252871307978395653
1252867079088164864
1252864331512832000
1252864192052260866
1252864072824975361
1252861355125694466
1252854220081917958
1252848984160301059
1252813029651001344
1252786063988322304
1252785831871344641
1252785642364260352
1252785410763141120
1252785349954162689
1252780896265990144
1252711981213052929
1252684884050538496
1252661115252699136
1252659076867096576
1252491069972811777
1252471362842550272
1252470841960304640
1252469406216548353
1252346045255659522
1252314824073068544
1252156567316647936
1252153473312763904
1252009440489824256
1252008306618404865
1251994482322501632
1251978166400249856
1251965536000327680
1251937447400755200
1251745215934652418
1251721563696582657
1251613254620598272
1251569715522093058
1251568856289513472
1251412940630003718
1251394528814100480
1251367126809468934
1251333666191466496
1250965497572548613
1250964018816118785
1250927267615617024
1250926895044018176
1250899774984740864
1250894190055047169
1250691434518163456
1250657323942461440
1250656727755747328
1250655905370173440
1250637901068558339
1250637073779834881
1250636098562191362
1250605385326592001
1250605072066609152
1250603752844718080
1250548445934321664
1250525172454440960
1250522399256150016
1250280870188969986
1250270635709743107
1250193746647379968
1250147331241992192
1250134003492872192
1250133094155182080
1250131247663177728
1249967294081454085
1249966804434182149
1249943228641472512
1249895286748483590
1249893994307317760
1249893748193914880
1249892137757368320
1249891655471128576
1249889065077321729
1249873658660569088
1249863950734258176
1249794566980382721
1249550866899587074
1249549671262871553
1249499332228739072
1249486673806684160
1249481953826361345
1249449153853186048
1249440248129400833
1249439083065032706
1249438873731518466
1249421219385884672
1249403773904023552
1249159703126515713
1249158691129118720
1249082236025987072
1249077464459923456
1249028954398142464
1248874926775226369
1248873596895686662
1248870359681519617
1248867817635459072
1248862642015354881
1248834873264984065
1248818633335132161
1248788658171154438
1248713557778132992
1248682467248095232
1248505267110572032
1248493768048689155
1248491923804848133
1248467780820590596
1248450073551200258
1248449412914745345
1248449204453695490
1248430653504253960
1248402403830849537
1248402051257626624
1248109285684457472
1248108769763930118
1248108468231258113
1248101482542411777
1248101003343187975
1248100649536851968
1248071034474881024
1248040542987939841
1248036512727363584
1248025085471944705
1248023906306285569
1248021157808242688
1247991821692624896
1247991310515965952
1247790953944846338
1247781058302500864
1247780377273352192
1247737567174250497
1247736359025967104
1247712329464193026
1247694261702643713
1247693125490884609
1247426964182327296
1247426129033457664
1247423719141552130
1247421560652042241
1247421312433139723
1247419777489883136
1247413744281387009
1247391099825672193
1247371585607987200
1247357967881531393
1247345693271834625
1247306916167999488
1247305667867598848
1247292933889388544
1247291698561966085
1247291214623170560
1247263648889720832
1247235153342029824
1247230782298443776
1246986646722981888
1246978335063732224
1246933826477015040
1246864381108867078
1246862612458921987
1246604924407836672
1246560784865345537
1246310370530082816
1246309835689177089
1246307567661277185
1246307004974395392
1246298898622107648
1246276159769161728
1246222732213157889
1246202728138674176
1246154049369436160
1245956257720107009
1245955544264785920
1245939600029134849
1245931235399987203
1245930672855777286
1245930194298265600
1245929922402476034
1245853998126493697
1245820716974395393
1245798408062824449
1245798278983086080
1245602737720414209
1245591298045661187
1245590604207124481
1245564861603442688
1245395722003832833
1245231310773219328
1245214742228029441
1245203680745287681
1245203084864716800
1245202466771062784
1245169209669062657
1245165191270023168
1245083253746184192
1245079755596001283
1245058852678074368
1244890373295505408
1244855905641885698
1244777780388085760
1244777246818066432
1244776556863447040
1244774900033679360
1244774448311365632
1244774030525095937
1244773510540480513
1244759197012512775
1244738556364390400
1244695232119070726
1244559584640921601
1244549395724423170
1244548819057926144
1244546121621372928
1244522620617289728
1244522507572359171
1244521899637370883
1244521371721322496
1244492388954861569
1244460922527072256
1244424813164163072
1244370422688182272
1244370064419082241
1244363458243518464
1244125449619292160
1244094756587573248
1244054094991355904
1244052120623435776
1244049681824399361
1244048733249011712
1244044329674366976
1244044016749957120
1243977491905048584
1243966969768001536
1243946545046667264
1243802358011711488
1243798437318942720
1243797146337345536
1243794320009785345
1243792839638540290
1243790083578195968
1243788392942297090
1243786981902974976
1243785326817988609
1243768828405772289
1243706523496222721
1243706264330203139
1243609357230604288
1243442012910583808
1243403535678488577
1243403395035086848
1243402874777825289
1243334581610147840
1243333832851329026
1243280136884981760
1243243319628460032
1243242847538536450
1243236088954548224
1243234966751698945
1243089653697138689
1243084575292698624
1243077698500476928
1243077251668701190
1243076555091243012
1243053321159491584
1243052478603522048
1242688780370202624
1242686849052594177
1242686499625132032
1242686161237053442
1242679162126495744
1242633241292505088
1242583289539383296
1242572352824561664
1242534606726823937
1242532541489229824
1242513636397969408
1242376865488068608
1242376721828958208
1242376415531503616
1242375412954443776
1242360112649392128
1242339425805189120
1242320731477692416
1242308539961315329
1242299842807775239
1242298818877485057
1242281386314100737
1242280577740361728
1242280453114982405
1242279848334090240
1242229863064326144
1242204976815857664
1242199934763274240
1242135465123184640
1241971158053879812
1241970802989260800
1241970542829174784
1241970287312113664
1241969754211905537
1241969347343421441
1241954502657236993
1241801435508924416
1241800328825069568
1241799809490489344
1241799465163341824
1241799079144738818
1241798930230210560
1241789929211850752
1241789189810606080
1241602596873228288
1241446726340202496
1241446031549595649
1241445775013376000
1241419481886285825
1241418113897222144
1241415314958454784
1241257259847434240
1241200461320871956
1241178891433074689
1241123700876828673
1241092803758706688
1241089684836507650
1241032030822907905
1240827701268590592
1240826960671981568
1240826342356090885
1240794383080779777
1240676090508537856
1240361255921020929
1240357922388840449
1240350984846454784
1240350727144267776
1240336494310481920
1240108872984981505
1240107959427846145
1240107344656084992
1240036197335855104
1239992587894718464
1239672789004517376
1239273470560616449
1239273237009166337
1238946969583640577
1238892149891948545
1238659093625057280
1238655511374868480
1238500521788358657
1237978539334316032
1237974247823175686
1237964544267313152
1237926978415521794
1237780573877239809
1237267677783011328
1237264983731265536
1236916607194030080
1236882901318291456
1236863645981667329
1236834116034678789
1236833295855316992
1236807614345822208
1236462113633103872
1236188327583215616
1236188126214631425
1236188042072711168
1236177309129834496
1236177147376496640
1235823996450394112
1235808570186149888
1235718832628436992
1235714593378332672
1235644556667805697
1235644301096308736
1235492745151574016
1235492241059139585
1235468727925129216
1235442633876463617
1235440750969540608
1235411713563848704
1235401816331833344
1235399608336928768
1235395512263520257
1235395061212315648
1235388643604193280
1235385694454833153
1235349263644798977
1235348144105246720
1235341180906373121
1235315900162756610
1235290857458278401
1235108428168589312
1235033357471191041
1234936595867783169
1234717675202306051
1234324509257109504
1234321015427100673
1234191450662813696
1234023507819843584
1234018355255754752
1233641968544075776
1233641100293730304
1233616379485384705
1233607439326437379
1233456667867484160
1233278300832727040
1233277947936530434
1233274661418356736
1233256748061868032
1233220999824281603
1233218764667154433
1233189817606799365
1233187653513670656
1233147473876488192
1233101066415169536
1232943012554014726
1232942142265249792
1232942042034008064
1232941486955810817
1232897438584733702
1232847050317811713
1232818125172686849
1232771201149194241
1232745109327728642
1232743459724742658
1232742940855767040
1232741835040153600
1232741572736778240
1232737472477483008
1232730666975948800
1232718627368914944
1232576873923633153
1232574446356946944
1232574389624832000
1232557633007017986
1232556723195351040
1232384271790198785
1232201882065461248
1232161445942452224
1232136927375048706
1232136638148444161
1232136418555617280
1232106337946877952
1232100725045395463
1232026398191058944
1232020347131580416
1231859046589722624
1231823518058176512
1231777658322575361
1231751847376908288
1231707934075191297
1231489428176031745
1231439801242415105
1231439694019186688
1231425157090070528
1231389541602226178
1231376284388749313
1231374786632138753
1231138532896362497
1231079058064072704
1231078984286261248
1231078492453785600
1231067101147697155
1230684696930996224
1230635242983063552
1230635061604569088
1230363992964530176
1230339128715202560
1230337483591704577
1230328994601394176
1230317577127096321
1230310372059406336
1230033210035195904
1230022652686819328
1230022331872903168
1230021674520608770
1230013636938096642
1230012549480869888
1230012300989362176
1230012208584617984
1230011522304200705
1230011322441453568
1229964422380056576
1229964177839513603
1229928844938772480
1229924425425776640
1229924284950167552
1229920004394536960
1229859931605499904
1229859105348546560
1229847408093229056
1229835006773579776
1229266527192399872
1229266215127748609
1229235947100749825
1229234831495553026
1229212613667504128
1229135628710793221
1228875863233445888
1228855190301761536
1228854493514588160
1228853632927289344
1228853509996466181
1228786509546803201
1228616402447192066
1228615355817324545
1228611499175755776
1228611074116612096
1228582932400328705
1228544177715048448
1228543956008390656
1228529677716705280
1228471945735200768
1228447468452343808
1228200052008468480
1228199318877700097
1228135189798211584
1228134252270632960
1228133728393678848
1228133427351736321
1228106739259543552
1228104099465269248
1228054068133711872
1228048350793986048
1227847242368708609
1227790410711330817
1227790159401209857
1227785035098361856
1227784867850534913
1227783661778399232
1227782398894411776
1227782193138683909
1227771586230374400
1227750262393073664
1227666655360081920
1227643456266194946
1227620530540335105
1227477717186117632
1227477464391307264
1227477329108185088
1227476943722962945
1227476720409862144
1227476176966422529
1227475962008395776
1227424327986864128
1227388769046650880
1227369323515170816
1227366930907987968
1227359484671979520
1227358932789653504
1227358658633162752
1227305841394692097
1227107919885299712
1227106331728826368
1227065544177643521
1227020967844573184
1226712350159339521
1226678878346735616
1226664943254003712
1226664573190541312
1226656746673803264
1226629623850487808
1226629015135350785
1226628851444244480
1226609490272763904
1226609298945409024
1226411283634745344
1226387287748923394
1226228219008782336
1226035284178960384
1226034887179661312
1226034703834071040
1225645030326464512
1225636812841861122
1225623216929964033
1225622856714747905
1225582977947537411
1225559850106617856
1225558370490470402
1225558120459644929
1225557487161683971
1225535034221907971
1225517299983056896
1225497230427205633
1225203533462425600
1225202319928594432
1225201513212989441
1225200701300596736
1225186827226607617
1225173317641895936
1225171130425569280
1225138881709793281
1225138851951214592
1225136327911337984
1225121694915776512
1225109907248054272
1225104104357154816
1224954180978212866
1224936748574068736
1224875198643494912
1224832780317540352
1224773050832343041
1224576668888489985
1224576440999374848
1224521769727549440
1224225926063353856
1224220360603602944
1224046406639292416
1223905669020995585
1223855751396855808
1223800120661069824
1223789651565010945
1223505948414636033
1223504139285454849
1223494238064660480
1223494056933654528
1223475029318352897
1223421781635002369
1223412593320067072
1223374805614788608
1223161348026011648
1223077320765796353
1223076715510915072
1223044904705617920
1223043121912565760
1223035807369318401
1223030673029525504
1222983112692363264
1222982985839890432
1222768475149500416
1222741513366458369
1222740834090545152
1222740249576476672
1222738569657085952
1222700016218693633
1222681701685399554
1222654193795600384
1222610743448592384
1222610027296350208
1222609259671633920
1222609148547698688
1222607234229657600
1222573387920228353
1222549861247021057
1222413994322886656
1222332463608782848
1222332133051531265
1222302942062993410
1222244004437221376
1222061198037807105
1222057575354523650
1222050045630935040
1222002242611343360
1221904396264460289
1221877570280419328
1221876044480704512
1221598067704487936
1221556164007088129
1221532728174104577
1221530135808995328
1221176354814578688
1220925664183717888
1220857583440760833
1220803460406206464
1220802863112155136
1220801813810569216
1220800985129349120
1220798807459262465
1220582009556258817
1220581274386984960
1220581022930067456
1220580797607895041
1220580566531051520
1220578652808593408
1220578293167951872
1220577234664091651
1220577132818026497
1220576602506924038
1220556725289287680
1220535147512004613
1220534448531243009
1220497980232327169
1220495685956431872
1220450497515216899
1220443720065089537
1220249085971554304
1220234542411214848
1220186948351840261
1220186410193276928
1220143464588832768
1219356644506656768
1219157449887768578
1219154868398522368
1219148006886264832
1219147671237091329
1219106000117985280
1219039801300541440
1218976664903794688
1218974997730885632
1218972544662831104
1218782190248415233
1218609645062778880
1218419642760187904
1218304463544274944
1217972447317651457
1217972446021615616
1217966250908762112
1217958622409310209
1217956260856745984
1217956099128582144
1217912487405707264
1217871143350104065
1217706619913396224
1217706288563376128
1217648344383639555
1217641306064707584
1217606022941925376
1217605388331188226
1217602131504447488
1217587741732458497
1217527104922734592
1217523212923199488
1217516459275894786
1217501933063159808
1217477839466795008
1217282833791668226
1217201246991339521
1217201182604529664
1217172460094676992
1216904476767899648
1216844487437107200
1216812693849423872
1216597984223191040
1216567856982192128
1215896445183619072
1215860254086287360
1215859933821849606
1215859728560967681
1215859242147643393
1215542274550972416
1215541196639965184
1215541075823054848
1215533147669970946
1215417239932788736
1215386508594569216
1215383531880239104
1215363204710162434
1215362186282852352
1215362013968289792
1215164939200954368
1215111819456466944
1215064064193257473
1215063910065176577
1215047340576239616
1215043413801701376
1215043173887561728
1214993247950344192
1214974634489049089
1214974104127688705
1214758982843191296
1214704105404321792
1214490342549966850
1214440381703606272
1214303894026637312
1213540609102712833
1213362722873593856
1213270698845560832
1213262136178176000
1213155476860354562
1212993873670066176
1212990047609180160
1212979604962459648
1212250378114224128
1212249390624100353
1212214502302740480
1212199061509435395
1212193514466889728
1212192802945130496
1211890889372553216
1211531572152696832
1211530185142497280
1211425976015413248
1210808372271800320
1210805966851063808
1210795556332683264
1210651391540088832
1210622275432484864
1210621807364993025
1210485748631138305
1210483363959623681
1210456911268597762
1210450637650939905
1210444463224393728
1210442887017578496
1210442244978700288
1210441374748688384
1210440741945692160
1210440710094110720
1210440482196615168
1210439742753366017
1210439528546103297
1210358579955294209
1210338189883240448
1210336056240832512
1210315257417089025
1210314888498667520
1210074878214209537
1209549310557208577
1209373330471391232
1209372796180058114
1208082171727974400
1207914111989764096
1207913167856128000
1207897745148661761
1207851060125061121
1207792997858869248
1207734420699959296
1207733347893403648
1207726894252089344
1207726532648587265
1207454966677266433
1207454754722287617
1207453995888832514
1207356016540545024
1207057723730190336
1206835658330796032
1206832291382583296
1206830382756139008
1206486588131172353
1206486471974084608
1206486203995836416
1206484861839499265
1206476736096915456
1206476333313753088
1206411586119725056
1206353261474668544
1206026041191362561
1206025617289797632
1205735772420071424
1205708383111663616
1205707318014300160
1205706388636422146
1205686981012770816
1205686350906720256
1205650023800655872
1205649929953112064
1205649500779401216
1205580106107764737
1205577618700922880
1205378246889467904
1205376264187441152
1205375475217944577
1205281119110758400
1205276236299137024
1205266908175429633
1205233455514017792
1205028582243782657
1205027884319948801
1204974373301444608
1204952893364686848
1204952733595209728
1204897553013039104
1204821383227723776
1204820332831395840
1204810199854280704
1204293675049611264
1203943264690171904
1203602282794770432
1203561889847894017
1203553822372704257
1203540468119638016
1203414217727938563
1203230150881505285
1203209183102812160
1203205272967057408
1203195326384898048
1203174669064404992
1203006993230729216
1203006896673677312
1202823454321340416
1202799169783525376
1202735105120145408
1202715274803212290
1202691226962522112
1202423205148778497
1202308302249480192
1202307951165202432
1202305238528430080
1202293718520221696
1202292740987375616
1202281630565449729
1201662672699195392
1201621127195316224
1201588725211389953
1201393860196175873
1201384733050978305
1201380117743714305
1201283456153440256
1201279456498683904
1201279024518987777
1200865629428826112
1200861877959458816
1200656801005359104
1200567291781369856
1200565583013539840
1200295336759058432
1200294170637651970
1200233970056617984
1199978999625080832
1199954672846434304
1199906797357715457
1199800552772628480
1199757306809815040
1199754066630303744
1199752532886609922
1199752219156865024
1199509192312156160
1199224987732721664
1199221426743496704
1199125589724000258
1198815662002454528
1198794798032769025
1198793980768423936
1198483851636432896
1198416007728992256
1198411066889265157
1198410849439764480
1198410721463128064
1198410639389016064
1198324254862790656
1198104919133175808
1198101772000120832
1198025582782509057
1198024543551385601
1198024541496233984
1198024539004755968
1197971286950998016
1197970146301579264
1197948174217830400
1197771283410251781
1197723242082889728
1197718091842457600
1197672878587564032
1197666723937177600
1197663746337857536
1197655193313169409
1197648114334650368
1197637089526857728
1197619735149436928
1197618081503121409
1197433521033187328
1197429483654901761
1197422133401358341
1197400891071983616
1197394579537874944
1197335342434570241
1197313286359810048
1197287123100954624
1197277058755284992
1197268946837069824
1197268789873668096
1197268335622152193
1197265397558337536
1197263952725471232
1197263635984179200
1197262357090557952
1197262123891453952
1197260789356216320
1197260662633746432
1197260487668297729
1197260196843671552
1197259068454232064
1197258859766640640
1197258682955784192
1197258284681416704
1197257980812480512
1197237598248300544
1197235102066987008
1197224396357718016
1197219587122585601
1196888810702819328
1196682629749198848
1196674027625992192
1196589168354197504
1196569246085468160
1196565981323120641
1196565843208888321
1195951132129943553
1195620179251580928
1195523414410219520
1195518119113981952
1195516883237130240
1195504141281267712
1195401412605145088
1195400698650714117
1195400079701463041
1195399772909096960
1195377296221204485
1195377144244781056
1195171642424483840
1195171451919187969
1195155698763517953
1195155321154494465
1195140436785975296
1195139111578984449
1195076997631791105
1195076035571671040
1195074916011216897
1195061181158838272
1195056912242372608
1195054637335764993
1195040145977704448
1194822213687373827
1194820324979691522
1194811424263901184
1194775195178848256
1194775095098560513
1194734610954907648
1194733053555294208
1194731638514573312
1194724272473702401
1194720429019000832
1194693430594506752
1194454977021759489
1194145490943610881
1194072102409654272
1194056168777191424
1194044155556532225
1193998555792281601
1193976469904445440
1193799298623791104
1193796615896584192
1193774096221212673
1193772318889144320
1193637002702282752
1193606849955647488
1193378056896860160
1193350822089777153
1192978823727370240
1192942545866616832
1192901369105018880
1192878362596757505
1192864288592936966
1192846594451722241
1192628532041658368
1192627595105275904
1192605989645602816
1192589000353042432
1192588250734456832
1192587866720722947
1192587233137573888
1192586770937860097
1192585012308086784
1192584135480471552
1192583688417988608
1192583466556149760
1192583390731456512
1192581696123617280
1192580750350045184
1192567876244234240
1192564185470619649
1192543314265792512
1192543057792532480
1192481863295651840
1192481389943279616
1192330278280163328
1192318711635427330
1192318462246285313
1192271926565068801
1192215794337189888
1192200434401677312
1192197072025374720
1192195207585923072
1192164120553902080
1192161107550453760
1192156174134562816
1191972707371487232
1191838433854939137
1191819615292157952
1191247051939434496
1191136980517576704
1191136592104046592
1191135938786709504
1191116670305103872
1191110195629289472
1190857017172193280
1190803192507813889
1190703203974701056
1190533766336241664
1190525435836125184
1190428967590711296
1190328928138694656
1190160938919288837
1190150492266983424
1190077931021750272
1190077380485713920
1190053178412158978
1190019338025209856
1190017805992779778
1190017569215746048
1190017401045188608
1190016762361737216
1190015574866182144
1190015374428758017
1190014903165173760
1190013260222758914
1190007537321463808
1190007075641757696
1190006637559341056
1189998542321930242
1189993893707665408
1189988911084236800
1189988160631033856
1189734354047471617
1189651962767134722
1189650206863675393
1189632866247831553
1189614663983452160
1189614029066530816
1189589630028353536
1189583958180106240
1189444091714523136
1189410436166213632
1189062472159784960
1189045916814045184
1188874738866614274
1188672999412469760
1188322581008404480
1188320850438541312
1187943457739825153
1187557639544197120
1187557449630248960
1187179922134945792
1187177482388004865
1187152007758405633
1187124979269173249
1187119423707996160
1187064699432472576
1187062735629979648
1187060046649159680
1187058259540135937
1187054181707702272
1187043650661797888
1186882234747244546
1186881901597839360
1186881406024073216
1186881035226599427
1186880385373720576
1186519050341322752
1186481913852153857
1186401389867438080
1186349248578650113
1186348115952975872
1186347501055406086
1186181914090016769
1186121432100589568
1185071924545605634
1185054955968688129
1184971755560943616
1184957048892481536
1184942720097275904
1184911028179456000
1184911018515779584
1184910215310757888
1184661192784003072
1184661177927786501
1184650450865274881
1184617243994230784
1184573196814536705
1184536954920194049
1184523156666617856
1184507659786932224
1184504468945043459
1184344092274126849
1184344035172864000
1184290784423448576
1184182591265464320
1184182541651046400
1183995216312729605
1183988887758106625
1183982947315019776
1183796245258633218
1183251485263454209
1183170113593212928
1182868112070209536
1182865950896357376
1182795606185537536
1182734250191147009
1182706750123720705
1182701675028418561
1182516338134138881
1182510359506120704
1182508444571467776
1182448877498073088
1182441808162246658
1182434282775597056
1182410787253444609
1182386635645702145
1182371192532897793
1182369033452052480
1182352884693790721
1182349876736057344
1182345938762788864
1182344402347290625
1182334045696348160
1182331417356713984
1182331373605908480
1182330800102002688
1182164287575322629
1182162781421748224
1182144771814412288
1182142559562240000
1182142069415895040
1182127999405019137
1182098406954528768
1182067756243378177
1182042603266510848
1182039073164148736
1182034224452272128
1182030465718292480
1182030193847750656
1182017742792056832
1181987920074297349
1181987653136158721
1181982689143873536
1181982023126114304
1181981949843267584
1181981905421357056
1181981850769608704
1181947556948926466
1181748215315456011
1181746413484404736
1181620563145416704
1181449165944971264
1181448007595638786
1181276906500395008
1181276255624130560
1181276009053601792
1181274548047511553
1181023452964126720
1180976653377232896
1180960737151221760
1180881938292170754
1180394415774257153
1180266130864140288
1180237044376731648
1180225575568334848
1180225222307237888
1180225187058307072
1180165180962902017
1179992249729519616
1179955111524585472
1179865211924176896
1179845896206315520
1179804212328140800
1179783358580023296
1179625498629926913
1179624838228369409
1179623643975802880
1179623320116817920
1179621818463744000
1179620324159045632
1179620172430114817
1179619857454600192
1179567499819380737
1179567122940252160
1179542225224470528
1179533698514833408
1179505707105714176
1179436452444176385
1179210494755799040
1179167038696083456
1178948314273730560
1178946390925295617
1178932877704089600
1178932753619750912
1178912884585156608
1178873404545363971
1178487318509838337
1178482085343842304
1178481792451375106
1178481529749508096
1174438945242996736
1173217103362560001
1172287411579080704
1171856040649875457
1171842705288089601
1171840072892551168
1171272284197146624
1171271796483604485
1171271528559730688
1171271185423691776
1170592550849105920
1170565158470443008
1170016876467871744
1169838958982791170
1169806900403130370
1169805545303228416
1169804925997502470
1169804032459689984
1169803665948827648
1169802846872588288
1169738360358760449
1169443560858374145
1169425194911334400
1169409518825959424
1169386676335988736
1169329452209172480
1169305669993787393
1169304801680580608
1169298977730121728
1167621204313694208
1167588474842566657
1167561484601135104
1167484256970395648
1167313135872557057
1167249742142693377
1167249543106220032
1167249189081772032
1167249100053471233
1167247685075619842
1167247516888207360
1167247392908795904
1167246610163585024
1166810379864854528
1166442979885633536
1166136900131774464
1165918006163070976
1165882855525761025
1165820434417246208
1165819424701464581
1165819359199023104
1165818701595074560
1165818496028004352
1165818237486915584
1165818203898966018
1165816846747979777
1165815600997752832
1165815133844598784
1165773964624322560
1165737798827032576
1165737483503423488
1165445563493408768
1165086833887199234
1165086384991932416
1165085977225789440
1165085597427351556
1165085486370582528
1165084361454047233
1165030848220913664
1165026696883388417
1164958906969284608
1164634304233668609
1164626355603963904
1164438450801504256
1164348758148038658
1164347996839931904
1164346826075463681
1164269552114397184
1164233365110714368
1164232185957642240
1163943346739376128
1163869393106788352
1163731111245012992
1163664904227700738
1163559350318718976
1163338597379895298
1163190474422702080
1163187752155770880
1162642591692668928
1162640522076311554
1162639496803827712
1162502515818057728
1162497326507626496
1162480626001297409
1162390976536576005
1162107839470436352
1162072389229801472
1161820888519417857
1161786247406206976
1161780312801591296
1161739176154296320
1161726728688898048
1161685626002894848
1161678457450799104
1161449640174051328
1161379347124502528
1161375596154245121
1161139786792390656
1161012264545054720
1160736395347935232
1160728511075635202
1160715207653519360
1160710049372631040
1160709689044115457
1160700832590905344
1160629211863719936
1160300496755646464
1160299622553645057
1160294246798127104
1160291828018475008
1159980817075982337
1159972633334562816
1159945452038475776
1159655520325664768
1159655157694550016
1159654346172145664
1159574104363556864
1159545726201810944
1159522295422976000
1159326432562016257
1159300798259404800
1159226209651191808
1159197247667494913
1159191110855491584
1159156646771216386
1159156208508342274
1159154457155756033
1159144190732668928
1159139291022278657
1159135216784441345
1158963042199019521
1158959744867897344
1158958506013163525
1158604566926991360
1158570127824056321
1158559394461650944
1158496026921066496
1158437556070993920
1158269507183398913
1158167560690421760
1158074305080512512
1157788469290135553
1157778291702390784
1157528037438582785
1157449855280635904
1157415413900173312
1157124198738747392
1157067057692729344
1157059684244709378
1156790606246510593
1156788636702007296
1156786602217074690
1156784173765419008
1156780648935247873
1156735313772855296
1156687497360887808
1156658408306511872
1156633294538022912
1156628385864409088
1156620957873655809
1156397728563204097
1156395625799282690
1156378274588528640
1156080840213848064
1155995986893758465
1155982754233720833
1155917752445464576
1155697597845135360
1155649568538685440
1155628436871737345
