1285227080226164736
1285220635384446976
1284657150497828864
1284188051984527365
1284161392866734080
1284114413000232964
1284106140784173056
1284105099112058882
1284102819629404160
1284076874566717446
1283939790556205057
1283928884581367808
1283928492539813891
1283914831339364353
1283914593610469376
1283911907410415623
1283911005685325825
1283906673221029888
1283906327790706688
1283905588976652293
1283905375176208392
1283905271904055296
1283904905783189506
1283904827722956801
1283904375530889219
1283904354664292353
1283902925249622017
1283902445505175552
1283799326502903809
1283799182118137856
1283799131631366147
1283713156825612288
1283712379352690688
1283589222444732418
1283589213385035776
1283587232180449282
1283577172687564800
1283417031396798475
1283416877054791681
1283410963841114112
1283402834369798144
1283402547735273472
1283364376624406528
1283358435480829954
1283358401041489920
1283233587513491457
1283233021974450176
1283231529733431298
1283228940300161024
1283228115888738304
1283205576558862339
1283200928678649858
1283200615921922050
1283200545747083267
1283200280390246400
1283200045890899973
1283178833139699713
1283178750356738050
1283129736147939329
1283129107367198720
1282758549622456326
1282755765590282240
1282738726012059654
1282692811134042112
1282687822755966977
1282686792760725504
1282686510702239745
1282682984626360323
1282682685979275264
1282682673908068354
1282682310656237570
1282679670614392832
1282679031721340930
1282646036301873152
1282632299046227972
1282628301652201472
1282628137411588096
1282510598278975488
1282509356643291136
1282508398563667969
1282504801562091522
1282500121184423936
1282499404222607361
1282489416959893505
1282475523663368193
1282463409536208896
1282462193242509313
1282462178482757633
1282460721910026241
1282459308618387456
1282450372049731584
1282392688562712577
1282392365701967873
1282320028797472773
1282319344656101378
1282318957995843590
1282317530145656832
1282317043899994113
1281949655711076353
1281949621821026305
1281948684108926981
1281945883907629060
1281302991413432321
1281292966531866629
1281290294122741762
1281253463528177672
1281251805813510144
1281241397996261376
1281240952456257536
1281236335223865345
1281234845256101888
1281232730626367490
1281231231057870850
1281230955999608836
1281230658094891011
1281226516534382593
1281226481310580736
1281226240645570560
1281216633147731969
1281213964718944257
1281211754886967296
1281211739498053632
1281210855628115968
1281210524315914241
1281206142136393728
1281203882606112768
1281199590331596801
1281199550422814723
1281198547854077952
1281043921620041728
1281024816036884480
1281006077736296459
1281005518945955843
1281005392353538049
1281004004198223878
1280990811342151680
1280990506001010693
1280977766477897728
1280977496696119297
1280971530177052678
1280967350137700352
1280966472475574273
1280966141964439554
1280964765980991490
1280964284588179457
1280962494794784770
1280275540293881857
1280247654522519552
1280164075029364741
1280162859247419393
1280162821750349825
1280097361235230721
1280096799244423169
1280094926479470592
1278744965112311812
1278481465391689730
1278378354492813312
1278377587643949056
1278375969666072576
1274872623567175681
1274511895488274432
1274510690091442177
1274497521155538952
1274484154650984449
1274483868456882176
1274476460942790656
1274471478868803586
1274452099011612673
1274444361854582787
1274444076855820290
1274433900555702272
1274432275875344384
1274431828179419144
1274144516027699200
1274144137248485376
1274142988055326721
1274142112032919553
1274140873173893120
1274116911924641792
1274114031457099778
1274107950966210561
1274105627955134466
1274103163579179008
1274102577811066882
1274094949055815682
1274092739844608000
1274090430867607555
1274089880583376897
1274088670610558982
1274087798979596289
1274087736245465089
1274035872279773185
1274035721293254656
1274035530129461248
1274035167892582402
1274034978389659649
1274033162922930177
1273759329330630656
1273758705775935488
1273624732240355329
1273595099855892481
1273594687786549251
1273594653590392833
1273584299787325441
1273582336811114497
1273581137156243456
1273579280115609600
1273576177366642688
1273417429381779456
1273415243142623232
1273414598109036545
1273414522070618112
1273414330940350465
1273405910967300096
1273405842398871552
1273368237116440577
1272874952233029633
1272265183562551298
1272264795434164227
1272261335867371529
1272235314761936898
1272229789789827072
1272227552371884041
1272225042030526464
1272219063067049986
1272218710690889728
1272208015849119747
1272199496508866561
1272199019876548608
1272197382537707535
1272197143982456832
1272193611673866240
1272191156827414535
1272190848080449539
1272190747484323843
1272187872758632449
1272180967206277120
1272180514389209089
1272165622697414658
1272165250389901312
1272164226191237122
1272163707586514945
1272161336118718466
1272161013757104128
1272160714136989696
1272160500894306307
1272160197604188164
1272159915256287235
1272133531339239424
1271972630258683910
1271971398395875329
1271970743849488384
1271954571758391299
1271951111029653504
1271950325960843264
1271949790910259201
1271949037835608069
1271948553926201345
1271906934627733504
1271641877801054210
1271624307765116928
1271623249605132288
1271582665532112896
1271582495742574594
1271580814137008128
1271578933008498689
1271519797008834560
1271519464383811589
1271517996033466368
1271515245207527426
1271514708995162113
1271512727836655619
1271512497762308096
1271512253284732929
1271444355413393410
1270679403412979714
1270553943391772675
1270550005418524673
1270527992440205317
1270526691220348928
1270449165315833858
1270446113070481408
1270445930374889473
1270433799931924481
1270433373824126978
1270433134480429063
1270432878338486272
1270358994268426250
1270358169127190528
1270181855317430273
1270171098664108032
1269980697273544710
1269794168358002688
1269793564273319939
1269753655122632705
1269745568672370688
1269744783213375489
1269740180048695296
1269739187001085952
1269738557494693888
1269734592858271751
1269693378893099009
1269672859842097152
1269672671392006146
1269663249303207936
1269662132104310784
1269641243774144512
1269634011254661120
1269631306809425923
1269592766662807552
1269444429208829952
1269430182303105029
1269426649889738753
1269420719135473669
1269418379875622912
1269417569406070789
1269387261923201025
1269371751441600513
1269370539254198274
1269370249012482048
1269369515986636800
1269369450014400519
1269368450851516423
1269365490180329473
1269364876511719425
1269364243243163653
1269358007592407040
1269357954156953600
1269345449498103809
1269344152837402626
1269288795511443458
1269281552367865858
1269281181025132545
1269242743991173124
1269239590491226112
1269238333596712962
1269238149655519232
1269235731555368966
1268957499748737025
1268956053007466503
1268920373275439104
1268917642666147842
1268917515381379073
1268917249122992129
1268917043220406274
1268901756450332672
1268880541295751169
1268729107229089792
1268717240247091200
1268712695546761217
1268711818010206208
1268707634133204993
1268561197655261184
1268298256821424129
1268297501783789570
1268297298200670209
1268297083091595272
1268207577936134147
1268206146168422400
1268205746522595333
1268005628523565057
1268004863599955973
1268002300368490496
1268002273252212736
1268000747129655296
1268000675964899329
1267998893003898880
1267881058508341250
1267879165988126720
1267878514361085960
1267878264384733186
1267878218817814530
1267877866265612289
1267841958661234692
1267839435380588553
1267839330187464704
1267838954222616583
1267799131248046080
1267608425548124165
1267566224973709314
1267516984373194755
1267504227712225282
1267476504180555782
1267476387956482049
1267475850951352320
1267243646467952645
1266557809094725634
1266557447944253443
1266544753203650560
1266540630483894278
1266528806313037830
1266525391243673604
1266519893777752065
1266516439806156800
1266512256566730755
1266486948618801152
1266480239045160962
1266479508745523206
1266478829138251785
1266476954963849221
1266475748086419467
1266474768783618058
1266472353942441996
1266471571419430912
1266470820190322688
1266447072020004867
1266446005907701761
1266423697642053633
1266421741334732800
1266421515131801600
1266397253712908288
1266391413446631424
1266386797363412993
1266386022386020357
1266385628381483008
1266373742424240131
1266368156836130823
1266368128885223434
1266353220869382144
1266191566181367809
1266190084711362561
1266187755454939145
1266181579803680770
1266165081643114497
1266164989875945474
1266151347289837568
1266148631486369793
1266138861970866178
1266137795443261440
1266137642007175179
1266137585610625026
1266056654002556931
1266053542508363781
1266031429911281665
1266028301161725952
1266023787293802504
1266023612500320260
1266023405062676480
1266010210579210242
1266009700019122176
1266008656476286977
1266008215411658753
1266007026745868288
1266006291320844290
1265998920406257664
1265995816881315841
1265995326776840192
1265994733903585281
1265994359389827072
1265831537284694016
1265823863209951237
1265823776387760128
1265799025808355331
1265794807814897674
1265785177432883203
1265782838793822208
1265782753485881345
1265759377316855808
1265756067562225667
1265753743242510342
1265724542401556482
1265721481339830273
1265721297646034945
1265721136022720519
1265705687847403520
1265673956775911425
1265673805210542080
1265673763615629320
1265653812016091136
1265649000948158465
1265487206296231936
1265482915745538053
1265476887612207106
1265446884853809153
1265446737151492096
1265446507291054080
1265436679743078401
1265436363576561665
1265429949013516295
1265429647178829824
1265428441064706049
1265428102097915904
1265427761549791238
1265427056134938626
1265426461374242823
1265425202063835139
1265416754857115648
1265401903833284609
1265401817954992137
1265112924596711424
1265103922479484934
1265101841366425600
1265101820449509377
1265087694000066560
1265070144268746759
1265067568966107136
1265065409939738626
1265059522223235072
1265031728223203339
1265030830910517248
1265028442791260163
1265016174590517248
1265014993294147585
1265012126646702080
1265005983476088834
1265004124472578057
1265001998748921860
1265001382089822209
1265000291998543873
1264995509632147458
1264994960450912261
1264966532226076672
1264965805948702720
1264964615018106880
1264747588370280449
1264647010113724417
1264627019133923329
1264598791241576448
1264586419781226499
1264566199926620161
1264557538747600896
1264551673445462016
1264551268435013632
1264547224090017792
1264391042826207232
1264383599391969281
1264379251853320193
1264160703918809092
1263978745611911168
1263921348776275968
1263904489926463495
1263895519706984449
1263894944504320005
1263891973632557056
1263890897110020097
1263890442401320960
1263889191835971595
1263888936146960384
1263888894438883328
1263636491135324161
1263636471539474432
1263616234177822721
1263606744766447617
1263597819987849217
1263597595189903361
1263568825032867840
1263563901133819904
1263559532904624128
1263555969646288908
1263551918619713537
1263551278833111040
1263545134131675137
1263536418346983432
1263536407412445184
1263518100739276801
1263517930614112258
1263498030013128704
1263497587941875712
1263496985685917699
1263496513583484930
1263306334956654599
1263303687088283650
1263303162984910850
1263302181396119555
1263298832470859777
1263218934129590273
1263144248246964226
1263143738798419969
1263142541681209347
1262904260204924929
1262889333960384513
1262885826297561090
1262882528727379969
1262880510788931587
1262839601774899200
1262825017093521409
1262813928184315906
1262803553988612096
1262801782264213511
1262801193161678849
1262794767114670080
1262794574386417666
1262758101985320964
1262746368197537792
1262745818232049665
1262575666261831680
1262575374157975553
1262559938657820675
1262548455836303362
1262547914469126149
1262544577057230849
1262540184052269057
1262538408343322624
1262530200128061443
1262529297992081408
1262527950093770761
1262527877771386881
1262527821991346182
1262525216712011776
1261840451298037760
1261834095686008832
1261832198384214016
1261828906652401671
1261828485380812802
1261826341281894400
1261808326217814016
1261806909893550081
1261760978028498948
1261759929075073032
1261756486914650113
1261749165220118528
1261748715368349697
1261748171409182721
1261747956488769537
1261747509837344768
1261489278695157760
1261483846769442818
1261482824185589761
1261482711170142208
1261482444055810048
1261478373936816132
1261470367656243200
1261461269594456066
1261457450340925441
1261454897846734848
1261447583219634176
1261410084262838272
1261409552781594624
1261364737205362688
1261323006783172609
1261288369583243266
1261119439732453376
1261111662913949696
1261101938621513728
1261097628441378818
1261053332145278977
1261053168709963777
1261050306231701513
1261041315460141061
1261040198990913538
1261038124760793089
1261037932183523331
1261036523111288832
1261035966174842882
1261034529143304199
1260540280299716608
1260537520552583175
1258760656951685122
1258759852639346694
1258559095134654464
1258556405432320006
1258554215271718912
1258516273337495552
1258503207480852480
1258495740910936064
1258474460199485442
1258473849060016129
1258473466082328577
1258473100741619713
1258467415488450562
1258461294493077506
1258460836764495872
1258460748147298304
1258455587874115584
1258414929926918145
1258410208822468608
1258409341784412162
1258403003729686528
1258200882799353856
1258193682748125185
1258192642598416384
1258187901374025729
1258173231766306816
1258133877173956608
1258130238036418560
1258114606809124864
1258103780933079041
1258064940902035461
1258059813604425730
1258051654613708800
1258050055573045256
1258049891638611973
1258049301474877442
1258047512365146113
1258015157999017984
1257871196185595908
1257870299837710342
1257834392870948864
1257833044767133696
1257782260058783744
1257781936841506816
1257777549322657798
1257750901223239680
1257748456111845376
1257748344191029248
1257744146867068931
1257744022648623106
1257720609682919426
1257706078806163456
1257683626055139329
1257658977363640322
1257657863041945601
1257657452427988998
1257504524123734017
1257494754755063808
1257493657961234432
1257480820371185664
1257480612450938882
1257456633548083202
1257450137321910280
1257447883407798274
1257444473145044993
1257444131128987652
1257443979811065857
1257419650255728653
1257374224190181376
1257334017269080066
1257331358378217473
1257327990909919235
1257327226820931584
1257023505004212224
1257011980432441350
1256408908282945538
1256408516270739462
1256233769218039808
1256223667354304512
1256223397455056897
1256030188237983745
1256025833145237504
1256009614329552905
1255997966885806081
1255993952416694273
1255993903259553797
1255941583377178625
1255910691388694528
1255909795745411073
1255904513317384196
1255903714780602368
1255877160901980161
1255841633633001474
1255700402743529472
1255700089647124480
1255699854371717121
1255696405341114369
1255692933254299649
1255689588565258243
1255687943672512513
1255678282772754434
1255677750628749313
1255597748583268352
1255245253323427840
1255243324929253376
1255241250439118848
1255240647344259073
1255223370767097856
1255216775224004610
1255178134686765064
1255166070446489600
1255166031330529280
1255165325332668421
1255165099804971015
1255164412534632450
1255164165112696832
1235607512633798657
1235383766820012032
1235378305727180802
1235321763275436034
1235239273328234503
1235239192545964032
1235238987750658054
1235238311989587968
1232409886711066627
1232409484888363010
1232409468954083335
1232003532573769728
1231980087672811520
1231794421278093313
1231786601241612288
1231778244556398592
1231769732954632192
1231763274615738369
1231681388040065027
1231680043862110213
1231436131255934977
1231423666958819329
1231423462884990976
1231419714263568384
1231411863985979393
1231057266469634049
1230984107779338241
1230880148628672515
1230345310133719040
1230325839864193024
1230171471441530882
1230166409633837057
1230123730489270272
1230122261077688325
1229986546943655936
1229969952268046336
1229948901324664833
1229947737027862531
1229945997247369216
1229945357901144064
1229943087927046145
1229932085126795265
1229931144172494851
1229930387880710144
1229925768064634880
1229920403600048128
1229920402845130753
1229851543190544386
1229830628193034240
1229810683811946496
1229780842697895937
1229614300903493632
1229614059580002304
1229566864080195585
1229557922474143745
1229532739017334784
1229531505967321088
1229505802240700416
1229504113538404352
1229498703397834753
1229495771671728130
1229495478066327552
1229053345815547904
1229051736674963458
1229050270149226498
1228806950424645634
1228803953363738624
1228800699913441280
1226949242889129985
1226945881213227009
1226884149232963584
1226879414597713921
1226868537949671425
1226691495526268929
1226690811338919944
1226681731769651201
1226680934709317633
1226673505275711490
1226665454187536384
1226661728022384641
1226636355452723201
1226636206122901504
1226635731688443911
1226626335952527360
1226353101197713408
1226352083516956672
1226218879803895808
1226160462557044737
1226157208033005574
1226156381646020609
1225805965708144640
1225805488497070080
1225775940921446400
1225585050311446528
1225542565358952449
1225520541513273344
1225436320115445762
1225435033885741059
1225265588093825024
1225247995882622976
1225182132814991361
1225179683337187329
1225163138665938944
1225151825667600384
1225151450470408192
1225083343651381248
1225065446203973637
1225054396712673283
1225052856094470145
1225049849315430405
1224879747274039300
1224871026951118848
1224852042642067456
1224844616651956226
1224842535237013504
1224837131035709442
1224831253523902464
1224821836720091136
1224817115464683521
1224804963790020608
1224804540643512325
1224802937706373121
1224802462927925250
1224800629773733888
1224796202778210306
1224791709793628166
1224783118252617728
1224782323775873024
1224771311165149186
1224763344613187584
1224762621607411714
1224746983274971136
1224745863471337474
1224745695384612864
1224734028844142592
1224729999321772032
1224696143319392256
1224695780126216193
1224674714477645824
1224674696467120131
1224513257454604288
1224496576468520960
1224468727560900608
1224453380443013128
1224444364295790599
1224423180607152130
1224422681845682176
1224422187169394688
1224403293134299137
1224397222546231300
1224377116566921219
1224358179464785920
1224338837784203264
1224334076246679553
1224334022966464512
1224123280459694080
1224101169737367555
1224081306402861056
1224033107952750592
1224002994825564171
1223976025140473856
1223798690009243648
1223770321607589888
1223768399626502147
1223764572903038976
1223764524374904832
1223729207026638848
1223643386084765697
1223639009609572353
1223597497156874240
1223596899451777027
1223587138320596992
1223585150413541376
1223426490685149190
1223409820650409986
1223390637438984194
1223390218520334340
1223384242228473857
1223380984911081473
1223378747484790789
1223081781500366849
1223042931893919745
1223041330177363968
1222999803073900551
1222999620143538180
1222997122062200846
1222991571366313986
1222986616643497991
1222968128877006850
1222967464985866243
1222925739978305536
1222921182556672000
1222912944490631168
1222912430331875328
1222908198795063296
1222871960687992832
1222721302714372096
1222699715185336322
1222666905275850753
1222653752907370501
1222648231601082368
1222645544050483206
1222644116405833729
1222638397916958720
1222634941156089861
1222632210001465350
1222582207618764800
1222553557725057027
1222551063842238464
1222550080839917568
1222524699147743232
1222524536261881857
1222330118368124929
1222307725612396545
1222306454977359872
1222297080976355328
1222271347843309568
1222211515039854598
1222159370827550720
1222159183786729472
1222153412340518912
1222151402845351941
1222151313523429377
1222150951743696897
1222150830821908480
1221966661634359296
1221954708069388289
1221894843842035712
1221874398250049537
1221782078536212480
1221580935600254976
1221557252403888133
1221547820370493441
1221496390527913984
1221484386123681793
1221427162315677697
1221426182907944964
1221214409453903872
1220893484518907904
1220889228772564993
1220888240992985088
1220481516452618241
1220453504952737792
1220413933531561984
1220392304067956737
1220390701663490060
1220387687028469760
1220384649572159488
1220369836439744516
1220345538861813760
1220345509216473089
1220335346539515904
1220333471610101763
1220174543920279552
1220173252808585216
1220171522872094720
1220169934711508993
1220149965881778176
1220140936191266816
1220140897498779655
1220112713424175104
1220111916997185536
1220087816488660992
1220052032616267776
1220043732843749382
1220041146937769985
1220041098858500098
1220039069998157824
1220037853461262344
1220020566993842177
1220019117337563138
1220019086450741256
1220017617244688389
1219994510526242817
1219993315585687553
1219992521062961155
1219992478264238082
1219974709032488961
1219831954910126085
1219830051765727232
1219821249402220544
1219821205844348928
1219779144659165185
1219774290758979585
1219769197296848896
1219755478743486470
1219747424920645632
1219740724595433472
1219721424497184769
1219716185941532677
1219711438844985350
1219707533474115586
1219700141067767808
1219695704995778561
1219692773609295873
1219683697559031811
1219673725462831105
1219669047941509120
1219668839350358018
1219668512714772480
1219667785715978241
1219667476054773765
1219664033852395520
1219663747079397378
1219662658019962880
1219660817907507202
1219655896567091200
1219655201524797441
1219472755319623680
1219443064877568008
1219350456855597056
1219323382141005828
1219319765728137217
1219311578715230211
1219307527092961280
1219288393508622336
1219281451012718599
1219281121877417984
1219254955183349760
1219254840683061249
1219244351768887296
1219103680672227328
1219074789601619968
1219017946779004932
1218935440595660800
1218935386313043969
1218584234358714369
1218524573035114496
1218520381025406976
1218177168586551299
1218176806555193344
1217980915806343168
1217979464237404161
1217948028532875266
1217939190928855040
1217938306949926912
1217925682904358913
1217923689238401026
1217919716309839872
1217916490311184392
1217874718323367936
1217874040175714304
1217870716001046528
1217841890378375168
1217841704616824833
1217662581797720065
1217651015991922689
1217648427112321024
1217644940236402688
1217641522797195264
1217641180189659136
1217513146342105088
1217260473965588480
1217260210949185536
1217241295040761856
1217240258267484160
1217239392630296578
1217236284177113088
1217227690740273153
1217152223576281089
1217147055816302594
1217111922799149056
1217089567788093441
1217081891859419136
1216902341649215490
1216899789784260608
1216887869878493185
1216887506869923845
1216750560482922497
1216726601112702976
1216541195029155840
1216527734370947072
1216509165184614401
1216422828238688256
1216398501103513600
1216179980650123264
1216155272831520768
1216154490551881729
1215730207002329088
1215730045916008448
1215651580546101248
1215490091524796418
1215343038819598336
1215287590934536194
1215283166149214208
1215282942978772992
1215279388637442048
1215021272641548288
1214989396119822337
1214988572996120577
1214927293736521729
1214926980774350851
1213873714145742848
1212388508373004288
1211671940345278464
1211671229519876099
1211671008450666498
1211670663938752513
1211670575338397698
1211670458145398786
1211669891767513089
1207499509409955841
1207499297345953792
1207498918654828545
1207498542966804480
1206947889756475394
1206280495803387905
1206244613629136896
1206244400365555712
1205924800650207232
1205924631703629829
1205907295433035777
1205718192653504518
1205615489818484736
1205590196999335937
1205515172900671491
1205284849864658944
1205282489062875136
1205269287793053696
1205252529531031552
1205222985453449216
1205219972189962242
1205215397248688129
1205214736507424771
1205214440901300224
1205212034696130560
1205173964219277313
1205147414597898240
1205145879210024960
1205141285889282048
1205138635827351552
1205134269246509057
1205133378841907203
1205131236177534976
1205129903005425666
1204985000820695041
1204984204523659265
1204939538553954304
1204937725306179585
1204922742639939588
1204922534988328961
1204919680730836993
1204916737042452480
1204899742888669184
1204896284475305984
1204895943914643457
1204853354570141704
1204805966820044800
1204804098329137152
1204793085118554113
1204791336735514626
1204781748258783234
1204775613267099654
1204770954821414913
1204769914374049793
1204766701130309633
1204759655169310720
1204757254618206208
1204429816214233088
1204245488238649344
1204196549527588864
1204133867457781761
1204133738977861633
1204115360343085059
1203736304707608577
1203671245184798726
1203471250867314690
1203471226418671617
1203459097980473347
1203450691374735362
1203444252572880897
1203442996613660672
1203400338797219840
1203378545998868491
1203369727927767042
1203352056691605504
1203347762517094400
1203345920546557952
1203328268675559424
1203326127760125952
1203321465959043073
1203321178905034753
1203319617076285442
1203319472129560576
1202797636933300224
1202797285878489088
1202790344506654723
1202785439591149571
1202784225503694848
1202783771516456960
1202728119486029827
1202711717194665986
1202705958314684416
1202700211858137088
1202694466043297792
1202632882755395584
1202632403317080066
1202621432922025985
1202621301841637376
1202621214658908160
1202620968306454530
1202592690686312448
1202428079781695488
1202383754435665921
1202383354601070592
1202369813731069953
1202369674962513920
1202346616499429377
1202333095065731073
1202332300073218048
1202324938859991040
1202311969954549760
1202311864568422400
1202290873779834880
1202290860093771776
1202288325710798849
1202260031292559361
1202259097824960512
1202255859910397952
1202240413098270721
1202075296532484097
1202073987406278657
1202072915707084800
1202071131387301888
1202069143538851841
1202056578817560577
1202050944571187200
1202044273115439110
1202043808403341312
1202011051140800517
1202010435266007041
1202009962786050050
1202009759710359552
1202007227068035072
1201968567773782017
1201966448199000064
1201941991929647109
1201922590098558977
1201919689183694849
1201918722316947457
1201918613927727112
1201918132169969669
1201917958295113728
1201544753789251587
1200912737095880704
1200911984323104770
1200832859252183040
1200781688965619713
1200780708597383168
1200596126258192384
1200592393201958912
1200572299642060801
1200561373576646661
1200548696032722944
1200536950844854272
1200472592953556993
1200451640744194051
1200450414753255425
1200260516989546497
1200233321458012160
1200232448484872193
1200164179161886735
1200142970487541761
1200135861679075329
1200131768764030979
1200129351376887809
1200127940329197568
1200113904527007744
1200113473746874376
1200103890185838592
1200094142505857024
1200074989044674561
1200074609174962176
1200070670463459328
1200070143243628545
1200060688770764800
1200057306064572417
1199866039871381505
1199809224764788736
1199804615371493377
1199802235812765699
1199802225469640704
1199797435947716608
1199794929490378753
1199794211857600514
1199690953151467524
1199535471891820544
1199364506289356801
1199178056771997696
1199156554685128705
1199103157567184897
1199093615982759937
1199093379822432257
1199068310391939072
1199063314665558022
1199062559342628866
1199055718663544833
1199051933299937280
1198956040655650816
1198753206949613568
1198752434128130049
1198716654236176385
1198704791964340224
1198703139211354113
1198364145642622976
1198327748290400256
1198004593503940610
1198003356633063424
1198002439707922432
1197727629379395584
1197681135561691136
1197641670575214592
1197638133728382977
1197634135885590528
1197632318543933440
1197631250695180293
1197627035469914119
1197626857677561870
1197618356095979520
1197616271027773443
1197571353752342529
1197556237816225794
1197553795145883648
1197553383013519361
1197538951491399680
1197526972727021569
1197525694672232449
1197524910723227652
1197524383616684032
1197523917956624386
1197365749624516608
1197351686966333442
1197351220345745410
1197344036404760576
1197340989020618752
1197339498549596160
1197338832372486144
1197316381110349829
1197316329210044417
1197282825235550209
1197282363329466368
1197270053592412161
1197269837204078600
1197212790215368704
1197210764362289152
1197203718527213568
1197202270682791936
1197198398945935360
1197197877434634240
1197196069723136000
1197189376431808514
1197182019609989122
1197179047471648768
1197178547393236993
1197173655282880514
1197167760364752897
1197165872974106625
1197163932970110977
1196960519133040641
1196940717827989505
1196925543746158592
1196924402291617793
1196899306743246858
1196894510179069954
1196894455212756992
1196885268973920256
1196882422215979009
1196881589344653312
1196880791843803136
1196827189351723010
1196826611749924864
1196826509010493446
1196613635851857921
1196606101493633024
1196584310469529600
1196583108029689858
1196582765682139137
1196171871890350081
1196170677092528131
1196164779670462469
1196161062976000001
1196158089654865922
1196157891062980608
1196157352996753409
1196156966223122432
1196155530017935360
1196113844789293057
1196066478119886850
1196066285555265536
1195931816949112832
1195897882190200833
1195851095815413760
1195850935043530754
1195850222364221440
1195849622629101576
1195798173421330434
1195796551639195649
1195754926250561536
1195732534988038145
1195728646142595072
1195502054342574080
1195490848043130882
1195460307709255682
1195460292068741120
1195448796685242368
1195447976732319745
1195446145608290310
1195445434908631041
1195441788284264449
1195409873216974854
1195408648517931008
1195408063458693120
1195407282068172807
1195407040585355265
1195404427282259969
1195399916056711169
1195399159135834113
1195398538743693314
1195394129414545408
1195370547368083459
1195186943878938624
1195173030852513792
1195166084011352067
1195139757409480705
1195139151781355520
1195135262017372161
1195135058363011072
1195088772553158657
1195087148606795790
1195082452508827649
1195080474873470977
1195079776446361601
1195056713113706496
1195055289520795649
1195008250342707200
1194976801908506624
1194782740211806208
1194781188604547074
1194736219055362049
1194731468976771072
1194728723880263680
1194724865443581953
1194724261061107714
1194723924619268096
1194692460997435398
1194691728638386177
1194685636604809222
1194685408921182210
1194679840831688706
1194679816496320512
1194673147691388928
1194669965879783425
1194668932088635393
1194668636742594560
1194664021544382464
1194424703005396993
1194424469307219969
1194423782557016064
1194423643083808769
1194382631502327809
1194377152415850496
1194375513143468033
1194375353327869952
1194373490255814662
1194373346332487680
1194373113594732546
1194373095546671105
1192911549490499584
1192911459279396865
1192910738475683840
1192910450872258563
1192639579804905473
1192639323377672192
1192626245156118530
1192623743392190464
1192623742360457217
1192610924911304705
1192610684732874753
1192607238017470465
1192599725259800586
1192598295081869320
1192597223634358277
1192596815872483329
1192594298598035460
1192568535819702274
1192568143555813381
1192444608451678208
1192444361356779521
1192444241701744640
1192443989414359040
1192442673065611270
1192442087330979840
1192209264955285504
1192207885863997441
1192203940177367040
1192196091913080832
1192184741824516096
1192184708702068737
1192184565231751173
1192157636600438786
1192133585492426756
1192122380098920450
1192118659394748416
1192114855727251456
1192113592663003136
1192111732967313410
1192087274621718528
1191926697928601602
1191926659517222913
1191924668950822913
1191909841515794432
1191909446722707456
1191909200433229824
1191903317514952704
1191889716989300739
1191884576714579973
1191884529042112512
1191866531870846977
1191862429266915331
1191859487516352514
1191858495919972354
1191856603647152128
1191854231399157764
1191852435817586696
1191847575516798982
1191824655834910720
1191788301637881857
1191772845728305152
1191539780175224832
1191519401843068929
1191455342804316163
1191446577661063171
1191445246036414464
1191440830772449280
1191437496254685184
1191429020501590019
1191428439439486977
1191428198111809536
1191427466260299779
1191426448164306945
1191425899608104964
1191155254521401345
1190767195875368961
1190673253414658049
1190672531478503429
1190403986077212673
1190374422743601152
1190361488831262720
1190358967731527680
1190357679891456001
1190357584366186496
1190356143643779072
1190351618514046976
1190350445237211137
1189980131055620096
1189963149056847872
1189955228801605632
1189954263285411841
1189938102854443009
1189937335900749825
1189936815693807616
1189935235976376321
1189208968356339713
1188962042826383362
1188962015546621952
1188948762120593409
1188936564317065216
1188935017428410368
1188557370743541760
1188556803157692417
1188541476214640643
1188540941482762240
1188474559101624321
1188197520339558400
1188160027074420736
1188158696733466625
1188158634288697345
1188143757444767744
1187855056437235712
1187853986667421698
1187831841929216002
1187814730662109184
1187804286077538305
1187801779968315392
1187793912880078853
1187793034366328833
1187790155404455936
1187783562516484097
1187359207965839362
1187358702665437184
1187111942261006341
1187058942440017925
1187055916543365123
1187032849674833922
1186847929459466240
1186841608198803458
1186839636817141765
1186837696842481664
1186800884161875970
1186796454138056706
1186785181333708800
1186776192000630784
1186775704781885441
1186763344646197251
1186758268301074432
1186757000614596608
1186753005150003206
1186750150636691457
1186750092520374274
1186749047274692609
1186748790440636424
1186318271609487361
1186245933828395008
1186074275851231232
1186074247489347584
1185923586063851521
1185361945966383104
1185358244925059072
1185352976749211648
1185351517760569345
1185351027177996290
1185343722415894529
1185333455514734599
1185331757039738882
1185331040304467969
1185329187965538306
1185265379460947968
1185264577740705792
1185227123969138689
1185202879222767616
1185202802940960772
1185188100634529793
1185025752519065601
1185015774165061632
1185014223585366016
1185006414282088449
1184998721261576194
1184998149359898630
1184953576814206977
1184952714373091329
1184949121251188739
1184935383563489281
1184935026305257473
1184883979469688833
1184872348794707968
1184872196713435136
1184861355855224832
1184859312188989447
1184840538681495553
1184824631699615745
1184818464814456832
1184812083898175488
1184679312731062274
1184673192641748992
1184670369543798784
1184668262048645121
1184664148820529153
1184655097227288576
1184654304315092993
1184653207336816640
1184653031683641344
1184651834440503297
1184651667293331456
1184633940096753667
1184627429140246528
1184625004333486080
1184616436939001856
1184575015863369728
1184572742957486081
1184565919005249541
1184556859610599424
1184555452987772930
1184555271403855874
1184551444617322496
1184543569912238080
1184542637803659264
1184542276921544704
1184541681011642368
1184540894319562754
1184465463029436417
1184465109671927809
1184464979023613952
1184289993872805889
1184283831068696576
1184282553647284224
1184281824081666050
1184281776413392898
1184233375957241857
1184227422922838019
1184226629742149634
1184226163058794498
1184205783858200576
1184199172653801472
1184192901133340672
1184192717166956544
1184188515468398593
1184160166847139841
1184158249534345216
1184157440553697282
1184150548133699586
1184112517372694529
1184111921269760003
1184110506451329025
1184108866755276806
1183916673205751810
1183901743651930113
1183901646444777472
1183898347586891776
1183894725255929856
1183889928956137478
1183885820454998016
1183842582738210823
1183841625342132225
1183840674254348295
1183837097897140225
1183834936329101319
1183834905849061376
1183824869940748288
1183820032662482946
1183819225456173056
1183791674654445571
1183785206937014273
1183785046244839425
1183781054353694721
1183780941728305153
1183775374720811010
1183772220134494210
1183765330092593153
1183754108207013890
1183745448621826048
1183734601241579522
1183734571696832513
1183732464973471744
1183563030572994560
1183561994064011264
1183553254048878593
1183522969957683202
1183503416322154498
1183500903648813056
1183500588367208448
1183497619085152259
1183491504918192130
1183478937248260099
1183477016278028288
1183409132675698690
1183409026773766145
1183219395457404928
1183202688894427137
1183193092482043905
1183192461474181120
1183186212430995456
1183185026181206016
1183175715291828224
1183174940469661696
1183171747501264896
1183161742676889603
1183161347120553989
1183156260675473408
1183128411620990977
1183128362073673729
1183121793231523840
1183031940095660033
1183029535459201026
1183001013365678080
1182838896922710016
1182837128058851328
1182836303852920833
1182775608817926146
1182773982346522630
1182773281386094594
1182772618820247553
1182771920212844544
1182771310788857856
1182766700682534913
1182765644045045765
1182752384776396801
1182750868313202689
1182750494609031169
1182747133109256192
1182742949127475200
1182740969705398273
1182738663391793159
1182737500768473088
1182737087222763520
1182728867288698880
1182728185705848834
1182720142423285768
1182718494959374337
1182713982819459073
1182713135402307585
1182711165367083009
1182709683011964929
1182709264005193730
1182493729267113986
1182484937586413572
1182480995636908032
1182478567600513025
1182476670508457984
1182475730913026053
1182422020572753920
1182421056834953216
1182420888525914112
1182417663244587009
1182417015748857856
1182414074858000385
1182403872045838336
1182396102169038856
1181957133404950535
1181934579336253440
1181928047773130756
1181921025472258049
1181920890176593920
1181920883272769537
1181917545898663938
1181911349158404096
1181909271958736901
1181903630099767296
1181902855910887424
1181902662968713216
1181897239779823616
1181896651100889088
1181896213148381185
1181896095661723654
1181895797518065669
1181703167022686216
1181592610391113728
1181561436205699072
1181559232702930944
1181543815334768643
1181543042664284160
1181542216919142402
1181405864990773248
1181305571158437889
1181304946668556288
1181301644606296065
1181301513681018891
1181300073705197568
1181298813123940352
1181295844160606211
1181295840691982338
1181221758818508800
1181221533546614785
1181221059456053249
1181216027901911040
1181211148793909248
1181210714733760514
1181209071468371969
1181199622380892160
1181196876005163008
1181192251097206786
1181029185608982528
1181019587917340673
1181019500654804993
1181014100337397762
1181004148818493441
1181003652460400642
1181002675510489088
1180996631820488709
1180996281075933184
1180986838594588673
1180986313123794944
1180985936546553857
1180984966957678596
1180981663888822272
1180975300462731265
1180945393749757955
1180922425690726401
1180914753822220292
1180878274605522944
1180875533866979329
1180873573025619968
1180869680904445954
1180868141171249153
1180855047485300736
1180848278252015617
1180847255114457088
1180846649377267713
1180846481303113730
1180843674705551360
1180565189701378048
1180520722709520384
1180519623445434369
1180488454486011905
1180316555344781313
1180311384627826689
1180298551168888832
1180296507439898625
1180293550321340416
1180286073102065667
1180282227881586693
1180281929670762497
1180274883965702145
1180268218927190016
1180259235315273728
1180256653503090689
1180254083829161984
1180252511464235009
1180252481118507008
1180245291938832385
1180245036950265857
1180243096577155075
1180242777763958790
1180239810163859464
1180239440037462016
1180233677009227778
1180231993956749317
1180215201632788480
1180212700560969729
1180211810110263297
1180201893257187328
1180192397734621184
1179945644909314048
1179937218561019905
1179936324046000130
1179935632329756673
1179920560844881922
1179916001871355905
1179914910047838208
1179914481918500865
1179901162792931328
1179897554957410304
1179875935715315714
1179871054786957326
1179860730289557515
1179859041302056960
1179854086243528704
1179844742068264960
1179841592691171329
1179832422654980096
1179828796389806082
1179828314359422977
1179826724617555968
1179824439246180352
1179824110387580930
1179823486593880064
1179786121393446912
1179779044931489792
1179777424139177986
1179776597391499265
1179776544736186369
1179772612169404416
1179772585778847744
1179770892240461825
1179765659506561024
1179764844008022016
1179596440278097921
1179590196830113792
1179589955040899073
1179540211308646401
1179516949727981568
1179498576478642176
1179496028455755779
1179494025566535680
1179493152597643265
1179491546716164096
1179484651859140609
1179483482025795586
1179482684759912454
1179479259452252162
1179478632777076738
1179478321790439424
1179476657566093313
1179476494902538249
1179460335281082373
1179459728587546626
1179457499201753088
1179456977220571138
1179456336834240512
1179455090723344384
1179399938326835200
1179398613920833537
1179396765516259335
1179394080784207872
1179390621762633735
1179383415608610816
1179368501028491264
1179361798866251777
1179227455267233792
1179217203025076224
1179204044855885825
1179203749132283904
1179197701298278400
1179196181823590401
1179189901616648193
1179189832611962880
1179186086142205953
1179168480484048896
1179167960570695680
1179167937694969856
1179166090787770368
1179160034074333191
1179153267512807426
1179153251729575937
1179142730548744192
1179123924245843970
1179080034394480643
1179078326071238657
1179047949671649281
1179047669261623297
1179038516677734401
1179038500890402816
1179034587655262208
1178881023473528834
1178872574710833153
1178868181483606018
1178863800579215360
1178862920165404673
1178861429673345025
1178848300151255040
1178847799003222017
1178845005663948801
1178841808710897664
1178840651783442434
1178835906075222022
1178835885858660352
1178833505851252737
1178830840484237314
1178827129309581312
1178827020844896256
1178826864049213440
1178824440471269382
1178823589933527040
1178821351873957888
1178821206243495937
1178820319341109248
1178819945263702016
1178818453370757120
1178818018576670720
1178816717272825856
1178816189449064449
1178806948185231361
1178789025198592000
1178788569500065794
1178760877832626187
1178760609980178432
1178750572792614914
1178750058889654280
1178749596887113733
1178749217206132741
1178725259790475265
1178723948424507393
1178723092744605697
1178722535967465472
1178722365364146176
1178687014583046145
1178515495319953408
1178514138663927809
1178509714604331009
1178493963239600129
1178475195767693312
1178474807446384641
1178474317727899650
1178471792723337221
1178470121238601730
1178455895283515393
1178452486727880704
1178452215947780097
1178452093314703360
1178451439049420801
1178450174580072448
1178448863528718336
1178448792837902341
1178418829338316801
1178407275377168384
1178405635748175872
1178397222809067520
1178395672560766976
1178391284903485447
1178390831209881601
1178388647852302336
1178373878101549056
1178372866099814401
1178372417913327622
1178336956679409664
1178326870439448581
1178321826503626754
1178321015560118274
1178308399496404995
1178293863544492032
1178291161724866560
1178290451427790848
1178287436289515522
1178144879559532544
1178107581929267200
1178104590232948736
1178100809789329409
1178096366792433665
1178095762892316674
1178095672706383874
1178085117153234944
1178082445037584387
1178053266200055809
1178050512945590275
1178030841219485698
1178014954252898304
1178004287428993024
1178000389452513283
1177986501705162752
1177973976355737600
1177793218064322561
1177775896717082624
1177775611693195269
1177770263938813953
1177768695520735232
1177768518370152448
1177764427493515266
1177754650340216833
1177754602088882178
1177734537499103232
1177727213506060288
1177726695782133761
1177722568335339520
1177722540422098945
1177721840074182657
1177706599600857088
1177697022213787648
1177650266461618176
1177617419436732417
1177616610091307008
1177615671427043328
1177614147208601604
1177610300067061765
1177610282035810304
1177609412904701952
1177608757544673281
1177574812010668032
1177572186493804545
1177570901736468481
1177566960223174656
1177408625842819073
1177357164580626437
1177339702283788290
1177339231863283714
1177328811286892555
1177328288483729408
1177325201794699274
1177317003385802757
1177303140527476736
1177297128747610118
1177289809267757061
1177288633914728449
1177282456015298560
1177282009221279745
1177278979818098688
1177278770446786565
1177277947444699143
1177272421453357056
1177270941438664705
1177269464838135808
1177269326375739392
1177221753162096641
1177213781262442496
1177064741245788162
1177048431417860097
1177047842550099969
1177041994436284418
1177035843485261824
1177024856036204545
1177015630517678081
1177013541066465281
1177009181464891392
1177009056034242562
1177008559009226758
1177008023648309248
1177007313305182209
1177003639652724736
1177002860300685312
1177001923695783938
1177001545096937472
1177000812419174400
1176955056647790595
1176954355964096513
1176946989201858560
1176946770154332162
1176946019570999297
1176904155862130688
1176899767420538880
1176898979755433984
1176898403466469376
1176897690648612866
1176895603873390594
1176895331591753728
1176890089953275906
1176886631741214726
1176884921383735296
1176884896469520386
1176882151884754946
1176877349293428736
1176713364652855296
1176709831165693953
1176707625611911169
1176703859034656770
1176702800627228673
1176695764342517760
1176691932271120385
1176688211185348608
1176662954844012545
1176652555302182917
1176634768886292480
1176628051343532032
1176620253318721536
1176618342670589954
1176616429614981121
1176615702851137537
1176614371377799168
1176612246786625537
1176608361254723585
1176608108795351041
1176605460046237696
1176604576155340800
1176604421679136770
1176604199896965122
1176602830687350787
1176597273289080832
1176595284421468163
1176588032071426049
1176585953445634050
1176583336699080705
1176576978469699584
1176576948157538311
1176576016938143749
1176575805058682890
1176575052768301056
1176562479897489408
1176562109884325893
1176560685263855619
1176560596797386752
1176555073125724160
1176544175631884289
1176543869925810180
1176543818629316608
1176507566660182016
1176499466158977025
1176497861208485888
1176496854667862017
1176496435266805760
1176492863342940160
1176485790517477376
1176337007133507584
1176334052166721536
1176333771227979776
1176323363876343809
1176322868839403521
1176317450847174656
1176312934114496514
1176309722086903808
1176309643771092992
1176307917869518848
1176307347859431426
1176306587033579521
1176306490661134336
1176293107144560650
1176279081165434880
1176278962961600513
1176277551993503744
1176274464658612224
1176249484747186176
1176247947970928640
1176229650684612615
1176212070154551297
1176211911333044224
1176210972853358593
1176210885209182210
1176151344144625665
1176150450732707841
1176144885067472896
1176144029572128768
1176141889462050819
1176141888736440325
1176141173100036096
1176139243418202113
1176138490247036930
1175973613998133248
1175934126249185282
1175933835592327168
1175928243859394560
1175927161020194817
1175922536472809472
1175911037725478912
1175890245579149318
1175888584752189440
1175887244705574915
1175884445557186560
1175884108381216768
1175602527032754177
1175496291197042691
1175495480815640576
1175494945773428737
1175494806497353728
1175454371792019458
1175433354994475008
1175433238434783232
1175432742978371585
1175432016176852999
1175431203245219840
1175398736027148288
1175257175591129088
1175225951090872325
1175225607313068032
1175214582723272704
1175203562625863681
1175203185604141056
1175201101861310465
1175195675249823744
1175195533125795850
1175194383316148225
1175088720946577413
1175074190183063552
1175063564727521281
1175062870037540865
1175061856790208512
1175061006378262530
1175049361966927872
1175026908326703104
1175026569334706176
1175026117939466240
1174829485037932550
1174828853593890816
1174787466617901058
1174784948345159680
1174775195548246018
1174772900869619712
1174772382067757059
1174772332419846153
1174770963931643905
1174756562180726785
1174753190241284097
1174745344694988800
1174713607508115456
1174713344936353792
1174684622363537410
1174684452741701633
1174682978963861505
1174668286048579584
1174668282688868352
1174665773417193472
1174665006283141121
1174509722650779648
1174509494723891201
1174508045226926081
1174507881779159040
1174502308270477312
1174498542058184704
1174485639112351745
1174483206579658753
1174481040947195904
1174480998643507200
1174456741163130880
1174455858744483840
1174454222252847104
1174452073867423750
1174452059913035776
1174446888021561344
1174445747682643968
1174443557454864384
1174428940515139584
1174420502032654346
1174420234058551297
1174405720676143105
1174400399870177282
1174400122572156930
1174351985258180609
1174333704937848832
1174320502325862400
1174317856684683264
1174317652887707648
1174316370718318592
1174155381997789185
1174138643356762112
1174097977843093504
1174074706099679232
1174074288455999489
1174072975819235329
1174060793635246081
1174058678296727559
1174057510896066560
1174046239295442946
1174043167961886721
1174042991624937479
1174040650930622464
1174040005280509952
1174027885574795270
1174021432570982402
1174020743144845312
1174019831391313922
1174015697061588997
1174015081019052037
1174010283163082752
1174004018462502913
1174003951789735936
1174001629210796034
1173997864701374466
1173997854697934848
1173994345730650112
1173994221663064064
1173986641981186049
1173969522946138112
1173969246520578048
1173968313908649986
1173789671559696386
1173761509878620166
1173755528121593856
1173747555500527616
1173709901039833090
1173709349132427264
1173706984199270403
1173691000407150592
1173686635793457154
1173685997168668672
1173682789763469313
1173681882074103814
1173664760971313153
1173663558233731072
1173660510425878529
1173659432896647168
1173658487462739969
1173657112020471809
1173655351838875653
1173655213682647040
1173654794805927937
1173652239312928779
1173645717539348485
1173645295617531905
1173645132245192704
1173644811439677442
1173642068180262918
1173622292892585984
1173622269937160193
1173621376806248449
1173389250672373760
1173386508075700224
1173341091627769856
1173341043657519104
1173324093699100672
1173313668110540800
1173313250722832385
1173307351002243072
1173303577487532034
1173292990443458560
1173287335875813376
1173274397437808640
1173266239680126978
1173263945496440832
1173262002531241984
1173260252340457472
1173250819384381440
1173226430509015041
1173225549348687872
1173225177829822466
1173224974867468288
1173064791662968832
1173044819024891905
1173024974686343168
1173024648193347584
1173023737517678592
1173004600410017798
1173003317288624129
1172998935939571712
1172993083555926016
1172992274994782208
1172975572286431233
1172972871091728391
1172972077235785728
1172968958430982144
1172967291064946689
1172966419388088320
1172965673917698049
1172959401793216512
1172959316871135233
1172953655106035715
1172952129721569281
1172950752463151104
1172947288509034496
1172946579717861376
1172946576337199104
1172946569320108032
1172930149320409088
1172929316663025665
1172918951778627591
1172915654959292416
1172904460282150915
1172870536063541253
1172723313468223498
1172721916509151232
1172719689614712835
1172649116838449153
1172608239063769088
1172304457758990338
1172290047929810945
1172288387950080001
1172169639482335233
1172146631438938113
1172137239587033090
1172135218595160064
1171950254838751232
1171914752416780288
1171913672756801541
1171907576180744192
1171895459138461706
1171872079769231360
1171866047047176195
1171863234103730184
1171862922294902785
1171860106658701314
1171859955839844353
1171820439259271169
1171820426361737217
1171820412981956608
1171789755492765696
1171605668450709504
1171605547927375877
1171605203902185473
1171603085749342208
1171602791397306368
1171588001312456704
1171586354800713729
1171582388620660737
1171581645352255489
1171581270729646080
1171579809576706048
1171574985963515904
1171574236625952768
1171573642498588672
1171572823732695040
1171446681516142593
1170848893879365633
1170818725165056005
1170798323017682944
1170797414573400064
1170764630588887040
1170738950782246912
1170331942111367168
1170330774316490759
1170329310256869376
1170170863653654529
1170108052839837696
1170090603352383489
1170065165972312070
1170052450474237952
1170051960604712960
1170049436346720256
1170047070545358848
1170046018358059009
1170045373550870528
1170043243490398211
1170041574136455168
1170034023164518400
1170032754072915968
1169953650787201024
1169764832796712961
1169763518696083458
1169757833849688065
1169757808801320960
1169742789183180801
1169742727350820866
1169742631519379457
1169718101564362764
1169705704640434177
1169684311181803523
1169673518230986753
1169673495195848704
1169659766588751874
1169655052828643329
1169650242192576512
1169647948239691777
1169632638715535360
1169608300356395010
1169436042488897536
1169435339078942720
1169435321181847552
1169434790073946113
1169395869889814530
1169359306845839360
1169353973742092289
1169337738522497024
1169337711494385664
1169337019731980289
1169336716970405890
1169335996632195073
1169335396867686406
1169333831062753282
1169328027022626816
1169327383872266242
1169306912879448064
1169302096652492805
1169287539540185088
1169287410028560384
1169252531119316992
1169250704491458562
1169240866390794242
1169083034609553409
1169060258016370688
1169043563629481986
1169043377146552321
1169008922390384642
1168995982132076544
1168973965563453440
1168969645459742721
1168936585620008961
1168935523848785921
1168695588998778881
1168694433765871623
1168687908607447041
1168687884104347648
1168674842985553920
1168673752596406272
1168666022615953408
1168651448739139586
1168632741056962561
1168604371925504002
1168589481173278726
1168589326621523968
1168588887985446919
1168588576537403392
1168587911136260097
1168586032142520320
1168567480815669250
1168566507783278593
1168563571275554816
1168554904891404288
1168539887949275138
1168533547730292736
1168533250731646976
1167981787357708288
1167974942606090240
1167974885106176002
1167933368559751169
1167933250301386753
1167924035491000321
1167905891028361216
1167891331244421120
1167891230736281608
1167453614702497792
1166864813257101313
1166863991215468544
1166863317111136261
1166856434035953670
1166854400146595840
1166825959334522882
1166823949247889408
1166817937296175107
1166817868840935425
1166806141743116289
1166805669804163078
1166803191880704001
1166802020055113729
1166796731427766274
1166778984878809088
1166778895221297159
1166719179673784320
1166718799271419905
1166718159606484993
1166423702004740098
1166418395123867653
1166415784010231808
1166409829575008256
1166397686926520320
1166395680274952192
1166394303087820800
1166394094295420929
1166383757319970816
1166375587499450369
1166371017402589186
1166356491894448130
1166345353106472961
1166344916252921857
1166175152096329730
1166163115857403905
1166148094322466818
1166120177144094722
1166118599897047041
1166041940980375553
1165968662576140288
1165968032998576129
1165800434931576833
1165768431750307840
1165740874573209600
1165727319434170369
1165702911495737347
1165694172038336524
1165672644718600192
1165672582529654784
1165659354772725760
1165623648377552896
1165616950753603584
1165390623173726208
1165390591926120449
1165389369001353224
1165343032474034176
1165340373939625986
1165301876117688321
1165301241423048704
1165300455800475649
1165069301453414405
1165068872527089665
1165026723001487360
1165021036766728198
1165021022585835527
1165019205667889152
1165018540480630784
1165018044311187461
1165015844335882240
1165009645343301634
1165008371671547904
1165004923110658052
1165003651552862208
1164998601329827841
1164994901467127808
1164992970447314950
1164989459798122496
1164987452097998849
1164975789626056707
1164975453175713792
1164973550366797824
1164967767726067717
1164963143740796928
1164962828169687040
1164956761457156097
1164953618044334080
1164951030947287042
1164949922346688512
1164942230861373441
1164938766349418496
1164938079376945154
1164918248476938240
1164917153247768576
1164915447575306240
1164913887608745985
1164913506153639936
1164907488904450049
1164896597169377280
1164896043869376513
1164888024112668672
1164887961789509633
1164887944408289280
1164754405150773250
1164749994278236160
1164742950305353728
1164728575129456641
1164728293536477185
1164724605183037441
1164721955985133572
1164710468742733824
1164709766163324929
1164707199375020032
1164703880220950528
1164633222522822656
1164630010625429504
1164628725830430720
1164624125043892225
1164623732666753024
1164616854255616000
1164616628329472010
1164616055244935168
1164613598334902273
1164610582613504001
1164609185931247616
1164609110983266305
1164609061213614080
1164015097037172736
1164014513915682816
1162773276537565184
1162354112182329344
1162348712523423745
1162345067610333184
1162344267987193856
1162342873884504064
1162155235583901703
1162141211832049665
1162111920071159811
1162080710641033217
1162063439730229249
1162061381245513729
1162033830766743552
1162033574515576834
1162030669591121924
1162030442117324800
1162027749428682752
1162023402812694529
1162022405461725184
1162002699543613441
1161833330909831168
1161799906459377670
1161798884357824512
1161792357349638146
1161782715542396928
1161769675690270720
1161750520249405440
1161750389894602753
1161746379435323393
1161744476412547072
1161715464575361025
1161688117558108161
1161687296682409984
1161687069372092416
1161671821051203584
1161671090382524416
1161670985944326144
1161668056374005760
1161667916368158720
1161643448841244672
1161443697059385344
1161396351709712385
1161394671437922305
1161394012747702272
1161369644848033793
1161366925932470273
1161339199074779136
1161260958284746752
1161082522412945409
1161077216253566977
1161076947549675522
1161074975144648704
1161051406440325120
1161041621070360577
1161029414227980289
1161028118661992448
1161025974340857861
1161020303474155520
1161017474587996160
1161016604068581377
1161015137790246913
1161014679428317185
1161014222857363458
1161013220586467330
1161011492143149056
1161008443152637952
1161007777139056641
1161007494040367104
1161006336672501760
1161005549288394755
1161005362805448716
1161005109377212417
1160739118118293504
1160580163555528704
1160575427624222721
1160575411518132224
1160384666425352193
1160372109543137280
1160368385261219842
1160365381145563138
1160361639604101120
1160327940967718912
1160290808723136514
1160280656859029505
1160280629226954754
1160259270899896321
1160255877426896896
1160248086071042049
1160245466556243973
1160241207039143936
1160239440503160834
1160235898598019074
1160234734825480192
1160232578315628545
1160232417669595136
1160223607190118400
1160221031447052290
1160221010806882305
1160215829973258240
1160200963124281344
1160192176334282752
1160178274456297475
1160177714076295168
1160170080023568386
1160165126751887366
1160164349463474176
1160162392443166722
1160011878413848577
1159980807382921216
1159980219769470976
1159966544975343616
1159950516035735553
1159950498633568256
1159937647063834624
1159935838437957632
1159935612973125633
1159932739157659651
1159916704560046080
1159913284612558851
1159911090937053184
1159895851520708608
1159882932749778944
1159801907864592386
1159801563143188481
1159790815042031618
1159789762225627145
1159788190330494976
1159641475849904131
1159636175558238209
1159634033887895553
1159631939269214208
1159625244954497025
1159622424767475713
1159621990040440832
1159616961359286272
1159616184595226625
1159616141028933633
1159615894227755009
1159440055141842944
1159291399575150592
1159290011113730048
1159263825172008961
1159263692606857217
1159262598384226305
1159256508682649600
1159245788666585089
1159244377916682242
1159231379558805506
1159217577450754048
1159214266806919168
1159209801827721216
1159208515124305920
1159201960094048259
1159200450408800258
1159185230969876482
1159180809254973446
1159180205942104065
1159177861116375040
1159136672065425408
1159132071853547520
1159130982114574336
1159130697346506752
1159130449119207424
1159129860322803712
1159128106176851968
1159122637001568256
1159114894152740864
1159114087823028226
1159111712764768256
1159111076354678784
1159091853616136193
1159091649470980096
1159091139988922369
1159079847995629568
1159070976849719296
1159070664940277762
1158890360715796482
1158888722135486464
1158883342160465926
1158878487383629827
1158861192942837767
1158836417079971841
1158735996063813633
1158735686549331976
1158734843959762944
1158412534233358337
1158408044352540673
1158395410437877761
1158386794704048129
1158385094081548289
1158378269852471296
1158363398125625344
1158362693767766016
1158360279123578880
1158358492098572291
1158358430354223104
1158195129049669633
1158170353451094016
1158170334304112641
1158152530968420355
1158148330003849216
1158146495419428865
1158144074182012928
1158104446552985602
1158080253492965376
1158078078565978112
1158077061363355648
1158042658343923715
1158041773270323201
1158039112328384512
1158037219908685824
1158028321453740033
1158023810890784774
1158014909000687616
1158013257766117377
1158011725230350336
1158003246813851648
1158001734217805824
1158000688263323648
1157991864345268224
1157988385937592320
1157988051475488773
1157792649618890755
1157791901401145344
1157761116304527360
1157760861181808641
1157760624203653120
1157708629568569344
1157659144402419712
1157659073866850304
1157656290878992387
1157656129306058752
1157655647317573633
1157640216141860865
1157616988333793280
1157411940618186753
1157407314128908295
1157407206402338816
1157406271718531072
1157406087496314886
1157405621144211456
1157394327280259079
1157288920880754689
1157266059122085891
1157102113606033415
1157091916812640257
1157080833792102400
1157080330999910401
1157079085937496064
1157078250503491585
1157069391101644806
1157067145467039744
1157045340140388352
1157042626924896256
1157038104693354496
1157036781939974144
1157036014231347215
1157035954735144969
1156999763767771137
1156989686663045120
1156989482576596993
1156740382635544577
1156737839809343488
1156737818162618369
1156735315022925824
1156702568229330946
1156702475229024256
1156702312498442241
1156693038204428291
1156692234366062592
1156663502171451393
1156655150712446977
1156655135071834118
1156648673922752512
1156647019211042816
1156645145749676037
1156642986563911680
1156640965479870464
1156635730963259392
1156634199203418113
1156623253559009280
1156621059812208640
1156620472223772672
1156620148469653512
1156571997775826945
1156571624923127808
1156555803509297152
1156554231438094336
1156552875411197952
1156552263705550848
1156551965301719041
1156551936415600640
1156371141960896513
1156370713542090756
1156366221543129089
1156365335861350400
1156358999404662787
1156358105611067392
1156353683430547457
1156347247703015426
1156344948247187456
1156343638370267137
1156343390340079616
1156342630999035905
1156268115489099776
1156266738784309250
1156264390078996481
1156263924196622338
1156261704268992513
1156261052591550464
1156251833742057472
1156217327756677125
1156217152543842305
1156188906343280640
1156187594734129152
1156170591453548546
1156164254967447552
1156039231623618560
1156030049482493952
1156026661747318784
1156019861882978310
1155995996335161345
1155991539669069824
1155989824005783552
1155987557131284484
1155962068798861314
1155959315636711426
1155959113328631820
1155958942259769350
1155955121718624256
1155952973278695425
1155937555088457733
1155937120504037376
1155922882142380035
1155922101032902661
1155918355771138048
1155918061033205761
1155916940906500099
1155914762917732353
1155913257754013696
1155898810461229058
1155898451848249344
1155861126380494848
1155858137867595778
1155845057200775169
1155824586753302528
1155821534742810624
1155819755309285376
1155813544555950081
1155671659891896320
1155662824842190856
1155624788821516289
1155613286941024257
1155609609215737856
1155604038857179141
1155568632862298114
1155568555905171456
1155527257974345730
1155504336232992769
1155504305400635392
1155491789685579777
1155474856886046725
1155473781701394432
1155473584120369153
1155473543632695297
1155268927842410497
1155268515299024896
1155267750807449600
1154936692752695296
1154930344598081536
1154929813699932160
1154929770188148737
1154929319921295360
1154907345555791872
1154892425053253642
1154868569374695424
1154868251916165120
1154864701022642182
1154838292879294465
1154836059475337216
1154829503182573569
