1329383125118558208
1329222171034607622
1328709118404812800
1326976127097843720
1326703894316134400
1326198817272827904
1325256307465728001
1325038301586321409
1323214062424104961
1319515905819369472
1317568023268646913
1317567686549917697
1317542301934231552
1317541940049707012
1317541640257548288
1313404315919421441
1313335063749287936
1312692635950370825
1312383330701266945
1312372422935490562
1311924757420552192
1310812084960145408
1310560159526158339
1309947888282349574
1308799666570625024
1308799369097949184
1308705477061160960
1308701339904548866
1307537302151987200
1307390734090240006
1307390332175290369
1306124043385438213
1306123286477262849
1305966374796357634
1305866626475200517
1305838169498189824
1305596601122119680
1302639536892194818
1301551261733486601
1301047310521114624
1300875929988800514
1300162418962825216
1299776090538422283
1299742844169736192
1299704907189161985
1299630523770449922
1299630115106836480
1299325693885546496
1299325087536029698
1297920977591062528
1297419988484141061
1297241636339101697
1296846587738628097
1296165139897556999
1296157735151718401
1295826581693370368
1295629608889581568
1295342922519412736
1295105228182884352
1295061210593984514
1295060963478188035
1293964812985217024
1293964255906144258
1293893593053241344
1293657132894748675
1293634530859941888
1293555791610478597
1293232097981865986
1292898746838257664
1292844790887915520
1292560652087812097
1292187022959026176
1292185378372366337
1291253811122708486
1290564084967051265
1290379109240115211
1290303538560630784
1290297276577980417
1289513326331002885
1289273696801001472
1287414782996422656
1286714912195121154
1285499282569691137
1285265616094494720
1285251681865932800
1284558890957512704
1284425598996287489
1284356828550377474
1284220744675860486
1284104777954140162
1283813317107220484
1283722526531747840
1283084810798477312
1282753901742129152
1282639543519379456
1281818245973057536
1281683324939972611
1281681860289073156
1281511772177014785
1281311053176025088
1280783128030740483
1280579194389442563
1280091924196724740
1278921604861394944
1276984653509996545
1276129989784678401
1275533168523780097
1275533081143844864
1274394614691180549
1274393199453356037
1274298703399063554
1274218205830098944
1273897349069365250
1273897079660658689
1273629520940204032
1271530395486519297
1271529859546783745
1270936747665481728
1269932945172828165
1269913817632342022
1268602850839576577
1267914809468731392
1267492242509508609
1265497909577031683
1265331976480927747
1265240290543181824
1263498683917701120
1263056053228441600
1262999127639625729
1262751902069977090
1262097047508987904
1261689909116616704
1261029052997152770
1260432477535047680
1258131030600450048
1258101769256734727
1258063267173408769
1257740046247104514
1256114813006155776
1256104693039861760
1255366916799180801
1254834131638329345
1253203705429663745
1253201754889560066
1253200184147767300
1251465252547579904
1250672631768125440
1250652175157600257
1250401730505965569
1249389590550642688
1248635848691781633
1248635472152334336
1248635115825225732
1248634560012828672
1247822049600589824
1247821217480028160
1247614492525113351
1247155807625437189
1246009171901906945
1245768773187112960
1245431918608420864
1244890770554998787
1244721670075682822
1244134317569249280
1244133102034866176
1243831563005112320
1243562885860769793
1243562292769406977
1243561706942607362
1243516496049029120
1242873794877886465
1242497671979577348
1242348954999762946
1239857946655408128
1237430684597223432
1233035943059345408
1233034940989812738
1232274261483626496
1232210015886434305
1230132992506564610
1230111839910006784
1229969090825027584
1227508365816946688
1226768295178702848
1225673268415229953
1225347082086735876
1225321190740385792
1224292110888816640
1223128735794319361
1222754330568249345
1222460749433442304
1222443999199399936
1222420140916199424
1222406809853603840
1222393554192027650
1221512655858491392
1221027951510200320
1221006982955655168
1220985116488601600
1219683292729028609
1219681443695288320
1219334189356666887
1218038919184441344
1217006678606000129
1216690917412876288
1216238612108521472
1216238436748800001
1215352512959729671
1213867809245151234
1213169839063339010
1213169040312668160
1213168513927536641
1213135580273561601
1211919823657164801
1211734681399549953
1210450245219426305
1209377877403279360
1209331016034336774
1208470942667755521
1207364600137736194
1206989835149422593
1205697480031186944
1205534271655600129
1205474496121122817
1205445497789591555
1204837294848532481
1204799240863662082
1204798919332352000
1204798604164112385
1204114157999710211
1201810930998403073
1201725941438922752
1199672974170832899
1198736780394160129
1192113655376044032
1190263021790093312
1187659228825247744
1186601072753819650
1184784815125663748
1183603181982490624
1183405152402923520
1183343481416306688
1182696504231976960
1182358596631351298
1181633556436660224
1181565357041037312
1181563445168214016
1181282107341070338
1177542148582969344
1176849544539254785
1176517390055682048
1176024244658065408
1174531371798339595
1173869661517168640
1173868828058693633
1172202457444900864
1171275088727040001
1170939111429025792
1170259013784748038
1170183685053779968
1169653031123738625
1169469355454844928
1168991768114814977
1168621149657423873
1168620694948712449
1168620166114095105
1168552188639154177
1168545630765166593
1168533142317060096
1165901172823265282
1162092775057383429
1161320933757530112
1161319841246171136
1160860551007952896
1160104729487261697
1159304920056631297
1159304581689610240
1158967149605662720
1158381043470274562
1156615548354080768
1156252616072060929
1155887263047458816
1155559260639637505
1154734849309196288
1154680894671794176
1154679625961922561
1151941823612575745
1151130035534749705
1151128384761552898
1146645402369875968
1146428253042814976
1145022434099257344
1143463762185412608
1143381790184353793
1143242561458528259
1143180660686958592
1142409195905519616
1142405240446226432
1142404356387540997
1142104818695266304
1139767445550522371
1139036372910653440
1138478178920542217
1136939317048295424
1135998906653978626
1135983466888224768
1135956152590786562
1135928140419784706
1135883230836641792
1135531801437462528
1135409853432848384
1135230726499164161
1135211198817943552
1130085278167838720
1130080724994932736
1129850104490471424
1129328611532726272
1128519754157821957
1128230219444305921
1128227963978289152
1127939795353784320
1126453644243587072
1125407832482955265
1123785655895588864
1123317516481253376
1121702397087289345
1121290853417463808
1120745730833113088
1119831227094196224
1117874384524513280
1117872728227373056
1116290835459510274
1116289805669883904
1116289329360404480
1116288502029852672
1115849599552557058
1114943251851751425
1114813436670693377
1113403319370833921
1113332703443726336
1113308873631371264
1112389750269317121
1109451770164666368
1109451696579719173
1108570964118437888
1108086470294818818
1108071224448557056
1106781570705379329
1105782068951334912
1104968481685032960
1104011522018205701
1103729043327848450
1103691704916471808
1103691254993510401
1103584392310603776
1103513469578608640
1103368426029019136
1102882567391449089
1102881613178912769
1102847582441783296
1100373953921646593
1100017515823091712
1098752111582609413
1098508960506789888
1098508513544949765
1097500818520064001
1097477754348556293
1097477353394049025
1096134561141063680
1095657823881576448
1095410044294914050
1095249935535087616
1095248429515714560
1093848550402871296
1093848079747465216
1091374792278794241
1091372361637683201
1091353317173800960
1090514922264510464
1090476764709732352
1089719249956978689
1089519643067408384
1086565982406090753
1084677037045006336
1083661315300909058
1082853341288427521
1082009051146403840
1078188305915748352
1076360860522680320
1076012535336390656
1075804372515344384
1075795553622085633
1075687387731243009
1075400646650667008
1075379063643144193
1075309095027126272
1075080116332568581
1074053274079248386
1074051569996521474
1073328158789812224
1067986481095032833
1065934982844157953
1065892210565091328
1064554009309167616
1062204066229637120
1062203848457154565
1060624807442739200
1060438340942602240
1060064879233720320
1059193768568635392
1058595361437159424
1058305861519532032
1058026197668507650
1057684018009911296
1057668157429694465
1057649906607931393
1057312708226359298
1057312377929113601
1056906169804034048
1055828444385288199
1054374513238888448
1053990566084706307
1053585985810894849
1053585349207904261
1051752040769212421
1051120765477773312
1048640175931359232
1048489286629253122
1048275622450139140
1048274624323174400
1047572000582119424
1047571607483535360
1047399240656465920
1047166842811375617
1047023847478890501
1047023799131082752
1046471512851714048
1045951795758092288
1045349355123863559
1045038116539699200
1044939383860854784
1044892364488282112
1043220413516529664
1043214676325220353
1043212886401839104
1043189939087831040
1042317976156950528
1042270190417981442
1041655702882869248
1041650767638261762
1040155082828988417
1040148711756771333
1040142946635526144
1039378221584838656
1038132518334148613
1038131752315830272
1037595122186235904
1037561864178360320
1035984826778771457
1035754437724254208
1033995807157100544
1033672205006200834
1033014357918183427
1032664969173762048
1032651308577243137
1032568467797495808
1032496427828699138
1032332608452087809
1032332360593883136
1032331654071762951
1032331529798733824
1032331131616677889
1032330734181249024
1032323182013960192
1031810945742524417
1030189315903643650
1029772335405047810
1029694564511227905
1029690691922927617
1029589724963524608
1029233254958817281
1028986888525373440
1028930461777551361
1028928058978447360
1026884317736316929
1026879956876492806
1026879632690360320
1026336582381367296
1025987411321544704
1025033858251673600
1024873099643289600
1024717726483468289
1024376006168207360
1024371746189844481
1024370313923047424
1022827017438470144
1022800639552880640
1022573103493341185
1022470761381019648
1022201441681911808
1021789840491393026
1021761224869064709
1021760373039554562
1021760355771604994
1021416921068113922
1021416352769368070
1021415256680263681
1021088201191174144
1020215691746725890
1020164056395780096
1020046665275801601
1020045053492973568
1019555222572687360
1019227710294458368
1019171301574004737
1019167985888571392
1019145477059698688
1018840302952636416
1018530323422990336
1018514493322690565
1018488420157534208
1018449581410054144
1018223070908157952
1018208310410039298
1018203532061704192
1017475718194913281
1017475561218805760
1017281989903310848
1016936670715883520
1016216948907048961
1015275192053100544
1015274860925206528
1015169102174965760
1015166626319290369
1015131147343482880
1014974652446330880
1014973509389508609
1014792587004309504
1014455530788671488
1014454096441544705
1014449020561973248
1013773725261598720
1013667327039148037
1013667102576783360
1013028461705875456
1012038124799774720
1011707747392475139
1011707652601196546
1011631519042035713
1011630964030820353
1011617253337567233
1011595943895011329
1011562112156618752
1011544805934096385
1011239358962241537
1011237768154972161
1010105879860047872
1009805518360150017
1009790258374995968
1009789922620919808
1009489276462039041
1009027606661029888
1008798709155549184
1008569763067518976
1008323149820252160
1008232619782307840
1007668954846912512
1007668927151865856
1007668841223196673
1007668284995592193
1007667909366337536
1007299726453170177
1007297980704190466
1006992242928771074
1006940396616863744
1006264356823355392
1006235175808839680
1006122694256070657
1004953111935574016
1004273931405135873
1004270197728006144
1004100632385552384
1003738833152770049
1003695256620224513
1003602677027295232
1003497074560823296
1003350847672274945
1003020226320052225
1002538591434825728
1002256325898919936
1001883552865247232
1001882725278801927
1001871584649457665
1001725043326554112
1001681272903798784
1001478201804193793
1001400366125191168
1000624087981527040
1000306134631280640
1000087609073422341
999935452386877440
999745075189047296
999743771066683395
999143289621237761
999141887729700864
998983794890821633
997046471009677313
997037340466937856
997005043168661504
997004158740901888
996980006042599425
996978254555869184
996068475855691777
994192923943165952
994077659528392704
993570789063643136
992397159856295936
991737025031213056
991681432123793409
990581881694507008
989435840962220032
988345312245878785
988273804920147969
988124078593757185
987549204011782144
986897445815836672
986696649845207042
986560776163995648
986560203972907008
986526585565188096
986155104897249280
985822781861396480
985240548515745797
980781044365451265
978195769604870144
977168999237767168
977113164520271872
976498846133047298
975720260706996224
975323846227177472
975322845395013632
975299361658818565
974729688248614912
974241830782070784
974221699469094912
973862270324412416
973497796039987200
973497212800991232
972764574045933568
972764424242188289
972740172965138432
972444021229543424
972014407319539713
971748867829059586
971667741919928320
971391623274881025
971387595505766400
971345264484274176
971286315546357761
971279359414849536
970988091665272832
970866099326775301
970605383080382465
970241941576278016
969207984592125952
969207801892495360
968199321371004928
967764648878657536
967763319733006337
966413841365192704
966174035691307008
966173663824371714
965916306183786497
965502945511997440
965502678578139136
965440275844943873
964597505253048320
964429820238024704
964360876743512067
964360733147320320
963872490064957440
963786196685066241
963785400715239425
963785170397618177
962359828160139264
961611123840532481
961557344659345408
959282599062511616
958615794862247936
957833022530781184
957155565741977600
956120214147620867
956094711038660608
953945231560409088
953933169446805504
951751811358175232
951740684259811328
951190405072277505
951189674030223361
950421053146370049
950404451143176192
949255214279938049
948920321125601280
948891355228528640
947092439856287745
946485598357000192
946391106094321665
946384500023545858
946316671895134208
946242965395197953
946080694048043013
946058975707041792
943084650964180992
941041729720987649
940465694747000832
940186403606024193
939901834466017282
939713656992010240
939130215032291328
938347027540344832
938126600058621952
938124700554813447
938124002215825414
936324856240582658
935418991455162368
935229661776400386
934833258659008512
934157321323859969
934156677166837760
934063444478824449
934040024177405957
933965941276315648
933964539204460545
933957923012792320
933952557868879873
933942230431121409
933733812110069760
933674591087677441
933674489417732096
933645752173199361
933640438896001024
933638494328643584
933638494202875904
933591938028236800
933426520453992449
932640715666051072
932108166803918853
931902512029929472
931869876918128640
931868668115472384
931856495028948992
931801266384265216
931800426348982273
931742504201924609
930318117804302336
929207277223071744
928601153016881152
928262110764662784
928226717608632321
927841164195221504
927089770488057856
927085779226066944
927032671590604800
926197015398273024
926196933470892033
926118607242825729
926097649975070721
926066405136617472
925352307591667713
925034880953708544
925032694551072770
924940449449697281
924501437937340416
924294718544142336
924252186640572417
923973656576974848
923666027078176768
923665959138840576
923541570128891915
923460506790387712
923454607782760448
923167049920196609
923164572047028224
923092145468145665
923051511848095744
923051481900683264
923051446836350976
922856835060846592
922704631700049920
922536634192744449
922453826279534592
922385591580418048
922380802519896065
922380748459593728
921716224530231296
921075341778616320
920872134100115456
920870362056929280
919061362822844416
918570417937362944
918554272928813058
916625900665483265
916588389461356546
916158114159874048
914519434810753024
913257603400110080
910248558548312064
910086639329906688
909277343507714048
908745919709024256
908723659367489537
908597255883681793
908552429368631296
908070092742823936
908067121376227331
907646405707288576
907567965545082880
907562283051700224
907463911007551488
906961790432628738
906489248731336704
906020717602365442
905655927696588800
904951001064636417
904937270821650432
904936693383528448
904935951511801856
904935731394686976
904639500382597120
904616186939416576
902396016015626240
902395893311307776
900672346540969986
900020765445169153
899618696158519296
899273930678050818
899127163705675776
899067512452763648
898876486286954496
898720155085152256
898718715339882496
898679447326347264
898661101583204353
898570140882673664
898330246088318976
897309586394402816
897308805746315266
897307673510674432
897127412831584256
895754732668669952
894918080832434176
894785053326282752
894652507867230208
892391423085031424
892349113706188805
892230172564443137
892132784025866240
891734016830959616
891628440532725760
890860963431428096
890831003996049409
890809102590504960
890808633654730752
890496996213223425
890475762410803200
890295347557392385
888711180277223425
888461346328764417
888460824897085441
888249674506940416
887244601056276480
887176443188449281
885861278933299202
885858147759529984
885371886267510784
885370438775394304
885028602139553792
884796022375026688
884634517432131584
882670130056003584
881114829586563072
881095350714593280
877877428143706112
874484726664441856
872759524771409920
872752651703857152
872716898823274496
872210362736750595
872052473426587649
872051243207753728
872050518427881473
867765775716818944
865871498912944129
862522495848656897
861798503181430784
860502670339174400
860370420226306048
860367616778674176
860367172245364736
859789375684710402
859788296226050048
858543325032452096
856819323876323328
856466492011024385
856457896477028352
856360263997677569
856139958750498819
856138947302494208
856138110979248129
856136479533391873
855891410532302848
855419239519449089
854643591712571392
852242964801880065
851893981751508993
851799081429204992
851783423605780485
851782464653717506
847089041262698497
845577075058757632
845265618274340864
845132059911700481
844628329001095171
844400102101929985
844113572523315201
843912236737400833
843886323232653313
842620873400090624
842614258705817600
842441223990321154
841505537808318465
841275736744968194
840881086506905600
840801189662998528
840799668124672000
840794125859467264
840793802860331009
840787528382857217
840784769394827264
840784112910815233
840783778813509632
840781902651019264
840557703722336257
840514165374623745
840480486300479490
840403600291614720
839929772339773440
838853045098319873
838627517393158144
837889245679337473
837888569767256064
836918594445406209
836792237451325441
836668553420029953
835341389802143746
835339372278992901
835012812393041921
834256033837096960
833629804683485184
833627886028472320
833175357327081472
833042392534118400
832589580784242689
831811857971367936
831776707292045312
831753397170733056
831752320845242368
831505135373340672
830688431189671936
830003837507350532
829763572582535172
829762740155723779
829291652774756354
828187487818297344
827887384356384770
824838534775336960
821667939170586625
821360388327567361
820852639315464192
820850609448452097
819157871615213568
818809664188125184
818318203684356096
817423597601951746
817345941564862465
816975100834705408
816722365761679360
816570077885636608
815507999028641792
811825048021397506
811105712373952512
810882268826832896
810208013978050560
809981406986244096
809730084378701824
808675179727568897
808590366685306880
808552121180291072
807590988298461184
807525395545333760
806074948590694400
806074322699911168
804555567981334529
803594633087324164
803514893366337536
803145312277655553
803088770245464064
802941291868934145
802920923825324032
802920722725216256
802900612895608836
802890960795353094
802844636310077440
802740050064609280
802488705189441537
802446630473449473
801289141883240448
800417115647844353
800300651091816448
800053246165295104
799956264709197824
798603444814835712
798602968123592704
798555657641271297
798552241581989889
798424206279110657
798423867714899968
798171148546555904
798145531893551105
798144829465182208
797665346014576640
797090174685560832
797086970132516864
797084680017379328
797082292183322624
796996230777868288
796632724761149440
795972983856697345
795966509742964736
795965271198564352
795963122699870208
795728027518988288
795529109761884160
795482570666496000
795284962584985600
794867038908977153
794785938744414208
794569319149670400
794544647511097344
794267702860910592
793785116724166656
793769451305009152
793730123572899840
793118084299128833
793117993081470979
791499145622192128
791230167419060224
790861746068135936
790284369487355905
790255753554759680
790254851599073280
790111706236190720
790111444926947328
789746550637559810
789742179660935168
789113595237797889
789113171181043712
789112037058248704
788710167651164160
788346743326990337
788243504195575808
787976953118818306
787877054666637312
787876760037785600
787669158792134656
787606842834845696
787562571339591680
787020280212447232
786891097020727296
786177544093597696
785939248474185729
785938670012473344
785938560797052928
785938487304413185
785938456333647872
785879789022445568
785840999440457729
785789179275935744
785021165957894144
784985327249289217
784137411739676672
783887332193730560
783525272524099584
782641970380505088
782641311958446080
781227941388836864
781082238620405760
780444018786328576
779682552793694208
779336680763514880
778547980378963969
778544940720807936
778517643691192320
778450384306057218
774832547985498112
774652235166912512
771613831432839168
770273876584570880
769514614149242880
769436535590686720
767356131035447296
767353355484168192
767333720701431810
767021665863737344
765494726602723328
765269573268566016
764175029542195201
764101813180198912
763825875368472576
763747407926616065
763607779588337664
762935253413588992
762380080299597827
762220030461370368
761998243677036544
761993902425509889
761988396055166976
761886998428778496
760785936317833216
760042453940506624
758761973362388992
758292238313070592
757610419607437312
757270373809414145
756195532276535296
756106135858454528
755864430844448768
755672612894834688
755459970989170688
755325381612363776
753879229390057472
753604547118063616
752516916057612290
750584900403724289
750574076557717505
750573636713676800
750572853372780544
749342000684630016
749261247531679744
749210743074066432
749176752371556352
749164720884748288
749163084791545857
749122758467055616
749122662144831488
749101578611675136
748619002969268224
748574602461327361
748572840266457088
748572289273331712
748572260718514177
748571718948687873
748571579953647620
748571228135374848
748465768543698944
748457822137028608
748457799953358848
748191582302658560
748137008392978432
748136307440881665
748135985062551552
748085087477039104
747852052970209281
747839293956165632
747763127098421248
747650525617856513
747515633747787776
747513671832731649
747484449168855040
744999131186356224
744459130270801920
744458945637531648
743171629564497920
741749272274702336
741597042556993536
741181118603513856
740281373953396737
740279851190476800
738117812443611140
737645301973057536
737387853873872899
737258802387505153
736819944525058048
736086138746601477
735373254626578433
735325482619678720
735060510723473408
732905689031544832
732855666755395584
732841942028025856
732560568154906624
729033342960685058
728305854596956160
727810177139888128
726724092884307968
725896563965358081
725724460926558209
725720423929896960
725697890774048768
723553383924281347
722451037592948736
721655669221367808
721375951683198976
720283699799982080
718792859139358720
715955265112313856
715916452327473154
715916067286212608
715913872880877569
715913460593328128
715784738242486273
713643334871416832
712984238509977600
712140218007228417
711467376122961921
711056745842536448
709638464409624576
708520870462013440
708519392049569792
707910586915491841
702380467933331456
698449130981556224
698449047363940352
697688846759305216
697349918776815620
697301081597079553
695248571751403520
695246706447884288
695244488504172544
695244286787522560
695241681948536832
688468383340302337
688266019991769088
687136420151078912
677006485562478594
676343304502538240
676087688773115904
676087073527451648
675931467176890368
674946352250560513
671719040088449024
670271413241167873
670212437292007424
670127684438122496
669981106347839488
669941317405945857
669926575169736705
667428778281459712
667350234352197632
667202547350904836
665956794066452480
664389674862026752
663678845216817152
662954682348904449
662946595898552320
662926778692968448
662906915542966272
662906212422459392
662903947817050112
662861822467420161
662162104074567680
661465208490221568
660378560297869313
659823293860573184
659226283541426176
658350411137589251
658332004954611712
657847897892003840
657556098795347969
657541973050552320
657541189663662080
657518876079575040
657508028472774656
657489401128296448
657474295543799808
657220586469523456
657140705312296960
657138147772510208
657136794161565700
657134626511699968
656760589709131776
656481752735752192
656474737678360576
655838766620352512
654351422679568384
654016934355316737
651102295237767168
651101880089726976
648950290822115328
646653532234510336
646636923361062912
646313208928727040
646227598444470272
645455059027918849
644249247467089920
643454396001570816
643040051606200320
642362505101225988
642361210940297216
642239797013168129
642239378555863040
641695566628581376
640948431524089857
640044972339802113
639760760940404737
639736172101697536
638341994180444160
637356456321396736
636766567871696896
636617964096196608
636598428743696386
635904533055557632
635025610650349568
634076935224692736
634073951136796672
634019858846470144
633936136386166784
633935741492559872
633596105092136960
633590879215841280
633536914684047360
633310574785523717
632929965378506753
632285972537995264
632257402704896000
631107674072064000
628126865421680640
625967306594762752
625964468334366720
625668152286949376
625666079059243008
625663223505756160
623218874255843328
622476174908911617
622429685062991872
622395904650268672
622384421644181504
622369189563625472
622034252650147841
621777022721880064
621016831827030016
620330953806848001
620271083858579456
619485147851792384
619172535490465792
619115880564310016
618461344845668352
618146199397355520
618091772934230016
618091285061238784
618060682542645248
617694633813000192
617321432851345408
616995072584876033
616880037384581120
616871119367315456
616600092250927105
616599337087442945
616598768889253888
616590705264336896
616590540432351232
616502088022007808
616310726735564800
615953862806085632
615881123638325248
615549825216606208
615205986706583552
614417634357026816
613770059723481088
613596294649659392
613379635460636673
613379203044638720
613333054602522624
613324668376862720
612343108081221632
612273518621945856
610016887192309760
609028648386093056
608709089363943424
608659963217629185
608554768697597952
606183778680193024
606104323014201344
605818077482131457
602838274567184384
600936435038986240
600343602494046208
599989977443885057
596985129517592576
596395522178555905
595905416242077696
595321866807566337
594818177080684544
593824418113200129
591118803913801729
588630351888703488
586552310094045184
585169369187090432
583897511666044928
582944266684633089
582928846879617026
581855779742957568
581151144761815040
578986756915216385
577106480450646016
576411035940319232
576234396203773952
574573486288543744
574473774403338241
574427236348084224
574076057772515329
573935489973108738
573728596851847168
573198031438405633
573098612244275201
572810952917303297
572758275973910528
572490874233479168
572489810155315201
572471308312813568
572361500976947201
572313604382433280
572255977749278720
570450015384145920
569050210841825283
567231706936393729
564745681047678976
561520642248675328
561518087129034752
560367993717542912
559433862137516032
558512541379596288
558000134362243075
557897988715335681
557445357303767041
557443084074889217
556477295716995072
556475608314941442
553587078513303552
553585749933961218
553585562926718976
552543675495219200
552493907595235328
551282873681330176
550723925660147713
547670115958161408
547663471811514368
545432083649536000
544904718490025984
543637318813638657
543343689133985792
543130298276659202
543128799722749953
541821644776673280
540766726083063808
540570452268421120
540569775144185857
540562266002046976
540245997218451456
540245717127036928
536034024934748160
535837704748298242
535833454286766080
535371432860348416
535370452945092608
535332565297942528
535310142951411713
535278397443035136
535264292351000577
533561346072514560
533519735422726144
533516331170426880
533105227638247425
528603481985531906
528238455953035265
527777123675951105
527696634957029378
527669633684602880
527010963380523008
517229701853900800
513667283290685440
513345579582496768
513301768026222592
513301188398567425
513213051345334272
512899355221954560
507210324723122178
506849115876384769
505693481982263296
505085532469477379
503601566348496897
503600183276744704
503596774003847168
500343254567890944
500341509603229697
499093941107838976
499057495558864896
498744092810301440
498129969651130368
495079902006501376
492625865654939648
492625361176641537
490744172161560577
489635897433141249
475606884796608512
475593428143996929
475574372468789248
475516971170410496
466619123313938432
465946343085973505
465590401081282560
465099596856045568
465077622280843264
465017003854790656
463033927650013184
463033327143104513
463032326357024768
462954773411790848
462517599537209345
461827254012899329
460506520686718976
460111085459484672
459994757092352000
455959988310392832
447801482881286145
447799340653092864
446214428275773440
446147771675185152
441290788967030784
440134528724914176
439968439743283200
437457050818584576
436000026704490496
435396822224633857
435006383755649025
434645595308171264
434412745145217024
434379332967211008
433843180124270592
433462453922705408
432088756573966336
432006420972974080
431481055460458496
431456038622330880
431285332651556864
429983383234428929
429287969321934848
428067486593196032
427864682867998720
427037727193071616
427032773472571392
427029375713050624
427024019083517952
427023436905709568
424276799712149505
424088207928881152
422051647012225024
420249006489743360
420063570014248960
417970488837947392
415078825035591680
413379904546537472
413379492883992576
411422238970105856
408832169608753152
408328787777294338
405242259853283329
404517622282457088
403981074520616960
401787637746651136
401733801384361984
399956567665426432
399489145208590336
397413560025767937
396713741129383936
396701576263237635
396537064134418432
396500649262985216
396352425327857664
396013473760804864
395816092523712512
395765386559619072
394822608149303296
394513176064438272
394137255365054464
394136639381200896
394128527945400320
394128352766091265
393734941231841280
393732894692483072
392869915100602369
390468704435068928
389252910301052928
389121455310798848
388697624985227265
388521236839792640
388397196309454848
388177567297310720
388176839740784640
387505112132104193
387240065174605824
386081371414077440
386063909813121024
385259465236553728
385256100469440512
384925625242619904
383287904405319680
382920571333668864
382917070654283776
382915968655060993
382913130289836032
382562833835507712
382457228416282624
382454349576019968
382453291206328320
382437901726121984
382436257181483008
382435054896836608
382392999332048896
381744434268082177
381736557772046336
381735780315836416
381735408209760256
379135340289617920
378936890118123520
373727655775830017
373478732683829248
373478265006342144
373478023246667777
373382162315083776
373373452063084544
373369651641974784
373366544161832960
370814102903742464
369505276761632768
368060827842383872
362518622641463296
362514274444255232
360494132835270658
360492913790173185
360491813125111809
352810090396532738
344146375010816001
341186393768357888
340511745829371905
337830200454836224
337428794082209792
336731818801909760
335253284354924544
334894804603400194
332953889215242240
332744538089209856
331318674248048641
331311366243762176
331082188244262914
327324754451251200
324617371832688643
324018626531295232
324017383192809472
318448514294226946
318444562047713281
318444265359425538
317879795721596928
317855897235894272
317851930615508992
317833085544697856
313920164422893568
312501464226471937
311790385879977985
311790237867188224
310610472531533824
309633712402874368
309379585357787136
309356204801531904
304113055845982209
302998805270364160
302998443566194689
302968703258079233
302364814628507648
302287712558387202
301172009050722305
299910511326281729
299427125193236480
298799220545175552
298668539890528256
298454809978220544
295897085407002624
295889950942064640
293439359900844033
292643848121896960
292643298810679296
292524214861320192
290530742042238976
290128738346213376
289099778808225792
289099016568975360
289095241233997825
286889471562113025
286848993517006849
286736943750983680
286453780491427840
282075375792705536
282044414640140288
280596412171952129
280584113403080704
279906910361247744
279885954423066624
279867864540909568
279837696220868608
279833565326344193
279827144090202112
279546885881098240
279545950459027456
277990602157727744
277729208669708290
277727896544636928
276640284534792192
276281104078626817
276277191866716160
275551263842779136
269375373219860480
268569541540454402
268052294489235456
261746272157986816
261745941424504832
261741788342153216
260989052080250880
256812671104598016
256745696240222208
256745378400047105
251925670064689152
251704455219798016
247990736975429632
247990277447491585
245543516325965824
245476973147738113
243582714538778625
242841048290840576
241573913828671488
240368211634302977
239661630034685952
239228360155344896
239223994744700928
233648616105979904
233648006241591296
232433257382301696
228950226927513600
228949727847272449
228947486243442688
228946666768699392
224521490161352706
224506446560247811
223036488156327936
222557458709741568
218367353052868608
217276886093537280
216226462003507200
216220371504996353
215311966850387969
205007719353171971
204942171793657856
203856418493825024
203516300914470913
203463497210793984
202025238555398145
199828321922584578
193758193711710208
173756409782083584
173395920652742658
173363771941732352
172248636632219648
172186200466141184
169473460412747777
169473439323791360
169151770180849664
164673384171573248
164312798250283008
164092141587537920
163623817531502592
162404539499155456
157745721792135170
150536711645040640
141063146159874048
135794299777462275
135643932234219520
126229702879883265
124385319326978048
120191657021939712
119686591156453376
119286547102183424
118991626780688385
118346119444041728
114997535210356737
108806596980785153
106071310119092224
105954335418101760
104864864450777088
102629890850963456
101611638112784384
101606692587974657
99001081442484224
97708851800973312
96851008369590272
94400107658743808
94397799872987136
92546218772807680
92542127434764289
91168699481997312
90127830943412225
90002305356808192
89531797288919040
89373322860699648
89283286924394496
88199704797646849
87759158492925953
87182490900504577
85705885116153856
84984555785822208
84975254870568961
84263656870776832
83079370180276225
82663440358977537
82113556635586560
82010009860456449
81068100950298624
80594639610064896
79894065151356928
79811180910227457
79576452672131072
55879359478759424
55872472775540736
42860783805267969
42518980677742592
41031081906016256
25189068463
21560081983
17873169354
13721663157
6344738751
6339812425
3980474758
3960704933
1782446433
1782437414
