1330486565458616323
1330458995719434241
1330263749358448640
1329923496437157888
1329923359631503360
1329923028914827265
1329922086005997569
1329921575986970624
1329921528037732352
1329921228065230849
1329921128245063681
1329921010502569985
1329920630976696320
1329917129542365186
1329916023600861184
1329914385045700608
1329910590857363456
1329910266054668289
1329910100958400512
1329624580982390785
1329623713117999104
1329621345341042688
1329621209869209602
1329620629503393792
1329615593142566912
1329615555217686528
1329570445503262720
1329570363659849728
1329556993418293249
1329556411475378176
1329556122362028034
1329537588064002048
1329537466966032384
1329537406215753729
1329537327983575040
1329215989511122944
1329214056125792256
1329212984841752576
1329212790553206784
1329059150576324611
1329059006304796673
1329058054508142592
1328222504100319233
1328219816121954304
1328219581282848773
1328129831179993088
1328129587272814592
1328129542540521474
1328129318032052224
1328126273495789568
1328118398862073856
1328118208197394433
1328103583351406592
1328103027870298112
1326489560948170754
1326489513535811591
1326489398565728256
1326413411496898563
1326412570488680453
1326412533385846784
1326412479711375361
1326412310815133698
1326325833473011712
1326325592434765824
1326323924339077120
1326323735188500482
1326323661423353857
1326323490287353856
1326044244344143873
1326044198387134464
1326043414102564865
1326042417074634753
1325551226419777541
1325273543446126596
1325261921356976135
1325248157194706946
1325247914587746305
1325231739434799104
1325231680492195840
1325231400849604608
1325231375918592001
1325231010838007809
1325230855820701696
1325230480644435968
1325230401778982912
1325230158458974208
1325230033284157440
1325194212086697984
1325194180105154561
1324852645375307776
1324852555407478784
1324852207989088256
1324852153664466944
1324852055815593984
1324682361846472704
1324682310403252224
1324556295316271104
1324330606965088259
1324133961245753346
1324133030189961218
1324132966633598976
1324106589800837120
1323843367155871744
1323822978086305794
1323532623864496128
1323358022463234048
1323123193859567617
1323122584397864965
1323072577930031105
1323050486702825472
1323050459708321794
1323050403378814976
1323022828745052160
1323021903032844288
1323021213082345472
1323021168887046145
1323020742938693633
1323020378768224256
1322712587335737345
1322339981076041729
1322339558722207744
1322044826284482560
1322044602631639040
1322044503956414464
1322041072713752577
1322039744448978949
1321552261659516929
1321220554938986496
1320997308356464642
1320561814434820098
1320561140338864129
1320560916509851648
1320545914948210693
1320545128948264960
1320200662769086465
1319766054436925440
1319765943631769600
1319765429699571712
1319472724914270208
1319055828041621506
1319041864033431552
1319041608575193089
1319033375278067712
1318797193646501888
1318655098562605057
1318416429964619777
1318414449116540928
1318355257471115264
1318355012779610112
1318354882009600000
1318350552913371136
1318253219961663488
1313692389979029504
1313691998541422593
1313691862494924801
1313691088327041025
1312874923602317312
1312873781728165889
1308177965054746624
1306490551521271808
1305680383967596545
1305663676431527937
1304642156984893441
1304391187290185729
1304280515986382850
1304280220074033153
1304280073835487232
1304274844133912577
1304274618329395200
1304274360107110406
1304274326745567233
1304274098508509185
1304274068997173248
1304273582164512768
1304269237222084608
1304268827417608192
1303886147479678976
1303220110442733568
1303204635205709824
1303197860809170944
1303195936600944640
1303195122067144705
1303182883591319552
1302832143286988800
1302832066497622016
1302831224067469313
1302831113761558528
1300582450473574400
1300234780345118720
1300234714062618626
1299863013709680640
1298415960416645121
1298415816476487682
1298415781823176705
1298415746788102145
1298415695294631936
1298415664667873280
1298415515002527744
1298415489056567298
1298415446475984896
1298415406600740865
1298415370940764161
1298415282994610176
1298414865262899201
1298414587629297664
1298414549435944963
1298414473741365249
1298414441566834688
1298414408373121026
1298414364760760320
1298414325359505408
1298413486880329728
1298413178527707136
1298154418253135872
1298153295848980482
1295174572149366784
1295174260852326400
1295173844378869760
1295171660367052801
1295171234620047362
1295170492739985408
1295170419637407744
1293724469328924675
1293724282342658048
1293723910442123265
1293448435320856576
1293447026651197441
1292704468937523208
1292677411113283584
1292676634265268224
1292676495777755136
1292675756913352704
1292675099569479680
1292400164947124225
1292400089101524992
1292400022105939968
1292399725304373249
1292399684422520834
1292399642135547905
1292399570853355522
1292399523277332480
1292399455853895681
1292399401126649857
1292399216774455296
1292392269169823745
1292392144674541568
1292392086965125120
1292392042488709122
1292392012881133570
1292391986683449345
1292391955620458501
1292391886406090752
1292391642649960449
1292391604515266560
1292391519572209669
1292391495668908037
1292391449514799106
1292391411837329410
1292390904502706177
1292390879085223938
1292390850853392384
1292390820075585536
1292390794477711360
1292390620363812866
1292390592429715457
1292030307235897344
1292030283475083264
1292030255184535555
1292030041367298048
1292029958668206080
1292029927949135872
1292029896030474241
1292029866552958976
1292029818490388480
1292029367212634114
1291625849456693249
1291625798172983297
1291313011370545152
1290815652341506049
1290811570369437696
1290811530397618176
1290811437078597632
1290811397861851136
1290811369843916800
1290811333949001729
1290811308141510657
1290811262696214534
1290810706296598528
1290810658141818880
1290810540067975168
1290540698798784512
1290164281665679360
1290162775860207618
1289713386045861888
1289712696930140161
1289712133190516736
1289710607822856192
1289710088987574277
1289356092862955520
1288229529379459073
1286833164317364224
1285417755437461504
1285416428938526722
1285394266869469184
1285027244096712704
1285026878617563137
1285026382435635200
1285025165420580865
1285024608958070785
1285024302153138176
1285024015724064769
1278218769328771073
1278218628941221889
1276119408759328770
1275599319739973632
1274663705721008129
1274663558953832452
1274662712258117633
1274662636508942338
1274662526525911042
1274662401707618312
1274662067375607808
1274661726944931842
1274620841695703040
1273958932172599296
1273958755277787136
1273771625456865281
1273771204935999488
1273483330311163905
1272317861030096896
1271016840752271360
1271016598736785408
1270982117317439488
1270605135895355398
1270592994995888128
1270582908181340162
1270582180830298113
1270581877527597057
1270581741443375111
1270577428734160897
1270570450746130432
1270569944808218624
1270569889661476864
1270569600019660802
1270568469600235520
1270279363838111744
1270279209596751872
1270278302263992320
1270278127944519682
1270216990490157056
1270216762982727681
1270216625560543232
1270211488402137088
1269177783894175746
1269177742060253184
1269177713547333632
1269177684409479173
1269177643762515969
1269177617627766791
1269177590851358720
1269177559805071360
1269177469279408128
1269177413210005505
1269177372630081537
1269177336143863809
1269177285380149249
1269177247354646528
1269177202135822337
1269177010418409472
1269176970497019904
1269176931821350912
1269176880717955073
1269176848824455173
1269176775143092226
1269176742532378624
1269176709833613312
1269169831212838913
1269169740271869953
1269169706084085760
1269169568859033600
1269169514349903872
1269169466010562560
1269103858803806209
1269103502753579008
1269103007611805696
1268340307826884608
1268338209194274818
1267238071403114496
1267237997071622144
1263330002654781442
1263323843780767744
1260456349701455872
1260431351448244225
1260089093410586624
1260084953372438528
1260084758077304834
1259800922730848256
1259800893995638785
1259800827029381121
1259799804390944770
1259799587306401792
1259310476602732545
1258959049581752322
1258958136741789697
1258956834561339392
1258956609465679873
1257172628487327744
1256225494510469122
1256225430262157315
1255633929555439616
1255614219417907200
1255410436796747778
1255392476799606787
1255392384050966528
1254968605910827008
1254935324737761281
1254935256928411649
1254935234098814976
1254935175311454208
1254934027632381952
1254931245387022336
1254931158330040322
1254930989752520704
1254668454772146176
1254668287612301312
1254666742514638850
1254666542450524166
1254558257554681856
1254557416194101248
1254556653980008449
1254555482582220800
1254394094702309377
1254250132171702275
1254249456091885569
1254248240272175104
1254248150463725572
1254246896018677761
1254246675318632448
1254245730463563776
1254245565346361345
1253974025727954945
1253973709951340545
1253973393268850691
1253972997662060544
1253864396796784640
1253861683300233217
1253858446123823104
1253858200543059968
1253857273899704321
1253855018874093568
1253500041223827457
1253500013251985408
1253499939658686464
1253499772251471873
1253499310353682437
1253496841305329664
1253496575277404160
1253492133090058241
1253491748363399168
1253491725407883264
1253491698446942213
1253490874714996737
1253490773917491201
1253490758721527809
1253490741847879680
1253490698189279233
1253489926957461504
1253489840416407553
1253489813790941184
1253268209655877632
1253268026314551296
1253267862216560640
1253151521019052032
1253089819439198211
1253089773188550656
1252816944727601153
1252816204210638848
1252815657239904257
1252742426558492673
1252383179291283456
1252383091126984705
1252383006527942656
1252159433993449473
1252080956774612992
1252080621368664065
1252080543497195521
1252080227448053760
1252080142442049536
1252080034723987456
1252079935197306880
1251996392702136320
1251814329952788480
1251381751923961856
1251381589633691648
1251381548726669312
1251380798302810112
1251380736168390665
1251379381886304256
1251379312764174337
1251378561455230976
1251378520397213696
1251377809680814081
1251376077911384064
1251374110497583104
1251372980157870081
1250997280267661313
1250938320214913026
1250938187360292864
1250938028106772480
1250937622475583489
1250937572131393537
1250937493001613312
1250937291482083328
1250937207210119169
1250552299602055168
1250304226380529671
1250303062498934787
1250302760504791043
1250268998509314049
1250268005558185985
1250223056062038016
1250222449129451520
1249850353828294656
1249664958746386433
1249657153373106176
1249656892080570368
1249650567950946309
1249650173833138177
1249649454497456132
1249648467011497985
1249563580501909504
1249563255925665792
1249562826684821505
1249562457141477379
1249562374740172800
1249504302785163265
1249504006847647744
1249502572794138624
1249502377230487552
1249501555092410368
1249142409478447105
1249130041230974977
1248903162796191745
1248881609173958656
1248880711035023366
1248880354653429761
1248880146011918336
1248879040674410496
1248792245702017024
1248749598606159872
1248550945291513858
1248470399051894788
1248444419092578304
1248443194158641153
1248443013535166466
1248441398212222981
1248435663952736259
1248421524064718851
1248420404860837891
1248420327245275136
1248290782663983104
1248290691857264640
1248185071757975554
1248184994352091139
1248184954220982272
1248102038711353345
1248101458781687810
1248100695040876544
1248072539353440256
1248072409917173760
1248064105367212032
1248017542238449665
1248017050405986305
1248016038886662144
1248015528527978497
1247787204891430913
1247776433465769984
1247603157225504768
1247487051840114688
1247486223456694277
1247485546999365632
1247485224704806912
1247485062557229059
1247098085353771008
1247096973934485505
1247096928787025927
1247076189748912128
1247076021179838465
1247022782388391937
1247016960488923137
1247015580768432128
1247009473878585344
1247009391292776448
1247005232795545600
1246807410741841920
1246807075553857539
1246657928821485568
1246630267315302402
1246629278327771137
1246629036341604353
1246377022399508481
1246353033153241093
1246352694605795328
1246352345006395393
1246352227872043008
1246339431390273538
1246339397961695232
1246339103148269574
1246339021724209152
1246338954711846912
1246338177159188480
1246337834543267842
1246318791513894913
1246318746265763840
1246296064652529664
1246295969315975169
1245947986426773505
1245946976828440578
1245830965940768773
1245830852266717184
1245547586607407104
1245289117992112129
1245288882117070848
1245250085023178752
1244756886957592576
1244755226181001216
1244755066151567360
1244755045247152129
1244754733547393024
1244754698646646784
1244747056637345792
1244746973267111936
1244746897098543110
1244746493539397632
1244745922984083456
1244745569894944768
1244745415980793856
1244745337341743104
1244744905345232897
1244551413260144640
1244549518202265600
1244502776513609728
1244502500218028032
1244458958967861248
1244458846392729600
1244458604859539456
1244456998327840768
1244455695312777216
1244455542484955137
1244170069824770054
1244139372850450433
1244139306194628609
1244137149537988608
1244131866560479232
1244131816040095744
1244131644702781441
1244042787663654912
1244041419292995584
1244041302779424768
1244040723340464129
1244035660341641216
1244034926023815169
1244034389811408896
1244032191799025664
1243877942880374784
1243877378754928640
1243811647342297088
1243810170477498368
1243810093574926337
1243809919729430528
1243769062103998464
1243769010530877442
1243768826006626304
1243768512243326976
1243724596911562752
1243724562438557696
1243724486991433730
1243724267293790208
1243723195389054977
1243722659000496129
1243722298877546496
1243722104215724033
1243721659862802434
1243720615858601985
1243461938450817025
1243425995551473664
1243424874581745664
1243424789856841731
1243424587930464256
1243293935776104448
1243293693911564288
1243291104683778048
1243290713451683840
1243154023168929792
1243153839525466112
1243106784711041024
1243070248900681731
1243069896684007424
1243031720925921280
1243031353416794113
1243031287637528577
1243030953674420229
1243030777522049026
1243030615257018368
1243030455923826688
1243030103916859393
1243029749938577408
1243020575099871233
1243020434234200065
1243020138145710080
1243019578663243776
1243011923391598592
1243007143675957249
1243006601142784000
1243006364990844928
1243006351858520064
1243005874232147968
1243005712168443904
1243005529657499648
1243005516709687298
1242975262691610625
1242975109373026304
1242974967559368705
1242973169037664256
1242969850521112577
1242969798977310721
1242969373351919616
1242969086234988544
1242968283101278210
1242968218748063750
1242965960031494144
1242965785149984769
1242722895215734786
1242722620576948224
1242712461968470016
1242712385078484992
1242712321631203328
1242712150210007040
1242711186228924416
1242675079059664896
1242648467928780802
1242646466666983425
1242646409330880513
1242646098067378176
1242645923303313408
1242638160334471168
1242624293432770560
1242624118630969344
1242623878725136384
1242623513728446464
1242623388331302912
1242623039700783105
1242620628064063490
1242620497562464256
1242620321854717958
1242620135032025089
1242619821998534657
1242619446583119874
1242619236645662720
1242617169482936320
1242616753848332288
1242615995006480384
1242615706828455937
1242615115687407616
1242614919251386368
1242612867112644614
1242609164511109121
1242608174516957184
1242607252533432321
1242606149511163904
1242605327805083648
1242604335256580097
1242599267300069377
1242240157488537601
1242240131127336960
1242038931614339075
1242005577942749184
1242003043932987392
1241984694247284737
1241982200414793733
1241980846329884673
1241968907583467520
1241967761569402881
1241967717055213568
1241918855263350786
1241910004807942144
1241909638267723778
1241859524601892864
1241858655718264832
1241858457738723328
1241858291895922688
1241857818388398080
1241857579145281536
1241856966101590016
1241856835289632768
1241853902011527170
1241851931380727808
1241851727306829826
1241849987161403394
1241849527943835648
1241849192915464192
1241848819379081217
1241848346156756993
1241846092116836352
1241845883039133701
1241845834158759936
1241845425054683137
1241844963559616512
1241844881267384320
1241844645992083457
1241706898354667520
1241706879991951367
1241706101478805510
1241705573969584130
1241667286848507904
1241666236997484544
1241662802508447744
1241635147239149568
1241634694375956485
1241634584803999747
1241634540046520322
1241634496551587840
1241634285976616960
1241585760450392065
1241558719541854208
1241509595698171904
1241509505445154817
1241508731591880704
1241508610737201152
1241452450000691201
1241451012654653445
1241334857130639362
1241334315645992963
1241327947698470913
1241259756431396865
1241259679717527557
1241259595986685954
1241259160647299073
1241233079940706304
1241233003147227136
1241232772250734592
1241201227238502400
1241201003166236672
1241166313541623809
1241166262543081472
1241164510108385280
1241164342063579137
1241164306281943040
1241164121111810048
1241162481583575040
1240951871675568128
1240951472348528640
1240909778181709825
1240893209909182465
1240891565561671681
1240891333792784385
1240891274472775680
1240890542201827330
1240880112205066240
1240879768087584774
1240879620771086337
1240834955569061888
1240833555141279748
1240832975048065027
1240832770672214018
1240825049835139072
1240824596321849345
1240824083970846720
1240823638460231680
1240822772470710274
1240821907936538624
1240820199281938433
1240820014149586944
1240819358374326272
1240753862794862593
1240609840780554241
1240609231184650247
1240609073587875842
1240608706896617473
1240606869170696192
1240597818076581888
1240575659644051456
1240538563525013504
1240526015593508864
1240513474268033024
1240513419821715462
1240510006463590402
1240497293649829889
1240487879182147584
1240486637395521536
1240486085215444999
1240467801996816384
1240467284352630789
1240466246266540033
1240465850559156227
1240464894425567232
1240464776653758464
1240431245227524097
1240430399940997120
1240423944110452737
1240420434308259840
1240385654762037248
1240385486771773441
1240175415433392128
1240175233723551744
1240120499985952769
1240120344712806400
1240120198864257025
1239899160582615040
1239883841352814593
1239883429447004161
1239883385754935296
1239883213826228226
1239713696902864896
1239712976912826370
1239712099850309633
1239695772930560001
1239684175248019456
1239681730966982656
1239657309258665984
1239655806993235970
1239655188056571904
1239653685984018432
1239653533739180032
1239648010537021440
1239647611209936896
1239647356020113408
1239647043221508096
1239645999892557829
1239644736949858305
1239643369657098240
1239642948779659264
1239502042743205888
1239501812970876934
1239441510245879808
1239387342697148417
1239387242298085377
1239288920526876672
1239142477258317833
1239139770128691201
1239108503089766400
1239107276062871552
1238931077860753408
1238930959585513472
1238929310724943873
1238929120739741697
1238760065508585472
1238757753578852354
1238757685547249664
1238709127498493952
1238577704049377280
1238576713371549697
1238576699622580224
1238573413691559936
1238573220908810241
1238572554748440576
1238358225705029633
1238357363255468033
1238349122412793856
1238347852960559106
1238210657381564417
1238207081825501184
1238206022914723840
1238205007528226816
1238074802499252226
1238074521275359232
1238074163551584257
1238074073462091776
1237960216395710465
1237926452454014976
1237925290497597441
1237869766963953664
1237858357236514818
1237858265045688321
1237851744484249601
1237731092041330695
1237616841477877760
1237601518611656704
1237567673472434178
1237567313651486721
1237560232882003971
1237493409893343233
1237493184604692480
1237491353493200896
1237491047187402752
1237486107475894272
1237348575866007552
1237260510300483584
1237260244809428992
1237221722702536704
1237221608034463744
1237216817786966016
1237183144387686400
1237182858680098818
1236964543135268864
1236964464781451266
1236923562910306305
1236923098005254145
1236850528891502592
1236850390760443908
1236850299622395904
1236849698838679553
1236842928238018561
1236683271234183168
1236682977867792385
1236682923866087424
1236501724895952898
1236475847193710594
1236475666234609665
1236475535481430017
1236457822956724226
1236444973064544256
1236443947519463424
1236443744028639232
1236443543159226369
1236443485374300160
1236443456488128512
1236443423005007873
1236443308919894016
1236443072474394624
1236442398063906816
1236434950187913216
1236427568812675073
1236427015604940800
1236426679372754944
1236419027972403200
1236418846954622976
1236418186033037312
1236418114327199744
1236417836425199616
1236417228175634432
1236416934939250689
1236416898247454720
1236416766256930816
1236416634891296768
1236416594437267456
1236416301146320896
1236416065229303808
1236415953757323264
1236415927635206144
1236378576699527169
1236378096531460098
1236378047781060608
1236259676951441408
1236258193916846081
1236211219544997890
1236200866652098560
1236196468114903040
1236149163282161665
1236148084435902465
1236147987627175936
1236147902860234752
1236139584733380609
1236136461151260673
1236134053075505152
1236052722421399552
1236052678863515648
1236052428543250432
1235861642115604480
1235860625311428608
1235801678621728771
1235801246830694400
1235799983992922113
1235740715553939456
1235740684868444161
1235643813462343681
1235527707250683904
1235526751406583810
1235525870762078208
1235525686229524480
1235444611419521024
1235444024258875392
1235443590525935616
1235442675517509632
1235441732814159873
1235437276886257666
1235437028054986753
1235436921335078913
1235436230008946688
1235394973983313920
1235394862813286401
1235391719878742016
1235320862699552770
1235120182244204546
1235118044646539265
1235083419236700162
1235063922652139520
1235063619106131969
1235062386819608577
1235062333040242688
1235062239716978688
1234994607446011907
1234993486140567552
1234992729416880130
1234828233817743360
1234699837985058819
1234699485130833921
1234698988705599488
1234698705351012357
1234649094770941953
1234641121629724672
1234641009667006464
1234640897372897280
1234623884025974784
1234623589376126976
1234623451249332225
1234623226266828801
1234623108046180352
1234622981969563648
1234622925866582016
1234622478984441858
1234622421514117120
1234618873535533056
1234604944650457088
1234604905316306944
1234604812957704192
1234603778386432000
1234600842054885376
1234600215157493760
1234449657020874758
1234442583176138752
1234441891820654592
1234437851841871873
1234437787035652096
1234420032400027648
1234419901164441600
1234419823947370505
1234419695417094146
1234405542958780416
1234405364088492032
1234405256018178048
1234397912697720832
1234397436849709057
1234394924637802496
1234394908372299776
1234360253128462336
1234359147245625345
1234358632742998016
1234358160514670593
1234358009473589253
1234357896307044352
1234341212288471041
1234341015550431232
1234288362460024832
1234277545010286592
1234274111724998657
1234272414009217025
1234252203432398848
1234224210504904704
1234080552417816577
1234031344751001601
1233966719535702017
1233937289543184385
1233918910035984384
1233905521343647744
1233904967603216385
1233904156135448576
1233904100808347648
1233876210263846913
1233874635906699264
1233874411851112448
1233723056729649153
1233722381731950594
1233722167780466689
1233721831921598465
1233690349907800064
1233690170764881920
1233689421205180416
1233689401282052096
1233636134262992897
1233635069018853376
1233634968133201920
1233534306653483012
1233534009969430528
1233533916344180736
1233529121520717827
1233518539639791619
1233518493930266631
1233518170809520128
1233517808052514818
1233517746299842562
1233517554951426051
1233486879842086913
1233351186570338304
1233284798887522307
1233284561045348352
1233284435463688192
1233258370007625730
1233254909421572096
1233254835031425025
1233254798150922245
1233254689392582656
1233237254660734977
1233228382248136704
1233223107822813184
1233223083923689473
1233210398746136576
1233209773438324741
1233187917968707585
1233186648898162688
1233185181009211393
1233185052290252800
1233164025048924162
1233163952940441600
1233163900234821632
1233163857947815939
1233161486186381313
1233157435151380480
1233142676024750083
1233142584383401984
1233141768813547521
1232859929456738304
1232845923828432896
1232844990251823104
1232844793497022464
1232844740657238016
1232824859308126208
1232790768546238464
1232786037199343616
1232658411843534850
1232639131286532097
1232636211371495424
1232632363621830657
1232631478804070402
1232535784495779840
1232534382696529920
1232437621139238914
1232436420389662721
1232414561933742081
1232414242566881280
1232414008323399680
1232404959087349760
1232404901235347456
1232153431655075841
1232152685161304066
1232148569571770369
1232091213571866624
1232091177857368065
1232091028322045954
1232022499564503040
1232022309742858240
1232021805101023232
1231850429761253376
1231790566330863616
1231788582320275456
1231787486164111360
1231785207969140737
1231783128986816512
1231565389370257410
1231565357481021440
1231565261481734146
1231468919669456896
1231435382790610945
1231435313391661056
1231435154020655104
1231434159488241664
1231429348088926208
1231428673057673217
1231428200762204161
1231427927880822785
1231427563806838784
1231390607576141825
1231378949797629952
1231377052474826753
1231376644708790272
1231376074950361088
1231365039904321536
1231364926377086976
1231364613138079745
1231364489355751424
1231360068026658816
1231359139185479680
1231357815156953090
1231356408840372224
1231355332179283968
1231354663112306688
1231353996876505088
1231353735818833920
1231352419138727936
1231351663144816641
1231351019633668096
1231349593117356032
1231345941824720896
1231345915803291648
1231345224422547456
1231344389693140992
1231343835994738688
1231343698677387264
1231343132698038272
1231180268762849286
1231133780573741059
1231128037585899521
1231127642344001536
1231123021860990976
1231122018071797760
1231121903701524481
1231082611310653441
1231059928892133379
1231059779813986305
1231057341568536576
1231056969454112768
1231054560128466945
1231053391586967554
1231053292379066368
1231049225602887680
1231048978319364097
1230835984482177025
1230835814428377089
1230835765904412672
1230834966268788739
1230831209833324544
1230831044527439872
1230810426755014656
1230738994507345920
1230734418836217856
1230734258957799424
1230733231009357825
1230719992561188864
1230719701371645958
1230719520756486144
1230719373762908160
1230719281844736001
1230719161610850306
1230718918995496962
1230718733833736194
1230436663647555584
1230436255109795841
1230435833225678850
1229975690826539008
1229975639697965056
1229975305248370688
1229974976045801473
1229956095306678273
1229952079940055041
1229952034083758080
1229951934330654720
1229951871088910336
1229951562761424896
1229916440880304129
1229914771039719424
1229903903698763776
1229903573560877056
1229903549967953922
1229903481227472896
1229903202767605762
1229903107728928768
1229902930569908224
1229902880116633604
1229902804505911296
1229902470903521280
1229902147707228160
1229902099166580737
1229684598675607552
1229683929814204416
1229682709728878592
1229682523954794496
1229682413858541569
1229553016270798848
1229543845915848704
1229527250967519232
1229523878482870277
1229523771083476992
1229512608534781952
1229510985108471808
1229509846753402881
1229509635163344897
1229508399294906368
1229352631497158656
1229256849448267776
1229253955529502726
1229217625571389440
1229216517717315585
1229211948761268225
1229211656565096448
1229192183716036608
1229190918999179264
1229190658180517888
1229179311455756289
1229167610815598592
1229162723579064320
1229161980285468672
1229160299216814080
1229156956033576960
1229156823875219457
1229156627292360704
1229156286329081856
1229148504649396224
1229147580749074435
1229147425551482880
1229146912831369216
1229145570914123777
1229145179656843264
1229143640301162496
1229143369751789569
1229140040443260928
1229139869496045568
1229138913463136256
1229137853377986560
1229026202637099013
1229003457828229125
1229002628186509312
1229002376465412096
1229002244458041344
1228992965063794689
1228992135627558912
1228988644695740418
1228988203631169536
1228987911892193281
1228987800365625344
1228986851907620866
1228986558969081861
1228986161273565186
1228959263675957253
1228904673228156928
1228904376753745920
1228903829694844929
1228903777983287296
1228903555832008704
1228840486665781249
1228833483583176704
1228648211683790848
1228647511016894464
1228588912651554816
1228551231225753601
1228551115844640768
1228550755352629248
1228549440983584769
1228548584687071238
1228539650110672896
1228539019505496064
1228483922708680705
1228483858019966976
1228444898514202624
1228444523904110592
1228444135989792769
1228443075350941696
1228442524244557824
1228441846113697792
1228441359725387776
1228412602688008192
1228412128584822784
1228284533553762305
1228278440719081474
1228274508584218626
1228229939771559939
1228229767402409985
1228208020938559491
1228207872808370176
1228207828768194560
1228205542729900032
1228205484017999873
1228169878823006208
1228168146332213249
1228167369127690244
1228135530128216065
1228135516815577088
1228135156856156160
1228135106906210304
1228106097594007553
1228105869960732672
1228105579274465281
1228105503282122752
1228104579503423488
1228084068044001280
1227947559047483392
1227947539959140353
1227947448410132484
1227947217052295169
1227947073426714624
1227937000520421379
1227936794617888769
1227933080628817926
1227909804523315200
1227909541955686400
1227909451551666176
1227909424410329088
1227902548931043328
1227885491887849473
1227879719791517696
1227879163471597570
1227692238202798080
1227688295317946368
1227687905167937536
1227579376142704646
1227579221850984448
1227557161934344192
1227465386100248577
1227463405579198466
1227445455577124864
1227443664890269697
1227438863892799489
1227427792163205120
1227390002947997696
1227373134107443200
1227373109075824640
1227373089974972416
1227372991547183104
1227372885066432512
1227372265022480384
1227372243530870784
1227152143372578817
1227151642518261760
1227150466728919042
1227127970034110465
1227126098439262208
1227126050276044800
1226982983644483585
1226982933656936448
1226982855936339968
1226982771165298688
1226982669814091776
1226982625761320960
1226982557033607169
1226968428474437634
1226966491960168453
1226965824168243201
1226965643515301888
1226964707464171529
1226840137251749888
1226840055001448448
1226826617755844608
1226746354065522689
1226744509863612417
1226744233664532480
1226719931674218496
1226719735313620992
1226631055773335552
1226626537429975040
1226625589089488896
1226616843156086784
1226616718677557249
1226616021093474304
1226615991553052672
1226615347458916352
1226615078163599361
1226469896273293314
1226445809207541760
1226445590470381574
1226445527383822336
1226403321667186694
1226352488615268352
1226349892341075969
1226343621571440640
1226343595516416000
1226341306378539014
1226341253115068416
1226340774389800961
1226321478540414978
1226318667555561472
1226318649071267841
1226318622450049024
1226318241850519553
1226317991551193088
1226317596577816581
1226317460023832576
1226316675672236033
1226117213540638720
1226112740361551873
1226093427487473664
1226058804501962752
1226014993390325760
1225999412209414146
1225932257967271936
1225921611913523200
1225920822625177600
1225920521235099648
1225919877908553728
1225919491843846144
1225918291681538048
1225918025586462720
1225917870913114112
1225917852848287744
1225917599029940224
1225739847979036672
1225739723865382912
1225739564708294657
1225715137597726722
1225714692460429312
1225714519780933632
1225668925813219328
1225668249720782854
1225666882675474437
1225666763259441152
1225666489606238215
1225666376041287682
1225645594288377856
1225643602295967744
1225643419650813952
1225614895133024256
1225611666252955648
1225605416245055489
1225605019195432960
1225604516298424321
1225602367539666945
1225600800845467653
1225599013270851584
1225598834581000192
1225575854387990530
1225575681096114181
1225575568802009088
1225567179543891968
1225564797854519298
1225563376975273984
1225558479882129411
1225558397027803138
1225558300269404161
1225557708599910400
1225548607044100100
1225548054629167104
1225547944507662336
1225547831903170560
1225547581155168263
1225546859042746369
1225546765258104832
1225526048575696896
1225525035806461954
1225524981632839680
1225383693981634560
1225360580954820609
1225360413681803264
1225331519536787456
1225286176174510082
1225285953570213888
1225278669167267841
1225244883801128961
1225244317972758528
1225239070986530818
1225236977307406337
1225236162014433281
1225235279264411648
1225232801181491200
1225232014002900992
1225231839356309509
1225229174492631040
1225229011149713408
1225228811186274306
1225228614548897792
1225228066986741760
1225227225777074176
1225227096793812992
1225226524967587840
1225225783859281920
1225198514293968896
1225198287658971136
1225198107995996160
1225197657590657024
1225196382530625537
1225196263236177920
1225178077262561281
1225170253757370368
1225169484547158017
1225168775953051649
1225168059351961600
1225167166112071681
1225166316933304320
1225165863256330245
1225164047164657665
1225163374549336065
1225158256353394688
1225156686446379009
1225156425267040256
1225017808393658368
1224999235738750977
1224997437040840706
1224993191037829120
1224918128364154880
1224917865872052225
1224909766444453890
1224909419848204288
1224909373551415298
1224908023841210368
1224907815237472256
1224907473611444224
1224906924363173892
1224906602139906049
1224906461605588993
1224906167572287489
1224906115906846720
1224906058017071104
1224905586430500866
1224905337477554177
1224905165339152384
1224904933503188993
1224904831350886400
1224903446861504512
1224901297469394944
1224890290407796737
1224890073679683584
1224889757701832704
1224889465509793793
1224888055204474880
1224864200880607232
1224859355935207424
1224829478590746624
1224826514857852928
1224660826721644544
1224660326957776896
1224659320597446656
1224579693938008064
1224579006126673920
1224578620531691520
1224567922422505472
1224543398607982593
1224541591878025218
1224530458366500864
1224516383129518081
1224515848041201665
1224515654662807552
1224515570390880256
1224515283970191361
1224491181070934016
1224490496979898370
1224490250619064321
1224490234139643905
1224490178258931717
1224486021988900864
1224483733455032321
1224482923111256064
1224482812998246400
1224480321376149505
1224479681962840064
1224479605584613378
1224479423992193025
1224478993522413569
1224476394651975681
1224476060420464640
1224475991382192128
1224475607397888001
1224466497814188032
1224466189004365824
1224465900528553984
1224465497766285312
1224465097042456576
1224464429594505216
1224463053112016898
1224462451808206848
1224461877519896576
1224311428154191872
1224311232066273282
1224298807732518912
1224298733728256001
1224284438059569152
1224284413300576261
1224284339224993792
1224284307205713920
1224273753179164673
1224217341585580032
1224216259505487874
1224215982190678017
1224152378342903809
1224151898506137600
1224120458636718080
1224120038061268993
1224119983480770560
1224119417866375168
1224119341244764160
1224119175183880192
1224099181444259840
1224098902770503680
1224098515401363456
1224098456240738304
1224097364077449216
1224097226625970178
1224095711005831168
1224093263335837696
1223941713447641094
1223940678679289859
1223939958613786625
1223908765168128000
1223900494273359877
1223896483000279041
1223884686243450883
1223882809804124160
1223881477181456384
1223881379940724736
1223821167934394370
1223636800121401344
1223494794720055296
1223494343832391681
1223483574378057728
1223483333239136256
1223483312607416320
1223483295414898688
1223457446322036736
1223455396800499716
1223431727688716288
1223392693046218752
1223391961320542208
1223391802981400576
1223391531140141057
1223391348629233666
1223224570653462528
1223224466135638016
1223223782254374912
1223106999023390723
1223056234934259713
1223055988846022656
1223055720397991936
1223055399462457344
1223055259578167296
1223024278079037442
1223024135367872513
1223020445961580545
1223020392752668673
1223016750460981248
1223016407534723072
1223016032069017600
1223014764458102785
1223013727642869760
1223013606133886977
1223013356962861057
1223012884625510400
1223012512112603137
1223012359242862593
1223012305899622402
1223012128149233664
1223012053075410946
1223011995907018752
1223011898980855808
1223011603643129856
1223010417561096192
1223010387966083072
1222998968965029888
1222887377384833024
1222858694808891392
1222858073120751617
1222856431356928002
1222834786042957824
1222804820928552960
1222804792281452544
1222804659858862080
1222804273789984768
1222758645047255041
1222758415182659584
1222718205703028741
1222718091596926977
1222713960048123904
1222713014320656384
1222711341804224512
1222672345032118274
1222660646589755392
1222660633281253376
1222659174112219136
1222657226529099776
1222536643145396231
1222536532583542786
1222535849159479298
1222489797396025345
1222487571181137921
1222473678216024064
1222444654907387904
1222443451460964354
1222394662721163267
1222364677201514497
1222327379571265536
1222327292422017026
1222326766674399232
1222326743396052992
1222326316730421248
1222305124204175363
1222304893790085120
1222304505766666240
1222304257304449024
1222304127671128065
1222303060547923970
1222301770396749824
1222259165764018176
1222258272188551168
1222256877297254401
1222128329114800128
1222107220080332800
1222054563915583488
1222054341059567617
1222053448893390848
1222053375660806145
1222053333201932288
1222052394617360384
1222052089838202881
1222046163328618498
1222031268096819201
1221997201171238912
1221996773268279298
1221971734435221505
1221971637148381185
1221971595977080832
1221971013983883266
1221970784328925184
1221970616682602497
1221970307889520640
1221967384317059072
1221966916299833345
1221966850222747650
1221966187333996544
1221965948313227264
1221965518103441409
1221862703062380544
1221736207484215296
1221735775634509824
1221735694957084674
1221735637910343682
1221678775710011392
1221677372295958528
1221675623543758848
1221665896235589633
1221664466963578882
1221661204709425153
1221660943794364416
1221638285824385024
1221457317738139649
1221457299878731777
1221457274595467264
1221455077476425728
1221420053117075456
1221419877514170368
1221419605349957632
1221419511691108352
1221419447686070273
1221331679026929665
1221329337653186560
1221328897075118081
1221290092611850240
1221289440452067330
1221288916134744064
1221265830794579968
1221265693707911170
1221265055380992002
1221259792242462720
1221258300668252160
1221257435899256833
1221257334602620928
1221256228006817792
1221206506583945218
1221205867606884353
1221205652950794240
1221205439884316673
1221205378081288195
1221202358937374720
1221200376721838080
1221199989721817088
1221199841226674176
1221199810213994496
1221197778195337217
1221197453279391744
1221194972394745856
1221191029933477890
1221190732150534146
1221190131240931328
1221189846972002304
1221187744115769345
1221187389994852353
1221037801963044864
1221037692483334144
1221036440940756997
1221036274737270784
1221036162774552576
1221036075369418753
1221035910625517568
1220980155440517120
1220975530687647745
1220941613788065797
1220940195677102080
1220939846094479360
1220812431099740161
1220812155525533698
1220809189561262080
1220808214670823424
1220804669280145408
1220804220393181184
1220803936585564160
1220741139554160641
1220741115520802818
1220740818576666625
1220740746111619074
1220740702797123584
1220740632425009152
1220692234586083328
1220691993002536961
1220690986612903936
1220690826369486849
1220690747394940934
1220689526105858048
1220689100627300352
1220689073834090497
1220592280559443968
1220592018591633408
1220581904442724354
1220579378574196736
1220518886178574336
1220518808994992130
1220518704049356800
1220518372732887040
1220518059955249152
1220517948990734336
1220517650159132672
1220514538086223872
1220455947539230721
1220453735652122642
1220307383815045120
1220261752861913088
1220253503513231360
1220253030815133703
1220095939634843648
1220095659895709696
1219929546440335361
1219918293718327296
1219850863629332480
1219849637432942593
1219842890857234432
1219841323210952704
1219840579682439174
1219838200413245440
1219799405433278464
1219798736752136192
1219796425631907840
1219795241743466497
1219755589380628480
1219726334412279808
1219726021345210368
1219723056739831808
1219722533047427073
1219721569796100096
1219720225316171777
1219719040807030784
1219718604892934145
1219718425917870080
1219718242073071616
1219718179624116225
1219718131964231681
1219716232372338688
1219715763285610496
1219715557395533824
1219715249911128064
1219714702076309504
1219714527509352453
1219714294608097280
1219713124867002368
1219712834994442240
1219712813616099329
1219712738697465856
1219712645218988032
1219626608409137154
1219626508001710080
1219626469648822272
1219625666183909376
1219601971939704832
1219600730136309760
1219600296009064448
1219594118822674434
1219593640512671745
1219593202149126145
1219592689143836672
1219467839796441089
1219458675863015426
1219458465707356160
1219458166485704705
1219454175735508994
1219452593669148672
1219452190906933248
1219424965612589056
1219424494571286529
1219424173182767104
1219423996367663104
1219423365485617152
1219420564315463680
1219418424125734912
1219418275425193985
1219398938723151873
1219398733210636288
1219398581397815296
1219398501647319040
1219398484354187264
1219398429836627969
1219398387310612482
1219390854009257984
1219390788242509824
1219390337258442752
1219390095171584000
1219389899830259712
1219389855131561985
1219389338217136128
1219388638884061184
1219386725983670273
1219386445154009088
1219379422404366336
1219376807398367232
1219376693594345473
1219375064128212992
1219374097223704576
1219220532144422915
1219147649720303617
1219146190622609408
1219145995079929857
1219134977243136000
1219134209245118464
1219102505709129728
1219050216101306368
1219035140057223169
1219033773183864832
1219033237219004418
1219032450417848320
1219028078111817728
1219026180084420608
1219004928938500096
1219001165733482496
1218999464636977152
1218999343547441153
1218998447312793601
1218998347412828160
1218998303125196800
1218864091210452993
1218862895028523009
1218862552295206913
1218841995667361792
1218804740856799233
1218802798768209920
1218802579989098501
1218768573906083840
1218767675192594434
1218684261546389504
1218654185912070144
1218641092855267330
1218638758905442304
1218634976188518400
1218633776034508800
1218505934445531136
1218430936859041794
1218430639122178048
1218428962545684481
1218392856110325760
1218379843546443778
1218379777414840320
1218371883185270784
1218370401069219840
1218369946058518529
1218369149849620481
1218357818098503680
1218357772720295936
1218348470039302146
1218347514778095617
1218347482259701761
1218342336939212801
1218341862844420098
1218338156379947008
1218337916293763073
1218337830360899584
1218333619447455744
1218333536521879552
1218333262910672897
1218289586389958656
1218289542282674177
1218288538996764673
1218288513801605121
1218288175757443072
1218288160804786181
1218132929689210881
1218124003262418944
1218123796692865029
1217954557847670785
1217954496988368897
1217954319686754304
1217953519832952832
1217789799467122688
1217766895190827009
1217712906202042369
1217712427510292480
1217615803895312384
1217610092058533888
1217609838848430082
1217609214635364352
1217609042375241729
1217608545811582977
1217590241407537152
1217590063455825920
1217589891841675264
1217589822044270592
1217588882549510144
1217588159829037056
1217588067105529856
1217587114327465984
1217420207565619202
1217411872489529347
1217402421225254912
1217402394629173249
1217272378494832640
1217272175335395328
1217249898149511168
1217239661661212672
1217238587114049536
1217204963094302721
1217202353113141248
1217202330380029952
1217197117699026944
1217196654266208256
1217179897514213377
1217179588750479360
1217179371384918016
1217179239264292864
1217019514077888513
1216955789585219584
1216951726575501313
1216951454335848449
1216950143460601857
1216949289332531201
1216676966591418369
1216676709329563648
1216676154519646212
1216385242363133952
1216384606745718784
1216216018764222470
1216213866096427008
1216208160735653889
1216168840670765056
1216142804851798016
1216138527303323648
1216138396696899584
1216138140663943168
1216138022053269504
1215901609273655297
1215900896812392449
1215900779598376964
1215899860026572800
1215895839677153280
1215893498718642176
1215893134921461761
1215892477980233730
1215891753728913408
1215890975869915138
1215836353721561089
1215733699494330370
1215617960712081411
1215616107110813696
1215615696450670592
1215615581925199875
1215611247544004608
1215606470164697090
1215606145508765696
1215605971726131201
1215605799415771136
1215605241225211904
1215605179413696513
1215604484908339200
1215603446398611456
1215135574887022593
1215135180630810624
1215135072380080128
1215135029963083777
1215132142818062336
1215132088019480576
1215131838613573633
1215131729708478464
1215131706845356032
1215131658833149953
1215131530869100544
1215014890231873536
1215001930142892032
1214845056735014919
1214838067116199937
1214814741580808192
1214814318304223232
1214564254579187721
1214531878935416832
1214519337727356928
1214519046625824768
1214519004317933573
1214518935346798593
1214508009663029249
1214507614123331590
1214434335220088832
1214425792874086400
1214388420144852992
1214350109074280448
1214325604654313472
1214325410827096064
1214319435353190402
1214319393078829056
1214319154733277184
1214319105689280514
1214316772196642818
1214316366603276288
1214315947554525188
1214315511409864704
1214315118466461696
1214315097566220288
1214314469116895232
1214286555314966528
1214286279900192769
1214286119598080000
1214285929751306240
1214285225938710529
1214284823889465344
1214284717601611776
1214284612697870336
1214284550802526208
1214157448157659136
1214157032921550849
1214137121570611201
1214036603196203008
1214017394298904576
1214017277378478081
1214014571897180160
1214001187059486720
1214000797609971712
1214000747261513728
1213991831337230336
1213991401236516866
1213991328389853184
1213991249297866752
1213991226359156736
1213990618369671168
1213965803025883137
1213965739641565185
1213948855730884608
1213948675556167680
1213948615455956992
1213948576088223744
1213788582160154624
1213779268062199810
1213779220997922816
1213779184901746691
1213779151234027521
1213778137454039046
1213722045084655616
1213710242426449922
1213616112685858817
1213588182916194304
1213588116298055680
1213579319752048641
1213579222284812288
1213578954558193664
1213410005380026369
1213406964169920512
1213405545685585921
1213227009976852480
1213224592644272129
1213063816814059520
1213063709230133248
1213061221978558464
1213032182291161089
1213032115853352960
1213032057909022722
1213031884298440704
1212954116571332609
1212948359402512384
1212947629736263681
1212947591354126336
1212718244194242560
1212718023351488512
1212717709776961537
1212717629837697025
1212717004915822592
1212716814473424897
1212716785478160384
1212653720778919937
1212649733467934721
1212649168155529216
1212644585236643845
1212644291870281729
1212643978115342337
1212263010800062464
1212262491645825024
1212205810152955905
1212148246992130048
1211567121420845062
1211566469546332160
1211533322007896064
1211499145724231681
1211308889020354560
1211265834510761984
1211265535159128066
1211212257410998272
1211046903615377409
1210893427400818694
1210872466672762880
1210666390132162560
1210661554225434624
1210661428316659712
1210656973298864128
1210656517881380865
1210655910281920513
1210655568697839616
1210514642868400129
1210514352735784960
1210394107681525763
1210370144007929856
1210360821865312256
1210359357340172288
1210333979024314368
1210065697411235840
1210010243901472769
1209807522481098752
1209801931419316226
1209801697427476480
1209800488238997506
1209728392427266048
1209614518990434304
1209607335984812032
1209572463220183040
1209571654499618816
1209571158518976512
1209571137304162304
1209568465008283648
1209567064681115648
1209566997844910081
1209566951300747264
1209564040441106432
1209461481621704706
1209460782569680896
1209448594048077825
1209441486233714689
1209441453832732673
1209441425898688513
1209436770380607488
1209435902809759744
1209293113316921344
1209290380769841153
1209289975440670720
1209229944087142400
1209220462699433984
1209220327877644288
1209047777574973442
1208975394285613062
1208944365697040385
1208935799443488768
1208935371821608960
1208935264548048896
1208933961977618433
1208933785108017152
1208594866793410560
1208594722253488128
1208579003235229696
1208578354691002368
1208574863704674304
1208568206060736512
1208555812886437888
1208555791105441792
1208549547342876672
1208549075122941952
1208525848019521540
1208350602192769024
1208307912625422338
1208275338817499136
1208214452127948800
1208212487176220673
1208186015476633600
1208185780574621696
1208185347915431936
1208184940853989376
1208184801129185281
1208184590533181442
1208184487193923584
1208184397951750145
1208179837141078016
1208179804043743233
1208179571020820480
1208179418704666624
1207962561510920192
1207918260634603521
1207917288717897728
1207836652359434240
1207836514920497152
1207836462038675457
1207835931509575681
1207835864526553088
1207774632054382592
1207774163781341184
1207774080868372480
1207610147117207552
1207574783866499072
1207550921531518976
1207518417822990336
1207510806918619136
1207509360089284608
1207505420652138496
1207505219958870016
1207505056028737538
1207504862226739200
1207503436847046656
1207501069040775168
1207468364903239680
1207468251690622976
1207451653214851072
1207451342060437504
1207447591799021569
1207447061341204480
1207424035123945472
1207423969839603712
1207423833851908096
1207423799559249920
1207423552460226561
1207423477172461568
1207423245323923456
1207422924732260352
1207422779479343106
1207418630402535424
1207380512039292929
1207379852384301058
1207296935352094720
1207296505373048834
1207296425282789376
1207296015365074945
1207295953092280320
1207188614741757952
1207171551746899968
1207171338823069697
1207168655504470017
1207156603218059264
1207156012773326849
1207154689789181952
1207154115706421248
1207148044115824641
1207141570538946560
1207139793097744384
1207109060480208896
1207107523435585536
1207107489394675713
1207107050368450565
1207106507327729664
1207106395662737409
1207090536902844416
1207090468225351681
1207090141514223616
1207090006977761280
1207089662264655872
1207089544127864832
1207089376003362817
1207065934306758656
1207065784444309505
1207065419967713280
1207065274756653056
1207064927321518080
1207064731028054017
1207064637805453312
1207061928801001474
1206892541318029312
1206865772334575616
1206857981825933315
1206857907536400384
1206851508127449089
1206847316893650944
1206841081981100033
1206840718519496706
1206838500064022528
1206833627364937729
1206829650980298752
1206826818348544000
1206825877801029634
1206803939548483589
1206803024804401153
1206799772163567616
1206799401139597312
1206776988033118208
1206776895242588160
1206776591503638528
1206775774943961088
1206774523564920833
1206772258443689985
1206772163006455808
1206769409710161920
1206740483986227200
1206740379459915776
1206702074437586945
1206702028895875073
1206701719607865344
1206701567358853120
1206701486287179776
1206700234899804161
1206700054959910912
1206529991644569600
1206529947730247681
1206529897880907776
1206529849931657218
1206529761360527360
1206529692796276738
1206529637938946048
1206483686423580672
1206472129186680833
1206472084060164098
1206471969429839872
1206471876211433477
1206424153051426820
1206420540400865281
1206292143058247680
1206291503598882816
1206211686002130944
1206211592368484353
1206210194448904192
1206209457568399360
1206158218025558017
1206158047623516160
1206157966941941761
1206143918229741569
1206143809274335233
1206143763556364288
1206143586598715393
1206143562460516353
1206137668947439621
1206103217857277952
1206103057391476736
1206103020523544577
1206069339289309184
1206006319343259648
1206005277083832321
1205996785375698945
1205996261460992000
1205996085207896064
1205995141418250240
1205995090327425024
1205995016486715392
1205990684731166720
1205989815671410689
1205989196759912448
1205987897813241856
1205987711456165888
1205986555136897024
1205715201292587008
1205714978021376000
1205629159705214976
1205628673757310977
1205459518139748352
1205212096461328384
1205211992710995968
1205211909332426752
1205211692495302656
1205211550790930433
1205211492749963264
1205211391843397632
1205211313762209794
1205211249555853312
1205211147076456448
1205204846925639680
1204998995946246144
1204993447624445952
1204993360924217344
1204870942532390912
1204870384262139904
1204794213587513344
1204794124290818049
1204733038304751616
1204692066996912128
1204691992761946112
1204691939284488193
1204691901158346752
1204677196167565313
1204571502068170752
1204569156042911744
1204568998555217920
1204561875704303616
1204561461042827264
1204506903604162560
1204506701073809408
1204506461381857280
1204505323844730880
1204504663132762114
1204504279014199296
1204504235812909056
1204504194083741696
1204504016215896064
1204503699667574784
1204503552489472001
1204502779424718849
1204501400194928640
1204500970819862528
1204500498897702912
1204500433454002176
1204500225403936768
1204500157758234624
1204498598089482240
1204497460195778561
1204496137220059136
1204494681700093953
1204493622667644929
1204277049554128896
1204276962702680064
1204268727740485633
1204267531155824640
1204267294978793472
1204245467166457857
1204245095270076417
1204244801673056259
1204241585602326529
1204199771046498304
1204197682513711104
1204197423964286976
1204196383747530753
1204195398308360192
1204195382474919936
1204195285091540993
1204195197736800256
1204194924444315648
1204193707173351426
1204193655847706624
1204193289055768577
1204192045922836482
1204191360355454977
1204151025872932865
1204150436124430336
1204150089997930497
1204150053729796097
1204148093173653504
1204147156497489922
1204147068345835520
1204146195502788608
1204145463416410112
1204145264417624064
1203995909706543109
1203900009273421824
1203899347034787847
1203899251190685697
1203897812431228929
1203787180805541888
1203785234359054338
1203784697991483392
1203648822959673344
1203592768502689792
1203592712768778240
1203514327992602625
1203511391258152961
1203510392464371714
1203510171181309954
1203443702225498112
1203443511481102336
1203442129877360640
1203432146678845441
1203431650945712129
1203430145261891584
1203430129466105856
1203429940927946752
1203096681241169921
1203096352265142272
1203095985452273664
1203095730715389954
1203095480692928512
1203094710325170177
1203094276944457728
1203094226436681730
1202911280811499520
1202908315606380544
1202907558387675139
1202887625675116544
1202870065143529473
1202861766507515904
1202792841572864000
1202727317425930240
1202726572664295425
1202719624912982017
1202719362894819329
1202719326563815425
1202718724307836929
1202718510490636289
1202718488059498496
1202718097209094144
1202613013968109568
1202583508637511680
1202583278051479552
1202583072819961856
1202582913394429954
1202582857983488001
1202581564720205824
1202581460080680960
1202581418125037568
1202547520708083712
1202533600211554306
1202428144960933888
1202428033014984704
1202424166357422080
1202423170742902784
1202422774158901248
1202415653841330176
1202415272398749696
1202413589031571456
1202412687231053825
1202385612176646145
1202384932116451329
1202381277577371648
1202377759273582592
1202197930704162816
1202193570716766210
1202183065964957699
1202181322111717381
1202181185792700417
1202093624550416385
1202017969347235840
1202017879429791744
1202017387010093056
1202017282815184897
1202006295974309888
1201804327116931072
1201745688700174338
1201413829076238336
1201326226989694977
1201325120981069824
1201225858691633152
1201225836122136576
1201150108697427968
1201069231304921088
1201022557106737153
1201020889602478080
1201020368099536896
1200984378198781952
1200984269889273856
1200967006993862656
1200945709177921536
1200945665888702467
1200940658636115968
1200936861117476864
1200925369336913920
1200922304810631168
1200920467361546241
1200914482983104512
1200914167424667648
1200913656516472832
1200663470644948992
1200612596694388738
1200594090867298304
1200519251737505792
1200515930222030849
1200515874265821184
1200515262262304773
1200514668378255360
1200512305122795520
1200511300201136128
1200511254281904128
1200387418324529152
1200286098603134976
1200285538051223552
1200285178519678977
1200259396552445952
1200257636517572608
1200245869234118657
1200245775915044864
1200245752108216320
1200242434992590848
1200242406458707968
1200242317694623744
1200232588280881153
1200232561076649984
1200232479874961408
1200210175178600448
1200195113567129600
1200195029219676160
1200194557905793024
1200194508706598912
1200194461436801024
1200194184411369473
1200194085195276288
1200180815394525184
1200129028939665408
1200128882352906240
1200128438121582592
1200020350953590784
1199989861983252480
1199989816533798914
1199989762175553536
1199982960679636992
1199981329841938433
1199981272476483584
1199981039474503681
1199980983245664256
1199973292469211136
1199961367983185920
1199862784818700293
1199862582640660481
1199862481536970754
1199845149620109312
1199808525897101312
1199807319065804800
1199800504693321728
1199800079822942208
1199799994158481409
1199799440921415680
1199797578168012800
1199605280293584896
1199589746076315649
1199589500072022016
1199589117362753536
1199588381740527616
1199586930184187904
1199586669046857728
1199511797805379584
1199510850173751296
1199509648975388672
1199509362928021504
1199509104370208769
1199509039417196544
1199508563913084928
1199508451816136707
1199508323382358016
1199507346151464960
1199466231629144065
1199465479477198848
1199427020913930240
1199426035428642816
1199425754540302336
1199422642819780610
1199421452887289856
1199421427662782464
1199420688018243584
1199420349936390144
1199418807158095872
1199418775046504448
1199418132051267584
1199418092213813248
1199418055073288192
1199418019715272704
1199417980469141504
1199285928528760832
1199285565373333506
1199282784373628930
1199282410900226048
1199282258043031552
1199282128338309122
1199282098634293248
1199281788230569984
1199281671708655616
1199281646677020672
1199273924099334149
1199273908425216000
1199261142964506624
1199261009011044353
1199260946159435776
1199197079140093952
1199187192838361088
1199187159258824705
1199134929193328641
1199133171586981888
1199133138498117632
1199110720417173504
1199110535523880960
1199103803670155264
1199082035618271232
1199079280216461312
1199079139111604225
1199078777050910720
1199078719106633728
1199076884878770181
1199072060309299201
1199071454668570624
1199071358954524673
1198935047308365824
1198934871759917057
1198925570353975297
1198925202236657665
1198925124390383616
1198924876716761088
1198919576123109376
1198919272199667712
1198918601614344193
1198916903420358656
1198915582424338432
1198836703261163520
1198835872805744640
1198820056915791872
1198819477921484800
1198818475285680128
1198816700713467904
1198812272954470400
1198812082625335297
1198806994104094721
1198806666562560000
1198805886711414784
1198805707891470336
1198805484188291073
1198803608487071745
1198803124644802567
1198802672461025280
1198802104560652289
1198798262624407554
1198792039770382336
1198790763292712961
1198787610568724481
1198785387042197504
1198783125016342528
1198782979075477504
1198782617916588033
1198782471027875841
1198776090161905664
1198775489269092352
1198772377334607875
1198768155134312450
1198767838711779329
1198767709275639808
1198763300688805889
1198762142914101249
1198762119925075968
1198762059254530048
1198760924779122688
1198760554237583361
1198760448532725760
1198760123809710080
1198753814183985152
1198751035738615808
1198525689986605057
1198525306920787969
1198525133490491392
1198517593423790081
1198330119305101312
1198289594204053506
1198289132650299395
1198289110474952704
1198288276299239425
1198287926401986560
1198287687158910977
1198287441058091009
1198287281473249280
1198175403837251585
1198142651133939712
1198141994670780417
1198126183835025408
1198123977312354304
1198123781648076801
1198122606399868928
1198122550305292293
1198074561876516864
1198072503207223297
1198067301125259264
1198064273085235200
1198062399359635456
1198061965836312576
1198056561467256832
1197992593067405312
1197992448242225152
1197992311424045056
1197992126815948800
1197991776579018752
1197991734010994688
1197991230317088768
1197991048170991616
1197990965492895744
1197990821192069120
1197988842541735936
1197988753681215488
1197988464853049345
1197988349119610881
1197854110172581888
1197852040484937728
1197765601394970624
1197765038045483008
1197764411072503808
1197763936306679808
1197762830595952640
1197496119351054336
1197493862983356418
1197465776703148037
1197431123254464512
1197415977912160261
1197415618741276672
1197360821648494593
1197350822931099648
1197343901436088320
1197340398424772608
1197340051429969920
1197339603033702400
1197294067958210563
1197293970503561217
1197286255991459841
1197119780873879553
1197117626964533248
1197105188793749504
1197105047370223616
1197104573120311300
1197102438236344320
1197102393973829634
1197098735529938949
1197098243001180160
1197039104183037958
1197039088945127424
1197027225259761665
1197026821604175872
1197025366239408128
1196994574171832320
1196967182179004416
1196967046820462593
1196966564349693952
1196966534918238208
1196966457445208064
1196966436704358400
1196965851154374656
1196965593003393024
1196965263272337408
1196965219051831296
1196749907194892288
1196689562019385344
1196689336751706112
1196687478779867136
1196687207056035840
1196686014384762881
1196685707084886016
1196685188496912389
1196684701257224193
1196679450273824768
1196679182022893569
1196625609109061632
1196571630798950400
1196377898027929600
1196377180478947328
1196316305025953793
1196316222414974976
1196313923605000192
1196289700828340224
1196289503947718657
1196268766297907201
1196268209768263680
1196267947792011265
1196266460848345088
1196266392229597184
1196265726606114817
1196261274050383872
1196256532242894848
1196122605700255744
1196068172790525952
1196068017462902786
1196067852098269185
1196067438707625990
1196064083755200512
1196064060774604806
1196063988338946048
1196063961168273414
1196055717041410048
1195917699383087106
1195917593434935296
1195842890859085827
1195835693181722624
1195834552557555712
1195825357317799936
1195824522676453376
1195824357680922624
1195822673227468800
1195821594372763650
1195793851899768832
1195793314781392896
1195793258862899201
1195793151140610048
1195672777426001920
1195672598044016640
1195672173165154304
1195671203739889664
1195670595905581056
1195670178165477376
1195669442396475393
1195668471507341314
1195668097312575489
1195667343705161728
1195667312382078976
1195666412724817920
1195539879070797824
1195539584060252160
1195539542331101184
1195534427910131713
1195522849022177280
1195521515875258368
1195520781997854725
1195476247595274241
1195476159779110912
1195476097971838976
1195475958435725312
1195475930224812032
1195475554134196224
1195474950292770816
1195474907213127680
1195474562915291136
1195474389514350592
1195474049251463168
1195473841134292993
1195473446681006080
1195473335070552064
1195473254959337472
1195473112545943552
1195472850624245760
1195472745217134593
1195472470150504448
1195472441046208513
1195446352748015616
1195446310884671489
1195445995498196992
1195443995045842944
1195443467813437440
1195442884381593600
1195436104360423424
1195436080918433793
1195435320616947712
1195435057709637632
1195433916213030912
1195432895503945728
1195313960536330241
1195313102905999360
1195218102260137984
1195211247135809536
1195210924258250752
1195207496140345344
1195173164822585344
1195170469562896384
1195170236049195008
1195109000230006787
1195108982441967616
1195108759623753729
1195055815205388288
1195055404855648257
1195054938180575232
1195051297327611904
1194931742760566784
1194931463268888576
1194931246536593410
1194931020132257793
1194930335609311232
1194922878753329152
1194922587509231616
1194845733112778752
1194795635641212928
1194795565848002560
1194795304563822592
1194794537656274946
1194794454701359106
1194731806550966273
1194730579096268800
1194562504250146817
1194550549812658176
1194516081357938688
1194515930824335360
1194515418247049217
1194435045852766209
